817
811
815
809
812
809
806
809
807
803
806
806
803
802
801
799
801
796
798
796
794
793
794
789
789
787
789
789
785
783
785
781
784
783
780
782
777
779
778
775
774
775
773
774
773
770
768
765
769
763
763
764
765
759
760
759
757
760
755
756
755
752
750
754
753
749
747
749
747
746
747
741
744
739
743
739
739
736
734
734
733
731
731
734
733
729
728
727
727
727
723
725
720
723
718
717
718
715
717
716
716
715
712
711
709
707
708
710
706
705
707
702
704
702
701
702
696
695
694
693
697
691
690
694
691
689
688
689
687
687
685
686
682
680
682
680
676
678
677
677
674
672
671
673
669
669
669
669
665
665
665
665
661
663
662
657
658
660
659
656
655
655
650
654
652
649
647
647
645
645
644
645
644
644
643
637
640
640
639
636
635
632
631
632
628
630
627
625
626
628
622
626
622
621
619
619
620
616
617
618
617
616
614
610
610
607
607
606
608
604
604
602
602
603
601
602
596
597
597
595
594
595
595
591
593
592
591
590
584
587
587
586
581
582
582
582
581
576
577
575
573
573
571
570
569
570
569
566
566
568
563
563
565
562
558
558
560
556
557
555
554
556
552
550
551
552
548
549
544
543
547
544
542
544
542
538
539
539
536
537
532
531
535
532
531
527
526
529
525
527
525
526
521
522
523
519
518
519
516
515
516
512
513
514
509
507
511
509
508
504
506
501
501
504
502
500
500
495
498
493
492
492
490
493
488
490
488
486
484
484
483
481
483
482
483
479
480
480
479
474
476
476
475
469
472
470
470
465
467
468
466
466
464
461
462
461
457
460
457
458
457
451
451
454
453
451
449
448
445
443
443
441
441
442
441
438
440
438
438
435
437
433
431
433
431
430
428
425
426
425
427
425
423
423
422
419
417
419
417
417
415
413
414
413
411
411
409
409
404
407
405
403
404
400
402
399
397
396
398
394
397
391
391
391
389
390
387
387
388
383
384
384
385
384
382
382
378
380
375
375
377
371
373
370
373
371
367
370
366
364
365
366
364
364
362
358
356
356
358
354
353
353
352
351
349
348
349
345
344
343
347
342
341
343
342
342
341
340
335
334
335
335
331
330
328
330
331
330
326
327
323
325
322
322
322
320
316
315
316
316
312
316
311
312
311
310
308
309
308
308
305
306
304
304
299
298
297
295
298
297
294
292
291
294
289
292
287
290
284
286
283
282
280
279
283
280
279
277
276
278
275
275
272
271
273
271
267
267
269
265
262
261
264
261
259
259
260
260
258
255
255
253
250
249
248
250
251
248
249
244
242
242
241
244
243
238
238
237
237
234
237
234
231
234
231
230
226
226
225
223
227
222
221
219
221
222
219
218
215
218
215
212
211
211
208
212
208
206
207
206
202
204
205
199
203
200
198
198
195
193
195
196
195
189
188
189
189
189
184
186
185
182
185
184
180
178
177
175
174
176
174
173
175
171
172
168
167
170
167
167
165
161
163
164
161
159
158
160
156
158
154
154
154
150
148
151
151
145
146
143
142
143
144
143
143
142
140
136
136
138
137
132
133
134
133
129
126
128
125
124
125
122
125
119
118
118
117
116
114
118
117
115
111
111
110
112
107
108
106
103
103
103
102
104
101
101
100
96
94
95
94
93
92
89
93
92
86
87
84
85
86
81
81
81
81
81
77
77
78
77
74
73
75
69
70
67
71
70
68
66
62
65
60
59
58
58
61
58
56
55
52
52
53
50
53
52
49
46
44
44
46
42
43
43
39
38
38
35
38
37
35
34
32
30
29
28
26
30
25
27
23
22
20
19
20
17
19
17
14
15
16
12
12
10
9
9
10
5
7
3
5
6
0
5
2
5
4
6
6
7
8
12
12
15
16
18
15
20
17
18
19
22
20
21
24
27
25
29
31
28
31
29
34
32
36
35
38
39
38
38
39
41
42
41
47
44
49
50
50
51
53
54
50
56
54
55
55
55
59
62
58
64
65
65
65
65
69
70
70
69
72
69
74
72
75
78
78
79
80
77
81
84
80
85
85
83
89
90
89
87
89
94
95
92
96
97
95
98
101
102
101
104
100
103
105
106
105
110
106
111
108
112
114
115
117
117
116
116
118
117
120
122
122
121
124
126
129
128
131
130
133
129
135
134
137
137
139
135
137
137
140
144
140
141
143
144
147
145
148
147
152
150
150
154
157
156
155
160
158
159
161
160
165
164
167
168
165
169
169
167
170
170
173
172
176
176
178
180
178
180
180
184
184
186
187
188
188
186
191
190
191
193
195
196
197
194
195
198
199
201
198
204
202
204
207
207
208
206
211
208
208
209
214
213
217
213
214
218
216
217
219
222
225
221
224
225
228
227
228
228
232
230
234
231
234
234
234
237
241
241
238
239
243
241
245
243
248
249
246
250
253
250
250
254
255
255
255
258
256
262
258
259
261
261
266
265
264
265
270
267
271
273
270
271
275
277
277
280
276
280
279
279
282
286
283
283
289
290
291
292
291
290
294
296
294
294
298
298
300
298
300
300
302
304
306
308
304
307
310
307
310
311
312
314
312
314
317
320
320
318
321
321
321
321
326
323
329
329
327
327
330
329
334
335
337
337
336
340
337
338
339
342
342
343
347
345
349
347
347
351
352
350
350
352
352
353
359
359
359
359
363
362
361
361
363
368
369
368
370
368
372
370
374
371
372
375
379
377
378
380
380
381
384
381
383
388
388
388
390
391
391
389
392
392
394
395
396
395
397
400
398
399
402
403
402
403
405
407
408
412
412
413
412
411
414
416
418
415
419
421
419
424
425
421
426
423
429
430
429
428
431
431
432
435
435
438
436
436
436
441
438
443
441
445
445
447
447
445
448
450
452
449
453
452
457
453
456
455
459
460
459
464
465
465
466
468
469
469
469
471
472
474
475
473
472
473
474
476
479
479
481
483
482
485
486
486
488
485
489
492
493
490
490
493
495
496
499
496
497
499
502
499
501
505
504
503
505
510
510
511
510
510
515
511
516
514
519
518
520
520
521
520
523
522
523
526
526
530
531
530
533
531
533
536
532
538
538
537
538
538
542
541
544
546
546
545
549
545
550
547
553
553
551
556
552
554
554
556
559
562
559
563
565
562
567
563
565
569
569
571
572
573
574
571
575
576
579
579
581
577
581
580
583
584
586
586
588
588
589
591
592
593
592
592
596
595
599
598
600
599
602
604
600
606
605
603
607
609
609
611
612
610
615
613
616
617
617
617
616
617
618
621
622
624
624
627
629
627
628
629
629
631
633
635
635
636
635
637
637
641
642
644
645
646
646
645
644
649
650
651
649
652
655
653
653
656
656
657
656
660
658
661
664
662
662
666
667
665
670
668
669
673
675
671
672
676
676
677
680
680
679
682
682
684
684
685
687
687
690
688
688
691
690
691
692
694
694
697
701
697
698
700
705
703
703
707
709
706
706
707
709
710
713
713
717
716
717
719
718
721
718
720
720
724
723
727
729
726
731
730
732
733
734
733
737
737
735
740
739
737
741
741
744
743
743
744
745
745
746
747
751
749
754
753
754
753
756
759
761
757
760
760
764
766
767
766
766
769
771
771
768
772
775
772
774
777
778
778
780
782
783
784
780
784
787
784
787
788
789
788
791
791
793
792
796
795
799
798
799
801
798
803
800
805
802
806
807
808
806
809
812
813
815
813
813
