813
812
814
813
812
811
806
809
809
803
802
802
802
801
799
798
798
800
798
794
796
795
794
789
792
787
786
789
786
785
785
782
781
779
780
782
776
777
778
775
774
774
775
774
773
771
770
770
764
768
763
762
765
762
760
762
758
756
758
758
756
751
755
753
752
749
749
745
744
746
744
745
745
741
740
740
736
736
735
735
733
733
732
734
733
730
726
726
729
728
726
725
721
722
718
717
718
717
716
715
712
714
714
714
713
711
710
709
708
705
706
705
703
704
702
699
700
699
694
695
694
694
693
691
689
691
686
690
687
684
685
685
681
684
682
682
681
678
676
677
673
673
674
673
671
670
668
669
665
664
666
666
664
659
658
658
658
656
658
657
657
655
655
649
653
652
647
647
648
645
647
642
645
641
642
637
637
638
638
634
633
632
631
632
632
630
626
629
628
624
625
621
625
624
619
618
619
620
618
618
617
613
615
614
608
610
609
609
607
606
604
603
605
600
599
601
597
595
598
597
596
593
591
594
593
591
586
586
587
586
584
584
581
581
582
582
579
579
577
576
576
576
571
572
569
570
571
565
568
564
566
561
560
562
560
558
558
557
559
557
553
551
552
550
553
551
549
545
546
543
545
545
545
544
542
542
541
536
539
538
536
536
535
531
530
531
530
530
528
527
524
525
521
521
521
517
516
515
518
516
517
514
512
509
512
507
510
505
508
506
505
501
503
501
503
500
499
499
497
493
493
496
491
491
490
492
486
489
487
487
484
484
480
479
482
481
478
475
479
476
476
471
472
471
471
467
468
465
464
467
462
462
463
461
458
458
459
460
455
456
452
452
455
453
453
448
450
445
447
445
442
441
442
439
440
439
440
439
438
438
436
433
430
434
428
427
427
428
427
425
422
423
425
423
419
419
421
418
414
417
415
415
412
410
411
407
407
408
406
408
405
401
403
399
400
397
401
399
394
397
396
391
393
393
392
388
389
385
384
388
382
386
385
383
382
377
381
375
376
373
374
375
370
371
371
372
368
370
364
366
367
361
365
359
360
360
356
355
358
353
356
356
355
351
350
348
349
347
348
344
345
346
341
340
338
341
338
340
334
334
334
332
331
330
331
329
331
325
326
324
327
325
320
324
321
318
316
320
316
318
314
316
314
314
309
311
307
309
304
303
306
302
301
300
303
299
296
300
294
295
297
292
293
290
292
289
288
287
285
284
283
286
283
283
281
278
278
277
279
277
272
276
273
270
269
268
271
265
268
266
265
263
263
263
259
258
257
259
258
254
256
256
252
254
249
247
250
247
246
246
243
246
245
241
240
240
238
237
237
238
233
231
232
229
233
232
228
228
225
227
227
225
220
219
220
219
217
218
217
216
214
211
213
212
213
210
211
206
208
204
202
205
202
200
203
197
201
198
198
198
196
194
194
192
190
190
189
186
186
184
184
184
180
182
180
182
181
178
174
177
174
176
171
172
172
167
169
169
164
166
163
164
164
160
159
160
158
157
159
153
156
154
150
152
151
152
147
146
148
145
145
141
142
143
140
141
137
139
135
134
134
134
130
131
129
129
128
128
124
125
122
123
123
124
119
120
116
119
117
114
113
115
110
114
111
107
110
107
104
103
106
102
103
99
99
101
101
97
95
98
97
91
90
93
93
87
91
85
89
85
82
82
83
84
78
79
78
76
74
78
72
73
73
69
73
71
69
69
69
67
64
63
63
60
62
58
58
58
55
54
57
53
53
52
49
52
50
48
48
43
42
44
41
40
43
41
38
40
34
33
37
35
32
34
28
30
29
29
26
25
27
24
25
24
22
21
18
16
17
14
15
12
11
10
11
9
6
5
5
7
3
4
5
3
6
3
8
6
8
10
9
9
10
16
14
15
19
18
18
17
21
22
22
23
25
27
28
27
31
28
33
34
31
36
34
33
37
36
36
37
42
40
43
44
46
44
48
45
49
52
52
51
52
56
56
55
56
59
56
59
62
64
64
61
67
67
66
67
67
71
72
70
73
76
75
78
74
75
81
82
81
79
82
82
82
86
86
87
88
91
92
92
94
94
95
98
99
97
100
97
100
102
105
101
107
106
104
108
108
107
108
113
112
114
116
115
115
116
117
122
122
119
120
125
125
126
124
130
129
131
131
132
134
134
135
133
134
139
136
137
142
144
141
146
147
146
147
145
151
149
151
154
154
154
154
153
156
159
160
159
160
160
161
165
167
163
165
166
168
171
170
174
172
171
174
174
178
179
181
182
179
183
184
184
182
185
184
189
186
192
193
189
192
195
196
193
199
196
197
202
198
203
202
204
204
205
205
206
209
212
211
210
215
212
217
214
219
215
217
222
220
220
220
226
226
227
226
227
226
227
231
231
230
233
235
233
235
239
241
241
242
243
244
243
247
243
248
249
250
248
248
252
250
251
252
255
257
259
257
257
261
264
260
261
262
266
268
269
267
267
268
273
274
272
276
274
276
275
281
278
282
279
282
282
287
285
284
285
289
289
293
293
294
293
297
294
299
300
301
298
302
302
304
301
305
304
304
308
306
310
308
309
315
311
313
314
319
316
319
320
320
324
321
326
324
324
325
326
328
327
328
332
335
335
332
336
339
339
340
342
341
341
344
344
343
343
346
349
347
349
352
351
353
351
355
356
357
360
360
359
358
361
362
361
363
364
369
369
366
370
368
370
373
373
377
378
375
380
377
378
381
382
381
385
385
386
389
390
389
390
392
390
393
391
393
394
394
397
396
401
399
399
403
406
403
403
406
406
408
409
410
411
410
411
413
417
417
419
420
421
421
419
423
424
422
423
426
428
426
427
432
434
433
436
434
437
437
440
438
437
438
443
444
441
447
444
446
449
451
448
450
452
451
456
452
455
455
455
458
461
460
463
461
464
466
466
467
465
470
467
473
470
474
472
473
477
475
478
477
478
482
483
485
481
483
483
484
485
486
490
491
494
493
496
497
495
495
495
500
499
498
499
503
501
504
506
509
508
511
509
513
511
511
512
517
518
516
516
517
520
519
522
521
526
522
528
528
528
529
532
530
533
530
531
532
538
537
537
537
539
540
543
540
541
544
544
544
547
546
552
550
551
554
551
552
557
554
560
558
561
562
562
562
564
562
563
569
567
571
568
573
570
575
571
573
576
578
576
581
579
579
584
585
586
586
584
585
588
586
591
589
592
594
594
595
594
596
599
596
600
603
603
602
601
603
607
607
607
611
612
610
612
613
613
613
617
615
615
620
618
623
619
620
622
624
623
628
628
629
630
628
634
634
635
633
638
637
637
636
639
639
640
641
643
646
646
648
648
650
651
651
649
654
654
657
658
656
657
656
662
661
663
665
666
664
664
665
665
668
671
673
669
673
674
672
677
676
680
680
681
683
679
684
686
683
687
687
687
690
692
688
689
695
691
692
695
696
698
696
702
702
701
702
704
706
704
705
706
707
712
710
714
712
712
715
714
718
715
718
722
723
721
723
726
722
727
726
729
726
732
733
730
730
734
736
737
736
740
736
741
743
742
745
746
745
745
747
745
748
747
751
749
751
752
754
756
757
756
759
758
760
761
762
766
763
765
766
765
769
768
770
774
775
772
776
774
779
776
779
781
781
779
785
785
787
786
788
790
791
789
788
792
791
791
796
793
796
798
800
797
800
800
802
804
804
807
804
808
808
808
811
814
815
814
817
