815
812
815
810
809
810
808
809
806
804
804
803
803
800
800
800
798
798
798
798
796
793
791
792
788
792
788
789
785
785
785
781
785
783
779
782
779
779
777
773
774
772
775
770
768
768
767
765
766
763
762
763
762
761
758
758
760
755
755
753
752
756
754
750
749
749
748
750
748
748
746
743
740
739
738
737
740
738
736
733
734
736
733
730
730
728
729
726
729
726
726
721
725
723
722
719
721
720
719
714
715
716
712
713
709
712
706
705
708
703
704
702
700
701
702
701
697
698
697
698
693
693
691
690
688
691
687
686
689
688
686
685
683
684
681
680
676
678
676
676
675
675
675
670
673
670
670
670
668
663
664
666
663
664
661
662
659
655
655
655
657
656
653
650
649
647
650
648
649
643
642
643
644
642
640
639
641
638
637
636
632
632
631
629
630
630
628
628
626
627
624
621
625
620
620
618
616
615
614
618
616
613
611
610
609
612
611
605
609
604
603
606
604
602
599
598
600
600
594
595
594
596
591
590
593
592
590
588
588
588
585
586
581
584
581
578
578
579
577
577
576
573
574
570
571
569
567
567
569
565
564
565
560
564
563
559
561
556
555
557
557
555
554
554
553
552
549
548
546
548
547
542
545
540
539
542
537
539
536
537
536
532
531
530
528
527
526
526
525
526
524
525
522
524
523
520
516
517
516
517
516
511
513
510
511
512
507
508
506
507
504
501
501
503
498
497
500
500
495
497
492
493
490
492
489
491
487
490
488
486
482
484
482
484
482
479
478
479
478
475
472
474
472
471
470
472
468
469
469
464
464
466
463
460
459
458
461
459
455
455
455
455
455
450
453
449
447
446
446
447
442
442
445
443
442
442
436
435
436
438
434
432
430
432
431
430
427
429
428
425
423
422
424
423
422
422
417
419
416
414
417
415
412
411
412
409
410
405
408
405
404
404
404
399
403
401
401
396
396
395
396
391
395
389
393
390
390
388
389
387
386
382
383
380
383
378
379
380
377
378
374
373
371
373
369
368
366
368
369
366
363
363
361
364
360
358
359
360
354
356
355
352
354
354
353
350
351
348
345
347
344
343
341
340
342
340
336
335
337
336
335
335
331
330
331
327
330
325
325
323
323
321
324
323
318
319
319
320
319
314
315
311
311
311
310
311
307
310
304
303
307
304
302
299
299
300
301
297
298
295
293
291
293
290
290
287
286
287
287
286
284
286
285
281
283
280
280
277
274
277
274
271
271
271
269
268
267
266
267
265
267
263
265
263
261
257
259
258
256
258
254
255
252
249
248
251
251
245
248
244
244
242
245
240
239
237
240
237
236
233
235
233
231
233
232
230
230
227
227
223
225
224
221
220
218
219
221
215
214
215
213
216
211
214
208
209
207
210
208
207
206
202
203
204
201
198
198
198
195
193
194
192
191
191
191
192
186
188
185
184
183
184
181
182
179
180
181
179
176
178
174
173
174
171
173
170
166
170
169
163
163
166
163
162
159
160
157
156
159
157
156
154
153
152
153
150
150
150
147
146
146
143
141
141
142
142
138
138
138
135
132
135
134
130
129
129
126
128
128
128
125
123
124
124
118
120
119
115
119
113
115
114
115
110
112
107
109
110
107
108
105
101
102
100
101
100
97
99
94
98
92
94
95
90
93
89
90
87
89
88
83
82
84
80
80
77
79
76
74
78
73
74
72
69
71
67
68
67
65
64
66
66
64
59
60
61
61
58
59
58
57
53
53
49
49
50
50
47
47
46
43
45
40
39
43
40
36
35
38
38
36
36
33
33
30
32
27
25
29
24
24
25
22
24
20
20
20
15
15
18
15
15
10
9
11
10
10
6
7
8
5
4
0
5
5
6
4
8
7
11
13
14
11
14
14
13
18
15
21
22
20
24
20
23
24
27
24
29
30
30
32
33
33
36
36
36
35
38
37
38
40
42
45
42
46
43
49
45
47
47
50
49
51
54
56
54
59
57
57
62
63
59
64
63
62
64
64
65
66
70
70
71
74
76
77
75
79
78
79
80
83
84
82
82
86
84
84
86
87
89
89
90
92
91
96
97
99
96
97
97
103
104
104
106
106
107
108
105
111
109
111
109
112
111
114
113
116
115
119
122
123
123
120
125
125
126
124
128
130
129
131
134
131
135
132
137
136
135
137
141
141
143
141
146
143
144
145
145
147
152
148
153
150
155
154
157
157
160
160
160
161
159
163
165
162
165
167
168
169
170
169
169
175
175
175
175
177
180
180
177
181
180
185
182
185
188
186
186
186
190
191
193
193
194
195
196
199
195
201
197
198
204
200
204
204
207
208
209
206
209
208
209
214
214
215
217
218
218
217
217
221
219
223
223
226
227
228
228
229
229
232
233
231
236
236
237
237
238
239
238
240
240
244
245
247
245
246
249
246
248
252
251
254
254
256
253
256
256
260
262
258
260
263
263
265
266
266
265
266
270
269
274
273
272
276
276
275
277
281
277
278
283
281
286
282
283
288
285
289
288
288
289
290
294
294
295
296
299
298
297
301
299
302
306
304
308
308
309
309
307
312
311
312
314
315
318
317
315
316
320
321
322
324
326
326
323
328
330
327
328
331
333
334
335
337
334
336
338
339
342
340
339
341
343
344
344
346
347
347
351
352
350
355
354
355
355
357
358
357
362
362
363
364
364
366
366
365
370
368
370
373
373
370
372
376
376
378
377
380
379
378
382
385
385
385
386
384
388
391
388
389
391
391
391
393
398
396
395
400
397
400
401
403
403
407
405
405
405
409
412
412
412
413
416
414
415
417
418
417
419
419
423
422
423
422
423
427
429
430
428
432
430
432
431
433
433
434
438
438
442
443
441
445
445
446
448
444
448
447
448
453
449
454
454
456
453
457
456
461
459
458
462
462
464
464
465
466
470
466
471
470
474
471
474
476
474
476
478
476
480
482
484
482
484
485
486
485
489
490
490
490
490
491
493
493
497
498
496
501
498
499
499
504
502
507
507
504
507
508
508
510
512
512
514
516
515
518
518
521
521
518
519
522
521
525
523
526
525
530
530
529
534
534
531
532
534
534
535
537
539
543
541
540
542
545
544
546
550
550
551
551
553
553
556
555
556
554
555
556
560
560
559
561
566
563
567
569
567
570
572
568
572
573
575
573
574
576
578
581
581
581
584
580
584
586
585
588
589
590
590
588
589
592
595
592
594
596
595
596
602
599
602
603
602
604
604
607
607
607
610
610
612
610
611
615
615
615
619
619
622
623
621
625
623
626
624
629
630
626
632
630
634
630
635
632
635
635
638
638
639
643
640
645
641
643
645
644
649
651
652
652
650
653
656
652
657
657
656
656
659
661
664
663
664
666
663
666
667
668
672
669
674
673
675
673
676
674
680
681
681
679
680
685
683
687
683
685
687
688
690
692
689
691
694
695
695
698
700
698
699
702
704
704
703
706
707
704
710
708
708
713
709
710
714
714
716
714
717
721
720
718
719
722
723
725
726
728
729
726
731
731
730
733
735
733
733
738
736
739
742
742
741
744
745
745
744
749
745
746
748
751
752
750
751
753
755
757
755
758
761
763
762
760
761
767
765
769
768
767
772
771
771
770
773
772
778
778
775
778
782
782
783
780
781
787
786
786
789
786
790
792
790
791
792
797
798
797
796
801
802
802
799
802
804
807
806
806
808
811
810
810
809
811
814
814
