812
813
814
809
812
807
810
805
809
805
804
806
803
799
798
802
796
796
799
797
793
793
794
790
790
792
791
790
786
787
784
782
784
782
778
780
777
775
778
774
775
774
773
771
773
771
768
767
767
764
766
765
761
761
763
758
758
756
758
755
755
751
751
749
753
752
748
746
745
744
742
746
740
742
743
741
739
735
735
734
733
732
730
730
728
731
727
727
729
724
724
724
721
719
721
717
716
716
719
716
717
711
715
714
708
711
706
708
707
706
707
702
703
701
698
698
700
696
694
696
694
691
691
691
689
692
688
686
688
686
685
683
683
680
679
681
680
679
675
673
677
674
673
674
668
669
666
669
668
668
664
664
660
659
660
660
659
655
654
653
657
655
651
652
650
647
646
650
646
645
646
645
641
639
640
638
636
637
636
637
636
636
635
630
630
629
628
629
624
624
623
626
620
621
623
620
621
620
619
613
614
611
611
610
608
612
607
605
604
603
602
602
601
602
602
599
598
599
594
597
593
596
592
594
591
590
588
589
587
585
584
586
581
579
581
579
578
577
576
578
572
574
571
574
570
568
569
566
567
563
562
564
561
559
560
561
561
558
556
557
556
553
554
550
549
550
548
550
547
546
545
544
544
543
539
537
536
535
539
534
533
534
530
530
533
527
527
527
527
526
527
524
522
520
523
522
516
517
519
514
516
514
514
511
509
507
506
509
509
508
505
505
505
500
503
498
497
498
498
497
496
496
490
489
493
492
491
488
485
486
484
486
485
480
478
477
476
480
475
477
474
471
475
470
473
472
469
470
466
463
465
465
461
461
463
461
461
456
457
453
456
452
451
449
449
447
450
449
449
446
445
444
441
440
439
441
436
439
436
436
432
435
433
429
428
429
431
429
429
425
425
424
425
423
418
420
419
416
418
414
413
416
412
413
412
412
411
406
406
403
402
403
405
399
398
402
400
397
394
393
393
391
392
389
389
390
388
387
388
383
385
381
382
379
378
380
381
380
377
375
372
376
370
373
370
367
371
365
366
366
362
365
364
362
361
359
356
360
354
353
357
353
351
350
348
347
350
348
345
345
344
344
341
340
338
342
340
338
334
338
332
332
331
331
328
328
331
328
325
323
322
326
322
319
323
321
320
316
317
314
317
311
310
312
311
312
310
308
309
303
305
304
303
304
303
300
299
298
298
294
297
294
291
291
290
291
289
286
289
283
283
286
280
279
280
281
276
279
274
278
272
276
274
274
271
270
270
265
264
263
265
263
261
259
261
257
258
260
255
253
253
252
254
253
248
247
249
248
244
244
244
246
244
242
242
241
237
239
237
235
234
232
234
232
228
227
230
226
229
227
222
224
223
224
221
218
216
219
218
214
217
212
210
214
212
208
210
208
205
205
204
206
202
199
200
201
196
196
199
197
196
191
194
189
193
189
188
190
189
184
186
181
182
183
182
178
177
177
176
173
174
173
174
169
172
169
168
168
166
166
166
163
161
160
162
162
159
155
158
156
157
155
153
151
151
152
147
148
146
144
142
144
142
139
141
141
139
140
137
135
132
133
135
130
128
131
131
126
125
128
124
126
124
119
122
122
118
116
117
115
117
116
112
112
112
111
109
108
109
108
106
102
100
104
99
98
98
98
96
94
97
92
93
94
93
89
89
87
88
88
84
84
82
79
82
81
81
80
78
75
77
75
72
71
69
67
70
69
69
64
67
63
63
64
61
62
61
60
59
56
56
56
54
49
48
47
46
50
47
44
42
45
45
44
42
41
39
38
39
37
36
36
32
30
29
30
29
28
26
26
23
22
23
24
23
22
18
15
18
18
12
11
11
10
11
9
7
7
7
3
6
2
3
1
3
3
8
7
8
9
11
13
13
12
14
15
19
20
19
18
20
20
20
25
22
25
29
26
26
31
30
30
31
32
33
36
38
38
40
41
39
41
40
43
44
47
47
45
50
48
50
54
50
52
55
57
55
59
61
57
59
61
65
63
66
64
67
66
68
67
69
74
71
74
76
76
76
78
78
77
78
82
80
85
84
86
84
86
88
92
91
94
92
91
92
98
95
95
98
100
100
101
104
102
107
103
109
109
111
111
110
109
113
112
114
113
119
120
119
117
119
122
125
126
127
126
126
125
130
131
131
129
132
135
135
133
139
138
137
137
139
143
144
145
143
147
144
145
146
151
150
154
155
153
154
153
157
160
157
160
161
162
160
161
167
165
168
170
167
171
173
170
170
171
177
173
175
180
178
177
183
182
185
182
184
185
188
187
186
190
192
191
191
194
197
195
198
198
197
197
203
200
204
203
205
208
208
206
210
209
212
212
214
214
212
217
219
215
217
218
221
223
224
225
226
228
227
228
228
228
231
230
235
232
235
236
239
238
241
238
240
241
244
244
242
248
248
249
248
252
252
253
253
255
252
258
254
260
260
260
262
264
264
264
262
264
265
266
267
272
269
271
274
272
277
274
274
275
277
281
282
283
283
284
287
287
285
286
286
287
291
290
295
295
295
297
295
297
297
297
301
304
300
301
305
305
305
310
307
310
311
313
313
315
313
316
316
317
321
317
321
321
325
321
327
324
327
330
331
330
331
334
334
335
335
335
334
340
339
341
341
343
344
344
345
344
346
350
349
352
353
351
355
353
353
353
354
355
360
358
362
362
363
361
364
366
366
368
368
372
373
374
372
376
376
376
374
380
379
379
381
381
382
386
384
384
388
385
388
387
389
389
394
396
392
393
398
399
396
397
402
404
402
401
404
404
405
407
409
410
408
414
411
413
414
415
418
419
419
421
418
421
421
425
426
424
425
428
428
431
432
430
430
435
434
435
435
438
439
440
438
440
441
445
444
447
449
450
450
447
450
453
455
455
453
456
455
459
459
458
460
460
463
464
463
468
467
469
467
470
468
472
471
475
475
473
474
478
479
480
481
482
481
484
482
486
484
490
488
491
493
490
491
491
493
496
498
499
501
499
502
502
501
503
504
506
505
505
509
509
511
509
511
513
517
516
514
518
520
518
518
521
524
523
523
526
528
530
528
531
530
532
532
532
534
535
536
538
541
541
540
539
542
544
547
543
549
550
546
549
552
550
555
552
553
556
558
557
559
559
561
564
560
563
563
563
566
565
570
572
568
574
573
574
573
573
579
575
576
579
583
581
582
586
584
584
585
587
589
591
592
591
594
591
594
593
594
598
599
601
598
604
604
602
607
608
604
610
610
611
609
611
614
613
616
613
617
615
619
617
622
621
622
622
623
624
624
627
629
629
632
630
633
635
633
635
635
638
637
640
638
643
645
641
644
644
648
650
647
648
650
654
653
656
653
653
657
660
658
659
662
659
662
661
663
668
669
668
668
667
672
672
674
676
676
675
677
679
677
679
681
681
680
684
685
688
686
688
686
689
689
690
690
696
692
695
699
700
697
700
699
699
700
706
707
707
708
706
708
710
713
712
711
715
716
717
718
715
717
720
722
722
725
724
726
723
729
730
728
731
729
733
732
733
733
737
736
736
741
740
743
744
743
746
745
747
748
749
750
752
748
751
753
751
754
757
757
758
760
762
763
762
760
763
767
768
767
768
767
767
772
773
770
771
773
777
776
776
779
781
782
780
780
782
785
787
788
785
786
792
793
793
795
791
794
794
796
799
796
802
801
803
804
802
807
803
809
809
806
809
809
812
812
813
817
