813
811
812
809
812
812
811
805
806
803
807
806
802
802
799
797
801
795
799
797
793
795
791
794
793
788
787
787
787
786
786
782
785
780
779
779
780
775
779
774
776
774
775
770
773
770
766
769
767
763
764
766
765
762
761
761
759
760
757
756
757
754
750
749
752
748
749
749
745
743
745
743
741
743
738
740
741
739
734
736
732
736
730
730
730
728
731
728
724
728
725
726
723
722
721
717
720
720
719
717
713
711
715
714
709
709
706
706
704
704
707
703
704
701
700
697
698
697
695
696
697
691
692
692
690
691
688
689
685
688
684
686
684
683
680
677
681
678
675
678
673
673
671
672
670
672
670
665
664
666
662
665
662
663
658
659
661
658
657
654
657
651
650
649
651
649
646
648
647
643
642
645
643
644
641
640
637
635
637
637
635
634
635
629
631
629
631
625
626
628
623
623
622
622
623
617
620
620
614
615
615
616
614
610
611
609
609
606
608
604
606
603
602
603
603
602
599
599
599
597
593
596
591
591
590
590
586
587
588
583
586
581
583
583
578
577
580
579
577
574
574
576
572
571
570
567
571
567
568
567
563
562
560
559
559
558
558
557
555
556
554
552
554
549
551
547
548
545
548
546
545
542
545
539
538
540
536
539
539
536
536
531
533
534
531
531
528
530
529
527
523
521
524
522
522
521
521
515
514
514
515
512
511
509
511
509
507
509
509
503
502
503
500
503
500
500
496
495
494
498
494
495
491
492
490
488
489
490
484
485
483
482
481
484
482
479
476
479
479
473
474
476
473
473
469
470
467
466
465
463
465
463
464
463
462
460
458
457
454
458
457
456
453
453
453
449
448
448
448
445
445
443
442
444
441
440
441
437
437
438
437
432
431
431
432
427
429
427
425
426
424
424
421
421
423
417
421
420
414
417
414
416
414
414
409
408
406
410
404
404
405
401
403
403
400
398
400
400
399
393
397
396
393
390
392
388
390
386
384
388
382
384
383
380
381
380
380
376
375
377
373
376
375
372
369
368
370
368
369
367
365
361
363
359
359
360
359
358
357
354
357
351
350
352
353
348
349
347
346
346
346
345
341
343
338
337
340
340
337
334
332
335
331
334
328
330
331
325
327
323
324
325
323
323
322
318
319
320
316
316
314
316
312
310
312
308
306
307
309
304
304
304
302
303
299
298
298
299
299
294
297
291
294
294
293
287
290
287
289
287
286
281
284
282
282
280
279
276
278
275
276
271
271
272
269
270
268
269
268
263
263
261
261
262
263
258
258
255
256
253
256
252
250
253
250
249
250
249
248
247
247
244
241
242
239
241
240
237
235
236
236
235
230
233
233
228
230
227
228
224
223
226
221
220
219
218
221
218
214
217
215
213
212
210
208
211
211
209
209
206
202
206
203
201
203
198
198
197
194
197
194
194
192
194
192
192
190
187
188
184
182
186
182
179
181
181
176
178
177
177
174
173
171
171
173
171
171
165
169
166
167
166
164
161
158
157
160
155
157
156
153
153
155
151
150
148
147
150
147
146
144
143
143
144
141
142
137
138
135
133
134
134
135
133
130
131
126
125
128
127
122
121
124
120
118
118
119
119
117
117
112
115
111
110
111
112
111
106
108
106
105
106
101
99
98
99
100
96
95
98
97
95
93
89
90
88
88
90
89
84
85
82
83
80
81
80
77
80
74
73
72
74
70
70
73
68
68
66
65
63
67
66
63
61
63
59
56
60
55
58
56
55
55
50
50
50
48
46
47
43
45
43
44
40
41
42
41
35
38
38
34
31
32
30
28
30
29
27
25
28
25
24
24
19
21
21
19
17
16
18
13
15
13
11
12
11
9
10
7
8
4
6
4
6
5
4
6
5
6
9
10
9
12
11
14
13
19
20
16
20
19
19
22
25
22
23
25
27
30
29
28
32
30
32
36
35
39
40
39
42
42
42
40
41
42
44
49
46
48
47
49
51
51
55
57
54
55
56
60
57
59
60
61
66
66
63
65
66
66
69
69
73
73
74
74
75
78
76
81
78
80
82
80
82
82
86
84
86
86
92
92
93
90
91
95
94
96
100
99
102
102
104
102
104
104
107
107
105
106
108
108
111
112
114
115
113
118
115
118
120
119
122
124
124
125
123
128
130
131
131
132
134
132
136
137
133
135
137
136
138
138
144
145
143
143
146
144
150
150
150
148
151
155
155
152
156
156
158
160
159
158
161
160
166
165
167
164
165
166
172
173
169
170
176
175
176
175
177
176
178
178
184
181
184
186
188
189
189
189
191
193
190
194
191
196
198
196
196
197
200
198
204
202
202
204
203
208
205
207
211
211
211
215
215
213
213
218
215
217
219
219
222
221
223
226
223
227
230
229
227
231
230
231
231
233
235
236
237
241
239
240
240
241
242
245
248
244
247
246
250
249
251
254
256
256
255
256
255
260
259
260
260
264
261
264
265
269
268
267
269
270
271
275
276
272
277
276
276
279
279
278
283
285
283
287
286
288
289
291
290
291
292
293
295
296
298
298
300
299
302
301
303
303
301
304
304
304
309
306
312
312
309
313
316
316
314
314
319
321
318
320
319
324
325
327
325
324
328
329
328
328
334
330
335
335
337
336
336
339
338
340
339
345
344
342
345
348
349
349
349
350
353
354
356
353
357
355
359
359
357
358
361
360
366
363
367
365
365
371
372
372
370
370
372
375
378
377
376
377
382
378
383
380
386
382
388
389
388
386
392
388
392
395
392
394
394
396
399
400
402
400
401
405
405
406
408
405
408
407
412
408
409
411
411
415
418
416
419
418
419
422
424
425
422
424
425
424
426
429
430
430
433
435
431
432
435
434
438
438
442
440
444
445
445
447
445
446
446
450
447
449
451
452
452
453
456
457
457
456
461
461
462
463
463
462
468
466
470
471
471
471
470
471
473
474
475
474
480
480
477
479
484
482
481
484
483
484
487
487
489
489
493
491
492
496
497
495
497
497
498
500
504
503
504
503
504
508
506
510
508
513
510
512
516
515
513
514
518
520
518
518
521
522
523
525
527
528
525
526
528
531
530
535
532
536
536
538
536
541
541
538
544
543
545
544
546
549
545
550
548
548
554
555
556
552
555
556
556
556
557
560
562
563
561
566
567
568
565
568
571
571
574
574
572
572
575
579
579
580
582
579
582
583
584
583
585
588
585
587
590
593
592
591
591
596
596
597
596
596
598
600
604
600
603
602
604
605
605
606
611
613
609
615
615
617
614
617
620
616
621
620
624
623
625
624
623
625
630
631
631
632
629
635
631
634
635
639
637
637
637
641
640
645
643
646
645
644
647
648
648
652
650
650
653
655
657
656
659
659
659
663
660
660
662
663
665
664
666
667
667
670
669
672
676
677
674
678
675
678
677
678
679
680
684
685
685
687
688
687
687
689
692
694
692
696
696
698
700
700
702
702
703
701
703
707
708
709
709
706
710
709
713
715
714
716
718
719
720
719
721
723
722
722
724
725
728
725
729
726
728
728
731
734
734
732
735
738
737
739
740
742
744
743
742
746
744
746
748
747
747
751
751
750
752
753
756
756
756
756
760
758
764
762
763
764
767
766
769
768
771
769
769
774
776
774
774
774
776
780
779
781
780
782
781
784
783
785
787
791
789
788
794
791
794
795
793
795
800
799
797
803
800
802
806
806
803
807
808
809
807
812
814
812
813
812
