817
815
811
812
810
808
811
808
807
807
802
804
804
799
801
797
799
797
794
793
792
794
794
793
788
790
788
789
784
787
784
783
781
783
781
778
776
780
778
773
776
773
770
769
769
770
769
765
768
765
765
765
765
759
760
761
761
756
759
757
753
756
755
752
750
748
747
746
747
745
743
744
744
744
743
742
739
737
736
738
734
735
731
730
730
727
729
728
725
727
727
724
721
724
723
718
716
717
715
718
716
715
711
711
711
712
707
707
704
707
706
705
700
699
699
701
699
695
696
698
697
691
695
693
688
690
686
687
684
683
687
683
685
681
683
677
679
676
675
675
677
674
675
671
673
672
666
669
669
664
664
664
663
660
659
657
660
658
656
656
655
654
650
654
652
650
646
646
649
644
643
646
641
640
641
639
640
636
637
635
635
633
632
631
629
630
630
627
626
624
625
624
623
622
622
620
621
617
617
614
615
615
612
610
610
608
607
606
607
606
607
603
602
601
603
599
601
595
598
597
596
594
591
591
590
589
586
589
584
587
585
586
582
579
579
578
578
576
576
577
575
573
573
572
571
568
570
570
566
563
567
561
562
559
560
557
558
556
558
555
554
556
551
551
548
551
551
549
544
548
545
545
543
539
538
542
541
538
534
536
532
536
533
534
531
528
530
526
527
525
523
524
522
522
523
519
517
518
515
517
517
515
512
512
512
507
507
510
505
505
507
506
501
504
499
502
499
497
495
494
496
494
490
489
491
491
491
488
489
483
484
482
480
482
481
479
480
479
479
473
473
474
475
472
469
470
471
465
464
467
466
464
464
462
462
458
459
459
458
458
454
456
454
449
451
452
449
445
446
444
442
446
442
441
443
438
438
439
438
433
434
433
433
434
428
432
431
429
427
426
422
426
421
424
420
422
418
415
418
418
417
412
410
413
408
408
410
405
407
407
404
406
401
401
399
399
397
399
397
394
392
395
390
392
389
388
389
385
389
387
387
383
383
383
381
382
378
378
376
373
377
374
372
372
372
372
369
368
364
367
364
363
365
361
358
360
357
360
356
355
353
352
353
349
350
348
348
345
349
348
346
346
345
339
339
339
336
336
337
337
335
335
331
330
332
329
329
325
326
326
324
326
322
321
320
319
318
316
319
318
317
314
314
312
308
308
308
305
308
306
303
303
305
300
300
299
298
299
297
296
297
296
294
294
293
291
291
286
289
285
287
285
282
282
278
281
279
278
279
278
273
273
274
274
269
270
270
266
269
265
265
265
264
261
259
260
261
255
257
253
256
253
251
250
250
249
246
245
245
246
247
244
245
239
241
241
240
238
235
235
233
236
231
233
232
227
226
229
226
228
227
223
220
219
218
220
219
220
219
215
212
215
212
210
210
212
210
205
209
205
204
205
203
204
199
197
198
195
197
198
194
194
193
191
193
190
186
188
186
183
185
186
180
184
180
182
178
176
179
176
173
175
171
170
169
168
169
166
167
168
165
164
165
159
158
158
159
159
156
154
152
151
151
151
151
149
151
146
149
147
144
146
142
141
142
138
138
140
138
138
135
136
133
129
133
130
129
125
124
128
122
126
122
121
120
119
117
119
117
114
117
115
115
113
112
109
107
105
104
106
105
102
101
100
102
102
98
96
99
94
94
96
90
93
91
88
88
88
86
88
85
81
80
81
83
77
76
80
79
75
73
72
75
71
70
68
67
66
68
67
66
61
61
61
63
58
57
59
58
57
55
53
55
54
49
51
50
49
49
44
42
46
43
41
38
37
40
40
38
33
34
31
35
32
29
31
30
25
29
23
27
21
23
21
20
22
17
20
16
14
16
15
14
13
9
10
11
6
4
3
7
1
3
3
4
3
4
7
11
8
11
11
15
15
16
13
17
20
18
19
18
23
22
25
27
25
24
29
27
31
30
31
32
33
37
37
37
40
39
42
42
43
45
45
45
44
49
49
48
50
52
51
50
52
56
57
57
55
60
60
60
62
65
64
67
68
67
68
66
71
72
74
71
75
74
73
74
78
77
79
79
82
80
85
85
88
89
85
87
92
92
92
94
95
93
95
95
99
101
100
98
101
100
101
107
104
105
105
108
107
113
113
113
111
113
113
119
116
120
119
120
120
125
124
126
123
125
127
129
132
131
134
133
136
133
134
137
136
139
139
139
142
143
143
143
147
147
149
148
147
150
150
152
155
153
155
157
159
161
161
161
162
160
166
165
166
166
170
170
168
171
173
174
172
176
175
174
179
176
177
183
181
184
185
183
187
188
190
188
191
191
190
193
191
192
196
198
196
197
201
200
199
200
203
206
203
206
210
207
212
208
209
213
216
217
218
218
220
218
219
223
222
224
222
222
224
228
227
230
229
233
233
234
232
236
238
235
238
240
241
243
244
244
241
246
246
247
250
251
250
251
249
252
251
256
256
258
255
261
259
262
264
260
266
267
265
269
269
269
267
271
269
274
275
277
277
275
280
278
282
278
281
280
284
283
288
287
286
287
291
291
290
293
292
293
293
295
298
297
297
303
304
302
304
304
304
306
305
311
311
313
313
314
311
315
317
316
317
321
319
323
323
321
322
326
324
327
327
327
328
333
331
333
335
333
338
339
335
339
337
343
344
344
346
347
344
344
347
349
349
350
353
351
356
356
355
354
356
357
357
362
361
360
363
363
367
368
365
367
369
369
374
371
372
375
375
375
376
379
379
383
381
383
384
385
385
385
390
388
387
393
392
391
393
397
394
395
399
398
399
402
404
402
406
404
403
404
406
406
409
410
414
413
411
412
413
418
419
421
422
420
420
423
425
427
427
428
429
428
431
429
432
430
431
435
435
439
436
440
438
443
444
443
442
443
443
449
447
448
450
453
452
454
453
456
455
457
458
461
462
463
461
463
462
466
466
465
469
467
469
473
471
470
474
473
473
479
475
478
480
479
479
480
481
483
486
488
486
488
489
491
489
494
493
497
494
499
496
496
498
503
501
501
505
507
503
504
508
507
510
508
510
510
515
516
515
519
520
520
518
523
519
523
522
525
523
527
525
529
532
531
533
532
533
535
534
537
538
537
539
543
544
543
543
544
544
549
550
549
550
548
552
553
555
553
557
559
555
558
559
562
560
562
565
563
564
568
569
571
567
570
573
575
574
573
577
579
575
578
582
582
581
585
581
584
588
585
586
591
589
593
589
591
596
592
598
594
596
597
597
598
603
601
606
606
604
605
607
610
609
611
613
610
611
614
615
617
618
618
622
622
624
624
622
622
624
629
625
627
631
628
632
635
632
636
638
635
635
636
642
639
643
642
646
643
646
646
648
648
647
653
651
653
655
656
657
657
660
659
661
661
660
664
665
666
664
669
670
669
669
672
674
673
674
676
675
675
679
679
677
683
684
684
685
683
684
685
689
690
689
688
690
693
695
693
696
699
699
696
702
702
700
705
704
706
708
705
705
711
712
708
712
710
716
716
715
714
715
721
719
720
720
720
726
727
723
729
730
731
731
728
732
733
735
733
738
734
739
739
739
742
744
742
746
744
743
748
746
746
750
752
754
751
756
756
753
758
760
761
762
759
763
762
765
767
767
767
770
769
772
773
770
771
771
777
776
775
777
776
778
779
782
783
784
784
784
789
787
787
790
792
794
792
795
794
793
798
797
798
802
798
800
805
804
803
804
807
807
807
811
811
812
815
811
817
