813
811
811
813
809
809
807
808
807
808
804
802
800
800
798
802
798
796
794
793
793
792
794
790
792
792
790
788
786
786
785
782
781
780
778
777
779
776
778
777
775
776
774
774
772
772
770
769
764
768
762
763
765
762
760
758
758
758
754
755
755
755
753
752
753
749
750
747
749
748
742
746
742
742
738
738
736
735
734
738
732
736
731
733
731
729
728
728
728
724
724
721
722
723
720
718
721
718
716
718
713
711
713
712
711
708
711
710
707
703
702
702
700
702
699
702
699
696
697
694
695
696
693
692
692
688
690
685
688
686
687
682
685
684
681
681
681
679
676
678
677
675
673
674
670
670
670
669
665
663
662
662
661
663
663
657
656
659
656
655
655
653
654
649
650
649
647
646
648
647
645
644
645
642
643
641
639
635
634
638
634
632
632
634
631
632
628
630
628
627
627
626
624
624
622
617
619
619
617
617
616
611
610
614
609
609
609
609
608
604
606
603
604
604
603
598
599
599
599
594
597
595
590
592
593
592
589
590
588
587
585
584
581
579
582
577
580
580
575
573
574
572
572
572
572
570
568
566
569
568
566
566
565
560
562
558
560
558
558
554
557
554
555
551
551
549
550
546
545
544
542
542
542
542
538
537
539
536
536
538
534
532
533
532
530
529
527
527
526
527
527
523
525
523
522
517
521
515
515
514
516
515
512
509
511
510
510
509
504
505
507
501
504
499
503
498
500
497
498
493
492
494
494
492
493
488
488
487
485
483
487
483
482
480
481
479
478
475
478
477
472
476
475
471
472
467
471
465
466
464
462
464
461
463
460
462
458
458
455
453
452
453
455
449
449
450
446
447
448
444
443
444
440
443
443
440
440
437
439
437
434
434
430
432
432
431
426
429
427
424
422
426
423
421
422
422
420
418
419
415
416
415
413
413
413
409
410
407
408
404
403
402
401
401
398
397
401
399
396
396
395
393
391
389
388
392
387
389
386
386
386
384
380
382
382
382
378
378
378
373
373
371
375
374
370
370
368
370
366
363
362
361
363
363
359
360
359
359
356
357
357
352
353
352
350
349
347
349
344
348
346
345
342
339
338
340
340
337
337
333
336
332
331
333
331
331
330
327
329
327
324
324
322
322
323
322
316
315
317
313
316
314
314
309
313
307
309
305
306
307
306
304
304
299
302
302
301
298
295
298
294
294
290
294
290
290
289
286
288
286
285
282
285
282
283
277
276
279
279
277
276
274
273
274
271
270
266
268
266
264
267
265
265
260
262
257
261
260
258
253
253
251
250
250
250
249
246
247
249
245
244
243
242
241
238
239
238
238
237
233
236
232
234
230
229
227
226
226
224
224
225
225
221
223
221
218
220
218
216
217
215
215
215
210
211
207
211
210
208
207
205
204
203
200
202
201
200
195
194
197
193
191
190
192
188
189
186
190
186
187
183
186
184
184
182
181
180
180
179
178
172
174
171
173
171
169
168
166
169
168
163
164
162
162
158
159
159
156
158
156
153
153
150
153
151
150
149
150
148
145
145
144
140
144
143
140
137
136
134
136
136
135
135
131
130
128
126
128
129
127
124
124
124
120
123
118
117
116
114
118
114
111
110
113
113
111
108
107
109
108
105
103
102
99
98
101
98
99
99
95
97
94
93
90
89
92
91
87
88
87
85
86
83
80
83
79
81
77
79
74
75
72
70
72
72
67
69
70
69
65
62
66
62
59
58
59
59
55
54
57
53
54
54
54
52
48
50
45
44
43
45
43
40
41
40
40
40
35
38
38
34
34
30
31
32
27
29
29
26
26
25
22
25
24
19
19
19
18
15
18
15
14
14
13
8
7
6
9
9
4
3
3
2
1
2
5
5
6
6
9
9
12
12
11
16
18
19
20
21
19
22
21
25
23
25
24
27
29
27
32
33
30
31
36
33
37
39
40
37
41
38
42
40
46
42
47
49
45
47
48
48
52
55
53
53
55
56
55
60
58
61
61
63
63
63
65
66
68
67
68
71
70
71
74
72
73
75
80
81
78
78
80
82
86
85
85
88
86
90
87
92
91
92
94
92
96
94
98
97
102
103
104
100
103
103
103
107
107
109
109
112
111
111
111
114
116
115
118
121
121
123
120
121
122
124
127
124
129
128
128
132
133
130
135
137
135
136
135
136
141
140
139
140
144
143
145
149
150
149
151
151
153
151
156
155
155
157
159
157
160
158
161
164
163
165
166
167
168
167
171
171
170
172
172
175
176
179
177
179
177
180
179
182
182
187
183
186
186
188
187
191
190
195
192
194
198
196
196
200
201
199
200
204
206
203
206
207
208
211
209
209
210
214
212
217
217
219
219
220
222
220
223
223
226
225
228
228
227
231
230
233
233
230
232
236
238
237
240
236
240
240
242
244
242
243
243
246
250
248
249
253
250
255
252
257
258
257
256
258
258
261
261
262
263
265
268
268
268
266
271
271
274
270
271
272
278
278
276
280
282
279
279
282
281
285
286
284
288
291
288
291
291
291
292
293
295
294
297
301
302
298
301
300
303
302
305
305
306
311
309
313
312
312
311
315
317
315
316
320
320
321
319
320
321
324
323
328
328
327
332
328
334
330
332
334
333
334
337
341
341
339
343
343
346
347
343
344
350
351
351
352
351
354
352
357
357
354
359
357
358
363
363
361
366
366
368
364
365
369
369
370
369
374
376
376
377
377
379
379
379
381
379
381
385
386
387
384
385
387
390
390
389
394
395
397
397
399
396
400
398
402
402
405
405
406
404
409
407
409
408
410
412
413
411
413
416
418
415
419
420
421
422
425
425
425
423
424
429
430
428
429
433
430
435
433
435
437
436
439
437
441
439
445
442
446
447
444
445
450
447
448
449
450
456
456
458
456
455
456
462
459
461
461
461
462
465
465
466
470
470
471
469
473
476
475
477
478
478
479
480
483
480
481
485
485
487
485
490
489
490
492
492
494
492
493
493
497
495
500
499
501
502
504
501
506
506
505
505
506
508
508
514
510
514
516
513
517
519
519
520
520
523
523
523
527
524
525
530
529
528
529
534
535
535
533
533
537
539
536
538
541
540
542
543
547
545
547
549
547
551
552
554
551
555
555
557
555
559
556
558
559
562
563
565
567
566
568
567
567
570
569
570
574
571
574
575
579
579
577
580
578
583
580
585
586
586
586
585
586
589
592
593
595
591
593
595
595
595
600
598
602
603
601
603
607
608
605
608
611
612
611
613
611
614
612
617
616
616
619
621
621
623
620
625
623
628
627
626
629
631
628
631
630
632
633
633
635
637
637
640
640
639
641
644
647
646
649
648
646
650
651
652
654
655
657
656
655
657
658
660
661
663
662
663
662
666
665
669
666
667
673
671
675
672
674
676
676
677
679
677
679
682
682
681
684
688
685
690
688
691
692
692
691
695
697
694
698
698
698
702
698
704
704
705
702
708
706
708
706
710
710
713
714
712
715
713
718
717
717
720
723
724
724
726
723
727
725
727
731
730
730
732
735
736
735
736
739
739
738
741
742
744
740
743
744
743
748
747
747
750
752
750
754
756
756
756
757
757
759
759
759
762
765
763
765
763
768
768
769
770
771
774
770
771
774
778
778
775
777
777
779
779
782
783
783
783
785
787
788
791
791
790
794
791
793
794
798
799
798
797
801
801
802
803
805
807
809
805
806
809
811
811
815
814
817
