814
814
811
812
810
810
807
809
808
808
802
803
801
801
801
802
797
797
798
794
792
791
795
789
788
792
790
790
789
783
785
784
784
784
780
781
781
780
776
776
772
771
771
770
773
772
770
765
764
765
764
766
765
762
761
757
756
758
756
754
752
752
751
754
753
751
749
746
745
745
742
741
743
742
742
738
738
735
734
733
734
733
735
731
731
729
727
730
728
723
727
721
724
724
720
719
717
719
714
716
713
712
714
710
708
707
709
709
704
708
702
704
702
700
701
701
697
696
694
695
694
694
690
693
688
690
689
687
689
686
683
682
684
680
683
678
676
676
677
676
672
675
675
669
673
669
666
670
666
667
662
665
664
663
661
659
656
658
656
655
657
653
652
653
650
648
648
645
645
643
646
645
641
643
638
639
638
636
638
638
635
635
635
632
633
630
627
629
627
623
623
625
623
623
622
622
618
617
614
613
616
615
613
614
611
610
606
610
606
603
605
604
603
603
601
598
600
596
597
596
593
596
592
592
593
592
587
588
585
585
587
586
580
580
582
581
577
579
576
575
574
571
574
574
572
568
571
567
567
565
564
562
562
563
560
559
561
558
559
554
553
552
551
554
553
550
547
550
544
543
544
545
542
539
541
539
539
535
536
534
536
536
530
530
528
529
531
526
525
524
523
526
524
523
519
519
519
520
516
513
517
516
515
511
510
508
508
510
505
505
504
506
505
502
502
497
498
500
498
496
496
494
490
489
492
487
490
487
489
488
483
483
483
484
481
477
477
479
478
478
474
473
470
474
468
469
471
466
469
465
465
461
460
464
461
458
458
458
459
454
452
453
452
449
453
449
448
450
446
446
446
446
440
441
438
437
437
440
436
436
433
434
435
433
429
428
427
426
428
427
424
424
424
421
421
417
417
417
417
416
417
415
414
410
411
412
408
410
407
404
406
404
404
400
399
402
399
396
399
394
394
392
395
390
388
392
386
388
385
387
385
384
385
384
383
377
376
378
377
377
372
374
371
370
371
371
367
366
368
367
364
363
364
363
362
360
358
356
357
356
355
355
355
350
348
349
347
349
346
346
347
341
344
342
340
340
340
340
339
334
337
331
335
331
333
329
329
327
327
325
327
321
321
323
323
317
320
316
319
316
313
312
313
313
313
309
311
306
305
303
304
305
301
300
301
301
301
295
298
295
292
292
293
289
293
290
288
288
288
283
282
284
284
281
280
279
278
280
278
278
277
275
270
271
271
267
270
265
267
264
265
263
265
259
260
259
257
258
255
255
256
253
252
252
250
248
251
250
246
245
243
241
242
239
239
237
236
238
236
235
233
231
231
231
233
228
229
226
224
223
225
224
220
223
222
219
219
218
219
216
216
216
212
213
212
212
209
207
209
207
203
202
200
199
200
202
198
197
194
196
196
194
193
190
188
189
187
189
189
185
183
186
184
180
181
177
177
175
176
175
177
172
174
169
169
171
171
165
164
164
167
164
165
164
160
162
158
156
157
158
156
153
153
153
148
151
150
150
146
144
143
141
145
141
140
140
138
135
136
134
137
133
135
129
132
132
131
128
129
127
126
121
121
122
119
117
118
119
115
116
112
113
114
110
108
111
106
105
109
105
104
101
102
104
102
102
101
97
97
93
97
91
94
91
90
90
90
86
89
86
83
86
85
82
78
82
81
80
75
78
73
72
73
70
69
67
68
69
65
66
63
65
63
63
58
59
59
58
54
56
52
56
55
54
49
49
51
46
48
45
42
42
40
39
39
39
38
40
35
33
36
36
33
29
30
32
28
30
25
28
22
26
21
24
19
18
17
20
16
17
12
14
12
12
8
8
8
9
4
6
7
6
5
6
7
5
5
10
9
12
10
14
10
13
14
16
14
18
17
21
22
22
21
25
22
24
25
28
27
27
30
33
33
31
36
35
39
38
41
37
39
42
45
45
43
46
46
50
47
51
49
51
51
52
56
54
56
58
59
62
61
64
60
63
66
63
69
70
68
70
70
72
75
76
73
78
74
76
80
78
82
83
85
84
87
83
89
89
89
87
90
93
90
94
93
95
95
98
99
98
103
101
100
105
104
103
109
110
110
112
113
114
111
116
114
115
114
115
119
119
118
123
125
125
127
124
127
125
131
129
129
132
130
134
137
133
135
140
137
142
143
141
141
146
143
144
148
148
151
147
152
153
155
155
156
158
159
156
159
161
158
164
164
164
167
165
167
170
171
168
170
171
173
173
176
175
178
177
178
181
181
179
181
184
183
184
188
185
187
188
190
192
194
195
192
196
195
197
196
199
199
204
205
205
203
204
208
206
211
210
208
211
211
213
214
218
215
215
217
221
218
220
222
226
223
228
227
229
230
228
232
229
230
231
236
235
236
237
240
238
241
239
240
244
247
247
244
249
250
247
249
251
251
254
255
253
258
256
257
260
258
259
264
263
264
267
266
265
266
267
269
270
275
271
277
276
279
278
281
282
278
280
284
284
282
287
284
288
286
292
290
291
294
296
294
297
299
297
299
299
302
302
305
304
307
307
305
310
308
308
312
312
311
312
312
313
315
319
321
317
318
320
324
321
323
324
325
327
331
331
329
333
332
331
337
334
337
340
341
339
340
344
345
345
346
345
349
350
346
348
348
350
353
352
353
353
359
357
356
359
358
360
360
362
363
364
369
366
367
371
369
370
370
376
377
376
376
380
379
380
379
381
384
384
386
387
388
385
389
389
391
391
390
392
396
393
396
396
401
397
400
403
404
401
405
408
405
410
411
408
408
412
415
416
414
413
418
415
419
418
422
420
420
423
426
424
429
429
427
428
433
429
432
435
437
435
437
439
438
438
441
441
444
443
446
445
449
445
446
447
453
450
451
453
453
458
459
458
459
457
462
461
464
461
466
468
469
468
471
470
468
474
474
473
476
475
479
480
479
482
480
484
483
483
486
484
489
487
488
489
488
494
494
491
492
493
496
500
500
497
500
499
504
501
506
503
504
507
508
512
509
510
512
511
513
513
517
519
519
517
522
519
524
523
527
526
529
527
527
532
532
531
533
531
534
537
539
535
539
541
543
542
543
541
547
546
547
547
550
547
548
549
553
552
556
557
556
558
557
562
559
559
561
565
565
567
566
567
566
571
573
572
573
573
573
573
576
577
580
578
581
582
582
585
586
587
584
590
590
589
592
589
590
591
594
597
598
600
597
598
598
601
605
604
607
606
609
606
606
609
611
609
610
615
615
614
618
619
621
619
621
621
621
622
627
626
625
625
627
627
632
632
632
633
634
633
635
638
636
637
642
640
640
645
644
646
646
650
649
650
648
654
653
651
653
653
658
659
658
659
663
662
664
663
664
665
669
670
669
670
668
672
674
676
673
677
679
675
677
679
678
682
680
686
686
686
688
690
688
690
690
690
691
694
696
696
698
700
700
698
699
702
705
706
702
703
705
705
707
707
711
712
714
713
713
715
717
717
717
722
719
721
723
721
726
728
726
728
731
729
732
733
731
732
733
738
739
739
739
741
743
743
742
742
746
745
749
750
751
751
753
754
751
751
753
758
759
758
761
761
759
761
760
763
765
766
765
766
770
771
773
773
774
771
773
776
779
780
776
779
783
783
783
786
782
787
787
787
786
789
789
791
793
794
797
798
798
796
801
797
798
803
803
804
807
803
805
810
809
810
812
812
815
814
817
