813
812
813
809
813
810
811
806
804
803
802
805
803
799
800
799
797
800
794
798
793
795
790
794
788
788
787
788
784
784
782
781
781
780
780
781
779
780
777
777
774
776
771
770
769
771
769
766
765
768
767
761
762
762
763
758
758
758
756
757
755
756
751
749
749
752
747
749
747
743
745
741
742
739
742
742
740
740
734
733
735
734
735
730
733
732
726
726
726
723
723
722
723
724
723
722
718
716
716
713
717
711
715
714
713
712
710
710
706
703
706
701
702
702
699
699
696
697
695
696
696
696
693
692
693
688
686
686
687
685
686
682
683
684
682
679
680
677
677
676
672
672
675
669
672
667
668
666
669
665
664
662
665
659
659
660
659
660
659
655
654
653
650
653
649
650
651
647
647
645
642
643
644
641
642
642
639
635
636
635
637
634
631
629
630
629
629
629
624
628
627
624
625
621
620
617
621
615
615
616
617
614
615
612
613
608
608
606
606
605
604
606
601
599
600
597
597
597
597
596
593
592
594
594
592
590
586
586
585
587
585
584
581
584
582
577
576
576
575
578
577
576
575
573
572
569
570
569
566
564
566
566
562
562
559
560
557
558
556
555
555
555
550
550
551
550
550
549
546
543
547
543
543
543
543
540
541
535
536
536
536
536
534
534
531
529
530
529
525
526
524
526
521
522
522
519
516
519
518
518
513
512
510
509
509
509
506
510
504
503
503
501
500
500
498
501
500
499
497
496
492
494
492
489
490
490
490
490
487
485
484
486
485
484
478
479
477
478
476
474
474
476
474
471
473
467
469
467
464
468
465
465
463
460
459
457
460
457
458
457
457
456
453
449
450
447
448
446
448
443
443
445
441
439
438
439
436
436
434
435
437
431
430
430
430
432
426
429
429
428
422
425
420
421
419
421
421
418
415
418
416
415
411
412
411
407
410
409
405
405
404
404
405
402
403
401
398
396
396
397
394
392
395
393
388
392
387
387
389
388
382
386
383
379
380
379
378
377
374
377
372
374
370
372
373
370
369
368
366
368
366
365
362
359
359
357
357
360
355
355
352
353
352
352
349
350
347
346
346
347
343
346
344
343
343
341
338
336
334
333
336
336
335
331
331
328
326
330
329
324
327
324
321
321
323
319
316
315
314
313
312
311
314
313
310
307
310
308
308
304
307
306
303
304
303
302
296
299
297
297
292
294
292
292
292
291
286
290
287
287
283
286
282
279
280
281
279
279
278
275
272
273
271
270
271
269
270
267
269
264
267
264
261
264
258
261
260
256
254
258
256
256
251
249
250
247
251
248
246
243
243
246
241
244
243
237
236
237
239
234
237
234
230
233
232
228
229
230
228
223
222
221
225
224
218
217
219
216
218
213
214
214
211
212
213
209
211
210
208
207
205
201
203
199
200
199
199
195
195
197
192
196
191
189
193
192
187
189
184
184
185
183
181
181
183
178
180
179
179
176
175
173
171
170
169
168
171
168
168
168
165
165
165
161
161
159
158
156
157
155
157
156
150
150
152
150
149
147
148
147
142
141
145
143
139
141
140
135
138
133
136
132
130
134
129
131
129
129
127
124
126
123
120
122
122
121
116
116
115
117
112
116
113
113
111
111
106
107
108
106
107
102
100
102
99
98
99
99
98
93
94
95
94
94
89
88
88
86
86
83
83
85
82
82
78
77
81
79
76
74
76
73
72
71
68
69
67
65
64
66
65
64
60
60
62
57
60
56
59
54
52
52
51
53
51
49
49
48
48
47
47
43
42
41
42
40
40
35
36
38
35
36
33
30
33
32
26
26
24
28
23
23
21
23
21
22
20
20
17
18
14
15
13
10
12
8
7
8
5
6
3
4
2
3
5
8
5
6
8
10
11
13
12
11
13
16
19
19
16
18
21
21
23
22
24
24
29
26
28
29
33
32
30
32
33
35
37
35
38
40
40
44
40
43
42
43
48
45
50
52
49
54
54
54
52
54
55
57
57
60
62
63
60
63
67
66
67
65
68
67
71
71
71
76
75
75
76
76
81
77
81
80
84
84
86
86
86
88
88
89
90
92
95
91
93
94
96
97
100
98
102
99
102
102
102
106
109
105
107
111
108
109
111
115
112
117
119
116
119
118
118
119
120
122
125
123
127
128
130
132
132
132
134
134
136
136
134
140
141
140
138
143
142
146
145
148
147
145
147
150
150
153
154
152
156
156
155
158
156
159
162
163
165
161
165
166
165
168
168
171
170
174
173
176
175
174
175
180
177
177
180
183
185
183
187
186
189
187
186
190
193
191
193
194
195
193
196
197
196
198
200
201
202
202
204
207
205
209
206
210
208
214
211
216
212
214
216
220
217
222
218
220
221
223
224
227
227
228
229
231
229
232
233
236
236
235
236
238
240
239
239
242
245
242
245
245
247
249
249
248
252
250
254
256
256
257
255
258
257
262
259
259
264
264
262
265
267
270
268
269
271
272
275
272
274
278
277
277
276
282
278
283
280
282
284
287
289
286
286
287
291
294
294
296
293
293
299
300
296
299
301
302
300
302
304
304
307
308
306
308
309
313
312
313
317
317
315
317
319
318
322
319
320
322
322
327
325
330
327
330
328
333
333
335
336
337
336
337
339
337
339
341
340
341
344
344
344
348
346
349
350
349
351
356
353
357
356
356
357
359
359
360
361
366
364
367
369
368
369
372
372
370
371
375
374
374
377
375
378
381
382
384
383
383
387
383
388
388
391
391
391
393
392
393
394
394
394
398
397
398
402
402
402
401
406
404
408
406
410
407
413
409
411
414
412
414
414
420
417
421
422
419
425
425
422
423
428
427
429
429
428
432
433
432
436
435
435
437
439
437
442
444
445
443
445
446
447
448
447
447
451
452
455
454
457
457
459
459
460
462
461
460
465
462
467
464
464
466
467
469
470
473
475
471
476
474
477
475
476
479
478
480
484
481
484
488
486
488
490
489
488
492
490
495
493
493
497
495
497
499
503
499
500
506
506
507
507
508
506
508
511
510
511
513
513
514
517
515
520
520
521
524
520
524
523
527
524
527
526
531
529
530
530
535
532
534
538
539
538
540
543
543
542
545
545
547
547
545
548
548
550
550
555
551
557
557
558
557
561
557
561
563
560
564
562
563
566
566
566
570
572
572
575
574
577
577
576
576
576
579
580
579
584
582
583
585
587
589
588
588
593
591
592
595
597
593
597
596
601
600
598
600
600
604
605
607
607
608
608
609
613
612
610
614
616
613
619
620
618
620
618
619
625
622
623
623
629
628
630
632
629
629
633
634
633
635
635
636
641
641
641
643
645
645
645
648
647
650
649
648
651
654
651
655
652
655
655
657
660
658
659
661
664
665
667
664
669
668
667
670
668
671
675
671
677
677
677
680
678
680
680
682
682
684
686
688
684
687
690
692
688
694
692
694
695
696
699
697
698
698
702
703
700
705
706
703
707
710
706
708
712
714
711
714
713
714
716
717
719
718
721
719
720
725
723
727
727
725
726
727
729
733
735
736
737
733
738
735
739
741
740
744
740
744
744
743
744
745
746
748
750
749
755
755
753
754
758
756
756
761
763
762
762
765
762
768
769
770
771
771
769
769
771
774
777
773
775
776
776
781
782
782
783
781
787
788
786
789
786
790
793
791
795
793
795
795
796
798
796
799
799
804
800
806
806
804
809
808
806
810
813
814
811
814
813
