815
813
813
810
812
810
808
805
807
808
804
801
802
802
803
801
797
796
798
796
797
793
795
791
792
787
787
786
785
783
782
782
785
780
783
777
777
775
775
777
774
776
773
772
768
769
768
769
766
766
763
762
760
761
763
758
758
760
759
755
757
754
752
752
749
747
748
749
745
747
746
741
740
741
738
737
737
735
739
738
737
736
731
730
730
728
728
726
727
723
724
725
721
723
721
721
717
720
715
714
714
711
714
711
708
708
707
707
706
703
705
704
700
700
703
697
698
698
694
696
695
694
691
690
691
690
687
688
689
684
684
682
682
683
679
680
681
680
675
673
676
675
672
674
671
671
669
670
667
667
664
664
665
663
660
662
656
657
654
654
653
652
651
649
648
649
646
649
649
646
646
641
642
641
643
638
641
636
638
633
632
631
632
631
631
631
628
626
624
626
624
622
621
622
623
620
619
616
617
617
614
614
614
614
610
612
606
608
604
605
605
604
601
600
601
602
601
600
595
593
595
595
591
592
589
590
591
589
587
584
583
583
583
579
583
580
577
577
579
573
575
575
571
570
568
567
571
567
566
564
564
564
565
559
558
561
559
560
558
558
553
551
555
550
548
547
550
546
546
548
545
545
545
539
540
540
541
540
534
534
534
532
533
529
530
529
531
529
525
523
523
522
524
519
522
517
521
519
518
517
514
516
515
511
512
508
511
505
506
503
503
501
504
502
498
498
497
495
499
495
496
492
493
489
492
490
489
486
486
484
484
482
483
480
480
480
478
477
477
477
472
472
474
473
472
467
471
465
467
463
463
462
464
462
461
462
459
455
459
458
456
451
453
450
448
448
448
447
446
445
447
442
445
441
439
441
437
437
437
433
436
433
430
430
432
430
430
427
429
423
423
424
423
424
420
420
419
418
415
414
417
411
414
409
408
408
410
410
406
405
403
403
400
403
399
397
400
397
398
396
397
396
395
394
392
389
389
385
388
388
385
386
383
380
382
380
380
379
375
375
372
373
373
371
370
368
367
366
368
364
366
361
363
361
358
362
361
357
354
355
357
356
355
354
350
349
348
345
348
348
346
341
343
344
340
342
338
336
336
333
333
332
334
330
332
331
330
325
325
324
327
322
322
324
323
322
321
317
315
313
315
316
315
309
311
309
306
307
306
305
307
304
302
302
302
298
300
298
297
297
292
293
291
290
291
290
290
287
284
288
284
281
285
283
278
280
277
275
274
274
274
272
274
274
272
271
269
269
267
268
263
262
265
260
263
261
261
258
256
253
254
253
253
250
252
252
250
248
247
248
245
243
245
241
240
239
241
236
235
236
237
231
235
233
232
227
231
225
227
228
224
221
220
221
220
218
219
218
217
216
214
215
215
212
209
209
207
210
205
205
202
205
203
203
198
199
198
195
195
198
193
192
193
190
188
188
187
187
188
183
185
184
181
184
181
178
177
178
174
176
173
174
172
173
170
170
166
167
164
165
164
161
161
163
158
161
160
158
155
157
156
152
153
151
153
152
146
147
149
144
143
145
142
141
138
142
137
137
139
138
134
134
132
129
130
132
131
128
127
126
127
121
123
124
120
119
120
116
119
113
116
113
114
109
110
112
109
110
106
105
105
104
102
103
98
99
96
99
95
96
97
96
90
89
93
92
86
87
84
85
87
86
85
82
79
77
80
77
78
78
76
71
72
72
73
67
68
70
67
65
62
65
63
64
61
61
56
57
54
57
57
53
50
53
52
51
51
50
48
45
45
44
40
39
41
37
36
37
34
35
35
31
34
31
32
30
29
29
27
26
26
21
24
19
18
19
17
16
14
17
16
12
13
11
8
7
6
10
5
3
5
2
3
1
6
8
7
6
11
10
10
13
14
13
17
14
17
19
18
21
20
21
25
26
22
24
25
26
26
28
31
31
32
31
37
38
38
37
36
38
42
44
42
46
45
46
48
46
51
48
51
53
53
51
55
54
55
58
56
57
60
61
60
66
67
63
68
69
67
68
69
71
70
74
74
77
74
78
80
82
83
82
83
85
87
83
86
87
86
88
88
94
90
94
95
95
98
99
98
101
100
99
101
105
103
104
104
109
111
109
110
113
111
111
113
117
119
120
117
119
122
121
122
123
126
126
127
126
128
131
132
129
134
133
135
138
136
137
141
138
141
143
140
144
144
147
145
146
151
148
151
153
155
153
155
154
159
157
156
159
158
163
160
163
165
164
169
166
166
170
173
172
173
174
172
174
176
179
178
179
179
179
184
186
186
184
184
189
190
187
188
191
191
196
197
196
199
197
198
202
203
199
204
201
204
208
209
207
210
208
211
210
215
214
212
213
218
220
221
218
219
224
222
223
225
223
224
225
226
228
232
233
232
236
236
237
234
240
237
241
238
242
241
242
243
243
248
247
251
249
249
251
251
255
257
256
256
258
261
260
260
260
262
263
266
268
267
265
268
270
270
270
270
274
275
273
279
277
278
282
283
283
281
282
283
284
288
290
291
291
292
289
293
292
292
293
296
297
301
300
300
300
300
303
303
307
307
309
310
308
311
314
313
312
317
317
314
318
320
317
323
324
323
324
327
324
324
330
327
328
332
329
331
332
335
333
334
338
337
340
342
341
344
346
345
348
347
350
349
350
351
351
352
354
354
353
354
357
356
360
358
362
365
363
363
365
369
370
369
367
369
373
375
376
372
378
377
379
376
382
380
379
381
382
385
385
387
387
388
388
392
390
391
392
396
395
397
396
398
399
401
402
403
406
403
404
406
410
411
407
410
409
414
413
415
418
417
417
417
420
422
424
422
426
427
423
424
426
426
429
432
429
431
432
437
433
439
437
437
440
440
440
442
442
447
446
449
450
451
450
451
450
454
456
454
458
455
455
459
458
460
460
462
466
463
466
467
466
467
470
472
474
473
475
472
474
478
478
477
480
480
484
483
482
486
486
487
490
486
492
489
491
492
492
496
498
499
498
496
500
503
503
505
504
507
503
505
505
511
512
509
513
511
515
512
515
517
515
521
518
523
523
523
521
523
526
527
529
529
527
532
533
531
532
532
534
536
540
537
538
539
540
542
543
545
547
546
547
549
552
549
552
550
554
552
557
554
555
558
560
562
564
565
566
567
564
567
569
569
568
568
571
575
575
576
578
579
579
579
578
580
581
582
585
582
583
586
587
589
592
592
593
592
593
597
596
597
597
596
598
599
599
603
605
603
605
608
606
607
608
613
610
613
611
615
615
616
618
620
619
622
620
621
622
625
625
626
630
628
632
632
631
634
636
634
637
635
638
641
639
642
641
642
644
647
644
647
649
651
649
650
652
653
653
657
654
658
660
656
659
660
663
665
665
666
668
666
668
666
670
671
672
670
671
676
678
677
676
677
678
679
684
681
683
685
688
687
685
688
688
692
691
690
691
693
694
699
699
698
700
699
700
702
704
707
707
707
706
710
707
713
709
713
711
716
717
714
716
719
717
718
722
720
723
726
726
724
728
728
728
733
733
732
736
736
734
735
737
737
738
741
742
743
745
742
746
744
750
748
748
748
751
754
754
756
756
754
756
760
759
759
759
765
761
767
765
766
768
766
768
769
774
772
771
773
774
777
775
781
779
779
782
781
785
786
788
787
790
786
789
788
791
795
796
797
797
798
796
796
798
799
801
800
804
807
808
806
808
809
811
810
814
813
815
817
