813
813
815
811
812
811
806
806
808
808
803
803
801
801
798
799
797
795
794
794
793
791
793
791
788
791
791
790
784
786
785
782
781
783
783
777
777
778
775
776
775
772
774
772
773
767
767
765
766
767
765
766
760
760
758
760
758
760
756
755
752
753
751
752
748
750
747
750
744
743
747
743
743
744
742
737
738
738
734
737
734
732
735
729
728
732
728
728
728
724
722
724
723
720
719
719
716
718
717
718
717
714
710
709
711
710
708
710
705
707
705
704
702
704
699
698
697
698
697
697
697
692
692
689
693
690
690
687
686
688
683
686
685
680
680
680
680
679
674
674
672
676
674
669
669
672
669
665
666
665
665
661
664
663
663
660
658
658
656
654
653
651
651
649
652
650
651
648
646
643
644
642
645
641
640
639
641
637
638
637
637
635
630
634
628
628
631
629
628
623
622
626
623
622
622
620
617
616
619
615
617
616
614
613
608
607
606
609
608
608
602
604
604
603
598
598
597
595
599
594
596
592
593
589
592
590
590
585
586
586
585
581
585
581
579
582
578
580
574
577
574
576
574
569
569
571
567
569
567
564
567
561
562
563
559
562
557
559
558
556
554
556
553
553
553
550
549
547
549
544
546
546
542
543
542
538
539
535
538
535
537
532
530
532
531
529
526
529
524
523
527
523
522
521
523
519
520
516
514
514
513
513
510
513
508
507
506
507
507
507
506
505
503
499
500
500
499
495
498
496
492
492
490
492
493
488
486
487
486
485
486
484
482
479
481
479
476
479
477
473
472
473
471
474
469
472
471
465
468
464
463
465
460
459
462
462
460
455
458
455
457
456
450
449
448
450
451
447
446
447
444
442
441
439
439
439
440
437
435
435
435
433
435
433
432
430
429
429
425
426
426
421
424
422
421
417
421
415
417
417
416
413
411
414
409
412
410
407
405
406
402
404
400
401
398
399
397
399
399
397
397
394
395
391
392
389
388
386
388
387
382
386
384
380
381
377
381
377
379
376
374
374
373
373
370
367
371
368
366
366
362
364
363
363
359
357
359
359
357
358
355
353
351
353
350
349
348
347
345
343
347
342
344
340
343
340
338
335
336
338
334
336
335
333
331
332
326
327
324
324
323
326
321
321
321
317
316
320
316
313
316
311
314
313
309
311
306
308
304
305
303
301
305
303
301
301
296
297
297
293
292
295
292
289
292
290
287
290
284
283
287
281
281
280
282
282
280
278
278
278
272
271
274
269
269
268
268
269
267
265
266
261
261
263
263
259
260
256
254
257
257
251
253
250
252
248
250
249
245
247
242
245
241
244
243
241
241
237
234
234
233
236
232
231
230
232
229
230
229
225
227
221
221
223
222
217
218
215
218
215
213
215
213
209
208
208
207
207
209
207
207
204
201
202
202
198
198
197
199
194
196
192
193
190
192
188
187
185
186
187
184
183
180
182
182
181
178
176
178
174
173
175
173
172
170
167
166
165
165
163
165
164
160
164
158
159
158
158
154
155
153
155
155
152
153
151
147
150
144
145
146
142
142
141
141
137
137
137
134
135
135
132
135
134
128
131
129
130
129
125
125
126
125
124
121
121
121
118
119
113
115
111
111
113
109
112
110
106
109
105
104
105
100
103
102
98
101
95
99
95
97
95
90
92
90
88
90
90
89
83
83
81
81
83
83
77
77
80
79
74
74
71
70
70
70
68
68
65
68
65
65
66
65
59
63
61
59
56
58
54
56
52
51
49
50
52
46
45
44
48
45
43
41
41
43
40
38
36
35
38
36
36
33
29
31
28
26
25
26
28
27
22
23
21
23
18
18
16
14
18
17
11
12
10
11
11
11
10
5
5
4
5
2
3
2
5
4
8
8
9
9
9
12
15
12
13
18
18
17
17
23
19
21
24
24
25
29
27
29
32
28
29
30
31
32
38
35
39
38
41
41
40
41
42
42
43
46
47
49
48
49
49
54
54
53
53
57
60
61
60
61
59
64
62
67
65
66
65
66
67
71
70
75
76
77
74
76
79
77
79
83
83
80
82
83
83
89
89
87
88
91
90
94
91
96
98
98
96
97
98
103
102
103
101
106
107
105
105
107
111
111
110
110
114
113
113
118
118
119
118
120
119
121
126
125
127
127
125
129
132
130
131
132
132
136
138
135
140
136
138
139
142
145
143
146
145
145
145
150
149
150
150
155
156
153
154
159
155
158
160
162
163
164
162
167
164
169
165
167
171
173
173
170
171
177
174
175
179
177
178
179
180
183
181
184
188
186
190
186
192
192
189
191
196
196
198
196
198
199
201
202
202
205
203
203
206
204
210
208
208
208
211
210
211
213
215
218
218
218
221
223
220
224
221
225
227
224
225
226
228
232
232
233
234
236
237
238
240
237
240
241
240
243
246
247
243
248
246
247
250
251
254
253
255
255
258
257
256
256
259
262
260
265
262
266
263
265
268
266
270
269
271
273
273
272
274
279
275
279
277
279
284
280
286
284
283
286
285
291
287
291
289
294
296
294
293
295
299
300
300
302
302
304
305
302
305
308
307
306
311
312
313
310
313
312
317
315
319
317
318
319
320
320
321
327
326
329
328
327
332
333
332
333
336
337
333
338
338
340
341
341
340
343
343
345
344
349
345
349
352
353
352
350
356
356
355
354
355
358
361
363
362
361
366
366
366
369
368
370
368
373
369
375
376
375
377
374
380
381
377
379
383
382
386
387
386
384
388
389
391
392
389
390
392
396
397
396
395
398
398
400
403
400
402
406
406
408
408
406
410
413
410
414
414
416
414
414
419
419
417
422
424
422
425
426
423
427
428
428
430
430
432
434
436
437
433
434
440
438
441
443
439
440
442
442
448
447
446
448
449
450
451
455
451
455
457
455
460
460
461
460
460
461
464
467
466
466
469
466
468
469
472
474
473
473
476
474
479
477
477
483
480
484
482
483
487
488
490
488
490
490
491
495
496
496
493
498
496
499
502
501
502
502
502
503
505
508
510
509
510
511
511
510
515
514
513
514
520
518
519
523
524
523
522
526
525
524
527
531
532
532
529
534
533
537
533
535
539
538
541
540
542
540
542
546
548
544
545
549
547
553
551
554
555
556
554
556
557
560
562
560
560
560
565
563
564
569
567
567
567
570
573
574
571
574
573
576
580
580
579
578
581
581
585
583
587
586
587
588
591
588
592
590
592
595
598
597
595
600
599
603
600
604
603
607
603
609
606
607
612
608
614
613
613
614
613
616
615
621
617
620
621
622
622
622
626
625
628
629
630
633
631
631
633
632
635
637
635
638
637
639
643
643
646
642
647
649
647
647
652
653
649
655
656
654
658
656
659
659
661
662
659
662
664
667
663
665
665
671
670
669
672
671
674
676
677
675
677
680
678
679
683
682
686
684
683
684
686
687
691
690
693
692
692
693
696
696
697
701
699
700
704
700
704
706
704
707
710
709
707
710
712
712
712
712
715
717
716
716
721
722
721
724
726
724
723
728
730
727
727
730
731
732
732
736
733
737
740
738
742
741
742
745
741
746
746
749
749
750
750
751
753
754
755
757
756
757
759
759
760
760
764
763
762
764
763
769
769
769
772
772
774
774
774
772
773
776
780
781
779
783
784
785
783
785
788
786
790
789
791
790
794
790
795
796
797
797
798
798
797
799
804
801
803
803
808
807
809
809
812
810
812
812
816
813
