815
816
810
810
808
808
807
808
807
808
806
802
803
801
802
802
798
800
798
795
792
795
794
793
791
792
789
787
788
783
786
784
780
784
778
782
779
779
774
774
777
776
772
770
769
767
769
769
769
768
767
764
762
761
760
757
759
757
754
757
752
753
755
754
748
752
751
747
749
745
746
744
743
744
742
741
740
737
736
737
735
735
734
730
731
731
728
727
725
728
723
722
724
724
723
722
718
716
716
714
715
716
711
710
711
710
711
706
708
705
702
703
701
702
698
698
700
699
696
695
697
695
693
691
691
688
686
685
689
683
682
682
683
679
682
682
677
675
674
676
673
674
670
672
673
671
669
666
665
664
662
663
664
661
661
658
658
660
654
657
656
653
653
649
649
651
650
647
648
645
645
645
643
644
643
639
637
640
639
634
636
632
633
631
629
629
626
630
628
627
623
624
622
621
622
619
620
618
615
618
612
611
615
609
613
607
611
607
609
604
606
606
602
599
599
597
599
597
594
595
592
592
595
592
589
589
591
587
585
585
583
583
582
579
583
577
579
577
575
573
574
575
571
571
572
569
571
570
565
568
563
564
561
563
558
560
560
557
556
553
553
556
551
554
550
549
550
548
545
545
547
546
541
539
539
537
538
539
535
535
535
533
534
531
531
532
528
525
524
527
523
523
524
520
522
518
520
515
517
518
515
514
510
513
513
512
507
510
508
503
502
505
503
502
501
497
501
499
495
493
493
493
494
491
488
489
491
487
489
486
486
485
480
483
481
480
478
478
474
478
474
471
474
472
470
469
467
466
466
465
462
464
460
463
458
457
457
459
458
457
456
454
450
452
450
448
448
447
444
448
444
441
444
440
439
438
436
438
439
436
435
433
430
431
432
432
431
427
426
423
423
426
420
423
422
419
420
419
417
416
417
414
414
413
412
409
408
410
409
404
402
405
404
400
403
402
399
400
397
397
396
392
390
393
388
387
390
387
389
384
383
384
383
380
383
377
376
377
377
378
377
375
370
369
369
372
369
369
368
364
366
364
361
363
359
358
359
359
354
353
357
356
355
350
349
348
347
348
348
343
343
342
341
341
340
339
337
338
335
335
332
332
330
330
330
332
330
329
324
326
325
325
322
320
318
319
318
315
319
318
313
313
314
312
310
309
306
309
307
304
306
305
304
299
301
301
296
300
296
297
294
291
294
294
293
289
286
290
288
285
286
284
282
279
280
281
277
276
274
274
277
271
275
274
270
269
270
270
266
267
263
264
261
264
261
260
259
259
255
256
256
252
250
253
248
250
249
246
245
247
243
246
243
240
239
239
237
240
236
235
233
234
233
233
230
227
229
229
226
223
224
221
225
223
223
221
221
216
216
216
213
216
210
212
211
211
207
210
208
206
203
202
203
202
202
201
196
198
195
195
196
192
195
193
189
189
188
186
186
187
182
184
185
183
178
181
181
176
179
173
176
175
171
169
170
167
168
167
169
165
164
166
165
159
163
158
160
159
154
154
153
151
150
150
148
151
146
145
146
146
147
145
142
143
138
139
140
135
134
138
137
133
133
133
128
127
128
125
127
124
126
122
124
122
118
121
121
115
119
113
115
111
112
111
110
109
106
109
108
108
102
105
102
99
100
97
98
99
98
94
94
93
93
92
88
90
91
89
86
87
84
81
82
84
80
78
80
76
75
76
76
73
70
72
68
70
70
69
68
64
62
66
63
59
58
58
56
57
54
57
53
51
55
54
51
47
48
47
48
45
45
42
45
44
38
42
38
35
35
37
35
33
30
34
28
30
28
27
28
27
22
22
20
22
23
17
16
20
14
14
12
16
13
14
12
8
8
10
5
7
6
1
3
5
6
6
4
5
11
10
8
14
14
15
13
16
18
18
18
19
22
23
24
24
22
25
29
26
27
32
32
33
34
31
33
38
39
38
37
42
42
40
43
41
44
48
44
50
51
47
52
50
52
51
57
54
56
60
57
59
59
64
64
66
67
65
66
66
70
70
68
70
75
76
77
75
74
76
78
80
79
84
84
84
85
85
85
85
90
87
90
91
92
95
92
95
96
98
101
98
103
101
105
101
103
105
106
106
109
108
113
111
115
116
112
113
114
118
118
118
119
121
122
122
126
126
126
125
127
128
128
129
132
132
137
133
139
136
136
137
141
140
144
146
143
143
147
147
151
148
150
152
153
156
153
158
156
159
160
157
160
160
163
161
166
164
168
167
166
172
173
172
172
171
176
178
176
179
177
182
183
184
181
183
184
184
184
185
187
191
193
189
190
194
194
195
196
195
201
198
202
199
202
206
206
207
209
207
210
207
209
210
211
214
216
216
217
218
220
218
223
223
224
223
223
226
225
230
228
230
228
230
232
236
232
234
239
239
236
240
241
240
240
246
245
248
246
245
249
248
252
250
253
252
254
256
254
258
261
261
262
260
260
264
264
264
267
267
268
271
268
271
271
274
276
275
277
276
279
281
280
281
283
282
282
284
289
290
290
290
289
289
291
294
297
294
298
297
298
300
301
300
302
304
307
307
308
306
307
307
310
309
315
311
317
314
319
318
319
317
321
322
323
324
325
324
326
326
329
331
328
334
334
333
334
334
334
339
336
341
339
341
341
346
347
343
349
348
348
348
350
349
351
355
354
355
355
357
359
360
362
359
362
361
362
368
366
368
367
369
368
372
370
375
377
377
378
375
378
377
378
382
381
382
385
388
386
388
389
389
391
392
394
394
394
396
399
396
401
400
400
404
403
403
405
404
409
410
406
407
412
414
413
416
413
415
418
417
417
418
420
424
424
423
424
428
426
430
429
431
431
431
435
431
434
436
438
435
440
442
441
439
441
441
442
446
444
446
449
447
452
449
455
451
453
455
454
457
458
457
463
461
465
466
462
467
464
466
468
467
468
472
474
473
472
473
474
477
478
482
483
479
484
484
483
485
484
490
487
488
488
494
495
493
493
494
496
495
498
500
503
500
500
501
504
503
507
507
507
511
513
510
512
513
513
517
518
515
516
520
519
521
525
522
524
524
526
526
531
532
533
533
535
534
536
538
537
535
541
542
540
544
543
546
545
546
545
548
551
547
550
554
550
552
553
555
554
557
560
561
561
562
560
565
565
565
569
570
568
570
571
570
573
573
576
576
579
575
579
581
579
584
583
581
583
587
589
585
586
589
593
593
594
593
594
598
595
600
599
597
601
602
601
602
602
607
607
606
606
607
613
614
613
614
616
616
619
615
619
617
622
620
622
626
622
627
629
630
630
629
628
631
634
633
637
634
635
637
637
638
640
643
640
643
643
646
646
649
651
650
648
651
650
651
655
658
654
657
657
658
659
661
663
662
666
663
669
668
666
670
672
671
672
676
677
676
679
677
676
678
680
684
683
683
683
685
684
685
690
692
693
694
695
696
693
698
697
700
698
700
700
701
705
706
703
703
709
706
709
707
712
709
710
716
713
714
716
719
721
717
718
720
720
726
724
724
728
725
727
727
731
734
733
733
733
738
734
738
737
739
740
742
745
742
747
743
746
745
746
747
749
749
753
753
753
753
757
757
761
762
762
762
760
763
767
763
765
766
769
772
768
770
770
773
775
773
778
780
781
780
781
779
783
783
783
784
788
788
791
788
792
790
795
792
795
796
796
796
798
802
801
801
801
805
806
808
806
809
810
808
809
809
814
814
812
