815
815
811
814
812
812
806
805
807
806
807
802
804
799
802
801
801
799
796
798
796
792
793
791
792
792
789
787
786
785
782
784
782
779
783
777
779
775
776
773
772
774
771
770
769
770
769
769
765
768
764
762
763
761
759
760
760
759
757
754
752
752
755
749
748
748
749
745
747
747
742
744
745
742
741
742
736
738
737
734
733
736
730
731
729
731
728
727
727
728
722
726
721
721
723
721
720
716
719
715
715
712
710
713
713
709
708
706
706
707
702
705
704
701
703
697
700
696
698
694
697
694
691
694
693
692
690
685
685
683
685
683
684
682
680
680
681
675
674
675
677
676
672
669
669
669
667
670
668
667
662
663
664
659
660
658
658
655
655
654
654
653
654
654
649
652
650
650
645
647
644
645
642
643
641
638
638
635
638
636
637
636
632
634
629
627
627
629
626
624
625
622
625
619
618
619
619
620
618
613
613
616
613
614
609
610
611
609
604
607
602
604
603
602
601
598
596
595
599
594
597
596
595
591
590
589
586
585
588
586
584
582
581
579
580
580
576
578
578
576
577
576
575
570
568
571
571
568
564
564
566
563
560
563
563
560
557
557
554
556
553
554
555
553
552
549
546
550
548
547
544
543
543
542
541
538
538
538
536
533
537
531
531
529
529
531
528
527
524
523
526
521
525
520
522
522
520
515
514
516
512
513
510
511
508
508
511
510
507
505
507
505
503
499
500
500
500
497
494
496
496
493
493
493
488
491
486
486
487
487
483
482
481
479
478
480
478
480
479
477
477
473
475
474
469
467
466
465
466
463
466
465
465
460
459
459
459
457
457
455
457
456
450
454
453
448
450
448
445
446
445
441
440
441
442
438
441
438
438
435
435
431
430
433
428
429
431
430
427
425
427
421
424
423
419
420
419
418
415
414
415
412
411
414
409
411
408
408
404
406
404
404
402
400
398
397
397
396
397
395
395
391
393
391
389
388
388
387
386
386
384
383
385
379
382
377
380
380
377
375
377
376
375
370
369
370
369
370
365
363
366
364
361
362
358
362
360
355
356
353
353
353
351
349
353
350
346
347
348
343
347
345
342
342
340
342
338
338
335
336
335
335
332
334
328
328
326
328
329
326
327
326
320
322
322
320
320
318
319
314
313
314
313
309
309
307
310
309
306
303
307
302
303
299
298
299
299
300
296
295
296
291
290
291
292
287
289
286
288
286
286
281
285
282
278
282
279
275
278
277
272
273
271
271
272
269
270
270
267
268
264
261
263
261
263
262
257
257
256
255
256
253
255
252
248
247
251
249
246
247
244
244
240
244
240
239
241
237
237
235
236
231
232
234
229
232
227
225
229
227
223
225
220
223
221
218
219
216
218
215
212
212
215
210
208
211
211
208
206
208
205
202
202
204
201
201
196
197
197
195
194
193
194
193
188
190
191
189
187
184
186
184
182
181
183
182
178
179
174
178
175
173
170
173
171
168
168
165
167
165
167
161
161
159
163
161
157
157
155
156
152
152
151
149
151
149
146
149
149
143
147
144
141
142
142
141
140
137
138
138
137
134
133
132
130
131
130
125
126
128
123
121
121
119
123
117
117
119
116
113
117
112
111
109
111
108
110
106
108
104
105
105
101
103
102
101
100
100
96
97
92
92
91
93
88
90
91
90
85
86
85
83
85
82
82
82
77
80
74
73
74
73
75
74
73
70
67
68
67
67
65
66
63
61
62
59
61
60
54
56
56
55
51
54
49
48
51
46
46
48
43
46
40
39
42
37
37
40
37
36
33
36
33
33
29
31
28
28
29
25
22
26
25
23
18
20
18
17
19
16
16
11
15
10
11
9
7
9
9
7
4
6
5
4
6
5
6
6
6
9
9
10
11
15
14
17
15
18
17
21
19
19
23
26
22
23
27
29
30
29
29
34
30
32
34
36
37
40
37
42
41
41
44
46
45
45
47
50
47
52
52
54
54
53
52
54
54
58
58
61
61
59
60
61
64
65
68
68
66
67
68
70
71
74
72
73
76
80
81
81
79
84
85
81
84
86
86
86
87
92
88
90
95
96
94
97
95
97
101
100
99
101
104
104
102
106
104
105
111
112
113
110
111
111
116
113
117
117
116
118
120
123
120
126
123
124
127
127
129
131
129
131
133
134
133
133
136
140
137
140
140
140
141
141
143
146
145
147
146
152
148
153
154
153
154
153
156
155
160
162
158
164
163
166
163
165
165
167
170
169
169
172
174
176
177
175
175
179
181
182
180
184
182
183
182
183
189
186
187
192
192
193
192
195
192
198
199
198
199
201
203
201
201
204
202
208
204
210
209
212
213
210
215
216
216
217
216
216
217
218
223
220
223
224
223
224
227
225
226
230
230
230
235
231
236
238
239
239
241
237
242
242
244
241
242
244
244
248
246
252
252
252
252
251
254
258
254
257
259
259
258
263
260
266
265
265
269
270
270
268
273
272
273
273
274
274
274
275
278
278
279
281
285
286
287
286
284
289
291
287
290
292
295
294
295
296
296
299
301
297
298
300
305
304
306
308
308
307
309
308
312
313
314
316
315
314
319
318
317
320
323
319
321
322
322
323
328
327
329
329
333
333
334
334
332
337
337
339
336
338
342
339
344
346
343
347
346
345
351
350
349
354
351
351
353
357
358
356
360
357
362
362
360
365
363
365
365
365
368
372
371
373
375
374
373
377
379
377
381
381
379
381
384
386
387
383
385
386
387
387
390
394
391
393
392
396
395
399
398
401
403
399
400
406
404
405
406
408
410
409
410
411
415
414
414
414
418
417
418
420
421
424
424
423
424
427
424
429
430
428
428
430
433
432
433
436
437
438
440
440
440
442
442
445
445
447
448
445
450
452
449
452
453
451
455
458
458
455
461
460
461
464
464
461
463
468
466
465
469
470
469
474
472
472
473
474
478
480
477
479
479
484
482
485
486
484
486
487
491
492
490
490
495
493
494
498
499
498
499
497
502
502
504
503
503
503
504
505
508
507
511
509
513
514
514
517
517
515
519
519
523
524
522
524
526
528
525
529
528
529
533
532
535
536
537
536
539
539
537
539
543
543
543
546
545
548
547
548
547
549
553
552
554
552
552
553
558
558
559
562
560
560
560
564
566
564
564
565
569
567
570
572
574
575
574
578
576
576
579
582
579
579
583
581
584
586
584
586
591
588
592
592
594
593
593
597
597
599
601
597
600
599
601
601
603
607
606
607
606
612
611
612
615
611
615
614
619
616
617
618
621
624
625
625
623
625
624
625
627
628
628
632
631
633
635
637
639
635
639
637
641
641
640
645
644
643
645
649
650
648
651
649
654
653
656
657
657
657
661
659
660
659
661
661
662
663
666
670
667
667
669
671
674
676
677
673
679
679
681
679
679
684
681
685
684
683
686
689
691
691
688
694
690
695
692
695
698
700
700
698
700
701
702
702
707
704
706
708
707
712
710
710
710
716
717
714
719
716
721
722
720
723
720
722
727
723
729
726
730
731
732
729
733
732
737
735
735
736
741
740
739
743
740
742
744
743
744
747
747
751
753
753
752
753
753
756
756
757
758
758
759
760
762
766
766
766
766
766
767
772
773
769
775
772
774
774
775
780
780
778
779
784
780
786
784
787
785
789
791
790
788
790
790
793
793
794
795
799
796
798
803
801
800
802
806
806
807
810
809
811
812
812
815
813
817
