815
812
813
811
811
811
811
807
805
806
807
806
802
800
798
801
796
799
796
793
793
792
795
791
789
791
789
787
784
785
786
781
781
781
782
777
779
778
779
773
774
774
770
770
769
769
767
770
769
768
765
762
764
763
760
758
761
759
759
758
754
752
754
750
748
749
747
748
748
744
743
742
744
739
742
742
741
736
734
736
733
735
730
732
729
732
729
729
727
726
727
726
725
722
719
719
718
718
719
713
716
714
710
709
712
711
711
710
705
707
705
701
705
700
703
702
696
697
696
698
692
691
690
691
693
688
686
686
684
683
685
684
685
681
678
680
678
675
675
678
676
673
674
670
669
668
667
667
668
666
665
663
663
660
663
657
660
656
654
657
652
654
654
653
651
649
651
650
649
643
647
645
640
642
643
642
636
639
638
633
637
634
633
631
633
627
628
626
629
624
627
625
620
624
619
621
620
618
619
616
615
611
611
611
608
610
607
605
606
607
602
606
601
599
603
600
598
595
595
597
595
592
595
592
588
592
587
587
586
586
586
584
585
581
583
582
577
578
579
578
572
572
573
569
568
568
567
565
566
565
565
565
561
560
560
561
557
559
554
557
552
551
555
550
549
550
546
547
546
545
547
543
542
539
540
540
540
537
539
536
532
533
533
534
532
532
530
526
526
526
522
523
522
521
523
519
518
520
519
517
517
512
513
514
510
510
511
509
509
508
507
501
504
501
502
497
501
500
494
493
493
496
495
491
489
492
491
486
484
483
487
486
485
484
478
482
476
479
474
473
474
475
473
469
469
472
466
468
465
466
462
463
464
460
460
461
457
459
456
453
452
451
451
453
449
452
449
447
444
445
444
443
441
442
440
438
441
438
439
438
437
434
431
434
433
432
427
427
426
428
422
423
424
422
420
419
418
417
416
415
412
415
412
413
409
408
407
410
408
408
404
402
400
402
400
401
397
395
396
393
392
392
393
393
393
387
389
388
388
388
385
385
382
382
379
381
379
378
376
376
376
373
370
369
373
368
371
366
365
367
363
361
363
360
358
358
358
360
355
356
356
354
350
352
349
349
346
346
344
348
347
345
341
341
338
339
339
339
339
335
334
333
334
329
329
332
326
329
326
323
325
323
324
323
321
319
319
316
314
317
317
313
311
310
313
308
307
306
304
308
307
304
301
303
303
297
299
300
296
297
297
294
295
292
292
290
287
286
289
283
284
282
282
284
279
278
278
275
277
277
277
274
275
269
270
270
266
270
269
265
263
263
261
261
262
259
260
256
256
255
257
252
250
253
253
250
251
250
244
245
246
245
241
241
239
240
240
238
237
236
232
236
230
229
232
232
231
229
226
228
225
223
221
223
222
221
220
219
219
217
212
213
211
209
209
210
208
206
206
203
204
206
205
199
203
198
201
200
196
194
194
193
195
191
193
189
191
185
187
187
185
184
184
181
179
182
176
176
176
178
177
171
171
173
173
169
168
169
166
163
163
165
164
161
161
158
160
156
154
157
155
155
153
153
150
150
151
145
144
145
147
144
145
139
141
141
139
136
136
134
132
133
132
134
132
129
129
129
124
123
126
124
121
122
121
120
121
115
115
117
112
115
110
109
110
107
107
109
104
103
106
102
104
101
101
99
98
98
99
93
92
93
94
94
93
87
89
88
89
84
86
82
82
84
81
81
77
79
74
77
77
75
71
72
70
71
66
69
66
68
65
66
65
63
59
60
61
56
54
56
57
53
53
51
52
51
49
49
48
46
44
43
40
39
41
40
38
36
37
33
34
31
30
30
29
31
27
30
27
26
27
22
20
22
19
17
21
20
16
17
12
14
12
13
10
9
8
5
6
8
7
6
0
6
2
8
7
8
9
7
13
9
15
14
16
13
17
19
17
19
19
21
20
25
24
28
28
29
29
27
30
31
31
32
34
33
34
38
40
40
38
39
41
45
45
47
45
46
49
47
50
52
55
56
55
57
58
60
56
62
61
60
65
64
63
66
65
69
68
72
71
70
75
72
74
77
78
77
78
78
79
81
85
86
83
87
84
85
88
88
91
91
92
96
95
97
94
98
97
99
99
100
103
103
106
103
108
110
110
107
110
113
112
113
117
115
115
117
118
120
120
121
121
123
126
128
129
128
128
129
128
133
132
132
136
134
136
136
138
137
140
144
141
141
144
148
149
146
151
148
148
150
151
152
153
155
156
157
158
159
159
163
164
165
167
165
169
168
167
169
173
170
170
172
176
177
178
176
177
178
181
179
180
186
183
187
184
185
191
187
190
193
193
194
195
195
197
199
196
202
199
204
200
204
203
208
204
208
206
207
209
210
210
214
216
218
219
217
221
222
219
224
225
226
222
228
229
229
230
228
233
234
233
232
236
233
235
239
237
241
240
242
241
243
246
243
246
245
250
247
252
253
252
255
257
257
259
257
261
262
259
260
260
263
266
266
266
267
266
272
272
273
271
276
277
278
276
279
277
278
281
282
285
283
287
286
287
290
290
292
291
290
292
292
297
297
297
296
299
298
300
301
305
302
302
307
307
307
308
312
311
309
311
312
315
314
317
319
316
321
318
321
324
325
326
327
327
327
329
330
329
329
334
333
333
334
337
340
339
342
338
342
340
345
347
345
348
350
347
352
352
350
352
356
356
353
359
358
359
362
358
363
362
363
365
364
369
365
367
372
372
374
370
373
376
378
374
375
380
380
380
379
384
386
386
387
384
387
390
392
392
391
391
392
393
394
398
400
397
402
399
402
400
401
403
405
409
405
409
412
412
413
412
411
412
417
418
416
419
421
421
424
422
422
425
427
424
430
430
432
430
431
431
431
437
436
436
436
436
439
442
439
443
446
446
447
448
446
447
451
452
454
454
452
454
457
456
457
456
458
459
460
460
465
462
464
466
466
469
469
473
469
470
476
476
477
475
479
477
482
483
483
482
484
485
487
484
487
486
487
490
489
492
491
496
498
498
497
499
498
501
501
502
504
502
504
509
506
506
512
509
511
515
514
512
517
514
517
517
521
519
524
524
523
522
524
524
527
530
528
528
529
535
533
537
538
535
538
538
540
540
541
540
541
545
543
547
548
551
552
549
550
552
556
555
556
559
559
559
559
559
559
564
561
567
568
566
565
567
569
571
571
575
572
577
574
574
575
577
579
582
584
584
582
584
583
588
590
588
589
589
591
594
591
592
593
597
600
600
601
599
600
604
604
604
604
606
606
610
608
610
609
611
613
617
614
618
615
617
617
621
624
624
623
624
623
624
630
629
630
632
630
631
636
632
637
638
637
639
641
640
639
645
645
642
644
649
648
650
652
652
649
650
653
657
653
657
658
658
659
658
661
665
662
662
668
664
668
666
672
673
673
675
672
673
676
678
680
678
679
683
684
682
684
686
687
685
687
689
688
692
693
690
694
697
696
697
695
696
700
702
704
700
705
707
706
706
705
707
709
709
713
714
714
713
713
719
717
720
721
718
721
724
724
722
724
727
728
726
731
730
731
733
734
732
733
734
736
737
738
741
744
740
742
746
743
747
747
750
748
752
753
753
751
757
756
755
758
757
760
763
761
764
763
764
768
765
770
771
771
768
771
773
772
773
778
775
778
778
778
780
779
782
785
783
787
784
790
791
789
788
794
793
793
793
796
796
797
799
801
803
799
801
801
802
803
805
806
811
807
812
813
815
811
816
