816
814
814
813
813
807
811
805
804
808
805
804
804
801
799
799
798
797
795
796
795
792
790
790
788
790
788
788
789
788
787
782
783
783
783
779
781
777
779
774
775
775
772
772
773
768
770
766
766
768
767
766
763
761
763
758
758
760
757
753
757
752
753
754
753
752
751
746
748
746
742
742
744
743
742
738
741
739
738
733
736
736
732
729
732
728
727
728
725
725
727
725
723
722
721
721
717
719
717
717
713
712
710
710
713
708
709
707
706
703
705
702
700
704
700
698
701
698
694
693
697
691
695
694
688
687
691
687
684
685
683
682
683
679
680
679
681
680
675
676
674
676
671
671
670
670
669
669
666
666
663
661
660
662
660
660
658
655
657
655
653
656
651
654
652
648
650
646
644
645
647
641
645
639
642
639
639
640
637
633
637
633
634
634
633
629
630
628
627
625
626
621
622
624
620
620
617
617
616
618
613
614
612
612
612
612
610
609
604
608
602
606
602
604
598
600
598
596
594
595
597
594
592
593
591
590
586
589
587
584
583
583
580
581
578
580
578
575
579
578
575
575
572
569
569
571
568
567
564
564
565
565
560
563
563
558
557
557
556
554
556
555
554
552
551
547
549
547
548
548
543
546
544
544
538
541
537
536
535
535
536
533
534
531
531
530
526
529
524
527
526
523
525
524
518
520
520
515
517
515
513
516
513
512
513
509
506
508
509
505
506
505
505
500
501
499
501
499
496
496
495
494
494
490
488
492
490
490
486
487
482
485
483
484
480
477
481
475
477
473
475
475
474
472
472
469
471
469
469
467
466
462
461
464
461
458
458
460
459
458
456
455
450
450
448
451
450
445
449
448
447
441
445
439
440
441
437
439
438
435
436
432
432
433
428
431
427
429
424
428
422
425
422
420
419
422
416
420
418
414
412
413
415
411
412
409
407
408
409
407
402
406
402
403
401
398
398
396
399
394
395
395
392
393
390
388
388
389
385
385
383
385
380
382
379
380
381
378
377
373
376
375
372
374
372
372
370
365
369
363
362
364
365
363
362
357
359
355
358
354
356
351
352
353
352
347
348
348
346
346
345
342
343
339
343
338
340
336
336
337
335
335
330
331
332
327
328
326
328
323
322
322
325
322
318
318
318
318
318
313
312
313
315
310
308
312
306
308
308
307
303
304
304
301
302
299
299
298
297
297
294
295
292
292
289
291
289
290
289
286
284
281
284
283
283
282
279
279
279
274
274
274
272
273
269
272
269
265
267
268
264
266
260
261
262
259
261
258
255
257
255
255
250
253
253
250
246
246
245
247
245
245
244
241
243
238
236
240
239
237
235
232
231
232
231
229
230
225
228
223
224
225
223
220
223
217
216
215
216
215
214
211
211
209
211
211
206
208
205
205
206
204
201
200
198
197
198
197
195
197
192
196
193
189
189
192
190
189
185
183
186
184
182
179
179
179
177
178
179
176
173
176
171
170
170
172
168
170
167
167
167
165
162
160
159
158
161
159
157
153
157
153
151
149
150
147
151
145
146
147
142
144
141
140
142
140
139
135
138
137
135
134
133
129
133
130
129
130
129
127
122
121
121
120
119
121
120
119
114
118
117
115
114
113
111
110
107
107
104
105
106
105
104
100
100
101
96
95
94
97
93
92
90
93
93
90
89
86
88
85
87
82
84
83
81
79
77
80
74
78
74
74
72
72
73
71
68
66
69
67
67
66
60
61
61
62
59
57
56
53
54
56
52
53
49
50
50
48
45
47
43
41
41
44
43
40
36
37
36
35
32
35
34
30
33
31
27
29
27
24
25
25
23
20
20
21
19
20
15
14
16
11
15
9
8
8
10
6
5
4
4
5
2
1
4
7
9
7
8
11
13
9
11
14
12
15
17
19
19
22
18
23
23
25
23
28
28
28
27
27
32
29
31
32
32
37
34
37
37
41
40
44
42
41
43
43
48
46
46
47
53
50
53
51
53
56
57
58
60
62
62
61
62
61
63
65
67
70
70
72
68
69
72
76
76
78
76
80
78
78
79
84
80
82
87
85
88
86
86
91
89
92
95
92
95
96
96
99
100
97
103
101
100
104
105
108
108
109
106
112
110
114
115
113
112
117
117
120
116
120
118
119
122
124
123
127
126
129
127
129
131
130
135
136
137
133
138
139
138
138
141
141
144
142
146
144
145
150
150
150
150
151
150
151
157
156
159
160
157
162
159
163
164
165
165
165
169
170
168
171
172
169
171
175
173
175
178
180
181
178
183
180
181
181
187
188
186
188
189
192
188
193
193
191
192
197
199
199
200
199
200
201
205
201
207
208
208
210
211
208
208
209
213
214
213
213
215
217
220
219
220
223
222
221
226
227
228
229
231
230
230
233
231
231
236
233
237
235
241
241
238
244
240
242
244
243
247
249
251
250
250
250
255
255
255
256
257
260
258
261
258
264
263
264
266
265
266
267
269
270
271
269
270
272
272
277
278
278
279
279
279
279
282
281
286
283
284
285
291
288
289
289
291
294
297
296
299
297
300
300
300
304
300
304
306
308
304
307
311
309
312
311
311
314
313
313
317
319
319
319
318
320
323
325
326
325
325
327
327
327
328
330
330
332
334
336
337
339
337
339
343
342
341
345
346
347
345
349
347
349
350
351
352
355
357
357
357
357
359
358
360
364
364
361
367
364
366
369
371
368
370
373
375
376
373
377
376
380
378
382
382
381
384
382
384
385
384
385
387
390
389
394
394
394
397
394
395
398
401
401
399
399
403
402
405
406
406
407
410
412
408
411
414
412
415
413
418
416
418
419
422
421
423
425
425
426
426
425
429
429
433
430
434
434
435
438
436
440
438
442
438
439
440
442
444
443
447
448
449
448
449
452
455
452
457
453
457
458
457
458
463
459
462
463
463
464
467
469
467
470
473
470
470
474
473
476
476
475
479
482
482
483
483
483
485
483
489
487
486
488
489
492
491
496
494
494
499
500
497
501
502
499
500
501
503
508
505
507
510
507
509
512
512
513
512
514
516
519
521
522
518
520
521
521
522
528
524
526
531
530
532
531
531
534
532
537
537
539
541
538
539
544
543
543
547
543
549
547
550
547
549
552
553
556
556
555
556
559
556
560
562
564
562
564
562
563
567
568
569
570
569
571
575
573
576
574
575
576
577
579
580
583
585
582
587
587
586
590
589
590
592
593
590
594
596
595
598
596
601
597
598
602
600
604
605
607
605
607
606
610
608
613
610
616
612
617
614
619
619
617
619
622
621
623
625
625
626
628
630
631
632
630
635
633
637
638
636
635
636
637
643
642
642
646
642
644
647
650
651
651
650
652
653
653
656
654
659
659
657
660
658
659
662
662
667
665
667
665
670
672
673
674
672
672
675
677
675
679
677
680
681
680
681
681
684
685
684
685
689
690
689
689
692
694
697
695
694
696
697
699
702
704
704
701
704
703
706
707
706
709
710
713
714
716
715
716
719
715
716
721
723
724
725
721
723
723
724
726
727
731
728
732
735
732
733
736
737
739
737
737
738
743
745
743
743
744
749
746
747
751
752
749
752
752
752
756
756
756
756
758
760
764
764
763
764
768
764
766
767
772
771
769
770
774
773
777
779
777
781
781
779
779
785
786
782
788
784
785
789
789
788
793
791
795
793
795
797
797
798
802
799
803
802
801
805
807
806
807
810
808
808
814
810
811
814
