625
627
623
627
623
623
620
620
621
620
618
615
617
613
615
611
613
611
611
610
609
609
606
607
606
604
604
599
601
596
598
594
598
595
595
591
590
588
592
590
587
585
585
584
585
584
583
578
581
577
580
574
576
576
575
575
571
573
572
570
568
565
565
563
561
561
559
560
560
560
559
554
555
553
551
550
553
551
549
550
545
544
547
543
545
541
540
542
539
539
535
539
535
536
535
531
533
532
532
527
528
529
527
522
521
520
520
520
522
521
518
516
516
514
516
514
513
513
512
506
509
504
507
507
501
504
504
502
500
501
496
495
493
494
492
493
492
492
487
489
485
486
488
482
481
480
484
480
480
477
476
478
477
472
472
470
473
470
472
466
470
465
467
463
466
463
462
461
459
457
460
456
456
457
452
455
450
448
448
447
447
446
443
442
446
445
440
439
441
436
435
437
438
433
433
431
434
433
429
429
427
426
424
425
425
421
422
418
420
417
418
414
416
414
416
413
410
411
407
407
410
404
404
405
405
402
404
399
397
398
397
394
395
394
396
391
389
388
391
386
389
384
383
383
384
381
382
381
380
381
378
374
378
374
371
371
371
368
372
371
369
364
365
367
361
360
364
360
360
357
359
355
355
357
356
353
350
348
348
351
348
348
347
342
344
345
339
342
342
340
340
335
336
337
331
335
333
333
329
326
329
327
327
325
325
324
322
320
321
316
318
315
316
317
311
313
310
311
312
310
305
306
308
305
302
302
303
300
298
297
295
294
296
297
291
294
292
291
289
286
285
284
284
284
281
281
284
281
282
279
280
279
275
272
276
274
272
269
267
268
270
264
265
264
263
265
260
261
257
258
257
254
256
253
253
254
252
249
252
251
250
249
244
243
246
241
240
238
242
236
237
234
238
234
231
233
232
231
231
229
227
226
225
223
222
222
220
220
217
216
218
216
216
216
216
213
213
209
211
209
205
208
208
202
201
202
203
202
201
199
200
197
197
193
194
192
189
189
188
190
188
185
183
182
182
180
179
180
177
178
179
174
173
176
173
170
173
169
170
170
165
167
168
165
161
163
160
159
160
159
155
157
154
152
152
152
150
150
152
147
145
146
148
144
145
145
142
139
142
140
139
139
135
135
132
131
134
130
131
127
128
129
124
127
121
124
124
118
119
119
115
115
115
113
116
115
109
110
111
110
108
109
108
102
101
101
99
99
100
96
97
94
96
94
95
95
89
93
88
86
90
89
88
82
86
80
81
80
80
76
76
79
75
74
73
71
74
68
71
68
67
66
66
66
63
61
59
58
60
56
57
57
54
52
52
51
50
50
47
50
50
48
43
46
45
44
39
40
37
36
38
35
38
32
33
30
30
29
32
31
28
26
26
27
25
24
22
22
22
17
15
18
15
15
15
11
14
11
10
10
9
5
7
2
3
1
6
3
5
7
10
6
9
8
9
10
13
12
18
15
20
18
21
21
23
24
22
24
23
28
30
26
27
30
34
34
35
34
37
39
39
38
37
43
42
41
41
44
46
45
46
50
51
53
50
50
51
53
54
55
55
58
59
60
60
61
64
65
66
64
68
67
68
73
71
74
75
75
77
76
76
78
81
79
81
85
82
85
86
87
90
89
92
91
91
92
96
93
96
99
96
99
101
99
104
100
106
104
105
105
110
107
111
108
113
114
115
113
113
115
118
121
121
122
119
121
122
127
123
127
129
131
127
131
133
132
136
134
135
134
140
139
139
139
144
142
145
144
147
144
147
151
149
149
153
153
153
155
156
159
156
159
157
158
160
161
165
164
163
169
168
171
167
172
174
172
175
174
176
179
180
178
178
181
180
184
182
182
183
188
189
190
187
193
194
192
192
192
198
196
200
196
201
199
201
203
203
203
204
205
206
209
208
210
211
213
215
216
215
214
220
218
218
219
222
223
225
226
227
229
226
229
228
232
234
232
235
236
235
236
240
241
240
238
244
244
242
244
246
245
250
248
252
248
252
253
253
257
254
256
260
259
257
262
259
261
265
266
263
269
269
271
272
268
270
274
272
274
274
276
276
276
279
283
280
284
286
282
288
284
290
290
287
291
292
292
295
293
298
295
297
297
299
303
299
305
303
306
306
309
306
310
307
310
311
310
312
317
313
314
319
316
321
319
320
320
322
326
325
327
326
330
329
328
332
330
331
335
336
337
337
339
338
339
339
343
345
346
345
346
347
348
351
349
351
351
356
354
354
356
355
359
359
359
360
363
362
366
363
364
370
371
372
372
369
373
374
373
377
379
375
380
382
383
382
384
382
383
383
384
387
388
388
393
394
394
394
392
396
398
399
399
400
401
402
401
404
406
405
404
409
409
409
409
409
413
414
417
414
417
417
416
419
418
423
425
426
424
423
429
430
427
428
429
432
435
433
434
437
438
440
439
442
439
444
441
444
443
445
447
447
448
452
453
451
452
456
453
453
454
460
460
461
459
460
461
465
466
466
466
469
471
467
468
471
475
471
472
474
478
475
477
477
481
484
481
486
486
488
486
485
486
491
492
491
494
494
494
493
494
499
497
500
500
501
503
501
505
505
506
509
507
511
511
511
512
512
512
515
516
518
517
522
518
523
522
523
527
523
527
530
528
532
532
533
533
536
532
533
539
535
537
542
538
544
542
542
545
546
545
546
549
552
549
549
555
551
555
557
556
555
556
558
560
559
561
564
567
564
565
568
567
567
572
573
572
573
572
578
576
578
577
577
578
584
581
585
583
583
587
589
588
589
588
594
594
596
592
594
599
597
598
599
600
601
602
603
604
608
605
605
610
608
612
612
613
616
615
614
619
615
617
619
619
621
625
623
626
627
626
