627
629
625
626
621
621
622
622
621
616
617
618
616
613
616
615
610
610
609
608
607
605
607
606
603
603
600
600
599
596
600
597
596
593
596
593
592
588
590
590
587
587
584
586
583
584
579
580
578
579
576
576
576
572
575
574
570
569
568
571
565
564
567
566
566
563
562
563
560
560
556
555
554
557
555
552
554
548
549
551
547
546
543
546
544
543
542
542
539
538
539
538
536
532
533
530
533
528
532
529
527
524
524
525
526
524
521
521
521
521
520
516
517
512
511
512
512
508
512
509
509
509
507
505
506
501
504
498
502
501
499
495
498
492
493
491
489
491
488
489
488
489
488
482
483
482
483
483
481
477
477
474
477
476
473
473
471
473
470
471
467
466
466
465
463
460
461
463
461
460
460
456
458
457
452
451
454
452
448
451
448
447
447
447
446
442
443
438
442
439
437
434
433
433
435
432
429
432
430
430
428
429
428
422
425
421
421
423
417
421
416
417
413
415
411
415
410
411
410
407
408
404
405
406
403
401
404
399
397
399
398
399
393
395
394
392
390
390
392
387
387
384
383
382
386
385
383
378
379
381
376
378
375
373
371
374
374
372
372
367
367
367
366
362
365
361
363
360
359
360
355
356
353
356
352
350
350
348
352
349
348
349
344
345
343
342
344
338
342
338
336
339
336
332
332
333
330
328
330
329
328
325
324
326
323
325
323
318
319
320
317
319
317
313
314
313
313
308
309
309
308
309
308
307
303
301
302
301
300
298
300
299
294
294
291
295
294
291
292
286
287
286
287
285
281
282
279
281
279
280
276
274
273
273
272
271
272
268
270
268
267
267
267
267
264
264
259
261
262
259
257
254
256
256
254
253
250
253
251
249
245
247
247
243
245
242
243
240
239
236
238
239
238
237
234
232
232
233
231
226
225
228
224
224
226
222
220
218
220
218
220
215
217
216
211
210
210
212
207
211
209
204
207
203
202
204
201
198
197
201
195
197
198
194
191
190
190
191
188
191
186
185
188
186
182
183
179
180
178
181
180
175
177
174
171
171
170
173
172
166
168
168
165
167
163
161
163
160
158
160
160
154
153
156
152
150
152
153
150
148
148
148
144
146
142
143
142
141
141
136
139
136
138
137
136
131
129
132
131
127
128
126
123
123
125
123
124
122
119
119
117
117
114
117
113
114
111
109
107
110
110
108
105
106
103
100
101
98
97
100
98
99
93
96
93
91
94
88
91
86
89
86
83
87
81
85
84
78
78
79
79
77
78
73
74
70
71
72
70
67
68
69
67
65
61
61
60
58
59
58
60
56
57
57
56
51
52
48
52
48
48
45
48
42
42
44
39
43
41
41
36
35
37
32
32
30
32
29
28
27
27
25
26
23
26
21
23
21
20
18
19
16
15
12
13
11
13
10
8
6
9
6
6
2
6
3
6
5
8
7
10
6
9
12
13
11
13
15
16
14
15
17
17
22
23
21
22
27
23
24
27
26
31
30
30
33
32
36
33
37
39
36
38
39
42
42
46
42
44
48
47
47
50
53
51
52
55
52
58
59
55
61
57
63
60
60
63
66
65
69
67
71
68
73
72
75
75
75
73
79
78
79
79
83
82
82
81
85
84
87
89
89
92
88
91
90
94
94
97
95
99
98
98
98
100
101
102
105
107
108
107
111
109
113
113
115
112
114
114
117
117
118
121
120
119
122
126
122
128
127
127
127
132
132
132
135
136
135
135
139
140
136
140
138
139
143
146
145
144
146
148
151
149
148
153
155
151
157
154
154
159
156
157
159
164
163
164
167
167
169
170
171
172
169
169
171
171
175
174
177
176
181
178
179
184
183
181
186
185
189
187
186
192
192
191
193
194
197
194
194
198
196
201
198
204
203
201
207
203
207
209
209
212
212
212
215
213
215
214
216
216
219
221
220
219
224
226
225
226
228
225
228
228
232
229
232
231
236
236
237
238
238
239
238
240
242
241
246
244
244
247
246
251
252
254
254
253
252
258
258
259
261
262
259
260
261
266
264
263
264
270
267
271
269
272
272
272
276
277
274
280
281
282
279
282
282
283
284
285
288
289
289
291
291
292
295
294
293
297
295
298
300
297
298
304
300
301
302
307
306
309
310
309
310
312
315
311
312
317
319
320
318
321
319
319
321
323
327
328
325
329
326
327
328
333
335
331
335
333
334
336
336
339
343
339
344
341
347
345
348
348
347
348
349
351
352
354
355
356
356
360
358
359
361
359
362
365
367
366
367
367
371
369
370
369
372
372
376
375
377
380
379
378
382
384
380
385
382
388
387
388
389
392
389
391
391
393
397
396
395
396
401
402
398
401
404
403
406
403
408
409
411
409
413
411
411
416
413
414
415
415
418
419
421
422
424
425
424
426
424
425
430
432
430
431
434
434
433
438
438
440
439
437
439
442
445
445
447
445
449
450
449
452
451
449
454
451
453
456
457
455
457
458
459
459
461
461
464
468
464
465
471
467
470
471
472
473
475
474
479
477
479
482
480
479
483
483
482
484
486
489
491
488
489
491
495
493
496
498
498
498
499
501
499
504
502
504
504
506
507
507
508
512
510
512
511
515
516
513
515
515
519
522
520
521
525
523
523
524
525
529
526
531
530
531
530
532
535
534
538
537
538
537
539
540
545
542
544
545
548
545
548
551
548
554
552
553
556
557
555
560
561
562
560
562
564
565
567
564
569
569
568
571
571
569
574
576
574
577
576
578
577
580
579
583
585
583
584
587
589
589
587
587
592
592
593
592
594
598
598
598
597
599
600
603
605
601
607
608
606
607
606
610
612
611
613
611
614
617
615
617
617
621
619
622
623
622
622
625
627
