626
625
623
626
622
624
621
619
619
617
620
619
615
612
612
611
610
608
609
609
607
608
604
605
601
600
601
598
602
596
598
595
596
594
594
592
594
592
592
590
585
584
583
584
584
582
582
578
582
577
579
577
573
576
572
572
574
573
572
568
565
567
568
562
566
565
563
560
560
557
558
559
557
553
556
550
550
553
549
549
549
546
548
544
546
541
540
543
541
539
539
535
537
535
535
532
529
533
531
527
527
525
523
525
524
525
523
522
518
521
517
517
514
512
514
514
513
510
511
508
509
506
504
505
502
504
503
502
497
500
500
499
498
494
493
493
492
492
491
491
489
488
483
482
483
481
483
481
478
478
480
478
476
473
471
475
473
470
468
468
470
468
465
465
466
461
463
458
458
460
460
455
456
454
455
453
451
451
449
448
448
447
447
442
441
440
443
442
441
440
435
438
437
437
432
431
430
432
432
426
426
426
425
423
424
423
421
420
420
416
420
419
417
413
414
415
410
413
409
407
409
405
408
406
405
401
404
401
401
399
398
397
394
397
391
395
394
392
387
388
387
384
384
387
384
381
383
379
382
381
379
376
376
377
373
373
372
369
372
370
370
364
366
366
366
364
361
363
359
357
356
359
358
352
356
351
352
348
351
349
345
349
344
347
344
341
342
341
338
341
335
336
337
332
335
333
333
331
329
326
329
324
325
324
324
322
324
318
317
316
316
316
317
314
311
311
309
312
308
310
306
304
304
307
302
301
300
303
301
298
295
297
294
292
293
294
289
293
290
288
289
285
288
282
284
282
282
283
282
281
279
279
274
272
273
273
270
268
270
268
269
266
264
265
265
262
263
261
259
256
259
257
256
256
253
252
251
252
248
250
249
247
246
242
246
244
243
239
241
240
235
236
234
237
236
230
232
231
232
226
228
225
224
226
223
220
219
223
217
221
220
216
213
214
216
214
212
209
207
206
205
209
206
206
203
203
203
201
202
201
195
194
197
196
194
194
191
190
188
187
189
185
188
185
181
182
183
181
181
179
179
175
177
174
171
175
172
172
170
168
167
168
166
167
163
161
159
160
161
159
157
154
154
156
153
151
151
153
150
150
146
147
143
144
141
140
142
142
141
139
136
137
134
132
135
133
132
131
128
129
127
129
126
122
122
122
122
119
117
116
119
116
117
115
116
112
111
109
107
106
107
106
106
107
104
102
103
99
100
101
97
95
97
92
91
91
90
89
88
86
85
84
84
87
86
82
84
82
81
76
76
76
76
76
76
72
72
73
67
70
70
67
65
63
66
61
63
62
62
56
58
59
56
54
56
55
52
52
50
49
45
44
47
44
42
43
41
38
40
37
40
34
36
34
36
30
32
31
29
28
25
29
27
23
26
25
19
19
20
19
18
14
16
12
15
14
9
9
11
9
5
8
3
4
2
5
1
2
7
7
8
8
9
11
9
15
12
16
15
16
18
16
19
19
21
22
23
22
27
26
30
28
30
29
34
30
34
35
37
39
35
40
40
38
44
41
42
47
46
48
47
51
49
50
52
53
54
56
57
55
56
61
61
61
62
60
65
62
65
66
65
70
69
69
69
70
72
73
74
74
75
76
79
83
79
85
81
82
88
89
87
88
87
92
94
92
92
96
97
95
98
99
100
100
101
105
102
104
108
109
108
106
107
113
112
112
116
116
113
117
118
121
122
123
124
120
125
127
123
127
129
129
128
132
129
135
135
137
133
138
135
138
139
139
139
142
141
143
144
149
148
151
151
152
153
152
152
153
155
159
158
159
160
162
164
162
162
165
164
165
169
171
171
173
172
170
174
175
177
174
180
181
182
178
184
181
184
184
188
189
186
187
190
188
192
194
196
197
198
198
200
199
202
203
204
201
202
204
208
206
207
210
209
210
209
212
211
216
214
214
216
217
221
218
224
225
226
227
225
229
226
228
232
232
231
231
235
235
234
238
235
239
239
239
241
241
241
242
247
249
247
247
249
248
252
252
253
257
254
259
259
260
262
262
259
262
261
264
268
266
265
266
270
270
271
273
272
277
278
276
280
276
279
281
282
281
281
283
284
285
289
290
289
292
294
292
295
293
294
295
298
298
299
301
300
302
306
303
308
306
305
309
308
308
309
312
313
312
317
318
315
318
319
319
321
322
325
324
324
325
327
331
331
330
333
332
336
335
336
338
338
338
338
342
341
341
344
346
343
346
346
346
351
348
352
351
352
357
358
354
358
361
361
361
362
360
363
365
365
364
370
367
371
372
369
375
375
377
378
377
379
381
379
380
381
381
386
385
384
388
389
390
389
393
391
392
393
395
394
397
397
401
398
398
401
401
405
402
406
407
406
407
411
408
411
412
414
416
416
417
418
418
417
418
423
423
426
423
424
427
428
430
432
429
431
433
431
432
433
439
436
436
437
443
444
445
442
446
444
446
449
450
452
448
453
454
455
455
456
457
456
457
461
460
461
462
463
467
463
469
466
468
472
472
472
471
475
473
476
477
475
480
479
479
481
480
485
487
486
487
487
490
490
489
493
495
495
494
498
499
499
498
497
503
502
505
505
507
504
504
508
507
509
510
511
511
515
517
513
518
516
519
518
520
519
524
522
523
527
528
528
526
528
531
533
531
535
534
533
535
540
541
538
540
542
545
542
544
545
549
549
551
549
551
553
553
556
555
558
554
555
556
559
561
563
560
563
567
563
568
565
566
567
572
571
570
571
577
574
574
576
579
579
581
579
584
582
583
587
585
587
591
588
589
590
595
594
596
597
594
599
600
600
602
600
603
604
605
603
605
605
611
610
611
610
611
611
617
615
616
616
619
620
623
621
625
623
627
628
626
