628
629
625
626
626
620
623
621
620
616
619
615
618
613
611
612
613
609
611
608
605
608
603
607
602
600
604
600
600
599
598
596
597
595
594
593
590
593
592
590
585
588
586
586
584
580
584
580
581
581
577
579
574
572
574
570
572
572
571
568
565
567
565
563
566
563
563
558
559
557
557
558
555
555
551
555
549
552
550
551
546
547
546
545
544
540
541
540
538
541
538
534
538
532
534
535
533
529
527
528
529
527
525
523
523
521
522
522
520
521
515
516
518
514
515
515
513
513
509
507
506
508
503
502
503
501
499
498
500
497
496
497
498
496
491
492
492
489
491
487
490
488
488
483
483
482
481
482
479
479
477
474
475
473
471
472
470
468
470
466
466
469
467
467
463
461
459
462
461
457
457
459
455
456
456
452
451
448
449
446
450
444
444
447
441
443
444
441
441
440
435
436
437
435
432
434
433
431
431
430
425
429
426
427
425
421
421
418
422
420
420
415
416
413
413
410
409
408
411
410
409
407
405
404
405
400
404
400
398
397
398
395
397
395
396
391
392
390
387
387
387
389
385
385
386
385
380
378
380
376
375
379
373
373
373
372
373
370
369
370
366
369
364
364
363
365
364
362
361
361
356
356
358
357
351
355
352
351
350
351
345
348
347
343
341
345
341
338
342
341
335
334
335
336
334
335
330
328
331
326
328
328
324
323
324
320
324
322
322
320
319
316
317
315
314
310
313
313
309
311
308
309
307
305
303
300
299
298
299
296
297
294
296
293
294
293
290
290
290
287
285
285
285
285
284
280
284
282
278
279
276
278
276
277
275
272
274
272
270
267
265
268
268
263
261
261
260
258
260
260
255
258
255
256
251
253
254
253
247
247
245
247
245
243
245
241
242
240
241
240
240
238
237
235
232
233
232
229
227
231
225
224
225
227
225
224
222
223
217
219
220
219
215
217
214
215
211
213
208
211
206
206
204
203
205
201
201
199
197
200
196
194
194
197
195
193
191
189
191
190
185
189
188
187
186
184
180
180
177
180
179
175
177
174
172
175
170
171
167
168
165
166
168
164
162
165
159
158
160
156
156
155
156
156
153
155
153
150
150
146
149
149
145
142
146
142
142
143
142
141
135
139
134
132
136
134
131
133
130
129
125
124
126
123
122
120
120
119
118
118
118
114
118
116
111
115
112
109
110
111
109
109
107
105
102
102
103
103
101
98
95
98
97
97
93
95
89
91
89
90
90
84
87
84
82
85
82
78
81
79
78
79
77
76
73
74
70
73
68
68
65
69
64
65
64
60
62
60
60
58
59
54
58
53
55
50
52
48
49
47
45
48
45
42
46
41
43
41
40
37
35
39
37
35
35
30
29
33
32
27
27
24
28
23
25
25
20
19
19
17
18
18
17
12
16
11
13
10
10
9
6
4
3
3
2
1
2
2
3
6
7
8
12
9
9
12
15
14
16
15
19
17
17
18
22
20
23
25
24
25
26
28
27
29
34
32
32
35
35
36
38
41
41
39
41
44
42
46
47
47
49
46
48
50
54
55
55
54
54
54
59
56
61
61
62
65
65
64
65
64
65
66
71
71
71
71
73
75
75
79
80
79
82
83
81
81
86
86
83
86
90
90
87
88
94
92
91
93
94
95
96
100
101
103
101
105
105
102
106
108
108
108
108
108
112
110
114
113
118
116
115
119
120
123
119
122
121
123
128
129
130
130
130
132
129
135
132
133
134
137
136
141
141
139
141
145
144
142
148
148
149
146
150
153
153
150
153
156
155
156
158
160
157
160
161
162
166
166
164
165
165
168
169
170
170
171
173
177
177
178
179
180
180
182
183
185
184
185
185
185
188
188
188
193
193
193
195
192
198
198
195
196
198
198
203
205
206
205
207
204
209
207
208
211
211
210
212
214
216
217
216
221
218
220
221
223
225
227
227
224
228
228
229
232
229
234
232
237
236
235
237
240
239
238
244
243
241
245
248
246
246
251
250
253
251
255
255
253
258
258
259
259
261
261
260
260
261
264
268
264
265
269
272
269
274
272
272
276
274
275
280
281
280
283
281
284
283
282
286
287
287
288
292
289
289
292
292
297
295
298
297
301
297
299
300
300
306
306
307
309
310
311
311
308
312
314
313
315
314
314
317
318
320
322
320
322
325
327
324
326
327
329
328
332
331
334
332
334
337
335
340
339
337
338
339
345
345
344
345
346
345
348
347
352
349
351
356
352
353
359
358
356
361
362
363
364
362
364
367
369
370
366
369
371
374
373
374
373
375
379
379
377
381
378
379
384
386
384
388
387
389
389
388
392
391
390
391
396
394
396
398
401
399
399
403
400
401
404
406
409
410
408
407
410
409
411
416
413
418
415
420
416
417
420
423
422
424
427
427
424
429
428
430
431
429
431
431
434
437
438
438
441
439
443
440
440
442
443
444
447
450
446
447
448
451
454
453
453
458
456
460
458
457
458
460
460
464
465
466
464
467
469
471
469
472
470
472
475
477
476
480
476
478
483
480
485
485
483
488
489
490
486
487
489
489
495
491
494
498
496
500
497
500
500
504
503
501
505
505
506
507
509
510
513
511
515
512
513
513
515
517
520
520
520
523
524
523
527
526
528
530
529
529
533
534
530
536
532
536
539
538
538
542
539
544
545
546
547
545
544
546
546
552
552
551
553
555
556
557
556
560
559
562
563
559
563
563
565
568
569
568
569
569
571
571
573
574
576
573
574
580
580
581
582
582
585
583
587
587
589
587
589
591
590
593
591
595
593
595
597
599
599
598
601
599
600
601
606
604
606
607
610
607
609
614
615
613
615
615
614
620
618
618
619
620
620
622
622
628
629
