629
629
625
625
622
622
620
621
618
621
619
615
614
616
615
615
614
608
612
611
607
607
605
604
601
600
599
598
600
600
596
596
597
595
593
593
593
590
592
590
587
586
586
585
583
581
579
583
579
577
577
577
578
577
575
573
573
569
572
566
566
567
567
566
562
561
564
560
562
557
555
559
556
557
556
553
554
549
548
547
547
545
547
547
542
542
539
539
542
539
540
537
533
535
536
534
532
530
528
528
530
526
525
525
521
525
520
522
518
518
518
519
513
513
515
513
512
512
510
508
508
507
508
506
503
505
499
503
498
500
497
499
496
495
495
494
493
488
491
486
490
488
487
482
482
480
482
479
481
477
476
477
474
475
472
472
469
471
467
467
467
469
464
466
461
465
463
460
457
457
460
456
455
452
455
450
454
448
451
447
446
444
443
444
444
444
444
440
441
437
435
435
437
434
435
435
431
433
428
430
426
428
428
424
422
425
424
419
419
421
415
414
414
413
411
411
412
410
411
409
406
407
406
404
405
400
403
399
398
401
400
394
394
393
392
395
390
388
390
390
385
385
388
387
386
381
381
379
378
381
376
377
377
377
376
375
369
372
370
368
366
366
368
366
362
364
359
362
361
361
359
357
357
356
353
353
350
351
349
346
345
347
347
343
346
342
340
338
337
337
336
338
335
336
333
333
331
330
327
331
329
326
326
325
321
325
319
322
317
318
316
319
316
315
315
310
312
310
308
306
309
308
306
302
303
300
302
301
298
297
298
298
295
293
291
291
294
290
291
291
289
288
288
282
282
284
281
283
279
280
279
277
274
275
275
273
270
272
271
267
269
264
264
267
263
261
264
261
261
257
255
258
257
253
255
251
251
251
252
251
245
247
243
245
246
244
240
239
242
239
238
236
238
233
233
233
234
231
228
228
226
227
225
223
226
223
220
221
220
220
220
219
216
212
216
210
214
211
210
206
209
209
203
205
201
201
202
199
201
201
197
195
195
196
193
191
192
188
189
187
187
185
183
187
181
182
179
181
179
176
178
176
176
177
171
174
170
169
170
169
166
164
164
162
163
160
164
163
160
158
159
154
155
156
156
150
152
151
149
151
146
148
147
146
146
144
139
138
140
140
140
138
136
132
135
131
131
129
130
126
130
125
128
127
121
125
120
119
121
121
117
118
114
114
115
111
114
109
108
107
108
106
106
103
105
101
99
102
100
98
100
96
94
92
95
94
90
90
89
89
90
87
88
86
84
85
81
82
77
78
79
75
77
74
71
74
73
68
69
69
68
64
66
65
61
65
60
61
60
60
58
54
54
53
53
54
51
48
50
48
45
45
45
46
46
45
44
38
39
39
40
39
37
37
31
31
30
32
32
26
25
24
23
27
23
25
23
20
19
17
18
17
16
13
12
14
14
9
7
6
8
5
4
5
4
1
5
2
3
8
9
7
9
12
10
14
12
15
17
17
16
18
20
19
19
24
22
22
23
29
26
26
32
31
31
31
34
32
35
36
38
40
42
43
41
40
41
43
46
44
47
51
51
49
52
54
51
55
53
55
55
59
58
58
63
60
66
64
63
66
68
71
72
73
71
74
71
76
75
76
80
81
78
78
83
83
83
84
83
88
86
87
90
91
89
90
93
96
93
97
95
97
98
103
103
103
106
102
108
104
109
109
109
112
113
113
115
116
118
116
115
120
121
120
123
121
122
126
123
127
130
129
128
130
132
132
131
137
134
137
135
138
141
143
139
142
146
145
147
144
148
146
147
148
150
153
154
152
155
159
160
161
162
163
159
163
165
166
163
169
169
166
171
170
170
172
171
172
174
176
175
179
178
183
181
184
181
183
187
185
189
186
188
193
191
195
193
197
194
196
197
200
199
202
204
205
206
207
207
209
209
207
210
210
211
211
212
214
216
218
216
218
219
220
219
223
222
223
225
226
229
229
228
231
232
233
233
237
237
237
240
237
242
238
244
244
241
242
245
247
248
247
247
248
250
255
254
256
258
259
260
257
261
263
259
261
261
265
265
268
267
267
271
272
272
271
274
275
278
276
280
279
279
282
284
284
285
286
286
286
290
286
291
290
292
294
292
294
293
295
296
301
299
299
299
303
301
303
308
307
305
308
311
311
310
312
312
315
315
317
317
316
317
322
321
325
326
325
325
325
328
330
330
332
329
334
331
335
334
338
335
337
340
338
342
344
346
342
343
348
345
350
349
350
351
351
354
354
357
357
357
359
357
363
364
362
365
367
363
366
370
370
371
369
369
375
371
374
378
376
378
378
377
381
382
384
383
386
383
385
388
389
389
388
393
390
391
396
398
395
399
401
400
403
401
401
406
407
408
409
408
410
407
409
411
410
411
413
416
418
418
419
420
419
422
424
422
427
425
428
427
431
428
430
434
431
433
437
434
439
435
439
442
442
443
443
444
447
445
445
445
446
447
450
450
454
455
452
458
455
455
456
459
462
462
462
465
466
466
465
469
468
467
468
471
475
472
472
475
474
475
479
481
480
482
481
481
486
487
486
490
486
487
492
494
491
496
497
494
499
500
498
497
499
499
502
506
507
505
505
507
509
510
510
509
515
512
515
517
519
515
517
522
519
520
525
524
525
527
528
525
528
532
530
532
531
536
535
535
534
536
539
540
539
544
540
546
544
547
549
546
551
551
548
554
550
552
553
553
559
558
558
561
560
563
563
561
565
565
565
568
568
567
570
574
571
572
577
578
578
580
578
578
581
583
582
584
582
583
584
588
587
588
593
594
590
593
595
598
599
599
597
602
603
604
603
603
607
608
608
609
608
610
610
609
612
616
614
618
615
618
616
619
623
623
623
622
623
628
626
