627
629
623
625
624
625
622
622
618
619
615
614
615
616
616
613
613
611
609
607
610
609
608
604
602
605
602
602
602
599
597
598
593
593
592
591
594
590
587
586
585
589
584
582
584
580
584
578
581
579
576
575
575
575
575
570
572
571
570
567
569
565
564
562
564
563
559
558
558
560
558
554
554
554
556
553
550
549
550
546
548
547
548
542
542
543
543
540
538
540
540
537
535
537
532
533
529
530
530
529
526
524
524
524
525
524
520
519
518
517
520
515
517
513
513
512
514
512
512
511
508
504
505
506
503
505
500
498
500
496
498
497
496
493
491
494
492
491
491
491
489
486
485
483
486
480
482
479
479
480
479
476
475
473
474
470
473
473
469
469
470
466
465
462
466
462
459
461
462
461
456
455
457
457
455
455
451
449
448
448
446
447
446
447
444
444
444
441
441
436
435
435
437
435
435
432
430
433
431
429
428
424
428
427
425
423
420
419
422
416
420
416
415
413
412
413
410
409
408
408
410
404
407
404
404
402
399
402
399
397
396
399
397
397
393
393
392
389
392
388
389
387
384
385
386
384
380
383
377
381
379
379
378
372
374
372
373
373
372
368
367
369
364
364
366
361
362
358
360
356
356
357
357
354
351
352
349
352
350
351
347
346
343
346
343
340
344
338
342
341
340
337
334
334
332
331
329
330
331
326
328
329
324
327
326
321
324
319
318
317
315
315
316
314
314
312
310
312
310
311
309
306
303
303
304
301
302
298
302
299
299
296
295
296
293
292
292
292
291
290
287
288
284
287
282
280
280
279
282
279
276
275
278
277
276
274
271
271
272
269
265
267
263
262
261
262
262
263
262
261
258
257
253
253
251
253
251
251
251
250
250
248
246
242
242
241
241
239
240
238
238
235
238
237
233
232
230
230
229
226
228
228
228
226
221
225
223
222
220
220
217
218
217
212
212
210
212
212
209
208
207
209
205
206
203
201
200
199
201
197
196
197
198
193
193
190
189
191
188
188
186
184
184
182
184
180
184
182
180
177
176
175
175
174
172
171
170
168
172
171
167
166
168
163
165
160
162
161
157
161
156
159
153
155
153
155
154
151
149
151
150
144
143
145
146
143
140
141
140
140
138
137
135
132
134
135
129
131
131
131
130
127
124
126
124
120
122
121
120
120
115
118
116
113
115
113
110
110
110
106
108
104
107
103
102
103
104
102
99
96
96
97
97
94
91
92
93
89
91
91
87
88
85
86
85
83
79
79
81
77
75
79
75
74
74
74
73
72
72
68
67
66
63
64
63
61
63
59
58
56
60
57
57
56
51
55
51
51
52
47
47
49
44
45
44
40
44
40
42
40
36
35
36
32
35
33
32
31
31
31
28
27
23
25
21
24
21
21
18
16
16
16
17
16
15
13
11
10
9
11
5
6
3
6
4
4
1
3
7
4
8
7
10
10
9
13
12
15
18
14
20
16
19
21
20
20
26
26
24
29
30
31
29
30
33
30
31
37
35
35
35
36
42
40
41
44
46
45
48
44
48
46
48
49
53
51
56
52
53
57
58
60
58
58
63
63
63
64
67
69
70
70
69
69
73
74
76
74
78
74
80
76
81
83
84
83
83
86
88
87
85
86
91
93
91
93
95
97
98
94
99
100
101
101
100
104
106
102
108
107
105
110
111
112
109
111
116
115
116
117
117
118
122
121
122
123
125
122
128
129
127
130
127
133
132
135
133
136
136
137
136
141
139
139
142
141
142
146
145
146
149
148
152
153
153
155
156
155
156
157
160
159
160
159
162
162
164
166
166
166
167
168
170
173
173
171
174
177
175
174
176
176
181
181
179
180
184
187
188
185
190
186
187
191
190
191
196
194
195
196
199
199
200
201
203
205
204
206
203
209
207
207
211
212
214
214
211
213
217
219
219
217
221
219
221
225
222
222
227
224
228
231
227
231
230
231
233
237
236
239
238
237
238
239
241
241
246
245
245
247
245
247
247
252
250
252
253
257
256
258
260
259
257
262
262
261
265
266
263
266
270
266
269
270
273
270
276
274
274
274
279
278
281
283
284
283
283
285
287
288
289
286
288
293
292
292
293
292
298
295
298
298
297
298
304
304
303
302
307
304
307
309
309
310
311
311
313
316
317
314
315
317
319
323
324
322
325
324
325
326
328
330
330
333
330
334
331
337
333
338
335
340
337
343
340
344
346
342
347
349
350
349
348
349
352
352
356
354
353
359
358
358
362
358
361
364
366
364
367
369
370
368
369
369
372
373
372
375
377
377
376
377
380
378
380
384
382
386
384
389
385
391
392
389
390
390
395
394
393
394
395
399
397
401
402
401
402
405
408
407
409
408
408
409
412
412
415
416
418
417
420
419
422
423
420
424
425
422
427
427
428
429
428
430
430
432
431
432
437
434
438
437
437
441
441
442
445
447
443
447
450
449
447
451
453
452
456
457
457
455
456
458
461
462
461
463
465
464
465
465
467
471
467
473
473
472
476
474
478
477
477
481
480
480
479
484
481
483
486
488
485
489
490
492
494
494
492
495
495
494
497
500
502
500
500
501
501
505
503
505
507
510
508
511
511
510
513
517
514
515
517
518
522
518
521
523
526
523
528
524
528
531
527
529
534
534
532
536
536
539
539
538
537
541
543
544
544
542
547
548
546
551
548
548
549
550
554
555
554
555
555
561
561
559
560
561
566
563
567
568
565
568
570
573
573
572
575
572
573
576
576
576
578
580
582
583
586
585
583
586
586
587
590
592
590
593
593
592
594
596
598
599
599
603
604
604
602
602
608
606
607
607
610
613
614
611
616
615
613
616
620
617
618
620
621
621
625
626
628
628
