625
626
626
627
626
621
619
618
621
620
618
618
614
612
611
613
612
612
612
610
610
608
607
603
604
603
603
601
601
601
597
596
593
592
594
593
589
591
588
591
585
589
587
582
583
585
583
580
579
578
579
577
574
573
572
575
574
569
570
568
566
566
566
564
565
563
559
559
562
557
559
558
553
556
554
550
550
548
549
549
546
547
545
547
541
542
539
542
542
539
539
534
536
533
533
533
533
529
529
530
529
529
528
526
526
522
519
521
517
517
520
516
516
516
513
514
512
511
512
508
506
504
507
504
502
505
502
498
498
497
499
496
493
496
494
490
494
490
492
488
485
488
483
486
484
485
483
479
477
478
475
476
477
474
471
475
472
469
470
470
465
468
467
463
463
462
462
458
461
459
458
455
457
456
455
450
450
450
449
446
448
444
445
443
443
442
443
439
442
438
437
435
437
436
431
434
430
430
432
429
426
424
427
425
425
421
423
422
421
419
419
418
416
416
416
415
409
411
411
409
405
405
405
405
402
401
401
399
402
397
399
396
396
396
396
390
392
391
388
390
387
387
388
384
382
382
384
378
382
376
375
374
376
375
371
374
369
373
370
369
366
366
366
362
361
360
360
358
362
356
360
357
356
357
353
353
352
350
352
348
350
349
343
345
341
345
342
340
342
339
335
334
333
334
334
334
333
333
331
326
328
324
328
324
323
325
323
318
320
317
316
319
316
317
316
313
310
309
307
306
310
304
306
306
306
302
303
303
298
298
300
297
297
294
294
292
294
288
291
286
285
285
283
284
282
285
283
282
277
281
276
278
277
276
276
270
272
273
272
267
268
265
266
264
262
260
264
260
260
258
255
256
255
255
254
252
249
250
247
249
250
244
243
246
246
245
239
243
238
240
237
238
234
235
236
233
232
228
231
229
227
227
228
225
223
225
224
222
221
220
220
214
214
214
216
211
213
208
207
208
208
206
203
205
204
205
201
202
199
201
200
197
194
194
193
194
189
193
189
188
187
186
187
187
182
180
184
183
178
179
180
176
174
176
173
170
170
171
169
171
166
166
165
163
162
164
164
159
159
156
158
155
154
157
154
154
153
151
148
148
145
146
143
144
146
142
139
138
137
136
139
136
134
136
133
130
129
130
127
128
128
125
125
127
121
125
124
122
121
116
119
117
115
114
113
114
112
109
111
106
107
107
106
107
106
104
104
102
97
101
100
97
93
94
94
95
94
91
91
91
90
88
86
87
82
82
82
78
81
76
76
79
78
72
76
71
73
68
70
69
68
69
66
64
61
60
61
63
59
61
56
59
57
55
53
50
52
51
49
48
45
44
43
42
45
43
40
38
38
41
38
37
38
36
32
35
29
33
31
29
30
27
27
27
22
23
24
22
18
20
16
19
13
15
13
10
13
11
11
11
7
4
8
3
4
1
4
2
4
9
5
11
8
11
11
10
13
14
14
17
15
16
20
23
20
22
21
24
26
29
28
29
32
31
34
33
36
34
36
37
36
38
38
39
42
40
45
45
45
46
50
46
47
49
53
55
55
56
57
55
57
59
59
63
64
62
63
64
63
64
68
70
71
73
73
72
72
74
73
77
79
79
82
82
80
82
83
87
86
86
85
88
87
92
90
93
93
97
96
99
100
97
99
100
103
100
101
106
103
104
109
108
108
113
110
113
116
114
116
119
120
119
121
122
120
121
121
125
125
129
126
127
127
128
129
130
135
132
138
136
136
137
140
139
141
145
141
142
145
146
148
149
150
149
154
155
154
154
157
154
157
156
158
162
161
162
163
163
168
164
165
171
170
169
174
170
176
174
174
174
176
178
179
180
184
183
186
184
185
188
187
187
190
192
190
193
192
197
197
199
196
196
200
199
203
201
206
204
205
205
206
211
207
212
214
210
211
217
217
217
220
220
219
221
224
224
224
224
228
228
227
230
229
232
230
231
233
233
234
234
238
241
240
243
244
241
246
245
246
249
250
246
251
248
250
255
252
255
254
259
257
261
258
262
264
263
264
267
265
265
269
266
272
273
272
270
275
276
278
279
279
279
281
280
280
285
285
284
287
286
288
288
290
290
291
295
291
294
295
296
297
300
301
298
302
302
302
302
304
307
309
311
308
311
311
310
311
316
318
319
317
318
317
320
321
321
325
324
325
329
327
329
331
328
333
333
335
335
333
339
336
340
337
340
342
344
346
342
345
345
349
350
351
349
353
350
351
356
355
355
360
357
359
363
364
360
366
367
366
368
365
370
372
370
371
375
374
372
377
377
376
378
379
383
380
381
383
387
388
388
385
391
392
388
392
393
394
395
396
399
395
398
400
402
401
401
401
405
403
408
405
411
407
408
410
411
416
413
418
419
419
420
420
421
423
424
423
427
425
426
425
428
431
433
429
435
432
433
433
435
436
437
437
443
443
443
446
447
443
449
450
450
449
448
450
452
453
453
455
457
460
460
462
460
461
460
463
463
466
464
467
470
468
469
469
473
476
473
473
474
478
481
477
483
480
481
483
487
486
489
488
489
487
488
493
490
492
496
493
499
499
500
498
502
503
500
503
507
505
505
507
506
507
508
511
513
513
514
516
515
519
521
521
521
524
524
522
523
527
529
529
527
531
532
531
535
531
534
534
534
536
539
542
542
539
545
543
545
548
548
548
550
549
553
549
552
554
557
558
559
557
558
561
558
561
560
561
566
563
565
566
567
567
570
571
574
575
574
576
579
575
579
579
579
582
583
585
583
586
585
585
591
591
590
591
590
596
592
597
595
600
598
599
601
602
600
604
605
608
609
606
611
609
610
613
614
615
616
614
616
618
617
619
620
620
625
622
624
625
629
