629
628
623
625
622
623
623
620
622
616
615
615
615
616
614
612
612
612
612
607
606
607
606
605
601
603
602
601
602
597
598
597
598
594
591
592
594
590
591
590
585
588
587
584
581
581
583
579
582
579
580
576
577
575
573
572
572
568
571
567
565
564
568
565
561
561
563
559
562
559
556
555
553
553
551
553
553
548
548
548
548
548
545
545
543
541
540
543
541
536
540
539
535
535
534
533
529
528
531
527
526
526
527
523
525
521
520
520
522
517
515
514
517
515
512
515
509
508
507
511
507
506
503
504
504
505
502
500
501
501
495
495
498
496
496
493
489
490
491
489
486
489
484
485
484
484
483
480
482
480
480
477
476
477
474
472
474
471
468
467
470
468
467
465
464
464
463
458
459
461
458
455
455
457
453
454
451
452
450
449
446
448
444
442
441
444
443
439
441
438
436
439
438
435
434
434
433
433
430
427
427
428
424
425
424
421
423
420
417
416
420
415
416
413
411
414
410
413
409
409
410
404
408
403
402
403
400
399
400
396
395
396
395
395
391
390
390
391
391
386
389
389
383
385
384
383
380
383
381
379
375
379
378
377
376
372
371
373
369
371
367
367
367
363
361
363
360
363
357
356
358
355
354
353
354
352
352
348
349
347
348
345
346
344
342
342
342
338
337
340
340
337
335
336
332
330
330
329
327
331
326
328
326
327
325
320
323
319
319
317
315
319
317
312
315
311
313
308
309
306
306
307
308
304
304
301
302
299
298
297
298
299
293
294
294
291
293
289
289
287
289
284
286
286
283
280
281
278
280
279
276
277
277
276
275
270
272
271
269
269
265
268
268
266
261
264
263
258
257
261
258
257
255
256
251
250
252
253
249
249
245
244
245
245
241
243
241
243
239
240
237
239
234
233
231
233
230
232
227
226
227
225
227
224
226
220
220
221
217
217
216
214
215
217
215
214
214
213
208
209
209
206
207
202
203
200
199
202
201
197
197
194
198
193
195
195
194
188
187
188
185
187
185
186
185
181
182
178
177
176
178
175
176
176
173
174
173
169
169
167
170
169
168
167
165
161
164
159
158
157
160
154
154
152
154
155
151
153
149
147
149
146
144
144
144
142
139
142
141
138
138
138
134
133
133
135
131
130
130
130
126
127
123
125
124
124
121
121
120
118
120
116
116
115
113
110
114
110
111
110
110
107
105
102
104
105
102
99
99
96
98
97
94
95
96
91
90
88
89
86
90
84
84
82
84
80
84
79
79
78
76
77
75
74
75
70
69
72
70
67
68
65
63
63
62
64
63
61
62
59
60
55
58
54
54
53
50
50
50
47
47
46
43
45
41
42
44
43
42
37
35
34
33
36
33
32
33
30
30
27
26
24
28
24
25
20
20
20
20
21
20
19
17
14
15
15
9
12
8
9
9
6
3
4
1
3
6
5
7
4
9
10
10
13
14
14
13
14
18
19
20
19
20
19
22
24
21
27
23
25
26
26
28
28
32
33
31
32
38
37
40
41
41
39
41
40
41
43
43
48
48
46
49
48
49
50
52
55
56
56
59
60
59
59
59
65
62
62
64
68
66
69
67
69
70
71
73
74
73
74
77
76
79
83
81
82
84
82
83
89
90
88
87
88
90
92
96
93
97
99
96
100
100
101
101
101
104
104
108
104
107
108
107
111
114
111
115
117
115
115
117
116
122
120
122
123
124
124
127
126
128
131
129
128
129
132
136
135
134
136
137
141
140
143
143
143
144
147
147
147
145
151
149
149
153
153
151
155
153
156
156
159
162
162
162
165
166
162
164
165
168
166
167
173
172
173
175
173
173
174
175
176
181
180
184
183
185
182
188
188
188
191
191
192
194
195
196
196
193
198
198
199
201
199
202
203
205
206
203
207
208
206
209
209
210
210
213
214
216
217
219
219
222
218
222
224
224
224
228
224
228
227
230
228
229
230
232
234
237
237
239
238
242
239
241
240
245
246
244
248
246
251
251
248
253
255
253
254
254
258
256
257
260
262
262
262
261
267
264
265
270
267
267
273
271
274
273
275
276
279
279
276
280
283
284
282
286
285
287
287
289
289
292
292
294
293
296
297
298
295
295
296
300
299
300
304
303
306
306
306
308
306
312
309
310
311
311
317
314
314
320
321
321
323
323
325
325
322
323
329
329
326
332
328
332
334
336
335
337
339
336
339
340
339
341
343
342
344
348
345
348
347
349
348
350
353
356
352
358
357
355
361
362
358
360
360
362
366
367
365
366
367
372
368
373
371
374
377
378
379
380
379
379
380
383
384
384
385
383
389
388
387
391
388
392
395
395
395
394
399
397
396
400
398
403
405
403
406
407
404
409
407
409
408
414
411
413
415
415
416
415
416
421
418
422
425
421
423
427
428
425
427
430
428
431
434
433
433
435
439
439
436
439
440
441
444
443
445
443
444
447
446
447
453
450
454
453
453
456
457
457
456
460
460
463
464
464
463
467
465
466
467
472
472
469
473
474
474
478
475
476
477
477
481
482
485
483
483
483
489
485
490
492
491
491
495
491
495
496
499
500
497
501
503
503
501
505
503
506
509
507
511
507
512
514
511
516
513
513
518
519
521
518
523
521
520
526
526
528
529
530
529
527
529
529
535
532
535
534
534
540
538
542
541
542
543
545
544
545
546
548
546
551
549
551
553
556
557
555
557
559
560
559
561
563
564
566
565
567
564
566
569
570
569
570
572
572
577
576
576
578
578
582
582
584
581
583
586
587
585
585
591
592
592
593
591
592
593
598
598
598
601
601
598
603
605
601
606
608
607
608
607
612
613
612
615
614
613
615
615
618
616
617
619
624
620
623
623
625
625
