628
627
625
622
626
620
621
623
619
620
615
618
617
615
612
613
611
613
610
610
609
609
604
606
603
600
603
603
597
601
598
594
593
594
596
594
594
592
587
591
585
588
584
586
586
580
584
583
577
577
579
574
576
573
573
572
572
571
571
567
567
566
566
566
565
563
559
558
558
556
559
556
555
557
556
552
549
549
547
548
546
547
546
547
543
545
544
539
539
537
536
534
537
533
534
530
533
529
527
527
526
528
528
525
526
520
521
523
519
517
519
519
514
516
512
513
509
508
511
507
507
505
505
504
503
502
500
502
500
497
495
498
497
493
491
492
489
489
487
488
490
486
488
487
484
483
480
480
481
477
477
475
475
474
471
473
473
473
471
468
467
469
468
463
466
463
461
462
461
456
455
456
454
456
451
452
450
453
452
446
447
446
447
446
446
443
444
443
438
441
436
435
437
432
433
433
434
429
431
431
425
427
427
424
424
425
422
423
418
419
415
418
416
415
411
412
414
412
412
410
406
407
404
405
402
404
399
401
401
401
395
398
393
397
391
392
391
388
392
387
388
385
387
383
381
382
382
379
380
376
380
376
373
373
371
374
369
372
371
367
366
364
367
365
362
362
362
359
357
360
357
354
357
353
355
351
350
350
349
349
345
344
343
346
341
342
342
338
340
336
335
338
334
334
332
333
330
328
328
331
325
325
325
323
323
325
319
320
320
320
320
318
313
314
312
313
311
311
307
311
305
307
307
303
301
302
301
299
300
300
299
299
293
296
295
292
291
290
287
291
286
287
286
284
282
281
281
279
277
280
280
275
274
272
276
273
273
273
269
268
266
264
264
266
265
265
264
263
262
257
256
256
255
252
251
251
252
250
250
247
250
244
244
246
241
240
239
242
239
239
240
239
234
232
233
231
233
233
228
230
226
229
225
226
222
222
222
222
219
221
218
218
216
217
216
215
213
211
209
207
207
207
206
207
206
203
202
203
198
200
198
198
194
197
195
191
190
192
187
188
185
187
186
186
184
185
183
181
180
176
179
176
173
172
171
175
171
173
168
169
167
165
167
163
166
164
159
160
162
160
159
155
153
152
156
154
150
150
150
147
149
147
147
147
145
142
140
140
138
136
137
139
134
134
131
130
132
133
127
131
126
124
128
126
124
122
119
123
121
117
119
116
115
114
112
113
113
113
109
107
110
104
105
103
105
103
104
103
98
97
98
97
98
94
92
93
93
89
92
86
90
86
83
87
84
82
81
83
77
78
77
77
77
72
75
75
72
69
71
66
65
69
68
64
66
64
59
61
62
57
56
57
56
52
53
53
52
49
48
46
46
49
47
43
45
42
41
39
42
39
37
39
37
34
35
33
34
29
30
27
27
25
27
22
22
23
22
21
22
17
18
16
16
16
14
15
9
12
12
6
7
6
4
5
6
3
3
7
7
6
8
7
8
8
13
13
15
17
14
15
19
16
19
19
21
24
25
22
26
28
25
30
31
30
29
33
31
32
36
37
39
40
37
42
43
42
45
46
47
44
47
49
49
51
54
50
56
52
55
56
60
57
60
62
64
60
62
63
66
64
66
71
68
68
73
70
75
75
75
78
79
78
79
79
84
81
84
86
87
86
89
90
87
89
94
92
91
95
93
98
95
96
99
98
99
104
106
107
106
107
110
111
110
109
109
110
115
114
116
117
118
121
121
119
124
125
123
126
125
127
125
130
130
132
134
135
134
132
135
139
135
137
137
142
140
141
145
145
148
145
148
146
151
153
152
152
154
154
154
156
158
156
159
162
159
161
166
164
165
166
166
167
168
169
172
174
176
174
173
178
175
176
178
180
183
184
182
182
185
188
185
188
192
189
192
192
192
196
198
195
199
200
201
202
204
202
205
202
204
204
206
207
209
210
214
212
216
214
218
216
219
220
217
220
223
224
224
222
224
226
225
228
230
231
230
235
231
235
234
235
235
236
238
240
243
242
245
247
246
247
247
249
247
252
252
251
253
257
256
255
256
259
260
263
262
265
261
263
266
264
265
270
272
272
273
272
274
272
276
278
279
280
282
278
279
280
285
284
285
288
289
287
288
292
293
291
292
296
296
298
296
298
302
302
301
301
301
304
307
305
307
307
311
310
311
313
314
313
315
314
318
317
317
319
323
322
324
322
323
325
328
326
332
328
334
333
336
333
335
338
337
339
340
343
339
345
342
347
343
344
345
347
352
350
352
350
351
352
353
359
357
358
358
362
364
364
365
363
365
364
365
370
372
370
374
374
374
376
377
376
375
377
378
380
383
385
383
386
383
384
389
387
392
392
393
395
396
394
393
397
396
397
398
400
399
403
404
403
407
405
405
410
408
409
412
414
413
416
417
414
418
417
420
419
420
421
424
426
424
428
429
428
430
432
432
430
436
433
435
434
437
438
442
441
441
441
441
446
444
448
447
451
452
449
452
453
454
453
458
455
457
461
458
463
461
464
463
463
467
468
465
466
467
471
473
474
473
473
477
474
475
481
481
479
480
482
483
486
488
484
487
486
490
489
491
495
496
494
495
494
499
498
499
502
502
505
503
506
507
506
508
508
512
511
510
511
511
515
514
514
515
519
522
520
524
520
521
525
525
526
529
528
527
530
533
532
534
535
537
538
536
540
540
543
544
542
545
543
543
547
548
551
551
549
551
552
552
557
556
555
559
557
559
560
563
561
563
565
564
564
565
569
570
570
573
575
575
577
574
578
577
578
580
579
584
584
583
583
583
585
587
589
587
588
589
593
593
594
597
599
596
598
600
603
601
603
602
606
605
604
608
611
607
611
611
613
613
615
615
614
615
617
622
618
624
625
626
624
624
626
