628
625
626
627
625
624
622
623
620
618
617
616
616
613
611
611
614
613
608
610
608
606
607
607
604
602
604
602
597
599
599
597
593
594
595
590
592
589
588
590
589
585
587
582
582
585
581
578
578
580
579
577
577
577
571
571
571
570
571
569
570
564
563
564
562
563
561
559
562
560
556
555
557
557
554
551
553
551
550
547
546
549
543
545
542
541
543
543
541
536
536
536
533
533
535
535
532
532
528
529
526
528
526
525
524
524
521
520
520
519
517
515
516
517
515
510
509
511
512
509
509
505
506
507
506
502
502
498
500
500
497
499
498
494
496
493
490
493
488
490
490
486
487
486
482
481
481
483
477
478
480
476
474
473
476
474
470
470
472
466
466
467
467
467
464
462
464
462
462
460
460
456
455
457
452
455
450
450
451
450
445
444
445
444
442
440
444
441
439
436
440
435
433
435
436
435
432
432
432
429
429
426
424
425
425
422
423
423
417
420
415
419
414
414
416
412
411
412
409
408
409
405
407
404
404
401
402
399
399
396
395
397
397
394
395
395
392
391
388
391
390
387
387
386
384
383
381
379
379
378
376
375
373
377
374
374
373
373
369
371
369
366
365
367
365
363
361
361
361
357
356
358
355
352
353
351
354
351
352
348
349
346
343
343
342
344
340
340
337
339
339
337
337
335
336
333
334
332
331
328
329
325
323
326
326
321
324
322
321
320
316
314
318
313
315
314
312
309
309
311
306
309
304
304
301
303
302
299
297
300
298
295
294
294
291
290
292
289
288
290
285
289
286
283
281
284
280
282
278
276
278
277
275
274
272
274
271
273
272
271
270
266
263
265
264
264
263
263
257
259
260
254
254
253
254
254
252
250
250
247
247
249
243
247
243
243
241
239
237
239
235
239
236
234
235
230
231
231
232
230
227
229
228
226
224
220
223
223
217
219
220
219
214
212
213
210
214
213
210
209
209
205
205
202
201
204
202
200
197
199
198
195
198
195
192
191
192
191
192
187
186
186
184
187
182
181
179
181
180
180
178
179
175
176
172
174
174
169
172
166
165
166
166
162
163
163
162
161
158
156
158
155
155
157
154
152
154
153
152
148
150
145
145
146
145
141
144
138
140
141
139
134
134
133
133
131
130
131
132
127
129
126
125
127
125
120
122
122
120
116
117
119
118
112
114
111
109
109
111
108
106
107
105
107
105
105
100
103
99
97
98
99
95
94
96
91
91
88
90
90
90
85
84
82
82
81
80
78
78
80
79
77
78
76
71
74
71
73
67
69
68
69
68
64
66
60
63
60
57
57
55
59
53
52
53
50
52
49
48
50
45
45
44
46
41
41
40
41
39
38
36
34
33
37
31
31
31
30
30
31
28
25
26
23
21
24
22
20
18
21
15
15
17
17
12
11
10
9
9
11
10
9
6
6
1
5
5
5
7
6
7
7
10
13
14
12
12
14
16
16
18
17
19
20
20
23
26
22
28
29
27
26
30
31
33
32
33
33
35
37
40
36
42
39
43
43
46
46
45
44
45
47
48
52
50
54
54
56
57
58
55
59
58
62
63
64
63
67
64
67
66
69
72
72
73
72
76
77
74
74
75
78
82
83
82
84
85
87
86
86
87
91
91
90
89
92
93
95
93
95
99
97
101
102
99
100
106
106
108
107
109
110
110
112
110
113
112
116
113
117
118
118
117
122
119
124
122
122
128
126
127
126
131
131
131
134
132
134
136
139
140
140
138
139
141
141
145
146
148
147
145
151
147
152
151
153
154
154
154
158
155
156
158
158
162
165
165
166
163
167
166
170
172
170
169
171
174
177
174
179
179
177
177
181
182
183
184
185
183
185
188
191
189
193
192
191
194
195
194
198
195
199
200
200
204
204
205
207
207
209
207
210
210
211
212
211
214
216
217
216
220
217
221
221
219
220
221
222
225
224
230
230
229
230
233
233
231
232
237
237
238
237
241
238
241
242
246
246
245
249
247
248
247
251
253
255
253
257
256
258
256
259
257
261
260
261
262
262
267
265
265
266
267
272
270
275
273
276
275
277
279
279
281
282
279
285
286
283
287
288
290
291
291
291
293
294
294
292
298
297
296
297
299
300
302
300
305
304
308
306
307
307
312
312
310
311
314
314
317
315
315
318
321
321
324
320
326
322
328
327
330
329
328
332
330
331
332
333
336
337
339
338
340
338
344
342
341
343
345
348
349
346
348
353
353
351
356
356
354
358
359
356
361
359
359
363
363
366
366
366
368
367
370
373
370
375
375
377
375
377
379
376
380
380
382
383
385
387
383
386
389
390
389
393
394
393
391
396
395
395
398
400
400
400
402
405
401
404
407
407
408
411
410
411
412
413
414
414
417
416
419
419
422
423
420
422
422
423
427
429
430
429
432
429
429
430
431
435
433
436
439
441
438
441
439
442
445
442
448
447
445
450
447
452
451
452
453
457
454
456
460
460
457
459
460
463
461
463
467
464
467
467
471
472
472
473
473
473
474
476
477
480
482
480
479
485
486
482
484
488
487
487
490
489
491
491
494
495
495
496
497
496
497
498
503
504
502
506
506
506
508
508
511
508
514
511
515
513
515
516
518
516
522
521
519
520
525
524
528
528
530
527
529
529
531
534
535
533
535
535
535
541
537
543
544
540
545
544
547
547
546
551
550
553
553
551
553
556
558
554
560
561
561
561
560
563
566
567
568
564
569
571
569
570
574
571
574
572
578
574
577
579
581
582
584
583
581
582
586
587
585
587
587
591
589
591
593
594
594
597
595
599
597
598
602
605
603
606
608
609
605
609
609
610
610
615
615
613
616
619
616
616
617
620
619
621
621
625
628
628
