625
627
626
627
624
622
621
623
620
619
617
614
618
613
615
611
614
611
610
609
605
609
603
604
605
603
599
603
602
601
599
594
598
593
594
593
592
589
590
589
585
586
584
582
582
583
584
580
579
577
575
579
574
577
574
574
570
569
572
569
568
565
567
566
562
561
563
559
562
559
556
557
554
557
554
554
550
551
551
547
547
549
548
546
544
541
544
541
539
541
539
536
535
534
532
532
534
528
529
527
527
528
526
523
524
524
523
523
518
519
518
515
516
516
514
514
510
512
509
511
508
507
507
503
506
505
502
502
500
501
498
494
495
496
494
491
492
488
491
490
489
488
483
482
484
483
484
480
478
478
475
477
475
475
473
470
473
468
472
468
465
466
464
465
464
464
463
463
458
459
460
457
453
454
453
450
454
448
452
451
449
444
443
443
441
445
443
443
439
440
436
437
433
437
431
430
433
432
431
429
427
426
423
423
422
425
422
418
417
416
420
416
415
415
412
411
414
413
407
407
408
407
403
404
401
402
399
400
402
399
398
399
393
395
396
393
392
391
391
391
389
386
384
385
385
381
383
380
380
381
377
376
376
374
376
374
372
371
372
368
370
364
368
363
362
362
364
359
362
357
358
359
356
355
352
355
351
351
348
351
346
344
347
343
342
341
339
338
340
339
335
334
336
334
335
333
330
328
328
330
325
325
325
324
322
325
322
319
320
320
315
319
313
315
311
315
313
311
310
307
305
305
306
307
304
301
303
298
301
297
295
299
297
293
293
292
292
291
292
290
288
287
288
287
283
282
282
278
278
276
276
276
278
273
275
274
269
270
268
270
266
269
266
267
264
261
261
262
258
261
259
256
258
252
256
253
254
251
252
248
249
247
244
245
241
240
239
241
242
240
239
239
233
236
235
231
230
230
231
228
230
226
228
224
223
222
223
218
220
220
215
216
214
215
216
212
209
210
208
206
210
209
206
206
206
201
200
201
200
201
199
198
197
193
195
195
193
192
189
189
188
184
184
185
181
185
180
179
181
177
176
176
176
176
176
171
170
170
171
170
170
168
165
164
165
164
163
159
157
157
160
154
157
155
152
155
151
150
152
149
146
145
144
147
145
144
139
140
140
141
137
134
135
134
135
131
133
133
130
127
125
127
126
122
121
121
119
122
121
121
120
115
118
115
114
115
109
109
107
111
110
105
105
106
106
105
101
103
99
96
100
98
97
97
94
90
89
89
92
86
90
86
86
82
86
85
84
79
80
77
77
74
76
75
75
71
72
72
70
68
68
68
64
65
65
61
61
61
62
58
58
56
53
55
54
54
52
53
51
49
50
46
45
47
41
44
40
41
38
39
37
39
36
36
34
32
30
28
31
26
28
26
28
24
22
20
21
22
18
19
19
14
14
17
12
14
13
11
7
9
6
7
7
7
1
4
1
3
5
5
7
11
10
10
13
11
12
14
14
15
17
20
21
23
24
25
21
23
27
24
26
28
27
32
34
32
36
32
35
38
38
36
37
39
40
45
46
43
44
47
47
50
50
48
52
54
52
55
54
55
56
58
60
58
63
61
65
62
63
69
69
70
67
71
71
73
73
77
76
77
80
76
77
80
80
84
81
83
83
84
85
87
91
91
91
94
93
96
96
96
98
99
100
101
101
105
105
105
103
105
106
110
110
109
111
114
112
115
113
114
116
120
120
123
122
123
123
124
128
126
126
130
127
128
133
134
134
135
136
139
140
136
140
140
141
145
143
144
146
145
145
148
147
150
153
152
151
156
155
159
158
159
157
161
159
164
165
167
164
164
166
171
172
170
173
173
176
174
176
174
179
176
180
181
182
181
184
184
185
186
185
191
189
189
190
191
192
194
198
199
200
199
202
202
203
205
201
202
205
204
206
206
209
210
213
215
215
215
215
215
220
217
222
219
223
225
221
226
226
224
229
229
228
233
230
230
233
233
235
238
240
239
242
238
243
241
242
247
243
247
249
249
247
253
252
255
255
254
257
257
259
259
258
260
263
262
266
262
267
265
268
266
271
269
269
273
276
276
277
274
276
279
280
280
282
284
283
283
288
284
288
286
291
289
292
295
295
292
295
294
299
296
301
300
304
302
306
304
305
306
308
307
311
313
311
312
314
312
315
314
316
317
317
323
322
321
326
322
327
327
329
329
328
333
331
332
332
334
336
336
339
337
338
340
340
345
345
342
345
347
346
347
347
348
354
352
353
357
354
355
356
358
357
362
359
364
366
363
367
365
367
369
372
373
374
373
376
373
376
377
379
377
380
383
382
381
382
382
384
384
388
387
390
388
390
390
394
392
397
397
397
398
397
398
401
404
405
405
406
405
409
408
409
410
411
411
414
415
417
416
420
420
420
423
424
421
421
424
428
429
428
430
430
430
433
430
433
433
436
435
438
436
437
440
444
440
441
442
447
444
446
450
450
449
453
455
453
454
457
458
456
461
457
459
459
465
462
464
467
465
469
469
467
468
470
471
476
473
477
476
479
476
479
478
484
481
481
484
488
485
489
488
492
493
494
493
495
493
498
495
499
499
501
503
503
504
504
505
503
506
510
508
511
508
511
510
512
517
513
517
520
520
517
523
523
523
522
526
527
529
527
531
527
531
532
535
534
537
534
535
537
539
539
539
539
545
541
546
543
545
547
546
547
552
553
555
551
553
554
557
556
560
560
563
564
565
562
564
565
565
565
569
571
570
569
570
571
576
578
578
580
580
577
578
584
585
583
582
584
584
589
591
588
593
594
591
595
594
594
597
596
597
599
602
602
605
605
605
606
604
610
610
612
610
612
611
615
616
613
614
617
621
619
619
622
623
623
625
626
628
