628
625
624
626
626
621
623
618
620
618
620
615
615
616
616
610
614
613
612
607
610
608
608
607
605
603
599
598
597
597
595
594
596
592
591
594
591
589
591
589
586
588
588
583
581
582
579
578
578
578
577
577
576
576
576
573
572
570
569
566
567
568
564
566
566
565
560
562
557
558
560
555
558
556
552
553
550
552
548
550
546
548
545
543
545
545
539
541
538
540
536
538
538
537
536
535
530
528
527
527
526
525
526
523
526
522
524
523
521
517
515
516
517
514
511
510
513
511
509
509
506
507
503
502
503
502
499
500
497
499
496
495
497
493
495
490
494
488
488
487
488
484
486
482
484
484
479
480
480
480
480
474
474
477
474
471
471
472
467
466
468
468
463
467
461
462
462
461
458
456
456
459
456
452
451
454
450
449
452
446
448
446
448
446
441
440
441
440
437
440
439
435
433
432
436
433
429
431
429
426
425
428
423
422
426
423
420
422
417
419
417
417
417
417
413
414
409
410
407
408
405
405
408
404
403
405
399
398
401
397
396
398
397
397
396
395
390
390
391
391
387
388
386
383
383
382
382
380
379
381
377
374
376
374
372
375
373
371
372
366
368
364
363
365
361
365
363
363
359
357
355
358
353
355
352
352
351
348
348
347
349
344
347
347
342
342
341
341
338
341
336
338
338
334
331
335
329
332
329
326
326
327
323
323
324
321
322
323
320
321
315
318
318
316
315
313
311
313
307
309
310
308
308
305
304
301
304
303
299
301
295
297
295
295
293
293
292
290
288
291
289
287
287
287
283
280
283
282
280
276
280
277
274
276
274
270
273
268
270
268
269
264
266
263
266
263
263
259
259
256
258
256
255
254
251
253
253
251
252
247
249
245
245
244
243
243
241
241
240
239
238
235
237
232
234
231
234
229
230
227
225
229
228
224
221
225
223
221
222
216
216
214
215
213
216
210
210
209
212
206
210
207
207
207
201
204
201
203
199
199
198
195
194
195
194
191
194
189
188
191
190
189
184
183
184
180
182
180
180
178
180
176
176
176
171
171
171
170
167
167
165
165
165
162
166
161
159
158
157
157
157
158
153
155
156
152
152
148
147
151
149
148
146
147
144
141
141
141
139
139
136
134
134
132
134
133
131
131
129
130
127
124
125
123
126
124
121
122
120
117
118
116
114
117
116
115
112
112
108
108
109
106
106
107
104
104
102
100
99
97
97
97
97
92
93
90
89
90
87
90
86
86
83
85
84
82
82
82
80
80
80
74
76
73
74
74
72
72
72
70
68
66
68
66
62
63
62
63
58
61
57
57
58
52
55
53
49
50
48
50
48
48
46
47
41
41
44
38
42
38
35
37
37
33
36
32
33
28
32
30
28
25
26
24
24
24
20
18
20
16
20
15
17
13
14
12
9
13
10
8
7
5
5
6
3
2
4
7
4
6
9
11
12
10
14
15
15
15
13
15
18
18
18
20
24
23
23
26
27
26
30
28
28
33
33
35
36
32
38
39
38
41
40
39
42
44
43
44
47
49
45
48
50
50
53
52
51
55
55
56
55
59
57
62
61
60
66
65
64
66
67
68
72
73
70
74
74
76
76
75
79
79
80
79
82
85
81
84
86
87
86
91
87
88
90
95
93
97
96
98
97
100
100
103
103
102
101
107
105
109
105
107
112
108
111
114
113
112
116
117
116
116
120
118
121
124
122
123
127
127
129
129
132
131
134
134
131
137
135
134
135
139
138
139
140
145
145
146
147
144
150
151
152
149
152
150
154
152
157
157
158
158
160
161
159
162
165
167
166
167
167
168
170
173
174
175
175
172
174
175
180
181
179
178
180
183
184
187
187
186
190
190
189
190
190
192
193
194
194
199
197
199
202
203
201
204
202
207
205
209
207
209
209
212
210
211
215
217
214
217
215
221
220
219
222
223
221
227
226
229
227
231
227
233
229
232
236
234
235
236
236
239
238
238
241
241
242
243
245
246
246
249
252
252
249
250
252
254
258
257
260
258
257
263
259
265
261
263
263
269
270
266
268
272
274
275
273
274
275
279
279
281
278
278
281
281
286
286
284
285
287
291
288
289
294
295
293
296
293
294
299
300
300
300
302
305
305
307
306
305
305
309
312
312
311
314
314
315
318
315
315
316
321
320
320
323
325
324
323
327
328
329
332
328
331
332
331
337
335
335
336
341
342
340
339
345
343
344
348
347
349
351
347
350
353
352
355
355
355
357
357
359
357
358
362
365
362
365
368
367
367
370
368
368
374
373
374
375
377
379
377
381
379
378
384
383
382
385
384
389
388
387
389
393
392
394
394
392
397
397
396
398
400
399
399
405
401
404
407
408
405
409
412
408
410
414
412
415
417
415
417
417
421
421
422
421
424
427
425
424
429
426
428
428
429
431
435
436
436
437
438
439
437
439
440
440
444
444
444
445
449
451
452
449
449
455
451
452
457
458
455
460
459
459
464
462
462
462
465
465
469
469
467
473
473
474
476
474
478
477
480
480
479
478
482
484
482
484
487
488
485
486
492
493
493
495
493
496
493
496
498
498
499
503
503
505
503
506
506
508
510
508
507
508
509
511
513
517
517
518
517
519
522
523
522
524
522
524
528
529
526
526
531
529
531
531
535
537
538
535
540
540
539
543
540
545
542
543
545
548
550
547
551
551
549
554
556
554
558
557
560
558
562
559
564
564
564
563
564
565
566
570
570
571
571
575
573
572
575
574
579
578
581
579
579
583
584
587
583
585
587
591
589
590
592
592
594
593
596
599
595
596
598
601
601
604
605
605
606
608
606
611
611
612
610
610
614
613
616
617
617
619
621
622
620
621
626
624
625
628
