628
625
626
626
623
620
623
623
620
619
615
614
618
615
612
611
610
611
612
608
610
609
606
602
603
603
600
600
597
598
598
597
595
596
596
593
590
593
589
590
585
589
586
585
581
584
582
580
580
580
579
574
576
572
576
575
572
568
570
567
566
566
564
564
562
564
560
563
560
557
558
554
554
553
554
552
553
548
548
547
546
544
544
547
546
544
543
540
538
541
535
536
533
534
534
531
529
532
528
529
525
526
528
523
526
522
522
518
521
521
516
517
515
515
513
512
514
508
510
506
506
505
503
506
501
500
503
499
501
499
498
497
497
494
491
490
493
488
491
489
485
487
488
482
481
485
481
480
479
480
477
479
476
474
473
474
472
473
472
469
470
465
468
464
464
462
460
462
462
457
460
454
455
456
454
455
450
453
449
448
449
448
445
446
442
443
440
439
441
439
439
439
435
432
435
434
429
430
430
430
427
424
423
426
422
422
424
418
417
416
419
414
418
413
411
414
414
410
408
408
405
408
405
402
405
405
404
400
398
396
397
394
394
395
396
394
394
393
387
390
390
384
386
385
384
385
382
381
379
377
380
376
378
372
374
370
370
372
372
367
367
366
363
362
364
365
364
358
357
358
360
359
354
357
353
351
351
353
348
350
348
348
344
343
342
344
342
338
340
339
337
334
338
335
335
335
333
333
328
327
328
324
324
323
323
324
319
320
321
320
319
319
314
314
313
311
310
312
308
308
306
309
305
303
303
300
300
300
302
298
299
295
295
297
293
290
291
293
289
286
285
285
285
285
283
285
281
279
277
281
276
279
278
274
273
272
271
270
272
267
267
265
265
266
265
260
259
261
259
259
255
255
257
252
252
251
253
251
251
246
250
248
244
242
243
242
243
241
240
236
238
235
234
234
232
234
233
233
227
227
227
228
223
226
222
222
220
222
222
220
219
218
214
214
214
211
210
210
212
210
209
208
207
206
202
202
200
200
197
198
199
194
198
196
194
193
193
190
187
186
188
188
188
187
183
185
183
180
182
181
175
177
177
173
171
172
169
168
170
167
165
166
163
163
162
160
163
159
159
159
156
158
154
152
156
153
154
153
152
149
150
146
145
144
142
142
143
142
141
137
136
139
138
132
133
132
132
128
127
130
127
125
123
123
122
120
119
118
117
117
119
115
113
115
116
112
109
110
109
110
108
108
103
107
102
104
103
98
100
99
96
95
96
94
95
95
92
89
92
88
85
87
88
85
84
81
80
80
77
78
79
79
73
75
71
71
71
68
69
66
70
68
66
66
66
61
64
60
59
57
57
56
55
57
54
55
52
53
50
46
47
47
44
42
44
42
40
41
37
38
36
34
38
33
31
33
32
30
29
28
30
27
23
24
23
22
23
23
17
21
16
17
17
13
11
13
14
9
9
6
5
9
5
4
2
0
1
4
8
9
9
9
12
13
9
13
11
12
16
18
15
19
20
20
21
22
23
22
23
28
28
26
28
28
30
31
31
34
38
39
36
38
39
42
44
41
41
44
46
44
48
50
50
48
49
52
54
57
54
57
55
57
60
60
64
62
64
63
66
66
65
70
71
70
74
75
71
74
75
78
76
79
79
80
80
82
85
83
87
87
86
90
92
90
89
95
95
96
96
99
100
98
99
100
100
103
102
105
103
109
106
107
112
112
109
112
113
114
117
116
118
116
119
121
121
123
125
124
124
125
130
131
131
132
129
131
132
132
134
137
136
136
138
138
143
145
141
145
147
149
145
150
148
149
154
152
155
154
157
159
158
158
160
161
163
162
163
167
163
164
169
166
168
169
174
172
173
174
176
176
180
178
182
181
184
181
183
184
186
184
189
190
191
189
190
195
194
193
197
197
195
197
200
200
204
205
203
203
203
207
206
208
209
208
211
210
215
215
213
219
218
218
222
220
223
221
225
225
225
226
227
227
231
228
233
234
231
233
237
234
240
237
238
238
239
242
245
244
246
249
249
246
248
252
253
251
251
256
255
257
260
261
258
261
263
263
263
263
266
267
266
269
272
272
269
273
273
273
278
279
276
276
277
281
279
284
285
284
284
286
285
291
292
290
292
295
294
292
294
294
295
301
298
300
301
301
301
304
306
305
306
309
309
312
311
312
315
317
318
318
315
316
319
323
321
323
326
324
325
328
330
328
331
332
333
332
331
333
337
336
338
337
337
341
343
340
341
345
346
345
348
347
350
349
349
351
354
354
353
355
356
358
360
359
361
361
362
363
365
368
368
366
369
368
373
373
372
376
378
374
379
376
377
382
382
380
384
386
383
386
387
386
387
391
393
395
395
392
397
395
400
399
399
400
403
400
404
406
404
406
410
406
410
410
413
414
415
417
413
418
416
417
417
422
422
421
424
426
427
425
430
428
432
429
433
431
433
433
437
438
435
441
438
439
443
442
441
443
443
445
449
451
452
453
454
450
454
453
457
456
458
459
457
462
463
465
461
464
468
467
466
468
470
471
474
474
472
473
478
474
479
478
479
483
483
482
486
482
488
484
490
491
490
491
490
490
492
496
493
496
498
500
497
498
502
502
505
505
508
508
509
510
510
511
512
511
511
514
518
514
516
519
517
520
519
523
523
522
528
529
525
531
532
531
530
531
534
535
535
538
537
541
541
540
540
542
545
542
545
549
550
549
551
550
550
554
552
553
556
558
560
560
558
559
564
562
563
567
567
569
570
568
567
568
572
572
576
577
577
579
575
578
581
578
579
581
584
582
588
584
588
591
591
589
591
590
591
593
595
597
597
599
600
602
602
605
603
604
603
607
606
611
612
612
613
611
612
613
613
619
615
620
620
619
624
623
624
624
623
627
