627
626
623
623
626
624
620
619
617
619
615
618
615
616
613
611
612
613
610
608
606
608
606
606
603
600
600
598
601
600
598
595
596
595
591
595
589
591
591
589
585
587
584
582
586
583
583
578
581
576
578
574
578
573
575
574
569
573
572
566
567
567
563
562
563
562
561
559
559
556
555
555
555
554
555
554
550
550
548
547
550
546
546
544
545
543
540
543
538
537
536
534
535
532
531
530
529
533
531
528
527
528
525
526
523
521
524
521
521
516
516
517
513
516
516
514
511
511
508
508
508
505
508
507
506
501
503
501
498
496
500
497
498
497
496
495
493
489
491
490
488
484
487
486
486
483
479
483
481
477
475
476
474
474
475
472
472
471
469
470
469
466
463
463
462
464
462
459
459
456
458
454
455
455
455
455
452
449
447
451
445
447
446
445
441
444
440
443
441
441
435
436
433
435
435
431
431
433
430
430
429
427
426
427
426
421
424
420
417
418
415
417
414
417
413
411
414
410
412
408
408
406
405
402
402
400
404
401
399
399
400
398
398
394
392
395
394
392
392
386
390
387
383
384
382
383
379
382
381
379
377
377
374
372
372
373
372
371
369
368
369
366
367
367
362
363
363
358
357
358
355
358
357
354
354
352
353
350
348
350
350
344
343
344
346
343
341
339
337
336
336
338
336
333
335
332
330
330
329
330
326
326
325
324
325
324
320
323
317
320
319
318
314
317
314
314
309
313
312
308
309
307
305
305
304
302
300
303
300
299
295
294
298
297
292
291
293
290
292
291
288
285
284
287
281
280
280
283
278
276
280
274
273
276
273
272
270
270
272
267
266
264
268
264
263
263
262
263
261
261
260
256
254
257
252
250
254
253
249
248
248
247
247
245
246
243
239
240
240
239
237
238
238
234
233
231
232
228
227
228
229
227
228
222
222
224
224
219
222
217
217
218
214
212
216
214
213
209
210
211
206
206
208
205
203
204
199
203
202
201
195
196
197
196
195
194
193
192
189
187
188
186
187
182
185
180
181
180
181
181
176
178
178
177
176
170
174
169
172
169
169
166
165
162
161
160
160
159
158
158
160
156
158
154
154
155
154
148
152
146
146
148
147
143
145
145
139
142
138
138
136
134
137
135
131
133
133
129
132
127
127
128
128
123
123
121
120
118
122
120
120
115
118
114
111
115
111
110
111
108
107
105
105
104
104
103
103
99
98
98
98
97
93
95
94
93
92
90
90
90
90
88
87
84
83
80
79
81
77
81
77
74
75
74
74
70
70
69
69
71
69
68
68
63
66
61
64
61
59
60
58
54
55
57
54
54
49
51
51
48
47
45
46
44
43
40
39
38
42
41
39
37
33
34
32
35
30
31
27
29
26
26
27
23
25
22
23
19
17
16
16
17
17
13
12
11
9
11
11
8
10
6
7
6
5
1
2
2
8
7
7
9
10
12
14
13
14
16
15
14
17
19
18
18
19
20
24
24
23
28
30
28
30
28
31
32
34
32
38
35
40
40
38
42
41
44
44
43
46
45
47
49
48
53
52
54
54
52
57
56
60
61
62
59
60
60
63
62
68
67
70
68
69
73
70
73
75
73
77
77
77
78
79
82
84
85
82
87
86
86
88
89
91
91
90
92
92
95
97
99
95
96
97
98
104
101
101
107
107
107
110
107
107
110
112
114
115
114
116
114
120
117
122
122
119
125
124
122
127
128
130
128
129
131
129
135
132
135
136
138
139
138
140
142
141
143
146
143
144
145
148
146
150
151
151
150
155
153
155
158
156
157
162
158
162
161
166
167
166
165
165
169
167
168
174
171
172
172
174
177
176
176
182
178
184
185
183
184
186
184
186
191
190
193
192
192
192
192
195
197
198
196
202
202
203
200
203
207
208
207
207
208
209
210
211
212
215
213
215
218
216
221
220
219
221
225
222
224
224
225
225
227
229
230
230
230
234
236
233
237
238
239
238
241
243
241
241
242
243
247
248
247
247
249
251
255
252
256
255
259
258
261
262
263
259
263
265
267
265
266
265
268
267
269
273
273
275
273
273
277
279
276
280
280
281
282
284
284
287
286
288
290
288
293
294
294
292
297
297
296
297
297
302
303
299
303
305
303
306
304
309
306
308
310
311
312
315
316
314
317
320
316
320
319
324
325
326
322
323
328
328
331
328
332
332
331
333
333
337
338
338
336
338
343
341
342
345
342
346
345
347
350
348
353
353
354
352
354
354
356
359
358
359
359
362
365
361
363
367
367
367
370
372
370
370
375
374
376
373
375
380
381
381
380
381
384
386
387
385
386
389
387
392
390
394
391
395
395
398
397
400
401
399
399
399
401
406
406
405
406
405
406
409
408
411
415
415
415
418
415
415
417
421
418
419
422
424
426
425
425
427
428
429
430
434
431
432
437
433
438
437
439
438
438
441
441
441
444
444
448
447
451
451
451
452
455
454
457
458
454
460
457
460
461
459
463
463
467
466
469
466
468
470
473
471
472
471
474
474
477
479
480
482
482
479
485
486
483
486
488
490
488
488
489
491
494
495
494
494
499
500
498
499
500
503
505
502
507
508
508
508
511
507
510
510
513
515
515
518
519
520
517
520
519
520
525
524
525
525
525
525
527
531
533
529
530
535
532
538
539
538
540
542
542
539
541
543
544
547
545
548
546
548
548
553
550
552
553
556
556
555
558
558
560
559
565
561
566
567
567
570
571
569
570
570
570
576
573
573
578
579
577
577
580
584
584
582
584
583
589
590
590
591
591
593
593
591
592
596
595
598
596
601
599
600
603
602
604
605
607
610
611
610
612
614
612
611
613
613
619
618
616
619
618
622
622
625
626
626
628
