628
624
625
623
624
620
621
618
619
616
615
616
617
615
615
610
614
613
608
609
609
608
604
605
602
603
602
601
601
597
596
597
593
596
594
592
589
588
589
588
586
586
588
584
584
580
583
583
581
579
579
579
578
576
574
575
572
571
567
569
568
565
568
567
562
560
563
560
558
558
560
555
555
557
555
554
554
549
551
551
550
548
544
546
546
545
540
538
542
536
539
536
538
535
532
534
531
533
528
529
528
527
523
526
525
525
519
521
519
519
519
518
514
514
516
510
512
511
508
507
507
507
507
505
506
504
501
500
501
501
499
495
495
495
494
490
491
492
488
490
490
485
487
485
486
484
483
483
477
476
480
479
476
474
472
475
469
473
468
468
467
464
464
466
466
465
464
459
458
460
459
454
453
456
451
452
449
453
451
450
445
448
444
447
441
440
443
439
440
436
440
436
433
435
431
434
433
431
432
426
425
426
428
426
423
422
424
418
420
418
420
419
416
413
412
413
409
410
410
410
405
405
407
406
404
405
401
399
397
400
395
397
393
392
391
390
389
388
392
386
389
388
387
382
383
382
381
383
379
377
377
374
376
377
374
371
369
369
370
369
367
369
367
364
362
362
359
363
360
356
360
359
358
354
352
353
349
351
347
346
346
344
347
346
342
345
339
340
337
336
337
335
337
334
333
331
333
329
332
328
330
329
326
327
322
323
324
318
319
317
320
314
317
313
315
314
312
309
309
310
310
306
306
307
303
304
299
300
301
296
298
299
297
292
293
290
294
292
287
290
285
289
287
282
283
284
279
282
280
277
280
277
275
277
276
272
274
273
269
268
269
269
266
263
261
260
264
259
257
256
257
256
255
253
253
254
251
248
247
249
246
244
244
244
243
241
242
243
238
236
235
239
233
236
233
235
234
229
230
229
230
227
226
226
225
221
223
221
217
219
220
217
215
215
212
214
212
210
209
206
210
209
205
205
201
200
203
200
202
197
199
196
196
195
196
192
190
191
190
189
189
186
187
184
182
185
184
180
181
176
180
176
173
177
171
170
173
172
167
169
167
168
166
164
163
160
161
162
162
156
159
157
154
152
156
150
154
150
147
151
145
148
148
145
146
145
143
139
140
139
136
138
133
133
131
135
130
130
127
131
125
125
128
122
125
120
124
120
121
117
118
117
118
116
112
113
114
112
108
110
109
108
106
106
104
105
103
103
102
101
97
99
95
96
91
94
89
88
87
91
90
88
84
82
81
85
81
83
78
80
78
77
75
74
76
73
71
70
72
68
67
66
66
66
65
60
60
63
60
57
55
59
57
53
51
53
53
53
48
48
46
48
44
47
42
45
43
41
37
36
35
37
36
34
36
34
31
32
30
27
28
25
25
23
24
20
22
22
18
18
19
14
15
13
16
10
10
12
8
8
8
5
8
5
5
3
5
3
4
8
9
11
12
13
11
14
14
13
17
14
17
19
18
22
19
22
21
24
27
28
27
26
29
28
30
35
31
33
38
37
35
40
41
41
44
41
46
47
43
49
50
48
50
49
52
51
52
52
56
58
57
60
60
63
64
62
61
67
66
64
67
71
70
70
69
74
75
73
75
76
78
80
77
81
84
83
84
87
84
88
86
91
91
91
89
93
91
97
98
97
99
99
100
103
102
104
106
106
106
107
108
110
109
111
109
112
116
113
116
119
120
120
121
122
121
120
125
126
123
124
130
129
128
133
130
135
135
134
133
138
137
139
141
142
141
141
143
146
144
147
150
149
148
153
153
153
152
155
153
157
158
161
160
161
160
163
163
163
166
166
167
168
171
171
171
174
171
174
177
175
179
179
179
181
179
182
183
182
187
188
188
190
187
190
193
195
191
196
198
197
195
200
201
198
200
203
204
205
203
206
210
207
208
211
212
211
215
217
218
219
219
218
220
221
222
221
222
223
224
228
225
226
230
231
230
233
234
234
235
234
239
236
241
240
243
241
246
246
248
244
245
247
251
251
254
252
254
256
257
258
259
256
258
260
260
265
265
265
267
267
265
266
271
269
269
275
276
274
276
279
280
278
278
278
279
284
281
285
286
288
290
289
288
290
289
292
296
292
295
299
299
301
301
299
300
301
304
303
307
305
308
307
308
313
314
314
312
315
317
314
315
321
322
320
322
320
325
327
323
326
325
331
330
331
329
331
336
334
338
334
338
337
342
339
340
341
341
347
343
347
345
351
348
353
351
351
352
356
353
356
355
358
362
359
359
360
363
364
367
366
370
366
368
369
374
373
376
376
376
374
380
381
377
378
383
384
384
383
384
384
386
387
392
392
389
395
394
394
398
398
398
401
402
400
403
403
403
407
406
406
407
408
407
410
414
410
414
413
415
417
417
416
418
420
422
424
426
427
426
426
425
431
428
433
433
434
433
432
434
435
440
437
442
442
441
441
445
447
446
445
446
448
452
450
452
455
453
454
453
459
458
461
461
460
459
462
461
464
467
469
470
467
470
472
471
471
471
476
478
475
477
476
478
479
483
484
483
486
488
487
485
490
490
490
492
495
493
495
497
497
498
500
499
500
503
503
502
506
505
504
506
511
512
509
512
514
515
512
515
514
518
519
518
523
521
523
522
525
527
527
525
526
530
528
529
534
532
534
538
534
539
541
542
542
541
541
546
545
546
548
547
546
549
548
554
554
554
553
558
555
556
559
559
561
563
565
564
566
564
567
568
566
572
572
571
571
572
575
575
578
578
577
577
582
583
585
584
582
587
587
587
591
592
592
594
591
594
593
596
596
600
597
602
601
600
604
601
602
606
605
610
608
610
608
610
612
614
615
613
614
616
616
622
619
619
620
625
622
627
626
