478
288
478
492
89
54
34
99
352
93
35
269
490
365
423
451
377
233
255
48
51
321
296
329
463
493
357
432
204
106
328
222
127
497
42
346
194
200
153
336
304
345
451
242
367
458
145
199
137
299
324
133
284
187
432
251
474
397
418
32
383
321
70
314
230
197
232
453
44
92
140
123
300
399
4
338
274
300
309
339
396
475
115
46
293
47
299
174
73
357
43
59
402
250
198
325
369
469
117
106
313
336
420
376
467
16
409
364
225
367
42
264
107
492
438
84
254
291
362
344
474
259
456
23
459
342
479
469
308
337
145
408
343
396
483
121
59
500
245
313
103
148
121
338
477
443
305
54
164
189
406
190
336
349
389
36
334
258
267
69
346
29
302
229
81
302
459
235
458
353
351
192
233
141
300
66
371
242
1
14
298
182
46
399
456
94
109
227
279
126
399
316
211
466
17
282
277
35
273
480
409
75
197
11
463
67
89
73
328
12
280
71
447
137
168
1
42
258
43
149
474
223
19
345
445
345
49
163
257
236
426
413
135
115
323
334
307
112
251
105
64
328
316
495
50
114
67
42
386
225
365
50
235
327
422
391
216
409
319
493
424
207
332
150
440
112
463
128
109
96
169
114
146
267
144
311
0
76
383
374
320
147
65
122
447
461
365
30
300
359
366
477
459
411
225
45
470
379
346
25
424
452
108
80
168
92
335
2
373
227
29
196
98
39
459
311
313
418
343
14
183
157
229
25
97
327
304
156
348
165
420
223
460
309
439
325
130
54
481
153
291
274
345
374
322
413
131
254
366
34
268
473
418
370
386
88
95
467
409
346
354
272
421
220
220
95
487
260
70
206
371
213
263
87
312
329
462
112
242
166
85
94
204
385
86
156
193
455
451
198
145
25
277
330
327
303
485
33
309
463
144
86
382
257
135
491
226
102
22
478
432
105
135
248
6
256
99
198
10
102
160
276
269
32
13
350
485
440
363
402
95
254
461
32
244
413
345
447
73
265
219
1
29
240
129
294
275
233
106
164
121
84
285
432
102
142
36
252
103
230
268
444
6
430
105
221
105
303
280
102
67
408
468
4
140
73
265
216
318
141
349
344
3
136
307
45
376
208
17
29
298
28
498
257
138
91
333
366
462
111
