424
100
193
82
293
307
272
456
329
237
179
427
173
102
105
202
38
341
407
293
428
391
53
442
10
95
42
369
305
276
138
228
178
433
11
379
74
414
114
16
137
165
71
346
249
434
412
324
54
115
399
495
196
323
500
117
448
451
89
297
148
182
410
325
382
406
411
232
7
196
112
366
493
407
358
379
340
343
497
459
86
469
446
142
467
361
20
133
345
12
86
255
476
145
67
336
420
318
247
264
377
30
76
285
130
231
115
450
478
72
5
259
193
87
247
25
103
343
187
440
480
79
304
280
134
75
311
13
477
222
175
320
158
494
395
368
102
424
319
31
180
52
95
339
441
468
263
95
87
342
245
33
462
431
193
88
39
414
146
295
70
344
291
136
427
24
65
464
84
190
260
407
230
359
27
387
98
168
247
384
462
352
384
335
41
462
12
25
56
258
357
308
484
185
198
303
208
395
267
173
83
24
97
485
387
248
251
489
32
143
242
417
321
334
262
153
306
435
195
216
315
45
268
449
173
70
134
455
406
368
39
410
53
385
477
192
457
4
346
177
273
205
270
447
79
93
41
225
200
0
77
437
153
42
388
127
388
38
186
77
149
431
227
374
295
115
110
176
471
396
377
328
38
444
386
355
291
192
289
279
228
99
159
321
345
380
439
49
7
458
233
345
206
299
155
453
441
498
173
222
39
271
427
342
298
291
89
424
443
96
287
394
189
66
346
420
384
402
167
370
414
247
50
364
170
59
374
186
312
333
91
8
88
382
238
444
102
338
310
245
219
25
284
201
290
245
294
5
186
127
310
94
149
215
436
294
314
231
340
392
263
250
241
44
334
36
59
170
309
7
287
109
432
313
451
475
35
57
411
333
476
471
59
119
344
428
359
234
457
430
39
304
154
142
159
291
393
69
360
300
160
487
152
62
240
458
458
463
370
118
185
455
339
106
269
177
144
275
415
483
282
296
190
122
144
122
206
44
115
166
271
150
44
442
21
296
499
14
496
391
26
232
361
99
463
231
45
374
441
474
190
358
131
20
380
368
451
210
249
321
430
111
267
221
278
448
455
184
159
461
41
269
442
41
166
428
56
26
454
394
376
229
25
94
433
203
194
483
472
22
127
379
400
303
335
303
63
423
441
469
