71
104
232
78
357
228
236
356
66
177
263
357
231
208
425
486
266
32
209
419
259
297
442
240
419
327
326
34
192
484
71
386
344
480
480
308
480
127
216
275
183
428
191
359
24
355
359
74
9
120
395
87
339
499
113
207
49
238
426
206
466
86
313
433
188
100
316
67
424
332
316
440
78
154
48
436
217
368
466
487
435
495
277
473
432
224
150
184
184
381
172
441
78
186
350
312
93
47
281
377
454
60
405
362
336
268
427
386
68
61
335
454
370
172
412
425
314
470
258
484
386
151
43
499
149
407
161
374
313
459
80
479
466
235
497
153
70
318
381
473
34
223
304
495
46
27
93
419
422
351
134
96
193
189
245
24
289
15
288
117
408
426
308
315
214
108
24
100
460
7
308
52
152
166
81
251
383
168
298
123
270
422
357
53
341
22
314
70
40
257
473
252
266
54
282
424
117
112
146
401
296
397
165
226
320
449
276
175
261
251
181
303
68
91
294
475
47
394
146
288
196
230
296
34
442
227
228
426
173
262
283
55
166
194
165
241
196
123
415
356
136
480
354
406
264
105
63
323
33
359
381
325
52
500
286
80
320
126
133
400
199
159
263
317
361
374
309
397
365
253
143
458
47
496
426
241
295
24
466
343
496
65
223
304
178
323
355
308
294
121
282
463
313
339
406
88
425
162
56
442
179
194
60
136
135
447
92
250
337
401
150
382
132
123
490
476
241
27
171
394
88
473
229
109
479
463
28
134
457
158
440
111
165
331
489
392
319
271
92
357
360
408
139
388
47
421
464
420
475
48
328
328
166
448
99
57
311
302
129
318
374
464
234
77
449
203
270
52
50
286
112
87
28
94
236
311
55
259
314
316
328
237
207
265
480
84
109
346
466
438
245
499
24
388
331
321
177
420
81
319
52
292
75
252
442
361
152
458
122
397
5
117
249
451
76
29
254
386
89
42
491
463
79
449
160
256
474
67
184
303
126
309
434
227
154
14
322
250
157
160
320
453
39
85
267
328
334
405
369
344
400
65
231
28
489
146
95
176
435
67
70
53
495
221
351
143
441
264
213
149
90
219
349
143
13
447
0
294
28
445
249
122
156
160
70
493
437
110
328
162
446
395
215
424
423
395
400
351
343
32
