208
38
91
4
257
92
36
98
220
405
53
68
328
363
405
399
33
49
143
498
437
353
412
457
264
343
125
394
251
189
224
196
398
39
135
216
146
184
327
231
82
458
337
13
235
304
353
237
472
84
50
422
260
121
19
287
320
373
4
323
0
272
95
193
88
317
219
339
6
139
182
140
112
282
258
327
108
355
29
28
304
180
47
47
311
226
303
371
194
70
19
435
206
344
90
205
5
255
325
474
160
153
134
306
471
352
43
458
451
435
200
23
221
78
446
53
130
133
120
475
231
398
182
41
295
188
190
364
411
276
8
53
399
256
114
274
37
348
46
8
491
90
271
377
128
179
389
96
55
222
295
75
281
340
158
443
123
320
36
70
385
149
294
176
419
111
404
347
164
434
403
262
169
161
227
445
414
99
239
33
140
261
131
204
238
36
80
74
306
471
195
39
230
192
191
242
407
309
268
153
451
374
100
425
406
159
407
366
159
301
155
467
344
377
322
0
217
276
332
154
77
349
403
451
250
179
360
212
166
304
392
485
5
290
367
155
420
279
68
139
435
248
454
202
307
211
252
72
183
308
466
71
467
417
168
228
364
227
0
340
140
82
2
38
392
397
429
211
353
407
137
442
491
62
168
465
339
132
288
359
494
129
272
259
126
367
233
281
129
279
386
251
138
92
124
453
192
6
73
90
192
336
438
225
398
63
364
54
402
67
63
482
183
362
451
376
180
93
356
408
468
349
454
408
321
366
136
239
116
101
373
41
266
421
459
341
436
277
418
174
212
301
444
340
199
499
372
220
12
337
119
366
162
180
292
430
278
306
217
411
216
248
251
92
53
305
397
496
410
344
83
77
337
487
72
75
50
98
374
459
213
137
249
261
439
48
126
458
361
380
177
25
69
314
317
391
59
50
329
157
20
361
68
70
392
100
80
488
484
125
106
14
132
37
223
299
420
177
148
427
411
183
383
98
33
265
27
131
470
443
221
293
196
103
81
62
11
302
408
222
403
65
75
45
201
410
257
280
220
423
52
112
300
308
48
66
13
388
302
378
144
284
319
21
234
436
24
491
228
393
363
126
52
160
434
7
436
218
140
334
379
139
229
196
131
68
398
337
81
0
146
203
346
252
88
118
141
72
273
29
