353
92
473
414
30
488
500
79
161
216
257
380
295
238
29
292
177
296
468
73
444
51
394
85
131
54
230
490
46
366
264
256
473
348
188
177
358
480
162
149
11
195
9
490
111
216
410
57
45
227
452
142
264
214
257
227
78
327
177
477
102
367
315
305
17
245
296
122
463
195
454
140
197
149
114
140
296
494
252
170
393
82
117
73
329
216
348
243
270
158
444
429
416
426
235
7
284
278
494
289
36
291
94
482
450
342
244
111
398
18
292
220
152
132
58
418
495
367
224
154
155
351
102
132
130
26
347
306
342
149
174
498
117
361
261
286
357
44
305
434
464
360
41
492
38
180
370
296
344
396
386
193
484
397
329
483
174
217
127
211
383
153
73
84
345
110
271
66
421
294
151
362
432
476
65
356
106
221
55
41
122
472
249
12
398
351
228
285
107
393
348
145
328
270
216
289
287
130
150
324
256
448
492
281
393
291
236
450
187
313
270
93
60
201
149
87
250
448
322
219
468
269
177
498
404
1
266
357
220
16
84
155
68
137
124
210
390
75
50
37
3
106
438
90
451
5
68
86
331
52
239
95
279
470
338
120
304
447
345
15
129
410
278
229
2
327
261
456
499
427
344
381
381
73
388
128
348
400
448
144
228
182
144
168
266
293
234
279
437
408
415
322
103
73
104
331
312
441
363
483
489
303
367
170
273
155
286
345
413
304
401
18
377
396
10
331
253
189
142
33
460
402
208
87
363
85
11
98
469
480
116
389
296
247
215
462
70
142
164
127
101
433
264
362
57
228
120
303
304
141
326
339
346
197
436
263
402
388
133
22
275
386
412
413
350
212
455
394
49
371
294
326
286
169
426
67
193
433
371
229
304
209
58
352
387
55
464
278
395
130
375
193
13
50
305
355
19
412
223
373
231
115
399
240
426
454
267
359
47
156
376
203
298
107
284
77
459
134
284
383
232
442
293
403
259
293
467
492
14
199
126
397
132
21
187
51
224
66
421
56
129
75
479
223
0
208
225
158
313
162
166
277
266
392
273
52
354
45
5
201
192
235
395
447
155
400
299
343
208
125
306
422
464
157
322
92
206
19
24
85
139
161
100
222
342
467
253
115
402
481
3
186
477
286
460
221
420
443
274
97
