307
495
291
293
102
284
26
253
271
167
429
18
447
254
0
386
48
283
265
346
24
299
431
13
110
378
413
228
280
478
90
254
235
429
164
444
280
405
213
407
355
165
430
300
70
354
146
443
205
235
65
45
486
31
458
310
469
445
166
148
462
374
115
316
141
383
275
57
432
461
148
296
49
62
329
273
111
331
400
354
304
412
1
100
27
398
171
150
277
400
406
495
108
89
180
349
270
302
319
397
496
256
129
428
116
451
216
76
423
25
393
461
419
416
361
498
194
28
110
124
1
414
141
302
320
349
93
459
385
124
328
25
270
102
118
399
404
381
316
350
170
387
357
298
144
12
16
242
480
167
98
212
409
175
316
144
471
10
489
462
293
379
235
291
290
423
422
95
342
462
230
474
267
452
401
64
81
277
390
328
411
344
289
188
480
148
219
158
19
350
497
58
155
498
4
202
23
348
358
238
171
44
478
16
314
342
451
176
33
447
321
362
187
476
285
35
81
132
435
130
194
302
262
343
246
442
406
259
408
411
164
380
151
112
379
309
144
106
397
85
226
192
361
194
268
16
66
474
113
62
243
190
252
188
275
311
500
51
361
36
413
36
428
335
166
3
40
498
338
74
273
119
375
219
436
113
71
196
139
358
320
462
209
353
369
334
62
265
291
457
353
50
164
208
352
256
185
157
200
415
280
490
361
468
249
136
293
173
84
364
341
213
56
376
485
497
171
250
244
83
204
102
199
444
31
127
164
368
364
223
273
391
204
330
234
413
4
181
200
438
431
76
279
152
443
326
110
314
348
52
493
121
292
456
71
74
73
419
360
377
321
284
325
83
310
148
74
94
195
284
341
242
204
274
295
259
460
303
473
158
437
365
423
489
101
133
295
281
497
21
188
367
202
6
450
78
120
220
192
302
338
310
473
118
303
427
339
205
5
451
356
323
427
362
113
418
189
249
390
327
87
440
290
209
159
106
252
182
342
450
406
447
42
179
10
302
159
138
17
201
410
193
86
72
485
97
124
489
256
353
39
154
297
226
278
388
451
350
387
71
202
481
220
480
130
215
222
196
77
60
87
342
415
135
318
468
37
102
324
174
394
48
68
279
144
192
407
126
336
465
400
196
453
247
377
95
346
71
483
345
