132
334
106
252
278
8
145
297
148
290
168
237
426
163
331
54
108
14
332
453
401
351
172
339
420
130
267
315
147
176
283
189
342
62
421
219
80
68
222
200
85
495
50
164
359
154
334
415
299
432
410
366
500
370
327
451
33
412
109
300
126
366
223
398
329
412
252
309
269
133
300
70
477
226
53
243
445
135
327
449
56
458
484
104
229
374
219
232
48
199
162
272
342
198
111
236
64
61
169
497
145
222
205
374
461
475
307
193
91
453
99
284
398
261
475
25
280
399
183
481
79
421
425
84
62
48
230
212
106
147
54
397
449
24
410
290
214
34
319
10
246
500
58
424
30
345
209
95
272
405
252
186
63
430
134
334
193
160
294
93
1
57
31
453
148
402
477
2
288
252
44
276
377
224
116
58
379
13
422
323
395
34
15
112
292
478
199
382
324
405
65
306
346
201
151
51
335
497
326
180
442
412
120
322
123
150
470
48
270
478
495
22
6
26
124
386
404
409
399
177
344
348
301
247
265
62
5
461
403
460
303
429
100
169
270
319
110
498
315
249
488
112
284
111
256
58
71
426
212
128
241
190
60
15
336
463
26
6
111
136
425
379
399
17
273
32
284
165
460
435
16
55
179
43
357
384
66
107
113
168
368
493
263
219
331
439
186
242
469
75
344
8
477
199
466
16
390
82
332
291
188
96
331
74
271
6
148
243
212
286
203
118
188
287
195
20
374
127
396
449
70
42
453
127
146
27
85
156
393
290
487
173
104
440
20
441
438
132
296
173
217
460
61
188
79
60
62
9
32
431
375
406
28
459
415
400
35
257
302
123
77
439
413
483
75
233
275
378
448
288
490
464
8
242
8
307
321
302
70
172
134
485
451
308
188
36
380
375
5
317
382
281
496
163
285
467
25
36
434
273
164
493
213
9
357
334
310
152
308
310
0
406
430
72
64
140
85
213
453
342
310
176
201
51
161
396
211
295
497
451
319
280
346
168
254
442
11
140
420
227
391
21
149
473
330
137
429
53
269
176
21
352
52
318
134
189
416
456
184
304
79
32
448
126
248
169
352
272
227
300
97
495
262
58
297
417
220
229
382
274
439
270
86
284
321
65
497
448
164
195
435
477
53
242
243
344
51
134
222
273
