412
115
229
436
31
78
23
466
372
282
383
76
295
94
352
293
267
445
85
147
55
186
351
258
115
86
85
340
274
28
6
484
456
82
429
455
47
51
299
144
434
437
91
130
107
75
44
264
351
64
10
54
403
181
288
231
454
397
127
110
8
34
418
320
264
393
253
387
210
161
158
276
196
59
145
135
171
348
67
93
379
177
140
259
312
137
109
494
68
91
427
283
257
410
360
449
59
181
484
61
181
361
431
316
62
227
244
276
386
444
377
60
204
337
309
149
358
102
341
172
317
310
432
302
44
329
360
170
399
339
436
422
2
302
350
22
366
487
195
373
349
195
141
160
158
444
212
202
348
42
29
128
482
397
437
344
111
189
450
67
218
313
449
307
205
367
490
208
253
46
76
206
422
47
240
429
25
147
430
346
498
250
408
222
130
448
223
485
362
385
464
399
35
239
144
488
124
288
247
224
492
102
352
310
423
92
111
220
338
151
322
174
260
90
37
135
452
462
10
85
222
363
229
87
432
437
61
115
496
405
307
268
299
3
177
155
223
103
224
202
41
75
430
348
312
485
383
287
389
23
220
12
327
449
16
209
31
76
452
144
289
100
353
79
268
429
209
365
353
138
476
116
374
382
45
170
447
390
49
55
44
275
396
298
170
189
216
84
455
251
207
207
155
479
446
82
489
120
361
163
18
482
113
180
30
335
131
187
321
2
385
181
46
114
121
219
73
487
19
375
444
110
306
372
308
426
442
289
61
68
333
295
464
324
136
242
208
107
213
212
244
131
355
36
36
485
126
90
397
303
243
357
490
230
165
216
370
464
49
15
97
106
338
129
107
426
343
167
2
14
428
303
58
495
478
19
291
285
280
190
106
15
220
381
414
88
363
98
95
317
356
164
279
247
355
133
359
172
223
56
147
187
268
55
490
354
299
410
122
200
327
413
153
92
431
1
238
74
483
151
40
327
159
124
499
203
239
172
355
152
19
146
387
260
50
443
4
426
92
212
465
474
400
39
483
30
443
275
51
259
225
154
457
430
84
195
170
484
313
444
152
24
311
495
13
385
238
199
220
256
185
94
249
355
216
440
456
372
297
399
448
300
289
99
412
49
431
65
127
128
168
186
222
184
279
20
322
88
356
439
