171
178
196
191
464
211
436
77
375
226
51
124
415
114
251
397
79
168
78
435
105
208
413
400
112
182
392
91
292
463
450
220
41
338
71
363
151
497
459
480
221
289
50
210
273
387
98
95
400
140
116
330
128
27
403
460
97
355
119
432
173
471
50
271
161
112
26
168
254
14
384
162
481
191
276
109
385
154
104
7
477
111
84
109
45
147
214
479
65
257
344
403
258
175
152
38
472
81
9
148
442
359
281
167
246
143
12
259
206
165
53
221
350
87
280
124
360
410
277
194
84
76
61
266
390
420
160
309
0
114
430
6
491
48
118
412
442
63
278
497
358
246
386
272
291
232
64
169
130
488
215
315
400
412
383
135
231
177
278
492
30
396
456
357
178
487
5
138
80
131
20
404
451
203
16
496
139
370
48
283
249
195
170
434
318
423
128
53
295
305
499
460
107
11
339
454
435
425
264
327
119
335
67
85
281
381
300
237
39
158
127
7
275
55
375
128
119
348
57
432
449
121
326
448
477
136
460
308
335
69
366
63
70
215
67
114
452
399
348
143
72
484
322
276
412
345
111
2
299
350
30
238
346
130
307
17
212
329
54
177
149
427
341
455
101
294
37
411
450
243
8
408
95
485
1
452
118
48
332
154
350
243
273
335
373
113
23
279
435
371
307
220
472
308
411
430
361
215
460
473
349
19
97
247
298
434
39
25
359
235
292
430
410
132
207
500
349
484
414
431
312
323
131
389
423
447
351
91
454
109
213
264
339
10
240
155
64
178
71
9
457
151
211
71
149
180
372
469
196
199
343
397
359
214
473
227
354
234
283
159
447
500
12
172
177
224
482
337
239
36
446
414
356
42
23
201
392
48
181
346
480
114
127
183
35
192
349
221
76
139
224
352
402
246
464
374
287
76
435
143
266
230
385
412
144
343
98
347
159
91
325
455
463
261
55
216
120
51
277
74
471
489
333
254
17
165
360
378
386
315
212
204
150
42
267
123
320
226
261
402
58
384
489
495
352
70
397
463
285
296
363
44
80
357
68
54
487
393
109
26
193
26
313
99
449
161
434
330
232
90
188
111
19
156
267
190
379
277
400
456
64
467
453
370
265
370
243
47
482
290
106
327
48
119
71
66
391
55
285
278
