320
0
126
32
447
9
179
481
495
499
80
132
18
285
139
180
63
223
394
227
362
272
225
105
285
39
46
414
405
412
57
121
290
309
116
226
208
209
29
231
304
6
174
395
12
104
165
124
439
476
262
1
243
104
45
30
75
399
76
134
394
77
145
199
345
289
83
154
134
440
437
217
106
226
53
468
98
319
496
42
404
158
451
302
14
305
186
47
78
13
206
147
473
239
71
143
231
314
489
423
157
73
478
197
125
405
160
168
67
489
219
457
123
68
392
124
480
311
190
435
358
331
430
197
83
430
50
135
441
13
69
175
69
313
90
66
480
302
263
158
186
467
345
84
450
47
461
197
385
386
334
246
149
54
22
223
60
121
405
48
420
401
73
355
337
216
6
15
292
63
90
291
310
120
84
312
50
274
415
476
480
67
122
333
19
252
189
37
245
23
130
139
443
370
335
194
443
298
18
405
25
50
327
138
278
417
362
209
487
428
343
301
218
22
479
400
217
29
491
2
129
203
143
281
466
236
111
214
291
324
487
359
21
464
464
426
443
161
263
171
52
224
233
452
46
287
193
168
72
277
383
414
456
158
164
215
261
251
371
438
298
10
53
403
381
349
448
444
112
475
356
445
417
445
120
126
44
195
438
11
78
408
338
495
400
162
417
136
88
304
123
214
287
397
490
305
50
398
359
367
292
295
323
60
144
42
366
202
231
130
84
435
371
154
319
263
348
387
499
154
456
213
365
26
348
231
243
468
470
446
7
201
493
278
43
67
360
451
425
190
7
370
494
382
261
458
301
14
369
492
238
192
158
290
357
322
85
442
479
316
219
322
390
224
312
62
408
386
412
316
29
292
268
159
465
107
415
367
319
126
5
189
168
127
259
403
100
430
252
58
154
374
118
421
445
259
188
496
436
440
34
152
148
394
438
392
46
5
98
348
260
151
307
112
10
377
79
327
394
425
16
412
81
249
76
248
98
387
255
87
155
350
324
311
471
332
381
418
178
257
99
196
416
177
214
192
56
241
361
174
342
476
471
370
188
214
160
170
370
477
271
141
391
219
142
430
204
488
485
485
349
78
460
184
332
90
20
477
333
161
269
280
116
415
143
296
21
295
4
289
82
355
32
136
497
16
311
1
276
191
