487
444
351
153
497
85
55
259
45
421
179
429
64
230
122
246
127
256
488
173
468
272
448
132
212
312
101
277
349
259
71
111
242
423
160
235
434
286
444
171
491
391
145
398
349
344
67
212
364
99
481
36
188
150
325
436
95
140
493
92
432
181
459
115
88
63
470
208
360
295
135
102
235
18
279
218
47
191
44
161
288
355
489
245
416
447
281
290
419
63
339
40
494
39
388
32
345
402
86
345
40
43
97
190
187
452
445
1
496
319
81
418
133
16
472
376
169
120
234
422
298
450
169
366
233
14
462
421
457
492
290
352
495
376
19
197
16
337
81
196
477
148
262
395
278
406
343
500
124
110
403
420
169
294
321
6
264
199
391
244
416
411
134
31
185
68
118
403
479
254
356
48
249
211
357
20
40
157
470
117
139
250
6
227
241
298
402
60
166
325
440
495
415
464
195
347
222
181
389
337
116
128
462
233
87
441
475
177
179
433
37
204
41
50
232
62
131
436
294
367
173
84
262
433
363
35
421
115
235
265
197
15
1
271
380
248
175
419
227
245
243
124
367
137
397
415
221
35
258
14
355
348
141
395
214
411
133
398
122
471
101
290
42
271
278
181
464
22
31
134
90
500
411
378
330
145
443
114
220
393
1
87
406
281
285
239
411
149
481
312
60
447
150
340
459
22
165
334
449
456
130
243
479
166
418
216
30
259
423
365
70
477
431
362
259
41
464
486
244
164
144
456
316
114
484
384
337
87
264
260
239
15
311
352
254
100
348
69
167
277
382
336
170
216
264
469
14
217
77
278
389
402
265
72
24
166
4
201
314
486
3
62
272
312
300
443
335
415
76
428
167
403
223
29
300
117
45
303
357
154
373
262
457
425
111
183
134
32
177
69
78
252
260
153
143
106
179
246
482
182
405
170
131
106
440
39
110
313
186
180
50
97
43
291
58
239
138
156
457
65
324
130
392
69
187
287
111
250
291
157
84
183
392
197
477
304
339
107
461
53
247
383
115
476
436
165
89
189
2
497
117
102
485
211
19
497
96
230
452
323
13
64
477
81
176
364
279
4
140
402
29
431
450
43
387
484
124
356
69
182
449
42
191
72
429
241
455
25
57
50
46
222
357
247
242
344
42
179
447
363
