53
343
173
307
408
355
83
439
429
49
184
400
385
248
101
312
80
265
19
415
341
94
44
304
261
432
55
149
314
99
109
103
321
443
201
405
218
136
422
216
406
430
496
114
258
49
210
188
231
468
330
156
120
55
110
335
185
341
455
55
255
146
468
247
314
459
65
209
407
186
293
367
166
2
369
203
433
85
92
286
52
432
292
340
447
371
30
221
251
72
416
349
215
222
500
77
485
306
297
85
193
357
195
471
323
319
14
468
58
56
346
289
369
38
240
106
118
264
288
200
228
264
38
185
19
398
252
15
447
257
316
461
4
95
398
2
355
104
100
21
8
234
143
150
174
127
181
120
488
263
54
243
340
8
331
5
28
144
269
74
447
33
236
138
75
443
201
232
398
463
274
324
379
376
343
487
35
279
94
396
414
100
460
6
412
405
120
222
202
44
268
57
309
162
258
260
47
50
285
216
17
272
176
287
285
237
177
291
248
23
65
281
68
301
256
189
467
33
0
441
158
136
349
283
370
133
100
195
141
240
125
120
302
247
491
122
346
478
362
376
376
319
472
74
29
364
255
445
315
415
313
279
498
319
499
20
466
93
153
324
220
472
256
223
335
226
176
277
95
205
129
79
448
304
161
412
139
254
290
134
290
152
47
309
175
232
112
238
71
17
416
376
252
115
39
105
339
220
392
413
320
200
101
444
431
94
312
278
280
339
450
158
316
469
60
153
311
315
79
367
120
368
243
234
10
159
463
330
175
120
435
61
470
347
26
150
98
188
330
7
65
31
214
86
51
307
252
134
37
299
386
191
146
446
98
389
275
309
387
335
65
34
10
371
500
197
155
172
318
487
144
310
451
144
423
72
496
408
258
408
475
37
175
419
322
108
434
50
135
266
238
98
89
354
233
6
339
329
78
443
352
465
407
27
2
48
198
179
254
133
388
314
112
65
328
325
317
498
161
149
407
81
366
416
1
403
368
107
111
408
113
403
10
63
82
57
96
375
70
35
288
254
86
25
286
92
136
183
375
174
66
87
204
390
218
130
385
40
404
19
197
339
164
289
439
132
157
359
499
367
0
375
466
311
165
453
158
104
468
193
41
378
432
113
164
228
498
426
411
330
269
404
442
419
465
338
125
223
209
223
