401
44
59
344
112
345
247
273
37
49
362
494
292
44
214
184
293
218
159
51
168
194
286
53
255
272
23
12
76
52
377
369
122
261
445
12
53
352
75
322
462
369
94
390
282
367
371
279
325
217
149
261
56
155
153
176
92
18
201
127
495
370
400
460
176
197
311
400
22
455
293
385
29
458
487
482
436
107
288
331
61
105
305
267
361
374
65
86
183
278
483
270
66
274
238
176
155
392
147
131
400
469
226
212
6
389
38
13
250
403
437
477
412
237
231
292
70
154
310
120
180
30
424
301
421
339
469
240
6
432
128
240
330
138
312
97
410
25
408
6
239
498
42
358
232
126
494
166
477
124
296
118
489
169
30
300
267
364
281
31
199
32
63
296
96
290
488
308
239
70
347
273
348
73
455
324
249
43
122
110
272
476
164
376
186
410
382
300
257
342
367
284
344
237
51
249
260
157
325
377
422
368
430
452
178
430
49
346
429
314
380
190
272
136
329
492
347
136
43
284
331
421
347
134
191
356
173
28
95
369
416
390
254
409
459
247
28
374
442
64
244
208
303
86
76
267
253
213
79
233
310
367
30
127
134
472
407
427
21
75
289
435
155
126
416
355
183
438
414
241
33
167
487
66
447
4
209
437
366
464
27
123
408
429
441
18
286
266
65
145
92
219
310
191
396
114
272
11
288
25
368
377
234
492
267
399
133
406
366
391
367
162
321
25
431
31
117
400
465
83
405
476
168
428
291
413
35
175
436
284
193
129
482
63
415
420
7
411
360
262
249
333
120
282
71
20
417
435
248
93
390
88
208
193
426
344
451
11
105
247
333
465
169
453
257
468
496
164
49
286
438
287
136
245
160
442
382
312
323
195
474
75
114
100
231
405
359
475
196
267
127
279
251
274
262
118
262
28
69
148
378
484
112
185
450
403
78
227
120
42
184
134
450
342
490
57
41
426
87
328
292
378
378
376
67
222
98
52
159
326
406
402
353
431
7
237
350
369
102
28
470
26
418
334
368
214
269
486
498
179
185
224
105
460
386
50
213
26
97
91
66
402
270
375
459
95
136
328
141
194
154
66
225
313
216
104
497
78
152
301
226
241
488
97
96
100
39
229
450
352
341
67
460
347
97
130
118
349
295
345
