150
241
480
81
145
404
434
270
88
2
217
383
40
404
442
9
66
169
274
231
253
357
376
0
240
27
300
491
94
85
348
88
222
131
336
498
379
491
12
438
210
441
38
446
319
67
11
205
32
166
304
262
71
117
262
207
318
417
391
259
320
147
154
54
481
199
197
496
191
466
486
495
425
323
127
372
239
244
189
187
28
259
215
316
157
261
283
207
477
142
334
67
450
129
245
390
450
54
423
409
80
371
195
63
319
262
379
91
151
349
387
167
174
300
162
303
280
58
466
176
442
99
212
309
1
13
390
29
160
34
450
21
226
93
254
18
249
26
174
141
385
205
176
499
334
285
369
280
15
146
370
16
29
220
45
471
164
371
108
63
132
159
7
178
459
246
456
241
133
116
196
459
115
243
241
458
227
78
421
95
299
401
4
281
452
38
16
43
258
261
345
307
28
306
158
472
467
488
130
399
145
448
251
176
149
264
466
197
161
262
202
307
448
497
52
103
374
463
452
92
284
431
193
368
150
309
287
452
433
238
108
387
197
416
129
457
153
492
220
130
98
191
309
455
70
61
439
115
260
320
230
356
13
219
488
75
284
12
68
400
274
195
447
32
231
392
164
275
488
22
340
445
322
308
27
48
439
135
18
197
476
253
408
308
332
89
139
40
43
229
372
153
323
210
355
447
225
436
294
474
334
301
64
263
147
99
190
328
139
223
386
210
372
468
76
383
357
468
28
478
66
211
23
153
195
182
273
101
67
374
180
396
259
64
146
335
321
282
184
139
18
233
71
208
450
20
429
416
444
472
426
397
443
369
254
390
58
303
181
158
394
94
171
261
275
295
51
193
357
65
290
241
85
279
126
11
410
0
32
485
466
375
419
394
156
454
220
81
443
237
232
91
35
187
428
462
293
207
188
300
277
101
347
41
326
252
91
368
416
32
78
348
347
27
303
203
312
212
480
72
187
244
264
276
441
216
244
61
145
201
198
4
289
445
311
288
209
313
425
106
58
215
440
387
122
216
369
172
26
355
173
272
21
467
151
265
243
414
482
199
419
422
458
435
410
459
166
60
120
421
111
19
215
437
179
9
414
363
141
394
255
376
479
221
117
278
189
160
104
158
330
37
375
84
0
481
211
434
211
92
