218
90
428
178
73
486
403
248
331
53
292
361
276
418
234
479
289
159
287
256
333
29
464
50
208
464
37
239
282
448
262
192
434
106
224
241
62
223
427
494
196
341
475
346
227
15
126
194
472
334
5
369
378
437
465
76
70
458
150
242
346
300
179
51
91
30
293
106
148
269
164
469
353
169
271
125
16
17
148
321
151
439
185
418
249
361
263
68
119
205
157
349
40
329
207
26
299
139
160
56
480
145
346
392
313
114
21
212
416
38
257
352
47
132
237
87
296
253
165
187
439
268
69
495
346
174
12
488
54
348
148
433
242
225
20
36
334
6
177
154
490
271
221
369
356
364
417
75
171
86
214
108
59
147
266
283
455
59
48
118
440
96
494
268
249
349
429
330
412
212
381
382
495
162
304
95
306
197
481
268
298
465
39
348
472
168
337
237
62
437
368
114
466
22
459
45
47
96
146
215
313
47
72
353
309
131
268
206
386
487
313
17
405
328
159
440
170
321
335
241
87
127
432
399
478
394
333
318
2
134
74
253
37
480
244
28
252
154
298
261
202
410
68
137
248
111
85
413
458
454
275
413
460
429
388
384
68
344
383
320
119
35
321
177
36
119
35
390
395
421
13
8
418
395
129
113
375
472
184
139
22
253
420
162
361
29
452
263
94
36
124
197
475
219
306
396
9
371
285
215
105
71
16
171
439
457
244
93
4
236
328
201
129
323
294
42
217
92
78
344
137
498
51
405
156
300
288
285
138
185
267
255
334
426
258
243
364
482
52
437
444
112
469
101
267
112
185
72
260
337
361
95
87
8
141
345
184
15
133
277
25
38
43
155
246
485
178
378
299
25
396
386
226
325
287
171
191
14
214
307
126
452
112
189
49
103
306
387
389
365
337
179
173
283
127
178
36
229
222
115
426
177
11
459
328
195
183
286
333
58
62
283
62
163
330
383
66
156
398
338
347
289
58
159
132
113
49
122
38
380
352
328
379
349
213
337
309
271
237
285
386
288
443
99
180
381
394
290
430
402
75
270
314
242
277
22
90
261
317
196
72
436
80
167
257
451
468
408
441
22
51
343
353
144
140
425
440
190
224
351
404
498
226
490
205
417
335
367
217
168
479
403
56
315
128
78
129
82
416
328
