481
120
502
565
247
544
370
198
40
524
498
335
214
601
618
426
478
177
210
80
12
519
514
426
619
602
117
149
279
153
371
51
97
540
262
327
281
263
437
482
89
356
25
165
167
625
136
462
505
38
385
494
284
526
273
44
146
598
113
394
63
497
164
409
623
291
61
42
387
329
298
551
596
102
439
184
491
439
294
593
279
587
607
230
543
86
145
615
369
119
117
292
311
155
182
226
415
566
439
28
142
489
153
387
158
33
408
329
134
520
579
24
324
291
553
26
102
200
325
92
325
240
189
195
151
502
561
241
108
348
46
4
53
4
169
387
38
157
286
166
367
179
444
517
435
123
329
515
245
3
245
616
437
377
443
242
126
525
596
245
577
290
211
283
182
313
431
32
625
112
295
193
242
264
555
322
440
368
304
559
58
610
110
324
395
166
420
481
394
166
478
328
567
546
351
183
6
299
189
259
613
408
521
31
204
558
122
582
616
262
489
5
53
188
307
347
506
14
510
260
25
451
0
22
406
624
598
6
198
71
541
77
545
578
153
383
353
115
256
522
243
236
463
487
506
141
484
347
196
390
284
388
202
397
549
244
620
532
209
502
2
497
472
177
553
436
310
561
293
123
138
129
613
176
449
185
540
550
127
502
116
2
566
44
173
153
445
10
435
150
569
542
63
88
282
288
226
170
19
301
568
410
130
185
449
34
606
504
16
438
168
555
537
143
7
136
75
545
276
255
293
161
337
88
296
458
227
425
404
558
167
108
22
576
501
453
71
56
419
242
414
550
147
30
131
22
137
602
517
217
481
79
25
619
146
583
250
490
255
45
494
278
600
571
164
243
430
106
202
582
187
105
260
111
16
64
86
15
394
562
501
560
208
25
315
108
489
578
348
353
310
482
493
542
412
469
86
448
452
238
454
280
195
487
239
224
22
551
81
410
83
622
170
6
172
94
350
524
257
435
284
229
204
39
111
510
594
120
499
101
441
88
171
513
8
382
114
26
280
171
376
110
311
412
69
29
493
603
77
82
225
66
0
129
279
188
290
70
126
534
443
463
111
232
107
185
392
406
211
9
582
39
276
545
234
290
426
520
564
389
413
8
10
405
315
351
18
282
188
530
517
531
112
64
332
304
90
566
240
138
516
242
10
210
402
598
573
166
391
235
512
82
598
616
448
318
345
529
32
6
362
412
338
543
56
539
233
6
420
379
22
594
168
319
490
43
595
226
215
331
468
386
81
372
296
267
260
141
240
347
331
569
155
163
58
535
512
332
411
342
480
303
624
567
159
393
331
514
451
536
103
423
186
434
608
263
115
354
297
376
56
417
602
260
559
324
257
144
436
72
37
398
175
532
489
314
606
454
46
616
88
498
368
281
244
397
479
31
284
219
18
73
480
556
416
620
606
424
349
507
341
387
551
431
79
