152
392
113
477
221
117
325
462
180
470
54
118
244
355
80
383
165
258
538
181
285
156
277
599
141
426
396
189
78
344
315
38
519
416
560
166
184
262
145
592
84
12
377
488
6
361
21
555
461
383
333
293
29
318
585
609
232
564
131
593
143
428
265
376
519
625
500
447
141
110
257
516
419
41
206
375
584
500
176
350
346
5
569
360
62
381
502
413
567
217
268
415
544
125
278
609
421
215
202
341
201
618
478
35
310
49
479
280
309
502
13
245
24
552
485
363
289
283
361
259
44
145
126
261
135
465
112
528
251
603
82
486
422
168
554
54
316
256
455
402
592
238
444
544
53
338
392
418
513
16
43
266
165
132
87
568
616
89
422
44
462
209
351
277
8
87
290
464
461
619
453
352
12
449
152
38
132
246
495
545
239
330
555
110
274
155
197
60
477
10
404
115
440
486
544
7
412
133
94
482
452
351
524
497
69
237
207
352
356
85
534
477
66
418
465
38
534
401
61
382
135
313
59
275
305
248
392
400
396
285
583
72
46
250
353
268
442
23
553
485
465
274
414
570
47
248
65
360
285
98
386
611
80
403
338
135
31
105
586
613
312
316
440
18
511
119
199
394
23
12
338
265
56
264
182
513
209
449
508
428
489
281
36
123
554
181
254
376
620
569
615
294
32
504
324
355
105
227
210
105
376
547
317
466
313
375
367
166
251
524
453
207
24
368
570
319
172
85
114
357
495
185
293
130
245
454
437
364
392
486
30
136
603
595
261
4
413
562
610
108
32
404
411
435
615
220
259
449
613
152
336
311
484
308
601
30
104
273
95
438
449
151
410
534
338
367
523
39
205
571
394
197
613
251
469
241
201
444
537
604
384
107
164
224
397
250
168
102
495
37
120
322
86
345
416
174
392
579
372
325
181
542
479
392
422
427
13
400
169
312
187
357
76
423
445
252
395
577
222
159
519
152
70
121
327
551
181
324
573
366
96
449
116
458
95
509
266
496
586
21
314
301
505
86
125
595
600
554
589
216
33
555
288
168
21
38
228
91
470
41
367
565
324
36
289
574
180
552
260
454
88
16
66
71
361
118
268
178
598
223
485
194
589
132
399
167
186
536
53
182
214
273
537
358
418
303
343
343
356
563
515
520
187
126
86
44
537
145
503
503
273
231
497
471
430
566
526
256
596
197
94
397
591
72
284
607
469
389
48
277
550
408
561
241
363
297
539
444
597
400
488
321
373
236
436
277
461
598
513
92
172
555
343
541
195
590
606
310
421
51
599
3
514
247
445
24
6
620
323
182
466
183
301
412
30
118
426
279
165
411
127
249
362
569
106
397
295
585
26
188
76
479
343
219
186
565
54
603
163
161
353
92
498
263
594
137
186
251
277
315
186
245
148
270
393
439
457
142
535
289
136
534
591
220
37
