260
68
469
509
241
23
355
463
410
492
332
543
283
67
308
71
461
128
317
368
42
177
403
591
398
149
339
245
508
34
99
571
6
418
239
559
393
110
605
370
59
87
321
369
246
615
276
423
199
19
162
137
428
262
508
236
596
61
333
487
319
415
242
539
70
478
33
52
400
271
41
569
481
463
87
443
72
574
618
466
458
310
138
141
21
482
569
129
265
348
470
269
469
542
403
223
497
138
507
449
239
209
454
71
152
440
129
414
555
610
423
50
23
486
465
186
23
242
223
202
308
13
586
607
5
380
410
185
367
62
477
584
283
145
26
439
333
153
526
127
390
245
290
169
557
506
558
122
185
397
75
271
82
376
75
359
50
279
5
424
272
534
491
83
576
404
275
269
91
473
263
555
247
157
240
158
324
178
247
474
200
329
2
456
470
460
371
452
563
53
518
240
600
383
421
355
288
422
340
286
394
6
469
393
28
497
319
83
171
66
601
40
311
591
329
77
388
85
91
426
203
565
590
327
101
473
193
267
35
163
204
32
129
335
249
601
286
416
81
64
474
99
274
624
536
308
169
344
270
620
292
428
277
413
380
204
158
541
112
156
151
127
164
289
509
311
130
436
557
365
554
47
103
218
165
513
535
4
79
531
558
489
114
162
478
532
204
494
120
567
386
541
581
366
585
434
290
473
37
576
129
19
293
259
357
559
333
59
614
1
500
286
514
436
125
344
389
402
472
252
63
125
439
36
441
458
139
103
565
381
495
113
207
138
9
62
122
173
399
617
404
598
542
292
574
293
593
505
355
491
395
23
476
390
506
502
119
416
455
372
53
61
227
166
111
440
475
599
329
560
333
79
529
306
383
301
92
210
505
145
173
22
517
242
505
313
401
496
518
550
528
91
216
187
539
31
250
110
265
399
252
450
423
442
390
185
158
209
441
360
524
577
447
258
75
225
609
187
34
226
137
54
444
64
409
443
212
151
100
69
300
218
328
336
561
294
25
569
327
599
326
487
254
527
450
535
18
124
597
591
471
504
154
234
507
13
176
448
290
556
453
445
307
84
277
504
435
522
176
336
348
601
333
487
452
470
327
20
177
96
108
477
169
56
254
374
526
42
424
523
510
377
405
333
365
416
247
269
232
79
138
457
33
150
266
524
298
547
157
463
515
355
68
83
509
587
175
507
426
256
362
284
259
266
520
361
34
498
483
541
343
620
453
68
128
570
383
66
546
435
235
410
522
614
510
230
149
308
249
7
571
252
134
338
26
362
508
262
558
185
240
187
86
75
54
556
332
28
13
363
70
533
524
387
615
447
16
238
504
313
207
605
255
192
419
432
320
297
122
459
624
452
456
347
10
26
331
128
235
108
176
145
578
555
121
150
536
293
533
0
560
135
300
116
426
13
600
167
518
108
372
402
484
369
499
