492
584
625
553
313
616
77
60
240
201
417
364
138
249
623
605
437
166
192
410
152
201
557
545
3
347
230
163
482
328
223
219
146
467
120
17
578
16
298
222
428
520
279
156
233
602
555
242
337
324
502
362
86
219
267
307
198
276
466
373
270
550
64
485
367
449
236
112
600
64
330
3
432
150
525
315
183
512
343
213
29
303
625
249
157
249
396
282
281
332
173
250
348
2
30
484
54
155
471
248
449
515
489
235
425
291
506
145
10
173
153
169
120
612
346
479
124
493
11
312
182
59
380
250
142
175
59
374
349
429
606
556
460
416
574
611
319
154
607
28
568
299
611
40
3
433
214
245
600
493
63
551
72
321
537
209
105
314
246
108
11
43
557
79
189
22
70
47
296
119
188
54
209
582
66
38
386
346
118
496
553
344
582
507
362
80
362
530
560
617
63
99
390
37
44
355
36
559
201
418
88
38
274
291
384
479
164
454
96
575
150
182
127
554
436
46
294
561
382
386
304
487
178
472
435
388
563
403
554
486
418
349
14
482
64
134
55
398
141
275
56
324
464
40
552
140
594
173
555
108
274
233
105
596
478
428
569
410
326
583
338
165
608
347
560
177
314
439
541
359
181
283
428
340
569
146
55
234
189
80
71
311
562
263
376
77
330
541
465
223
332
193
5
525
234
9
342
19
16
230
76
463
381
236
128
145
272
218
127
190
83
163
310
478
77
77
446
423
289
506
230
516
606
511
562
409
459
533
300
398
329
531
229
538
539
29
119
473
30
437
619
332
190
261
239
366
616
38
366
392
303
351
359
245
323
45
478
396
388
493
397
194
81
357
485
266
607
261
271
410
406
37
481
74
609
575
540
128
465
48
602
518
7
199
561
583
457
444
6
266
60
320
460
477
521
613
363
105
204
579
288
93
248
587
573
519
261
239
142
245
538
231
108
281
515
476
201
367
407
340
104
584
6
444
315
490
368
497
437
492
475
69
617
64
266
566
170
212
556
284
117
259
551
382
20
470
390
84
456
244
121
75
554
420
154
366
177
421
203
116
593
192
429
576
554
582
158
406
594
600
509
572
95
411
8
82
29
594
307
321
62
579
9
399
128
273
451
463
178
83
449
508
511
606
326
107
169
117
617
98
98
539
451
334
575
1
514
618
377
464
150
268
2
296
580
436
295
231
606
548
263
234
473
22
600
458
81
242
22
180
17
135
127
95
565
268
305
351
511
54
258
186
398
247
445
333
407
579
433
41
293
294
216
28
509
8
445
120
357
99
218
139
409
174
405
203
75
303
492
189
348
240
64
287
167
298
246
38
179
478
6
348
363
605
608
392
177
366
211
40
447
277
109
273
205
166
5
130
412
119
542
176
617
110
355
423
436
587
34
426
145
143
87
235
166
421
152
379
544
614
212
591
94
99
404
