57
127
358
188
427
154
357
620
427
126
271
452
496
18
54
6
481
184
331
264
74
127
201
336
376
312
226
448
135
410
94
447
616
424
444
182
578
504
97
524
341
152
207
521
277
176
19
35
323
52
67
301
219
521
211
127
234
82
318
148
156
138
532
398
573
438
228
240
119
104
497
384
606
190
587
362
51
222
494
82
564
11
177
596
497
276
63
266
480
395
94
35
496
129
595
516
459
475
491
605
103
513
466
339
384
267
418
608
110
114
129
393
248
238
10
263
522
427
339
450
25
312
597
123
527
149
515
292
12
346
387
212
264
382
443
274
311
70
274
207
289
176
409
481
134
397
468
524
130
585
211
364
321
84
91
15
150
379
530
428
472
254
511
308
293
210
502
418
22
480
313
358
245
85
2
231
296
333
507
428
252
375
541
357
456
539
468
392
302
33
300
283
158
385
40
377
32
129
91
36
548
426
67
524
552
28
183
581
420
474
368
206
391
617
243
284
284
244
183
317
143
547
532
621
18
448
146
621
558
282
221
0
16
381
80
170
470
54
540
415
71
296
127
95
319
476
86
250
306
565
569
150
590
554
424
138
423
423
609
8
509
463
84
38
156
233
157
561
307
312
153
267
461
19
96
597
184
581
456
202
363
117
608
263
150
451
367
247
21
462
521
294
42
158
337
169
358
68
546
212
105
324
207
557
231
282
329
16
132
474
439
327
242
569
509
320
401
169
285
174
164
114
64
57
498
606
282
86
188
250
64
76
611
75
542
347
553
50
86
133
624
593
183
410
180
454
163
63
609
211
550
575
197
239
359
202
59
236
312
484
513
358
563
534
547
594
592
7
165
537
574
416
21
389
556
491
257
66
423
479
17
449
95
158
26
569
292
129
252
109
529
606
472
304
270
169
577
537
597
333
259
419
472
388
477
578
29
12
55
340
500
473
211
607
45
124
312
383
573
207
525
336
209
147
420
91
180
473
86
297
209
339
604
352
216
324
383
559
79
1
213
482
592
577
227
623
582
577
339
469
309
365
278
534
522
409
394
26
400
297
277
285
144
392
268
247
121
518
583
600
367
353
14
316
132
328
70
430
95
141
450
16
359
283
199
106
561
48
482
286
327
234
38
138
192
525
62
237
88
156
348
69
409
485
408
546
171
307
390
42
393
88
347
485
438
22
510
560
547
90
336
249
603
621
625
47
294
607
553
234
562
30
579
555
584
468
177
528
119
266
122
152
92
436
24
132
252
602
241
214
135
176
286
120
289
123
144
583
604
511
188
361
465
361
511
23
129
601
478
269
235
578
481
174
594
131
452
527
522
259
221
600
213
256
386
285
312
378
63
61
4
418
52
585
165
161
483
117
56
485
243
613
54
194
305
491
59
104
0
20
596
191
201
593
480
592
334
423
512
88
362
245
422
106
466
