462
566
19
364
359
17
134
588
422
214
115
546
139
336
553
92
538
340
494
219
110
566
355
211
398
150
202
534
19
180
557
588
173
200
436
341
555
81
219
268
228
233
232
342
598
573
605
283
116
503
501
266
600
33
106
89
372
421
564
584
251
388
296
561
529
580
126
347
151
20
122
379
474
213
138
138
536
337
113
466
220
274
492
351
405
590
623
503
347
433
9
595
592
58
343
414
142
539
170
240
98
238
132
307
240
509
208
619
474
1
625
150
265
497
549
392
89
331
24
109
422
329
393
359
479
20
216
221
407
53
542
310
101
227
439
223
220
393
124
491
603
480
606
350
17
275
384
302
103
525
186
202
78
256
592
200
305
619
8
342
135
310
309
52
438
600
166
161
535
531
8
162
527
49
11
538
272
178
347
65
85
524
479
61
292
598
529
329
369
247
143
40
219
54
262
234
512
524
246
83
29
302
408
267
289
69
499
115
371
315
468
213
594
323
243
55
348
559
304
533
622
101
12
107
72
64
13
252
97
127
297
61
270
291
351
43
30
522
291
160
459
595
246
225
231
574
202
18
466
573
43
565
73
365
218
502
205
490
53
480
314
272
60
452
341
276
187
469
619
484
513
49
446
196
368
613
233
13
251
238
57
513
64
62
131
237
176
107
439
291
555
126
60
246
402
424
471
150
623
503
612
440
526
253
444
569
351
184
457
264
144
360
513
65
472
107
413
522
220
207
475
384
68
165
92
64
202
85
301
392
585
560
187
253
349
459
621
44
262
211
497
374
164
225
518
343
281
72
126
99
286
559
124
358
618
273
580
198
179
230
64
502
353
489
513
609
135
470
582
47
343
24
29
512
30
503
446
548
618
585
503
200
592
48
201
55
6
497
264
169
145
229
609
283
338
58
141
59
417
616
592
382
152
122
589
556
453
276
276
33
108
138
205
240
459
384
23
121
56
292
143
1
361
185
606
120
71
311
356
479
525
124
390
193
345
234
166
320
336
385
25
155
491
200
564
356
130
65
103
448
40
95
591
333
325
547
196
416
366
201
63
256
101
17
19
361
615
142
188
146
448
97
179
548
390
574
116
4
250
278
303
584
250
21
265
491
469
551
109
475
509
148
282
79
514
522
614
165
128
48
394
562
447
299
135
116
326
491
561
171
494
574
461
617
57
21
385
360
611
302
428
338
381
469
375
412
232
575
237
228
618
76
590
128
115
103
224
551
47
14
70
288
134
9
362
110
491
36
472
206
92
87
21
497
132
350
106
572
476
71
308
67
112
419
351
128
33
489
464
242
174
416
604
178
33
124
84
391
431
372
155
532
65
51
353
65
603
256
112
191
348
494
150
202
359
563
520
114
417
48
377
353
228
140
88
238
430
265
551
622
553
559
328
254
569
469
55
14
520
530
586
190
144
473
39
