292
209
53
396
617
411
193
22
169
552
156
133
252
98
31
226
247
417
562
357
588
580
116
5
489
171
70
612
242
625
609
394
498
167
351
26
20
573
590
199
259
447
510
133
56
327
325
140
293
239
190
325
316
287
213
586
259
183
212
140
517
195
251
599
620
93
128
369
526
266
498
411
419
134
493
18
597
547
124
496
619
607
42
587
327
132
10
306
153
157
618
334
132
7
466
502
70
94
306
133
67
225
201
23
337
23
309
424
464
325
368
212
87
248
81
430
222
100
443
10
562
282
366
498
99
173
80
501
121
75
377
331
241
408
557
88
521
538
171
443
165
8
578
583
56
33
19
222
397
587
480
183
189
486
240
202
501
120
139
245
98
529
560
505
178
431
360
407
177
234
36
521
185
594
220
208
332
623
323
111
504
586
547
322
30
273
348
563
249
556
299
176
446
581
239
91
236
541
287
566
458
544
549
517
189
316
484
156
344
356
160
84
356
208
616
291
205
100
420
159
564
283
606
190
4
338
230
9
42
57
458
67
362
112
46
226
362
586
99
292
446
465
47
545
330
233
417
410
308
95
551
613
268
481
182
502
532
437
15
91
617
50
22
162
242
384
438
477
246
143
459
331
352
151
450
242
11
581
272
258
17
337
329
414
598
175
441
4
54
517
250
364
497
311
565
12
260
53
119
532
74
512
599
199
141
257
27
34
262
94
360
464
212
321
310
584
189
153
195
56
112
352
262
49
347
572
131
622
624
479
316
602
519
123
321
382
209
512
390
455
356
132
159
122
83
352
610
599
452
252
17
280
558
403
83
244
506
240
41
582
87
473
34
160
214
175
341
407
479
567
7
81
467
63
406
468
67
285
554
105
7
617
37
98
421
384
410
588
456
74
343
506
166
485
388
13
47
307
251
326
231
193
395
340
385
66
611
340
115
348
332
86
360
293
217
533
354
59
521
489
438
394
393
3
119
108
501
313
620
577
56
580
519
395
578
403
444
188
521
209
235
200
177
578
450
75
316
413
193
111
471
295
178
546
570
142
43
152
411
595
367
559
87
230
48
306
189
99
589
578
257
625
139
599
213
191
516
555
452
555
559
508
403
202
509
334
409
337
617
199
51
383
559
243
599
604
2
139
500
219
114
623
193
281
93
498
392
89
591
28
442
65
113
129
104
322
299
134
491
42
193
15
368
509
339
69
284
600
450
282
56
153
555
207
254
204
5
622
452
59
479
449
435
21
383
565
16
283
45
155
312
418
248
323
109
78
95
60
343
63
379
174
485
109
134
118
122
610
501
403
91
95
373
559
458
138
467
165
299
517
299
12
566
548
85
377
369
105
438
290
619
289
74
289
420
389
253
90
200
289
581
462
182
312
327
330
147
559
375
456
260
378
610
62
105
61
393
132
152
340
354
342
198
478
202
