230
516
299
499
426
419
456
480
76
291
108
590
159
4
484
97
221
592
315
37
270
199
252
198
56
504
377
66
21
306
377
21
79
203
574
372
239
447
163
183
530
214
143
452
34
474
173
571
57
463
284
345
251
46
73
229
103
401
284
538
551
602
89
478
513
493
582
409
495
383
364
110
221
206
19
286
352
39
473
552
14
53
445
419
537
377
37
113
512
246
535
541
139
500
443
210
169
304
506
153
3
277
382
416
485
309
394
239
58
310
329
576
264
475
424
568
121
148
88
389
520
478
370
120
17
573
527
190
514
620
337
52
420
390
615
301
310
199
158
199
537
619
226
15
108
464
594
232
403
411
58
299
259
183
310
284
584
26
40
519
170
5
307
602
389
497
605
96
113
372
299
79
541
599
261
587
464
557
399
244
518
463
547
548
147
612
333
106
534
242
97
27
286
534
208
491
103
344
468
461
178
210
261
116
516
437
593
62
389
290
420
416
566
343
417
112
352
405
20
222
256
12
624
16
193
206
411
238
281
306
439
492
318
459
214
433
101
110
52
260
541
205
380
562
611
487
490
443
203
116
172
108
327
455
188
424
580
237
365
22
491
621
80
243
333
193
159
452
476
609
150
601
227
142
20
374
610
387
211
589
126
91
15
444
178
492
203
115
183
326
305
596
355
499
105
469
124
613
2
266
173
326
187
16
518
172
39
85
404
537
221
125
610
138
56
95
70
479
174
1
239
545
456
343
116
412
590
83
222
593
234
504
11
562
416
244
590
411
40
150
527
91
158
195
391
586
132
601
620
27
568
147
88
363
621
223
579
108
46
543
37
105
623
63
470
545
49
544
418
16
122
114
320
333
549
428
569
583
105
237
75
460
441
269
517
30
346
622
545
251
352
162
624
342
280
1
269
454
447
423
109
291
519
130
376
585
50
132
201
230
553
436
373
49
513
477
48
376
337
526
253
75
207
478
547
442
76
393
33
270
363
564
299
205
120
130
30
170
260
26
156
99
169
469
517
477
502
84
558
368
440
354
535
485
218
287
233
552
72
288
251
608
351
337
523
308
608
550
175
102
121
18
613
320
98
101
19
366
24
273
471
494
299
39
312
467
50
280
368
324
246
208
118
58
147
249
423
494
31
575
124
353
331
317
216
403
132
382
550
379
253
457
564
47
316
57
19
336
249
173
164
16
310
219
583
341
434
258
468
237
87
304
134
299
421
162
139
57
199
27
57
193
1
298
122
293
512
316
90
7
25
173
268
452
171
437
408
59
617
519
167
287
114
175
521
266
233
574
252
159
338
64
55
281
327
547
17
364
551
127
349
423
583
383
625
25
291
495
481
145
210
360
342
208
218
586
64
314
191
506
480
400
30
487
59
303
359
592
174
318
463
611
536
450
472
436
21
544
572
277
232
380
459
281
89
