437
315
143
159
331
17
532
230
502
602
540
160
416
552
440
22
434
74
195
591
311
445
285
160
92
351
13
466
282
544
327
476
488
71
93
511
147
34
470
154
45
483
588
431
396
192
237
272
492
253
414
84
281
160
211
492
398
504
179
153
624
255
76
0
211
107
376
173
349
597
120
479
536
496
581
81
223
297
260
547
407
447
47
559
558
482
530
408
214
92
542
385
341
508
0
494
567
329
430
155
176
418
256
115
194
33
215
234
350
525
91
289
465
465
160
584
58
207
391
1
338
144
197
483
314
622
211
558
353
305
532
327
287
401
195
161
625
593
301
501
499
115
33
311
162
512
166
372
89
501
296
471
240
10
143
280
524
485
229
210
237
270
360
613
221
22
140
214
271
70
496
44
399
266
337
151
355
579
434
517
515
518
213
320
555
491
471
286
77
184
34
445
335
42
306
586
156
390
216
119
490
91
38
259
284
319
178
424
96
446
168
307
77
258
424
66
173
132
617
209
544
21
346
306
310
175
365
27
173
412
436
397
166
325
602
584
600
4
51
71
314
301
153
319
20
444
18
541
140
201
533
132
399
565
163
474
32
412
467
610
512
527
108
545
404
323
342
182
16
467
326
512
429
17
48
473
339
370
274
255
135
42
283
328
332
509
490
92
330
141
504
53
364
399
411
393
338
364
291
106
24
82
294
526
202
511
623
154
518
539
338
499
582
541
12
482
283
297
367
513
186
381
197
195
510
212
262
348
108
91
292
121
409
525
75
603
558
439
383
536
114
496
306
327
214
271
557
488
506
544
574
393
404
52
385
464
23
439
281
494
345
153
273
254
612
574
9
100
302
243
23
429
137
264
19
356
144
8
589
570
427
344
302
556
0
570
201
128
64
334
378
534
341
470
189
96
442
252
267
18
205
420
509
419
278
371
132
587
288
417
584
560
60
542
212
382
177
354
361
516
5
585
294
293
509
14
145
150
77
196
579
444
69
44
124
373
6
461
600
432
70
387
116
45
306
268
427
411
36
339
193
219
73
145
511
362
178
602
277
138
274
326
390
407
301
573
364
213
588
292
557
122
342
441
578
184
585
215
490
234
521
263
490
69
439
623
308
247
597
128
320
11
39
23
256
553
384
277
175
130
590
493
322
551
119
100
213
431
175
297
316
325
316
169
104
30
55
372
571
56
181
391
198
439
535
204
224
405
261
217
207
43
38
44
221
425
305
97
546
378
547
418
397
382
8
529
110
73
150
567
157
343
495
66
169
353
417
185
218
46
591
118
220
232
3
467
400
525
106
449
196
77
316
86
188
514
179
486
512
252
180
180
559
134
208
278
16
126
580
25
172
184
445
42
91
595
596
447
118
156
43
190
325
314
122
404
343
393
77
386
454
205
217
551
151
365
243
204
593
194
608
212
280
496
414
