74
239
180
438
143
104
390
351
228
614
531
594
321
495
440
61
595
190
124
54
305
286
540
462
29
434
479
576
197
75
65
119
556
240
61
98
200
18
449
314
336
267
85
481
490
189
180
147
300
241
68
343
180
403
566
33
358
181
508
271
89
31
459
477
305
42
455
385
150
538
57
279
65
54
482
615
511
156
489
3
38
492
207
278
90
516
5
513
64
228
387
284
1
489
278
310
387
118
279
66
251
501
607
288
445
494
391
248
383
391
89
615
506
442
62
4
238
117
203
267
62
279
67
299
154
13
364
283
524
341
401
555
126
325
457
320
313
582
425
134
369
240
227
256
255
514
473
603
59
256
135
598
289
306
325
0
192
478
102
263
444
516
267
427
76
380
116
287
613
273
516
516
21
245
543
213
382
538
623
113
613
395
390
76
154
562
50
232
279
263
351
401
433
348
548
436
76
46
136
448
288
366
222
351
492
166
234
331
286
52
257
173
464
163
353
505
588
267
65
199
395
484
118
406
70
59
541
16
568
492
344
489
264
550
108
327
101
298
40
300
108
525
180
233
249
406
267
172
235
188
607
36
274
369
177
328
316
513
485
240
83
510
357
142
228
358
49
425
541
154
253
462
307
221
554
275
170
103
443
50
342
580
567
502
162
255
590
268
123
136
595
465
12
231
500
11
1
97
23
387
27
554
307
488
292
448
80
596
7
19
619
503
43
305
241
314
83
16
279
267
14
82
190
438
418
496
234
318
113
276
568
606
380
171
232
379
480
394
472
605
412
11
172
401
156
545
236
0
151
1
41
38
316
422
102
193
580
562
279
391
501
270
453
144
105
66
105
51
542
248
612
233
569
454
89
93
92
550
51
50
408
591
94
211
253
548
464
115
84
568
48
599
261
4
90
454
39
97
591
466
537
167
209
107
356
546
426
441
177
512
338
184
152
580
530
410
417
119
561
477
88
559
259
373
35
155
401
0
594
499
348
25
545
46
203
91
135
538
568
139
10
418
90
385
541
262
216
293
397
7
72
347
440
29
171
504
423
304
108
335
437
514
484
464
4
536
428
123
437
231
412
534
441
134
310
466
369
472
570
323
61
220
254
552
27
214
31
49
27
286
219
309
87
122
386
26
511
252
497
367
365
515
475
232
600
597
449
599
111
500
411
471
376
507
84
251
534
155
237
550
153
494
395
137
426
358
29
269
47
123
234
406
161
496
149
324
20
114
405
48
582
320
427
256
307
459
150
311
191
295
48
598
200
290
124
222
189
266
621
423
172
399
391
126
283
81
327
624
214
376
26
394
359
395
114
166
355
69
434
287
539
203
523
294
230
283
357
403
243
59
220
296
8
251
466
417
393
178
395
485
372
108
133
439
569
92
421
564
605
509
105
408
189
489
144
230
473
276
527
285
164
431
512
359
121
