461
310
462
61
81
402
541
347
424
144
241
112
102
450
315
405
566
287
61
122
48
402
463
468
73
303
256
322
416
112
187
371
85
483
500
363
600
284
584
237
44
208
282
547
623
514
518
416
208
35
10
482
392
191
511
367
173
11
622
464
420
86
164
29
494
155
337
418
263
230
10
460
498
13
100
307
163
400
74
287
129
397
339
545
389
531
425
86
405
107
177
251
271
460
165
488
165
545
223
24
173
237
399
408
519
405
21
32
143
597
394
364
101
26
46
49
140
386
487
366
57
338
190
226
242
355
20
147
358
111
115
222
614
260
483
234
441
108
562
595
422
275
162
305
116
262
352
341
537
448
34
459
513
575
150
226
618
237
409
139
209
624
565
238
521
464
536
35
457
512
566
472
449
368
100
550
333
452
335
282
85
354
76
452
415
425
155
363
49
167
390
281
68
580
93
348
387
581
280
88
380
180
40
415
582
53
59
40
501
270
359
441
223
337
486
384
284
439
242
348
325
109
523
60
208
561
544
73
605
433
491
493
578
152
556
382
299
395
7
331
524
101
96
260
285
601
155
498
393
493
122
557
565
585
214
229
277
360
405
260
511
52
191
488
227
521
131
238
431
31
40
573
371
266
259
585
394
380
428
589
469
188
139
541
481
49
393
177
152
278
254
168
557
213
388
414
243
564
430
247
414
507
97
30
305
605
599
367
140
426
97
370
75
296
573
372
22
208
556
386
467
598
387
199
449
491
320
566
69
606
538
211
540
377
620
88
389
389
217
270
142
447
102
213
212
162
618
610
343
523
369
213
424
395
177
203
371
464
532
441
297
119
217
417
439
226
535
354
323
607
216
356
521
285
442
602
18
339
141
522
521
146
338
120
274
242
11
212
598
420
104
284
509
144
145
597
550
153
259
176
432
300
525
338
35
425
465
471
170
358
400
471
339
449
582
347
20
67
172
225
558
394
539
565
245
606
589
543
347
601
497
324
223
12
243
112
541
326
418
14
490
202
215
621
445
481
274
37
69
624
87
281
344
206
178
407
88
613
390
110
229
605
125
149
357
567
521
75
503
56
228
384
589
165
213
101
40
28
490
221
187
278
396
44
255
194
12
162
33
169
432
49
325
519
614
341
344
151
450
589
207
519
230
619
134
317
351
275
594
5
244
12
512
224
54
445
322
400
377
583
60
343
535
71
118
296
540
440
339
484
227
248
468
520
594
549
102
592
437
394
191
147
526
623
191
304
390
325
594
180
613
614
459
576
187
171
317
472
581
316
136
424
560
513
150
286
620
395
384
63
236
350
459
291
74
192
125
619
152
496
584
30
289
397
576
433
244
279
8
488
196
184
519
413
409
85
78
24
374
470
453
302
166
490
160
70
85
292
157
532
437
465
364
617
128
533
455
3
207
88
545
346
361
179
575
