329
57
562
209
420
24
573
41
564
520
269
506
609
289
467
529
609
149
166
149
573
548
524
278
400
601
179
417
483
367
443
538
229
106
349
276
278
356
617
101
105
287
202
26
374
47
276
381
269
121
598
290
302
464
110
104
189
12
216
510
215
341
481
278
316
546
334
394
514
76
200
260
625
420
562
272
465
164
297
477
294
61
56
104
208
319
612
586
501
133
149
387
89
625
177
214
460
356
469
368
307
177
596
161
92
354
574
111
421
336
267
300
196
423
185
45
371
434
471
536
417
72
229
373
153
527
586
34
298
415
392
186
89
12
282
314
184
287
412
518
251
533
68
117
256
80
293
346
46
163
412
452
376
565
387
503
145
492
387
113
15
614
208
132
509
270
586
215
402
296
295
329
215
278
473
151
586
387
332
21
212
422
20
151
327
389
384
45
244
558
27
478
388
109
470
606
337
415
591
145
599
239
14
87
39
228
519
36
608
139
349
399
349
311
303
79
330
445
198
240
68
573
44
590
608
381
625
52
215
16
21
515
90
532
243
591
133
0
358
481
325
592
49
433
474
362
147
520
491
554
111
350
595
259
520
59
592
283
225
222
110
75
462
325
470
351
8
462
434
431
206
612
291
615
267
438
62
530
134
274
359
446
345
558
291
583
513
623
187
97
469
102
551
527
294
365
346
240
607
558
476
439
286
115
155
238
455
436
303
421
571
237
293
453
38
369
336
368
485
39
69
11
575
34
594
194
381
5
478
121
189
163
442
372
443
336
33
585
623
427
506
155
383
139
613
315
44
418
223
457
52
51
381
368
138
239
488
462
118
482
458
475
583
622
585
611
254
506
301
146
282
410
238
64
402
573
106
369
565
606
610
430
204
73
6
122
360
545
372
201
146
609
270
39
569
63
19
58
315
22
13
418
81
120
75
410
96
593
495
279
72
184
540
596
586
55
475
116
455
140
41
109
347
576
356
305
82
371
481
397
426
504
540
605
596
87
150
445
18
164
623
111
200
266
444
342
349
210
13
494
74
332
559
577
61
110
455
327
298
197
617
469
622
223
391
605
320
384
69
38
69
550
549
129
431
231
14
15
226
488
389
274
506
504
485
536
587
237
495
10
183
533
259
367
86
23
348
290
305
592
14
361
482
97
222
440
406
113
400
500
177
88
154
166
284
204
46
113
114
457
213
201
406
470
394
551
616
348
187
519
353
279
296
494
101
234
160
568
233
613
105
496
0
138
321
298
621
571
7
485
411
24
14
470
389
321
541
479
228
84
339
548
94
227
286
445
565
10
60
592
326
548
248
443
9
603
124
622
398
434
51
145
107
553
235
332
26
470
88
393
44
108
222
31
366
569
358
388
296
441
60
604
588
240
62
256
222
156
329
623
322
80
319
123
271
573
143
509
585
384
187
590
64
462
53
