65
341
262
578
621
462
419
541
249
177
438
379
360
542
590
47
182
94
624
619
357
505
318
92
571
345
237
525
281
256
437
447
385
361
144
575
253
616
474
492
343
554
201
171
590
185
282
210
514
104
236
542
160
54
563
217
19
624
155
115
49
429
219
268
388
332
502
460
549
518
395
562
148
534
95
91
437
66
332
104
415
61
89
624
482
362
176
412
526
294
85
355
236
265
590
313
290
207
429
125
129
330
485
213
177
28
143
618
506
137
104
617
421
205
597
464
11
186
39
98
474
490
60
242
103
572
200
194
208
335
577
567
284
19
194
275
159
533
517
551
380
582
414
46
623
198
220
102
20
112
237
96
575
424
179
533
115
119
230
227
577
511
241
541
472
441
339
282
118
370
528
28
347
472
619
134
7
538
85
43
440
553
313
270
31
33
34
428
393
469
240
163
549
414
249
48
95
242
73
561
330
196
111
537
232
21
599
483
261
582
310
491
187
77
125
261
459
178
596
407
120
397
11
488
116
557
457
259
284
75
625
289
187
352
58
482
40
99
451
222
407
311
596
286
214
108
35
553
572
567
546
250
583
552
599
286
162
415
36
456
397
540
175
247
218
529
341
8
254
92
422
602
284
349
3
548
173
544
610
261
296
337
530
352
528
267
315
254
361
477
364
130
154
13
402
163
8
115
425
568
176
562
123
273
29
30
176
264
100
497
205
295
133
482
569
160
494
537
449
614
8
281
333
481
270
311
279
271
536
278
30
20
592
469
496
268
126
435
386
148
577
217
437
155
427
466
11
121
242
22
538
442
542
252
82
412
446
228
576
511
404
93
479
425
22
41
214
517
76
467
541
410
121
207
339
403
206
489
231
221
607
154
235
390
347
101
119
482
613
132
558
291
440
590
407
249
515
279
491
501
251
377
163
298
74
591
170
222
151
354
486
27
293
24
168
422
605
159
550
139
225
119
24
405
430
584
299
133
155
380
542
230
399
460
469
246
162
351
180
4
554
332
381
99
240
30
221
422
524
252
176
208
151
94
230
320
118
477
176
252
261
218
568
106
156
252
292
617
173
216
398
233
339
460
518
496
538
459
384
624
497
372
334
218
403
175
338
99
294
133
46
120
157
615
355
397
556
432
29
422
173
374
565
219
90
127
73
371
488
393
512
564
235
80
534
72
581
203
38
152
522
380
257
108
214
2
518
567
298
98
54
371
602
580
314
390
408
45
363
15
403
609
334
168
310
139
229
516
503
239
545
378
579
321
217
353
17
501
398
403
268
541
337
360
547
344
42
144
553
373
153
326
373
305
107
244
78
416
21
377
516
266
366
216
62
144
606
103
585
595
369
57
524
386
180
606
368
227
572
571
550
321
308
22
476
470
566
569
614
210
393
451
111
472
622
107
364
435
344
283
303
352
118
2
555
