568
471
605
209
319
469
441
206
429
32
240
319
39
283
622
470
94
417
115
195
251
51
552
376
499
222
267
480
74
193
362
233
338
281
583
561
476
2
144
561
411
153
367
624
128
528
605
137
468
180
302
199
387
219
73
547
291
515
59
486
396
542
240
289
305
340
500
382
618
141
553
526
179
520
34
3
406
69
538
436
350
470
99
530
47
593
605
146
578
161
242
307
364
220
527
83
115
0
132
541
336
572
331
490
453
603
619
282
373
226
421
208
121
348
164
566
242
371
475
157
532
272
574
138
350
383
77
103
275
504
141
603
144
452
242
237
483
41
158
615
264
589
584
308
424
86
323
391
517
369
347
41
480
286
309
290
410
378
49
454
360
347
171
481
220
409
432
555
237
623
206
565
34
270
218
170
293
60
413
539
269
185
484
520
76
399
169
424
29
583
434
604
413
35
539
379
190
196
460
424
163
552
13
447
619
134
545
93
139
561
609
104
234
475
573
301
285
298
383
411
535
540
92
264
310
238
578
230
408
339
159
573
265
386
0
569
270
182
168
428
177
331
188
48
107
256
258
533
525
356
255
609
241
421
0
342
71
181
379
339
474
510
553
312
436
324
361
59
359
122
30
597
523
217
137
534
555
342
427
544
351
444
295
261
47
68
250
23
272
498
96
215
254
8
345
486
526
394
1
371
604
617
43
571
228
253
612
138
45
249
478
372
256
571
137
178
332
505
602
529
560
4
504
598
604
613
355
157
441
603
344
363
15
349
82
354
59
60
257
493
475
492
603
363
340
164
450
611
504
481
615
331
178
90
193
528
346
504
105
325
492
469
200
15
334
418
524
136
299
475
409
462
410
492
569
352
440
254
388
517
285
205
566
71
417
326
332
528
540
603
116
44
553
583
449
611
423
37
216
312
312
505
451
325
281
348
548
195
557
397
18
188
480
6
204
204
535
334
420
438
83
202
7
448
361
11
437
107
119
247
451
605
555
375
18
187
497
32
423
502
13
418
312
582
105
556
600
574
501
257
375
265
16
14
442
536
444
475
278
504
74
28
535
100
597
382
225
277
60
317
127
109
612
419
60
205
483
282
565
139
198
537
311
148
155
96
220
551
268
226
111
438
125
606
301
485
499
497
91
254
185
478
312
393
526
462
329
519
12
272
155
287
447
120
363
377
539
197
446
253
323
255
449
218
502
429
529
531
174
616
312
292
369
477
202
31
37
326
599
42
606
153
557
219
303
604
207
593
409
10
341
541
46
5
386
189
521
219
431
100
389
150
303
424
240
220
331
21
331
468
324
469
488
282
572
22
244
291
615
175
363
536
592
100
326
414
502
182
122
10
146
562
339
3
556
265
63
556
411
385
60
608
307
581
193
0
51
438
14
290
550
525
55
33
202
7
150
324
477
342
312
516
127
523
57
