105
31
25
149
122
439
24
138
41
338
559
233
360
50
156
614
421
407
106
283
119
291
232
572
190
172
294
603
95
405
114
299
255
578
196
571
524
150
111
118
601
564
416
82
329
416
360
64
226
521
146
415
270
191
274
113
49
511
338
303
553
163
199
52
372
217
260
439
87
153
33
554
292
151
504
30
116
546
566
272
63
514
254
156
562
553
612
0
545
350
252
372
572
436
176
547
281
478
58
308
490
512
538
546
316
268
340
2
156
334
292
326
289
615
71
364
608
62
199
161
290
267
148
105
454
471
497
73
556
339
93
489
123
279
481
503
328
211
193
610
454
18
205
290
388
279
103
461
389
259
346
88
157
614
172
231
356
307
425
549
409
467
550
55
71
581
271
14
177
429
574
114
513
175
231
235
161
40
285
510
625
183
365
335
11
99
288
460
565
582
194
0
419
516
52
95
163
269
463
359
14
545
552
535
521
559
438
512
488
262
313
521
277
317
176
578
203
186
8
540
194
542
25
434
570
315
319
38
375
535
425
445
134
259
46
174
368
550
444
602
165
339
569
72
215
307
493
606
544
175
272
335
243
524
379
372
349
299
364
219
473
490
223
61
92
558
609
95
595
491
603
360
261
583
459
565
279
450
78
457
564
192
148
183
245
364
124
78
569
160
551
454
401
124
194
261
91
174
496
387
214
97
531
346
90
570
582
401
601
440
446
321
600
335
443
65
551
411
31
79
223
282
153
195
481
477
382
403
59
503
170
21
31
149
120
471
411
63
505
111
162
2
280
392
421
519
222
509
442
609
517
349
362
546
574
223
97
251
211
357
179
26
220
285
499
462
437
531
392
380
417
406
205
126
21
386
532
401
308
323
50
24
300
41
166
270
590
149
466
106
498
272
508
357
294
563
517
357
530
287
220
317
322
496
557
296
132
263
415
333
84
184
149
360
516
316
496
149
482
596
625
52
217
463
246
625
169
125
396
569
271
443
263
500
102
152
613
616
102
179
141
510
133
611
20
128
580
157
511
549
7
218
466
220
196
75
203
357
337
124
414
91
423
506
57
374
341
352
165
506
170
356
171
625
600
394
468
590
206
612
490
55
330
116
152
510
433
121
317
345
468
68
84
490
204
134
584
512
478
517
347
292
20
218
496
204
411
61
457
538
535
619
616
142
607
450
17
366
617
421
605
357
300
500
141
336
447
582
492
376
372
244
188
221
293
542
312
455
395
410
137
521
407
554
46
204
69
500
602
480
534
341
611
91
435
540
609
8
274
146
348
71
419
322
231
186
295
553
609
447
284
360
399
51
447
410
362
360
445
455
266
103
141
88
619
299
336
246
431
165
619
95
542
477
503
343
353
278
133
84
574
374
235
26
249
18
60
19
578
621
76
536
502
438
596
580
360
245
331
312
94
29
344
278
548
