875
875
874
876
875
871
871
871
872
867
865
868
868
863
862
861
863
861
860
861
857
858
854
855
856
854
854
853
852
849
850
844
843
846
845
841
842
842
838
839
837
837
835
837
836
831
832
829
831
831
830
829
827
825
826
825
819
821
819
816
816
816
816
812
816
812
809
812
809
806
810
807
805
806
802
805
804
799
797
800
800
797
795
793
796
791
792
790
791
789
785
785
786
786
786
781
781
782
781
778
777
775
778
773
771
770
772
773
770
770
765
764
764
766
761
763
764
760
759
756
759
757
754
756
752
755
750
753
748
751
749
744
748
743
746
740
744
743
737
736
736
736
738
736
736
730
729
731
731
727
728
724
725
722
726
720
720
723
719
718
719
717
714
714
714
712
711
711
710
709
705
705
705
707
702
701
703
700
698
696
697
698
694
694
691
691
693
692
690
690
690
689
686
684
685
682
681
680
681
680
678
679
675
673
672
674
671
670
667
670
665
668
665
663
661
663
664
662
659
658
660
657
658
652
655
651
649
651
649
647
647
648
648
644
641
645
643
638
638
636
637
635
635
632
633
635
630
630
630
628
630
625
628
624
622
621
623
622
622
618
619
616
613
615
616
611
614
611
611
611
608
609
607
602
604
602
600
598
601
598
595
594
593
597
594
590
594
590
587
587
590
586
584
584
586
585
580
582
578
579
580
574
573
576
573
574
572
568
567
569
566
566
566
563
565
561
559
560
557
556
560
554
553
553
556
551
553
548
551
547
546
546
545
543
542
541
539
543
539
539
539
535
533
534
532
532
534
533
529
531
526
526
528
522
525
524
520
521
522
516
515
516
513
512
516
515
511
508
507
510
509
507
507
507
501
501
501
503
500
500
495
498
494
494
496
495
493
490
489
486
486
485
487
485
484
485
482
483
480
476
477
478
477
476
473
475
471
471
471
466
467
466
463
467
461
465
464
461
459
461
456
458
455
457
451
454
453
453
451
451
446
444
444
443
441
440
440
441
437
440
440
438
435
436
436
431
430
432
428
427
426
424
426
424
424
421
421
419
418
421
416
418
414
417
414
413
412
409
409
411
406
408
403
402
405
405
402
402
399
401
396
397
393
397
394
392
393
392
390
391
388
389
386
386
386
380
381
381
381
379
377
376
375
376
372
373
371
372
372
366
367
366
364
365
365
360
361
358
357
359
355
357
358
357
353
355
350
350
350
348
347
346
343
342
343
340
341
338
338
339
339
337
334
335
331
334
330
331
327
331
330
325
327
323
321
320
324
323
320
321
319
316
316
313
315
311
311
308
310
309
308
305
304
305
301
302
299
302
300
299
300
295
295
295
296
292
290
289
287
286
288
287
283
285
281
283
280
282
280
278
276
277
276
272
274
274
274
273
272
271
270
264
267
264
262
261
261
263
262
261
259
254
257
257
251
251
251
248
252
246
248
244
246
245
241
242
242
243
238
238
238
236
236
233
236
235
230
233
230
228
226
229
227
226
222
222
222
222
220
219
216
219
217
213
215
214
210
211
207
207
205
206
208
205
204
202
203
199
201
197
195
199
197
195
192
195
191
191
191
190
190
189
185
182
184
183
183
179
181
176
180
177
177
172
174
174
170
169
169
167
166
167
167
162
165
165
164
160
158
158
155
154
156
152
155
154
153
152
149
150
147
145
144
147
146
140
141
143
138
136
138
134
136
137
134
135
130
130
131
126
128
125
123
126
122
123
120
122
118
119
119
114
115
115
114
115
114
109
112
108
106
109
108
107
104
105
101
103
98
99
100
98
98
96
95
95
93
91
92
90
85
87
85
87
84
81
81
82
80
79
79
74
78
74
76
74
69
72
69
67
67
67
64
65
64
63
61
61
61
56
55
59
54
56
51
51
49
52
47
47
46
47
43
46
41
44
40
40
40
39
39
37
36
32
31
35
32
31
29
31
27
24
28
27
21
24
22
18
21
18
17
18
15
12
13
13
9
8
10
7
9
5
8
6
3
2
4
3
8
7
10
10
9
8
9
10
15
13
16
19
18
19
20
23
20
24
22
22
26
27
25
30
28
30
32
31
32
32
33
39
38
41
42
38
43
42
44
46
44
48
50
48
48
48
53
50
54
52
58
58
59
57
57
60
64
63
62
65
68
68
67
67
71
68
70
75
75
74
77
79
75
80
82
82
80
80
82
86
83
88
85
87
92
91
91
94
95
96
96
97
96
101
99
100
99
102
104
103
106
107
106
107
110
110
110
110
112
115
113
118
120
117
117
123
122
125
125
126
128
128
127
128
132
132
131
133
131
134
138
138
136
141
139
143
143
143
144
142
147
145
149
149
149
150
149
155
151
155
153
156
156
161
157
163
162
163
162
164
167
168
169
167
171
171
172
173
176
177
176
178
180
181
177
178
184
181
184
183
185
184
190
187
192
192
193
190
196
193
198
198
200
196
199
199
202
202
206
203
204
208
210
209
211
208
210
214
216
215
217
217
219
217
222
222
219
225
224
225
228
228
230
231
229
232
230
232
233
232
233
238
235
237
238
238
240
241
246
244
248
245
248
249
250
250
254
255
253
255
254
255
258
256
260
261
260
264
262
263
264
264
268
266
267
268
271
275
274
277
277
276
280
277
278
281
281
283
281
283
285
289
288
289
288
293
291
290
296
293
298
297
295
298
301
299
299
304
301
304
307
306
305
311
307
310
310
310
311
316
316
314
315
318
319
320
323
320
321
323
326
324
326
326
331
330
332
333
336
337
337
337
335
339
339
339
344
341
345
346
348
349
346
350
352
348
349
355
355
355
358
359
358
357
362
360
361
361
361
364
364
368
367
371
368
373
369
374
373
373
374
375
379
380
378
382
384
382
385
385
386
386
389
389
392
389
391
395
393
392
395
396
399
397
400
400
401
402
406
402
403
407
405
411
408
410
410
414
413
416
416
414
416
421
421
419
419
424
425
427
428
426
425
429
427
429
432
433
435
434
437
434
439
439
440
438
439
441
443
443
448
444
449
447
447
448
451
450
452
454
458
457
459
456
462
460
460
460
461
466
466
468
466
469
468
472
472
472
474
475
477
479
478
480
478
480
480
483
481
485
486
485
485
488
487
490
493
490
491
494
496
494
495
497
500
498
502
504
503
503
507
506
509
507
507
509
513
515
515
517
516
514
515
516
522
519
523
522
523
522
528
528
529
526
530
528
534
532
531
534
534
534
538
541
537
542
544
544
545
545
544
544
548
547
552
548
550
552
553
553
556
557
556
557
560
559
560
565
561
564
564
567
566
567
567
569
570
570
575
576
573
577
580
577
581
582
581
583
586
586
585
585
588
587
591
591
594
594
596
595
594
598
595
597
599
599
604
600
601
603
607
607
610
609
607
609
610
613
613
613
614
615
618
616
622
621
620
624
622
624
628
629
629
626
632
631
633
635
635
632
633
639
637
637
637
640
639
643
643
646
646
649
649
649
647
650
654
653
656
652
657
659
659
661
661
661
661
660
661
666
668
669
669
667
669
671
671
674
676
677
676
676
677
678
682
683
679
683
685
685
687
688
685
690
689
689
691
693
693
692
693
698
697
699
697
703
703
700
705
702
706
706
709
707
712
709
713
713
713
712
716
716
717
716
717
721
722
725
725
724
728
727
728
729
727
733
729
730
735
736
734
737
739
736
739
741
740
742
744
745
743
747
749
746
748
753
750
752
751
753
756
756
758
759
760
759
760
762
761
766
767
769
770
767
770
772
773
775
776
776
775
777
778
780
781
780
784
781
785
787
788
785
785
789
789
791
793
795
792
794
796
799
796
798
799
802
801
800
806
805
805
808
810
806
811
810
810
814
812
812
818
816
820
820
819
823
822
824
825
824
824
825
830
828
830
830
830
832
835
836
837
837
840
836
838
842
841
843
846
843
847
846
849
847
850
849
849
855
853
856
856
859
859
858
859
862
862
865
864
867
864
869
867
867
868
868
871
875
875
874
875
877
