879
878
878
874
876
871
869
868
867
868
867
867
867
863
866
863
863
858
857
856
855
854
857
852
855
853
854
849
851
848
845
846
844
845
843
842
839
842
842
838
839
837
837
834
836
835
834
830
829
830
830
824
823
824
821
824
823
820
819
821
816
817
813
817
814
815
812
811
807
809
807
807
803
802
801
803
801
801
800
797
798
799
796
793
796
795
792
791
788
786
790
788
788
787
784
785
782
783
782
778
777
774
774
775
776
773
771
768
767
769
766
767
768
765
763
761
763
760
761
758
758
758
756
755
755
751
749
751
747
751
745
747
747
743
745
744
744
738
740
740
739
734
733
734
736
733
729
729
731
727
726
725
726
725
725
721
721
720
722
717
717
715
716
713
716
715
710
712
708
711
706
706
705
706
704
704
703
699
699
700
698
694
698
694
691
690
689
691
687
687
689
684
683
682
683
682
683
679
682
679
679
674
673
672
672
671
670
671
672
668
665
665
666
666
663
663
664
661
662
657
659
654
657
656
656
654
651
653
648
650
650
647
643
645
644
645
641
639
639
636
635
637
635
637
634
635
630
628
629
627
627
629
626
627
621
621
623
622
620
618
616
614
615
612
612
614
614
610
611
608
605
605
608
602
601
602
601
601
601
598
595
596
594
597
593
595
593
590
590
588
585
586
588
582
581
582
583
581
577
579
580
576
575
577
571
572
569
572
572
571
568
566
563
564
561
561
562
561
557
561
560
554
553
557
553
552
553
548
547
551
548
547
547
547
546
543
542
542
538
540
536
535
535
536
533
532
530
533
529
527
525
527
525
522
523
521
522
518
519
521
516
515
515
517
511
515
509
511
507
510
507
507
506
505
501
505
502
503
497
499
495
494
495
493
494
495
492
492
489
488
485
487
483
483
486
480
482
481
479
479
479
478
474
476
472
472
469
472
467
470
465
464
468
462
464
461
460
460
460
458
457
456
458
453
455
450
451
451
451
451
445
445
447
445
441
441
444
441
438
438
435
438
435
437
433
432
429
430
432
427
429
426
423
423
426
425
419
422
417
417
418
419
416
416
411
413
414
413
408
408
405
407
407
404
406
403
404
399
399
398
396
398
393
397
392
394
393
393
387
389
390
388
384
384
384
382
381
379
379
380
378
376
375
375
373
371
369
371
371
371
370
369
368
362
363
363
362
363
362
359
355
355
358
352
352
355
351
350
350
351
345
347
345
343
344
341
341
341
340
341
336
337
335
333
335
333
329
332
327
328
326
325
324
325
322
321
322
323
317
317
316
314
316
312
315
315
312
308
310
310
310
306
305
303
304
303
303
301
299
301
300
296
295
296
295
291
293
289
287
286
286
287
284
286
286
285
283
283
277
276
279
275
276
276
274
271
273
270
268
270
266
268
267
263
263
262
261
258
257
261
259
259
256
256
251
250
253
252
248
250
249
247
244
247
244
240
240
243
240
241
236
239
234
235
235
231
233
229
230
228
229
224
224
225
222
225
221
223
221
218
216
215
216
215
212
214
210
213
209
207
205
206
204
207
203
203
201
202
197
198
196
197
193
192
194
195
192
193
192
187
189
186
183
182
185
183
181
183
181
180
175
174
174
174
173
174
173
171
170
167
165
169
166
164
166
161
160
161
162
157
155
159
153
153
152
152
154
148
148
150
145
148
148
147
143
141
142
141
138
138
139
136
138
133
131
131
134
128
132
131
130
125
123
123
121
123
120
118
119
119
119
117
113
113
113
114
112
108
109
108
108
105
106
105
106
104
100
100
101
100
95
95
95
95
93
94
92
92
90
86
90
89
86
83
85
85
81
79
81
79
78
74
74
74
73
73
72
71
69
67
66
67
67
67
61
62
59
58
58
58
56
57
54
52
52
50
53
49
47
49
46
45
46
47
42
44
40
43
40
40
39
35
34
35
34
33
31
28
31
31
25
26
23
23
23
22
22
18
20
21
18
14
16
13
14
15
14
13
10
6
10
4
3
7
3
5
3
6
3
9
7
11
9
9
12
14
13
17
17
16
17
17
20
19
24
23
25
24
25
24
27
27
28
31
32
35
33
36
37
36
35
41
40
41
41
41
45
46
48
45
50
51
50
51
53
51
54
54
58
54
56
59
59
59
62
63
65
65
65
65
69
71
71
68
72
70
73
77
74
78
75
79
82
82
81
84
83
85
84
84
90
87
87
88
93
93
92
94
94
96
99
99
98
101
104
104
101
104
106
104
105
107
110
112
112
115
115
114
117
116
119
120
118
120
122
124
126
122
124
127
127
130
128
130
133
130
133
136
137
138
136
137
138
141
143
143
145
142
146
147
149
151
147
151
150
153
153
156
157
157
160
156
159
158
160
165
163
163
164
165
165
166
170
170
170
173
172
176
175
176
175
178
179
183
183
181
185
186
185
185
188
190
191
193
191
194
196
194
195
195
196
197
201
201
204
204
202
206
207
205
205
209
212
212
210
212
213
212
218
217
220
219
222
219
221
221
225
225
223
228
225
228
230
228
234
233
231
235
233
237
238
239
239
242
240
240
243
243
243
248
247
251
249
253
250
251
253
254
254
257
260
257
259
258
261
265
262
266
268
265
266
270
272
272
270
270
275
276
278
276
279
276
277
280
283
282
285
287
286
285
285
288
290
288
289
291
291
297
297
295
300
297
299
298
300
304
303
303
308
304
310
310
311
309
309
312
316
313
318
318
318
320
317
320
322
322
325
327
328
329
327
327
331
333
332
331
336
335
335
336
335
340
337
339
340
343
345
346
344
345
350
349
352
353
354
351
352
355
358
354
356
360
358
358
363
364
366
364
367
368
368
366
372
368
370
374
371
376
378
377
380
376
378
382
381
385
383
385
385
387
389
387
388
392
393
391
391
393
393
398
399
400
400
398
404
401
401
405
406
404
410
408
412
408
410
413
416
415
415
414
415
417
421
421
420
424
421
424
427
424
430
426
429
433
432
434
434
436
434
434
437
440
439
438
440
445
441
447
445
447
450
449
449
449
453
451
456
453
453
454
459
459
460
460
463
460
465
465
466
464
465
468
468
469
473
474
471
476
477
477
475
478
479
479
480
480
482
485
484
485
489
490
488
492
494
491
493
493
496
498
496
497
500
501
503
505
504
507
505
508
505
511
507
513
509
513
516
512
517
515
520
516
519
523
523
520
524
526
527
526
526
526
532
529
530
533
532
532
535
534
539
536
540
541
542
544
546
543
548
547
550
550
548
550
554
551
554
554
555
557
560
561
562
562
562
560
561
564
563
567
570
567
571
573
574
575
571
573
574
578
580
578
582
582
579
585
586
587
585
587
586
591
589
589
590
595
596
595
593
597
596
600
597
598
600
603
605
602
608
608
610
611
608
610
611
612
611
616
618
614
616
617
617
623
620
625
624
622
623
627
626
628
629
628
631
631
631
636
634
637
636
640
642
641
641
642
646
647
645
647
648
650
649
648
654
654
652
654
657
658
659
661
658
658
661
663
663
667
665
666
665
667
671
672
673
672
676
676
677
677
675
680
680
681
682
683
684
686
688
686
690
690
691
690
693
691
691
693
698
695
698
699
702
699
700
705
703
707
708
709
705
708
710
712
710
711
713
717
714
719
717
719
718
721
722
720
722
726
723
727
729
728
731
731
731
733
732
736
737
738
740
738
739
740
741
742
746
746
746
749
745
749
748
750
752
750
754
756
753
759
760
760
762
760
761
763
764
767
767
766
766
769
770
769
772
773
772
777
776
778
778
776
781
782
779
783
781
785
784
789
789
790
788
793
789
793
795
796
793
799
800
797
802
802
801
803
804
804
804
809
810
806
810
811
809
814
812
816
816
816
815
820
820
823
819
821
822
826
825
824
827
830
827
830
830
832
835
834
834
836
835
841
839
843
839
845
842
844
846
849
849
849
851
853
852
852
854
857
855
856
857
860
858
861
859
861
861
864
863
869
865
869
869
868
873
871
872
873
875
874
