875
874
878
877
874
872
872
870
867
869
868
867
868
863
865
864
864
861
861
860
858
855
858
856
851
852
854
849
849
847
849
849
847
847
841
841
840
843
840
840
838
838
834
832
833
830
832
831
830
830
825
829
828
825
821
824
824
821
821
817
815
815
816
814
812
815
811
808
809
806
810
805
807
807
801
801
804
802
798
800
800
796
797
796
796
794
792
789
792
789
788
785
784
785
781
780
784
779
781
778
778
774
777
776
772
771
769
768
770
766
765
767
763
764
761
763
763
758
762
759
757
755
757
757
753
753
752
751
752
747
747
748
747
743
745
741
742
741
742
741
737
734
733
737
732
735
733
731
730
727
728
725
726
722
721
723
719
719
720
720
715
719
715
716
713
714
711
708
711
710
707
704
706
703
703
701
699
702
698
700
696
695
696
696
694
692
691
693
689
691
685
689
688
682
683
680
683
681
678
677
677
676
678
676
672
672
672
673
668
671
667
669
665
667
665
665
660
660
658
660
655
659
657
653
651
654
651
652
647
651
647
645
646
646
643
642
642
638
638
638
639
637
638
637
632
635
632
630
628
629
630
625
627
624
623
623
624
622
622
618
617
618
616
616
611
615
609
610
607
606
609
608
604
606
605
603
602
599
599
596
597
595
597
594
596
592
594
591
588
587
590
584
584
585
581
580
580
582
579
576
577
575
574
575
571
573
571
569
571
569
567
567
565
564
566
565
560
560
558
557
560
558
555
552
556
551
552
551
551
549
549
545
548
546
542
544
544
542
539
541
536
536
534
533
534
531
533
532
527
530
527
528
528
525
526
524
520
521
521
521
518
519
515
516
515
511
514
508
510
508
510
507
508
504
503
500
499
501
498
497
496
498
496
495
494
491
493
488
489
490
485
487
488
485
483
482
482
481
480
479
480
475
478
472
472
471
470
472
467
470
465
468
468
466
464
463
460
461
457
459
459
454
458
456
456
451
452
450
451
448
447
446
444
445
446
440
442
440
439
439
438
437
436
436
436
430
430
432
430
428
428
424
426
424
426
421
422
419
419
421
418
415
418
414
413
411
409
408
411
407
409
408
408
407
402
400
403
399
397
396
397
395
398
397
394
394
391
389
392
391
387
384
385
382
383
381
384
383
377
379
375
374
377
377
376
373
372
373
370
370
367
366
363
366
364
362
364
363
362
357
356
358
357
354
351
350
351
351
350
349
346
347
347
344
345
343
341
341
338
338
339
335
337
336
331
332
334
330
329
329
330
326
327
325
322
325
320
323
319
320
315
314
317
312
313
311
311
312
308
306
310
306
306
306
304
303
301
301
297
298
295
296
298
292
292
293
293
288
288
289
289
285
288
285
282
282
284
282
281
276
280
277
275
274
275
271
272
268
270
271
267
269
264
266
263
260
261
259
261
261
256
256
254
253
251
253
249
249
250
249
247
244
244
247
244
240
242
239
237
239
238
235
235
236
231
235
232
229
231
230
228
224
224
226
225
225
219
220
219
219
215
219
217
213
216
212
212
209
208
206
206
207
208
206
202
201
204
201
202
200
198
197
195
192
195
194
193
191
192
191
190
186
185
184
185
183
182
180
181
178
176
177
173
174
175
172
174
171
171
171
169
165
165
163
163
161
163
163
159
156
158
157
155
155
151
152
150
153
150
151
146
149
146
144
143
142
143
142
141
139
135
138
138
137
134
132
132
133
128
127
130
125
125
124
124
121
122
120
117
116
115
117
118
113
112
115
114
108
108
111
109
106
108
104
101
102
103
99
98
96
95
94
93
92
95
90
89
89
87
87
85
88
83
84
82
83
80
83
78
79
80
76
76
77
73
73
74
73
71
69
65
69
65
63
62
61
61
59
57
59
56
55
56
57
53
54
53
53
47
50
45
46
47
46
43
44
39
41
41
37
36
34
34
34
34
35
30
33
29
31
30
26
28
24
26
25
23
18
19
21
16
17
13
14
11
14
9
9
9
8
9
8
8
6
3
1
3
2
8
7
10
7
10
11
11
13
15
13
16
18
15
19
22
20
19
23
26
25
24
24
29
26
31
33
29
31
34
33
34
37
40
38
39
42
39
40
42
43
46
48
49
49
49
53
54
50
52
57
57
57
58
61
60
62
59
62
64
62
65
66
67
68
69
72
74
74
73
76
76
77
75
80
80
78
81
81
84
82
88
85
89
91
92
89
94
92
93
97
95
99
97
101
99
103
104
104
103
106
107
106
106
108
111
108
109
112
112
117
114
114
117
121
118
123
123
121
121
127
126
128
127
129
130
129
130
134
133
132
137
138
138
139
140
143
142
143
145
147
147
144
148
148
148
148
151
155
155
154
153
156
159
158
157
159
161
165
165
166
165
164
167
166
172
173
171
170
175
175
176
178
177
179
181
181
182
184
186
187
187
184
185
187
189
189
190
193
195
195
198
194
196
198
199
203
201
205
202
206
207
208
208
209
212
211
212
214
212
214
214
215
220
220
218
221
221
223
224
222
228
229
226
229
231
230
230
230
236
236
235
239
239
238
239
239
243
241
245
246
245
247
246
250
251
248
251
254
255
256
253
259
260
259
257
258
259
262
262
264
263
267
265
270
269
271
273
273
273
275
275
278
275
279
279
279
282
281
283
287
284
288
290
287
287
289
290
293
294
295
296
294
296
298
297
298
304
304
305
304
308
304
309
308
310
313
312
315
311
316
317
318
318
316
318
318
321
323
321
323
323
326
325
330
327
333
332
330
331
333
334
337
336
337
342
341
339
345
345
346
347
344
348
347
350
348
352
355
355
353
357
358
360
360
359
358
363
364
362
367
364
368
366
369
367
369
369
374
376
377
376
376
379
380
378
383
380
382
385
382
387
387
387
391
392
388
394
391
393
393
396
398
395
399
400
402
399
405
406
406
406
405
410
411
409
408
412
410
412
415
418
419
417
421
418
418
422
423
426
425
426
428
427
430
432
433
431
434
431
433
437
438
438
441
441
439
440
444
443
444
446
444
450
449
450
450
452
452
451
456
453
456
457
458
460
460
464
460
464
465
468
468
467
469
469
473
473
473
472
477
474
479
476
480
482
480
480
481
486
484
488
488
489
488
487
489
491
491
494
494
493
497
498
501
497
502
503
500
502
502
508
506
508
507
508
511
512
514
516
514
515
518
515
519
522
519
521
525
526
526
525
529
530
526
527
531
530
534
533
535
533
537
536
539
542
541
540
542
545
547
543
548
548
548
551
548
553
550
551
555
557
558
560
557
562
559
560
563
561
566
564
569
568
570
569
571
573
571
571
575
576
576
577
580
579
581
579
580
581
583
585
586
588
586
587
589
592
593
594
596
598
598
595
596
597
601
599
603
606
606
605
609
608
609
611
608
613
612
613
616
614
615
616
616
618
618
620
621
625
625
624
628
627
627
627
632
634
633
632
635
637
634
635
637
642
639
644
645
646
645
648
645
646
647
651
652
654
652
652
656
656
659
659
660
658
660
663
662
665
667
668
665
666
668
670
668
670
671
671
676
674
677
676
679
681
680
679
685
686
684
685
684
685
691
692
689
693
693
691
694
698
699
698
701
699
701
700
701
706
705
708
709
706
706
712
711
710
713
715
715
713
719
719
717
718
718
720
725
722
724
726
727
727
731
731
731
730
731
733
736
738
737
739
741
738
739
739
743
741
742
744
745
749
749
750
748
750
751
755
754
756
759
759
761
757
760
760
764
761
762
768
765
770
770
770
770
771
774
775
773
773
776
779
776
780
783
781
780
783
783
784
784
785
791
787
790
791
791
793
797
797
795
798
796
801
799
802
803
802
806
804
806
808
808
809
810
809
812
816
816
817
817
817
818
822
822
823
820
821
822
827
825
828
828
828
831
829
832
831
835
834
836
840
837
840
842
842
842
846
843
848
848
848
849
849
850
854
854
854
854
858
857
860
860
857
859
863
862
863
862
866
865
868
870
871
871
870
874
875
873
877
878
