876
875
875
877
871
872
872
870
872
867
868
867
868
862
862
865
864
859
862
860
855
855
853
856
855
851
851
848
851
846
849
845
843
844
843
845
844
841
842
836
835
835
837
837
834
834
834
831
827
829
825
826
826
822
824
825
820
821
820
816
817
818
815
814
816
810
811
811
809
806
810
806
805
802
804
804
800
799
797
801
797
794
798
794
793
793
794
792
792
790
788
787
783
785
782
784
780
782
780
781
779
777
778
776
774
775
769
768
769
770
765
769
765
763
764
763
759
759
761
759
759
756
754
755
751
751
752
750
747
746
749
749
745
745
746
745
740
740
742
738
737
734
733
734
731
735
733
728
728
731
728
724
725
724
726
725
719
720
720
721
717
714
716
713
712
715
710
709
708
710
707
704
708
705
702
705
704
701
698
700
695
695
696
695
695
690
692
692
689
688
687
685
684
687
683
683
682
682
677
681
678
677
676
674
671
671
673
672
670
671
665
664
664
664
666
665
660
661
658
661
656
659
655
654
652
654
649
652
649
649
646
649
644
645
646
640
641
641
640
637
635
639
634
635
633
631
630
628
631
630
625
629
625
627
623
623
621
620
618
618
615
615
614
617
614
612
610
613
612
607
608
608
603
602
605
603
602
602
598
598
596
597
595
597
595
591
594
593
592
588
587
586
585
583
582
584
584
583
580
581
579
577
575
573
575
570
572
571
572
570
565
567
567
567
563
563
562
561
558
560
559
556
556
553
552
553
553
553
547
549
550
549
545
542
542
541
542
542
540
541
536
538
533
537
536
534
529
531
527
530
527
527
527
526
524
525
521
522
519
517
520
519
515
517
512
512
512
510
508
510
506
507
504
504
501
505
503
503
500
496
499
498
496
496
493
491
491
493
492
488
489
485
483
483
485
485
482
481
478
479
476
475
475
477
475
474
473
473
471
468
466
468
465
462
466
460
463
463
461
457
456
455
453
455
451
453
454
453
450
449
449
449
446
444
442
441
439
438
442
440
437
435
434
436
434
434
429
433
428
429
429
427
424
426
422
423
420
422
421
420
420
416
415
414
411
411
411
412
407
407
407
409
408
404
405
405
403
401
399
400
397
395
395
397
393
395
393
393
387
386
387
387
384
384
383
380
383
381
377
378
380
375
374
374
373
370
370
369
367
367
365
367
366
365
362
361
361
359
359
356
355
354
358
354
356
354
349
351
347
347
346
348
345
342
346
341
340
342
338
339
337
335
333
336
332
334
334
332
331
328
327
324
327
326
325
325
322
319
319
320
317
318
314
314
312
313
310
308
310
306
309
307
304
302
303
302
304
300
302
298
298
295
297
292
292
293
289
289
291
291
288
287
283
284
282
285
280
281
280
276
275
274
275
275
275
273
271
272
269
269
265
264
263
266
266
265
263
258
259
259
255
259
254
253
251
254
251
248
250
248
248
246
246
246
244
243
242
242
242
241
235
236
234
236
236
234
232
228
228
227
230
226
225
227
225
221
220
219
222
216
215
216
213
217
216
214
211
211
210
207
209
205
207
207
205
204
200
200
201
197
200
199
198
197
192
193
193
193
188
189
189
185
187
182
184
181
182
178
182
180
175
178
178
175
171
172
174
168
168
167
169
166
167
165
161
164
163
160
157
158
159
157
155
155
153
151
149
153
152
148
150
147
146
147
141
144
139
143
138
138
135
139
134
137
135
134
134
130
132
127
126
126
128
127
123
122
124
123
120
119
116
115
115
114
116
114
109
109
110
109
107
108
106
102
103
101
100
99
97
96
96
96
97
93
93
94
92
89
87
88
89
89
83
83
85
82
79
80
82
78
77
79
76
75
72
73
74
71
70
68
65
64
68
63
62
60
62
62
58
59
55
58
56
53
52
51
53
50
47
48
47
45
43
42
46
44
39
43
40
37
36
37
37
32
34
35
29
30
27
26
25
28
24
22
25
22
19
23
18
16
19
19
17
15
12
12
10
11
12
9
10
5
3
5
5
3
1
2
4
9
5
10
9
11
11
11
16
17
18
16
18
17
20
22
20
22
22
27
25
24
30
26
28
29
32
31
33
37
36
35
39
40
39
40
40
44
46
42
48
45
47
47
52
50
51
50
56
57
54
56
59
56
58
62
64
60
61
63
63
69
68
70
70
71
71
75
71
76
78
79
78
81
79
78
81
82
84
83
88
89
86
91
92
88
91
92
91
92
97
97
97
98
98
102
103
101
105
105
107
106
107
111
109
113
110
110
112
117
117
117
120
121
119
121
122
122
126
123
125
124
128
129
127
130
130
135
133
137
137
135
136
137
139
141
139
144
146
146
143
144
148
146
148
148
154
151
156
157
153
157
160
161
160
161
159
161
165
165
167
164
169
170
169
170
174
173
176
177
174
174
180
176
178
181
184
182
186
182
186
184
185
189
188
189
191
192
191
194
193
194
199
196
202
200
202
205
204
202
206
204
206
211
212
211
213
210
214
216
215
219
216
219
218
219
221
220
222
222
223
224
229
228
228
230
229
231
232
232
235
237
240
241
239
238
240
244
241
246
245
248
250
248
248
252
254
251
254
257
258
257
260
256
259
259
260
260
266
262
263
269
267
268
267
269
271
273
276
274
276
279
277
278
278
280
284
281
286
284
283
285
290
287
290
291
291
292
291
292
293
298
297
296
298
301
301
301
301
306
308
305
307
309
307
311
312
312
315
316
314
317
320
319
319
322
320
322
325
327
326
325
329
326
328
332
330
332
335
332
336
335
337
339
338
341
342
345
346
347
347
346
350
346
351
353
350
352
351
356
353
356
356
360
357
361
360
365
366
366
365
365
367
370
372
369
372
371
375
375
376
377
378
379
379
378
381
385
385
386
383
384
385
387
387
389
391
395
396
396
394
399
398
396
401
400
404
404
402
406
406
404
409
408
408
409
414
413
411
417
418
418
416
416
417
419
423
420
421
427
424
425
425
428
432
433
433
433
432
433
436
438
437
439
439
443
443
444
444
446
448
444
447
448
450
452
454
454
452
454
454
459
458
458
458
460
462
462
466
462
465
464
467
471
469
471
474
472
471
475
475
475
476
477
477
478
482
480
486
485
487
488
485
486
487
493
489
491
492
492
497
498
499
501
500
498
504
502
503
506
507
507
508
509
508
509
509
512
511
513
517
515
519
520
518
523
520
525
525
522
527
527
526
530
529
532
533
531
532
532
535
535
538
536
538
541
543
543
544
547
544
549
545
546
550
552
550
555
552
556
557
557
556
557
559
559
564
564
563
567
566
566
570
567
571
570
573
574
576
575
578
578
579
579
581
581
584
583
583
586
583
584
589
588
587
591
589
593
593
596
597
597
595
596
602
602
601
601
603
602
606
605
608
610
609
608
612
615
612
617
618
616
620
620
618
623
624
624
624
623
624
627
626
630
629
632
633
633
634
632
636
636
639
639
638
638
640
640
643
645
646
649
646
647
647
649
649
655
656
656
657
654
655
660
658
663
659
665
664
664
667
667
669
668
667
672
672
674
672
673
673
677
676
679
679
678
683
683
682
687
684
686
689
690
691
688
692
694
694
693
697
694
699
697
698
700
699
700
702
706
703
705
708
706
708
709
709
711
715
715
717
719
717
716
719
721
721
724
726
727
723
726
730
731
730
731
731
732
734
734
734
739
740
741
741
740
742
743
745
742
744
744
750
750
752
750
753
755
751
757
756
755
757
756
762
758
763
764
761
765
763
768
770
771
771
770
772
772
771
777
778
779
778
776
780
781
781
780
782
784
783
787
785
790
789
791
790
793
791
797
798
795
800
797
797
799
799
801
802
802
805
806
809
810
812
810
813
810
814
815
814
817
818
819
817
821
823
821
821
824
828
828
825
828
831
831
834
832
831
834
835
838
840
840
840
842
839
843
842
846
844
848
847
851
849
852
853
852
856
854
857
857
856
858
861
860
863
863
864
864
868
868
868
870
870
873
873
874
871
872
876
875
