877
879
874
873
872
873
873
870
870
870
869
869
865
865
864
864
864
859
858
857
856
858
857
857
852
850
853
849
847
847
846
845
848
844
841
841
841
842
839
836
838
836
833
832
833
833
833
832
827
830
830
829
824
824
822
825
823
819
821
817
818
817
815
813
811
814
814
809
807
810
806
809
808
804
801
805
799
798
797
801
800
799
797
792
795
792
793
791
790
790
786
788
785
783
783
781
783
779
782
777
777
775
776
773
775
772
774
768
767
769
767
766
766
765
761
762
759
759
758
757
756
755
758
753
753
754
754
751
747
750
747
745
745
743
741
745
743
739
738
736
737
734
738
732
734
733
729
733
731
730
725
725
724
725
721
721
723
720
720
721
715
717
716
714
711
713
710
713
709
707
708
704
708
705
704
700
704
701
698
698
696
698
695
697
696
695
689
688
690
686
690
684
684
682
684
685
680
678
679
680
680
677
677
672
676
672
674
670
671
668
670
667
664
666
662
662
662
661
660
658
657
655
656
654
655
653
651
650
647
650
646
647
644
644
644
643
641
643
640
639
638
637
634
635
634
633
634
628
627
629
626
627
623
624
625
623
624
619
620
617
618
617
615
616
616
615
614
608
608
606
609
606
608
603
601
602
604
598
599
601
596
595
594
592
592
593
590
590
588
590
590
584
587
585
583
584
584
580
581
581
577
578
576
572
573
572
571
572
568
569
567
564
563
565
564
564
564
558
558
558
557
559
558
552
552
551
554
550
551
546
545
545
544
547
541
544
540
539
540
536
540
535
534
535
532
533
533
533
528
527
525
525
526
522
523
521
524
520
522
516
515
514
517
515
515
511
513
512
508
507
510
508
505
505
506
503
501
503
502
498
498
494
494
495
495
491
489
491
492
489
488
485
488
485
483
485
483
483
477
477
478
476
475
473
474
471
470
468
467
470
468
466
467
466
461
460
459
461
457
458
459
457
457
455
451
455
450
450
448
446
449
448
446
445
446
442
443
441
437
441
440
435
434
436
432
432
429
433
430
429
427
428
426
423
426
424
421
423
417
419
419
417
418
413
414
410
414
410
409
411
408
405
407
402
406
401
403
398
399
398
400
396
396
397
396
393
394
391
391
388
390
387
384
385
386
381
382
378
380
380
378
374
378
375
376
372
370
369
369
369
368
366
365
362
363
361
362
361
358
360
356
354
356
357
353
350
353
350
351
348
345
348
347
343
345
344
339
339
340
336
339
339
335
337
334
332
329
330
329
326
329
328
324
325
326
324
323
322
321
318
317
318
318
316
314
310
310
309
311
306
305
309
306
304
305
300
303
301
298
301
299
298
293
294
291
292
289
288
288
289
287
287
288
282
282
285
283
281
280
277
276
275
277
277
273
271
274
271
270
268
265
266
265
264
262
263
261
263
259
261
256
255
257
257
251
251
250
250
247
248
246
245
243
246
245
244
243
242
238
238
235
237
234
233
236
230
232
229
227
228
226
227
224
223
224
220
219
219
217
217
216
217
213
215
213
212
213
213
209
207
206
209
206
206
206
200
201
201
197
197
198
197
196
193
196
191
190
193
191
188
188
187
184
186
182
185
180
183
177
176
175
177
176
172
172
170
172
169
167
166
170
165
168
165
161
165
164
162
158
159
156
155
155
154
152
153
150
151
148
146
147
148
146
142
141
142
144
142
138
138
135
138
137
132
135
134
133
129
127
128
128
127
123
127
121
125
121
121
121
117
119
117
116
115
112
115
113
110
112
110
109
105
107
102
106
105
104
103
98
98
100
95
98
97
96
93
92
91
89
91
87
85
87
83
85
85
80
80
79
80
75
78
77
75
73
73
74
69
69
68
66
64
66
65
66
63
60
60
59
60
56
59
56
53
53
55
54
50
52
50
48
46
46
46
42
43
40
39
41
39
38
34
35
33
31
34
33
31
32
31
28
24
27
26
23
23
23
23
22
16
18
19
15
16
15
10
13
9
11
7
7
6
4
7
5
2
1
3
7
8
8
7
7
10
11
13
13
16
16
19
16
19
17
21
23
22
24
22
27
25
30
30
32
30
33
33
35
34
38
38
37
38
42
42
40
41
46
44
44
44
46
46
50
48
51
54
51
54
58
54
59
56
62
59
61
65
66
67
65
66
69
70
70
73
72
73
71
76
75
78
75
77
81
82
79
84
85
87
85
88
87
89
89
91
90
93
96
97
97
96
96
99
97
101
100
101
102
104
105
108
108
110
108
108
109
112
113
112
116
117
117
118
118
119
121
121
122
123
126
125
126
130
130
130
132
133
134
133
138
137
138
140
138
141
141
143
141
144
144
147
149
151
150
149
152
155
152
157
158
154
156
161
160
160
159
165
163
164
168
169
169
170
168
170
172
174
176
176
174
176
176
180
180
180
181
181
182
182
186
185
185
191
189
189
192
193
191
193
195
195
199
199
197
201
199
203
206
202
207
205
210
211
207
213
212
214
215
215
214
216
217
220
219
219
222
224
223
226
225
224
228
227
229
228
229
234
236
235
233
235
237
236
242
239
239
243
246
245
245
247
249
249
250
252
250
253
251
253
258
255
257
259
259
259
259
260
262
266
263
266
268
268
267
269
269
270
271
273
278
277
276
276
278
281
280
285
281
287
288
288
290
291
287
293
290
290
294
293
297
298
295
299
302
300
299
305
305
304
304
308
306
311
309
312
313
315
311
314
314
316
316
320
322
320
320
322
325
327
324
328
330
326
330
333
332
330
334
333
338
338
339
338
339
341
340
341
346
342
344
345
350
347
348
349
350
355
354
357
357
354
356
358
358
360
362
363
361
362
368
366
365
371
372
369
373
371
375
377
374
377
375
380
378
382
379
380
384
382
384
388
386
390
389
392
389
391
395
396
395
395
396
397
397
400
402
405
401
405
403
407
410
411
407
412
411
411
414
412
418
418
416
420
418
423
424
424
421
422
427
429
428
429
430
429
433
430
435
432
438
437
439
440
441
440
441
442
442
447
444
448
450
447
450
450
453
455
453
452
454
455
460
458
458
462
462
465
465
465
465
466
465
470
467
469
472
472
473
472
476
474
478
480
481
482
480
485
486
482
485
486
485
491
491
492
489
495
494
496
497
498
496
497
501
502
500
502
504
505
505
505
510
509
510
512
512
513
513
513
516
516
518
517
517
522
524
522
522
525
524
526
528
530
527
532
529
534
533
536
535
538
537
540
541
538
543
541
544
547
546
544
545
551
549
549
553
550
553
554
553
559
555
561
559
559
563
563
564
564
568
566
565
571
569
572
573
572
574
576
577
576
576
578
577
582
579
581
584
585
588
589
585
590
592
588
592
595
596
595
597
599
597
598
599
599
604
605
605
604
606
608
609
607
612
613
611
612
614
612
613
617
620
621
617
619
622
620
622
626
628
628
626
631
630
628
634
633
631
632
636
638
635
639
642
638
642
642
645
646
644
647
649
649
649
648
653
650
651
657
656
655
655
657
657
663
663
660
662
667
667
665
665
666
669
668
673
671
674
672
677
679
675
681
680
682
682
683
681
683
685
687
689
690
688
690
690
694
693
696
695
698
700
699
697
701
702
705
705
706
706
704
706
706
707
709
711
711
713
712
714
717
718
721
721
719
719
722
722
723
726
727
729
727
728
732
731
735
731
736
737
735
735
737
738
741
739
740
744
746
746
747
747
750
752
752
751
750
752
753
758
756
760
760
762
763
761
761
764
762
765
767
767
767
769
768
771
775
771
774
778
778
778
780
782
782
783
781
782
785
786
788
790
787
790
792
791
792
794
794
793
794
800
801
801
800
801
800
802
804
806
808
807
811
810
808
812
811
813
814
817
818
819
820
820
818
819
821
821
822
826
825
829
827
829
833
830
833
833
832
833
838
836
838
837
840
840
845
846
843
847
845
846
846
852
852
851
851
851
854
853
854
859
856
861
863
862
863
863
865
864
866
867
868
867
868
871
874
875
874
877
875
