876
875
874
873
875
875
869
871
870
866
868
865
864
862
865
865
862
863
857
860
858
857
856
856
852
852
849
853
848
848
848
844
843
845
844
845
840
840
837
837
839
838
837
832
832
833
831
831
830
826
830
824
825
826
823
823
823
819
822
820
817
814
816
817
814
814
812
809
808
807
805
809
807
802
802
802
800
799
801
796
800
794
793
795
795
791
794
792
791
791
787
785
785
784
784
781
781
781
777
778
780
779
778
777
776
774
774
768
770
771
768
766
766
767
764
765
759
760
760
761
759
755
757
756
754
755
750
753
748
746
750
746
746
746
746
744
743
741
742
738
736
736
738
732
731
735
734
729
731
730
728
728
723
726
721
724
724
718
720
721
715
719
713
716
711
712
709
711
708
708
710
707
705
706
704
702
700
703
702
699
697
698
693
693
693
690
692
689
692
688
689
684
684
686
681
680
679
680
682
681
677
677
676
677
675
672
670
672
671
667
667
665
664
665
666
665
659
662
658
659
658
658
656
656
652
652
652
651
649
647
645
648
647
644
646
644
640
639
637
639
636
635
635
632
631
632
634
631
629
628
628
626
623
622
622
623
621
623
619
617
619
614
613
615
615
612
613
610
610
610
607
609
603
603
605
604
600
598
599
600
599
596
595
594
591
594
590
592
587
590
587
587
586
582
583
582
584
579
580
579
580
577
576
575
575
574
569
570
568
570
568
565
567
563
561
563
563
561
558
560
558
558
554
553
551
555
550
553
550
547
547
544
543
544
543
545
544
541
539
536
536
534
538
533
531
531
532
533
528
531
527
524
526
527
523
525
520
522
520
517
520
514
513
515
512
513
511
513
508
508
508
508
504
502
505
501
499
501
501
497
495
498
493
495
492
494
492
491
489
486
487
488
485
483
484
485
483
483
482
478
478
475
473
473
473
472
472
473
471
471
465
468
465
464
461
463
462
461
459
457
456
457
457
452
451
451
451
451
451
446
447
445
448
446
443
442
442
440
438
438
438
439
434
436
435
432
429
429
429
426
430
425
423
426
424
420
421
422
417
418
416
415
416
413
416
415
410
411
407
407
407
409
404
404
402
402
399
403
400
399
396
395
396
396
391
394
392
393
392
390
386
388
387
386
384
380
381
380
381
379
376
377
377
372
376
372
372
369
369
369
369
367
366
362
364
365
362
358
359
357
357
358
353
357
352
351
350
349
347
351
350
346
344
344
343
341
344
339
342
339
337
334
333
334
334
335
332
328
331
329
328
329
327
322
324
324
323
318
321
319
319
315
316
317
313
311
312
312
311
310
308
304
307
304
301
305
299
299
300
300
295
296
298
296
296
292
291
289
290
287
288
284
283
283
283
285
280
282
280
278
279
276
275
277
271
275
271
273
269
268
265
269
264
265
265
262
263
259
258
259
260
257
255
256
253
253
251
248
247
246
247
249
244
247
241
242
239
242
242
236
240
235
236
237
236
234
234
229
230
226
228
224
227
227
223
220
222
222
222
217
218
214
218
213
213
213
213
210
210
208
206
205
205
206
202
204
203
199
197
201
195
195
196
194
191
194
194
188
187
187
188
187
183
187
182
184
182
181
180
180
177
176
178
172
174
171
171
171
172
171
169
169
168
165
164
164
161
160
160
161
158
159
155
152
156
153
153
152
152
151
146
147
148
147
145
145
142
143
139
137
135
135
138
134
135
135
130
131
127
127
130
127
123
123
122
121
124
123
117
116
118
115
113
114
112
115
109
113
109
107
109
105
104
106
103
105
100
99
101
97
96
95
94
93
95
94
94
89
88
88
89
85
85
84
81
83
84
79
77
79
80
77
75
76
76
74
70
68
72
68
65
67
66
65
61
60
64
63
61
59
56
57
57
56
52
51
51
53
50
48
46
47
45
44
46
41
43
40
40
38
35
35
35
32
32
33
32
28
29
31
26
25
26
24
22
25
20
19
21
16
20
19
17
17
16
15
14
9
8
11
8
5
7
6
1
4
4
2
8
5
7
6
9
12
10
10
13
12
14
17
18
17
19
20
24
23
25
22
27
24
27
31
29
33
31
31
31
33
38
38
40
39
39
42
43
45
44
42
45
47
47
50
49
53
54
55
53
56
58
56
59
61
61
58
60
65
62
62
65
67
67
67
68
68
71
70
76
72
77
79
78
81
79
79
80
82
84
87
83
84
85
91
92
91
94
91
94
95
94
99
95
99
100
99
102
101
105
102
103
107
109
106
109
109
111
112
111
115
113
114
120
118
120
119
119
122
121
125
128
127
127
128
132
130
130
135
131
133
136
137
135
140
139
142
143
142
143
144
148
147
145
150
152
151
154
150
156
153
154
157
159
158
162
161
164
165
166
164
165
168
167
167
170
169
170
175
171
172
177
174
175
180
179
181
181
183
182
182
183
189
188
186
191
191
190
192
196
193
196
196
198
200
199
199
199
203
205
206
203
209
205
209
209
211
211
212
213
215
217
215
215
220
219
220
221
222
222
222
226
228
225
226
227
232
230
233
231
234
235
236
239
240
239
243
243
243
245
245
246
248
249
246
252
249
253
252
253
254
258
254
257
260
262
261
261
264
265
263
268
266
269
266
267
273
273
275
274
272
273
276
278
281
279
280
283
284
281
285
288
288
287
291
291
288
293
290
291
297
293
296
298
300
297
301
300
304
301
304
305
309
309
310
308
313
309
313
311
316
317
319
320
319
320
323
321
320
325
326
327
324
330
330
330
329
334
333
332
337
338
335
335
339
342
340
339
341
345
344
343
348
350
350
350
352
351
354
353
357
355
354
357
359
361
362
361
362
362
365
365
365
368
369
369
369
370
374
374
374
377
378
377
378
379
379
382
382
385
386
388
388
387
386
388
392
389
393
395
395
395
395
400
399
398
400
399
403
406
406
407
404
406
409
411
413
410
413
412
417
417
417
415
418
420
422
424
422
425
423
427
427
427
430
432
431
432
430
433
434
438
434
438
439
442
443
444
443
445
447
444
445
446
446
451
450
452
451
455
456
456
454
459
457
460
462
463
461
461
464
466
467
465
466
471
468
471
473
472
475
474
474
479
477
477
478
479
484
483
484
485
488
487
489
488
488
493
494
491
495
494
496
497
496
501
499
499
505
502
505
505
505
505
507
511
513
509
511
515
514
513
516
519
521
520
519
521
522
524
527
527
525
525
529
532
533
533
532
535
535
538
537
537
539
537
538
540
543
542
542
547
545
550
551
549
553
552
555
556
555
555
554
560
560
561
560
563
560
566
562
568
568
570
568
568
571
569
571
573
576
576
579
578
576
582
581
584
581
586
584
585
588
589
589
591
592
589
590
596
592
596
595
600
596
601
599
600
602
605
605
608
605
606
611
608
610
610
613
615
615
614
617
617
618
618
621
624
620
623
626
625
627
628
627
629
629
630
633
635
637
633
634
636
640
642
638
641
641
641
647
646
647
646
648
650
649
652
653
655
653
653
655
660
661
657
658
664
665
664
664
663
668
665
671
671
669
673
671
675
674
674
679
675
679
682
683
680
682
682
683
687
686
690
689
690
692
689
694
692
696
695
694
697
696
701
702
704
704
702
707
706
705
705
706
711
710
710
713
716
712
716
714
719
721
722
718
723
720
722
724
726
726
725
726
728
730
729
735
736
733
737
735
739
738
737
740
741
742
744
744
746
745
748
746
750
750
751
751
755
756
753
758
757
761
757
762
761
761
763
762
768
768
766
766
769
770
770
775
775
777
778
777
776
780
779
781
783
784
784
785
786
784
787
789
791
793
792
792
793
792
794
794
797
801
799
799
804
805
802
806
803
807
807
811
811
813
814
810
812
814
818
817
817
821
818
822
819
821
823
825
828
826
830
827
830
832
832
835
836
833
833
838
840
839
838
840
839
841
842
847
847
846
845
846
852
850
854
851
852
857
858
859
860
860
862
859
861
862
864
864
863
864
868
870
872
870
871
875
872
874
873
875
