875
879
877
875
874
871
870
868
871
869
869
868
867
866
862
865
863
860
860
858
857
855
857
853
856
852
853
852
851
846
848
849
844
847
842
844
841
843
842
838
837
838
836
837
832
830
831
832
832
829
827
829
827
822
826
822
820
819
820
821
818
815
814
816
814
810
810
811
809
807
808
805
804
802
801
805
800
803
800
797
795
799
796
796
794
794
790
790
789
789
785
788
788
785
782
784
784
783
780
777
775
775
773
773
773
770
769
772
770
766
770
766
764
766
761
761
764
761
761
760
758
758
755
753
755
750
751
750
751
750
745
747
743
747
744
744
744
741
740
740
736
735
737
736
731
735
734
731
730
727
725
728
724
726
723
721
721
723
717
721
715
718
717
716
711
713
709
708
710
708
709
709
705
705
705
701
700
701
699
699
698
695
694
697
691
694
694
689
690
689
689
684
687
684
681
685
683
682
679
676
680
676
674
676
672
670
672
670
668
666
669
668
666
662
665
665
664
663
659
659
658
657
653
654
653
654
649
651
647
651
646
644
644
646
645
642
639
640
638
637
640
637
636
635
634
632
633
632
628
630
625
625
624
624
625
623
623
619
622
621
616
619
616
613
611
615
609
610
612
607
608
609
604
604
603
600
601
602
600
597
600
594
593
597
591
591
591
588
588
587
590
589
585
583
584
585
579
583
582
580
575
579
578
577
576
573
573
569
571
567
570
567
568
566
565
563
560
559
558
559
557
556
553
553
552
554
553
549
551
549
548
547
547
544
541
542
541
539
542
540
539
535
533
535
532
534
529
532
529
526
528
529
525
524
526
521
524
521
522
517
520
518
516
517
511
512
513
513
512
508
507
507
506
505
506
505
502
500
497
497
499
499
495
497
492
490
494
489
487
487
490
486
488
482
485
484
481
479
477
480
475
476
478
475
472
474
474
472
468
467
469
464
467
465
463
463
462
463
459
457
456
455
453
455
451
450
453
453
451
448
448
445
445
443
445
445
444
440
439
439
439
439
438
436
432
434
429
430
429
431
430
425
424
425
426
425
420
422
421
418
417
416
414
416
411
410
413
410
412
410
409
404
405
407
401
404
402
398
400
396
399
395
395
396
394
394
392
392
392
388
386
389
384
387
381
382
379
380
377
378
375
377
378
375
376
375
373
369
370
366
370
366
363
365
364
362
359
363
357
356
359
358
356
352
354
353
352
349
350
350
349
344
344
342
342
342
342
343
338
336
335
337
337
335
335
331
330
330
330
326
328
324
323
326
324
324
321
322
317
321
319
319
313
316
312
312
313
311
307
309
310
304
304
303
301
303
300
300
299
296
295
295
295
297
296
293
293
289
287
290
286
287
284
287
285
280
280
279
278
280
279
279
275
273
271
271
272
271
272
271
269
267
263
265
262
263
264
263
261
258
257
256
257
255
253
251
249
253
249
247
247
249
246
244
243
244
241
241
237
237
235
235
236
235
233
232
233
231
232
231
225
225
224
223
222
225
219
218
222
217
218
219
216
214
215
215
214
208
207
211
209
207
205
206
205
201
200
202
198
197
196
197
195
196
195
190
191
188
190
189
187
189
183
184
186
185
182
179
178
178
176
176
177
176
173
174
169
173
167
170
165
168
165
164
164
161
162
160
160
158
156
159
154
156
151
154
154
150
147
147
148
149
143
143
142
140
141
139
137
140
136
136
135
136
134
133
129
132
132
126
125
126
123
125
125
120
120
120
120
119
120
114
118
112
114
114
110
111
112
111
108
106
107
105
101
101
104
99
101
98
96
98
94
96
95
90
91
89
90
88
89
84
83
85
85
83
80
78
82
77
80
75
73
76
75
72
74
69
68
66
65
69
68
67
65
63
64
60
60
61
56
59
56
54
51
51
50
50
49
49
49
45
47
46
44
40
40
41
37
37
36
39
34
33
36
34
31
30
27
27
29
26
27
24
24
24
21
20
17
21
18
14
16
17
14
12
10
12
12
11
10
5
4
7
5
2
5
6
3
7
9
10
7
10
13
14
14
13
16
14
19
18
22
22
24
22
26
26
24
27
27
30
28
32
31
30
34
33
33
36
35
38
41
43
40
45
45
46
44
46
47
50
47
52
52
51
55
52
53
59
55
59
57
62
60
62
61
64
65
66
68
69
71
68
70
73
71
74
78
78
75
80
82
78
80
82
86
82
84
87
89
91
92
90
91
95
91
96
95
97
100
99
102
99
101
100
104
107
107
105
110
110
112
109
111
111
116
116
114
118
118
117
117
123
119
123
124
123
123
127
130
127
128
129
130
134
134
132
138
134
139
137
141
138
144
142
144
142
146
144
147
151
148
149
154
154
152
152
155
154
157
158
162
163
159
162
161
162
167
165
169
171
169
168
170
172
172
175
174
174
179
179
181
180
180
182
186
186
185
185
185
186
189
188
192
190
193
194
195
196
195
198
200
199
203
204
201
207
206
209
206
208
210
209
209
214
214
216
213
215
219
221
218
222
224
225
224
227
223
228
226
231
227
229
229
230
234
236
234
239
235
241
238
241
243
245
244
246
247
246
250
248
249
252
249
255
253
255
257
259
256
257
260
260
262
264
262
264
264
266
268
270
267
271
274
274
273
276
274
278
280
278
279
282
284
281
282
285
285
284
286
287
292
289
294
290
293
293
295
299
295
297
297
298
300
304
305
304
305
304
310
311
307
309
312
315
315
317
314
314
318
321
320
321
322
321
323
322
324
324
326
328
330
331
330
332
331
334
337
336
336
339
340
343
343
344
341
342
345
349
348
348
348
353
351
355
354
357
353
355
359
356
358
359
359
363
361
365
365
366
369
368
368
369
372
373
371
373
378
374
376
381
378
383
381
383
384
383
383
388
386
391
389
389
391
393
396
395
397
399
400
397
398
402
404
405
401
402
404
408
410
411
407
410
413
415
411
412
415
418
416
419
418
422
424
422
421
423
423
426
427
429
429
429
434
433
433
433
438
437
438
441
439
440
439
440
444
445
445
445
447
449
451
453
454
454
452
453
454
454
460
461
462
459
459
460
466
464
464
466
465
467
468
473
469
471
471
472
473
474
478
479
477
480
482
482
486
485
488
485
490
486
487
493
492
492
491
495
494
495
497
497
497
502
502
504
502
505
505
507
509
509
508
509
514
513
511
513
518
514
517
519
517
518
519
521
526
524
523
527
526
527
528
533
530
535
533
536
535
539
539
536
539
543
539
544
543
544
547
545
546
549
549
553
551
553
556
555
553
559
559
560
559
560
562
565
561
563
566
568
567
566
569
571
571
572
574
573
573
577
575
578
581
581
583
585
581
583
583
586
586
587
589
590
590
592
591
595
596
597
600
600
599
601
600
602
604
605
603
605
606
607
609
612
611
612
614
614
617
615
615
621
620
623
620
621
624
622
627
628
626
631
628
630
634
634
634
633
638
635
637
637
639
643
640
643
643
642
647
646
645
648
650
648
652
650
652
657
657
656
660
661
661
663
661
664
662
664
668
669
670
668
671
670
674
672
676
676
677
678
675
680
681
679
680
681
686
682
688
685
688
686
690
692
693
692
692
697
698
697
696
700
697
698
703
702
702
707
706
704
706
710
709
713
713
715
713
715
717
719
719
721
718
721
724
725
726
722
726
724
727
728
730
730
733
733
731
735
738
734
738
736
737
741
739
742
746
744
744
746
748
750
750
751
749
752
753
755
758
755
759
761
762
763
759
761
766
766
765
766
768
769
769
770
770
773
771
772
773
774
776
780
779
781
781
784
786
783
783
789
786
787
791
790
794
790
791
794
795
795
795
797
800
800
802
805
803
807
804
809
806
811
808
810
811
813
812
815
815
818
817
817
819
819
824
823
826
825
826
826
830
828
831
828
832
832
831
836
833
838
836
840
840
842
843
842
843
847
844
844
848
846
847
849
851
852
852
854
857
857
855
858
862
859
864
865
864
864
863
865
870
868
867
868
873
873
875
872
878
877
