875
874
873
873
871
870
872
871
871
868
866
867
864
862
863
860
860
861
861
859
860
855
857
857
851
855
850
853
852
847
849
846
847
844
846
843
841
841
839
837
839
836
836
836
833
831
829
829
831
829
829
825
823
827
825
825
824
819
822
818
816
814
813
814
813
813
814
813
807
808
809
805
804
805
805
805
801
802
802
799
799
798
797
796
792
791
793
790
788
788
788
789
783
785
783
780
780
782
781
781
778
779
773
774
773
775
769
773
772
766
766
765
765
765
763
765
761
760
759
759
759
759
758
757
751
751
754
749
748
750
749
745
745
743
741
743
739
743
739
741
738
734
738
736
734
731
733
730
732
731
725
725
723
723
725
725
721
723
719
719
717
719
715
712
716
713
712
709
712
711
709
705
705
706
701
702
702
698
697
701
698
698
698
695
692
690
689
690
691
691
687
688
687
683
681
683
679
678
682
679
680
674
677
677
675
675
673
669
667
670
669
666
667
662
662
663
662
660
661
659
655
654
655
652
655
653
654
651
650
648
646
646
643
647
646
645
644
641
641
636
637
636
638
634
633
633
634
628
629
627
627
626
627
622
624
620
622
621
621
616
618
618
615
616
615
614
611
610
612
608
605
606
607
606
601
604
599
601
598
596
600
594
595
595
595
592
590
593
589
588
585
584
583
587
585
583
581
580
582
580
578
576
578
575
573
574
574
571
569
569
565
566
568
564
561
565
563
558
562
561
558
554
554
555
551
553
549
551
551
549
549
549
548
544
544
545
539
542
541
541
536
538
537
534
532
533
530
531
530
526
529
524
524
526
525
523
524
520
519
520
515
518
518
517
511
510
514
508
509
508
510
505
505
502
502
504
504
501
499
500
500
494
497
492
493
493
493
489
489
486
486
485
484
482
486
481
484
481
477
480
478
477
477
476
472
472
469
471
472
468
468
469
463
466
462
465
459
458
459
461
459
457
453
454
455
452
450
449
452
450
450
447
446
442
441
445
439
443
439
440
439
436
434
433
435
433
432
431
427
426
425
428
428
425
422
422
422
422
422
420
419
419
413
414
412
413
414
409
410
407
409
405
406
403
406
404
404
402
397
398
400
398
396
396
394
394
392
391
389
389
387
388
387
383
382
383
379
379
382
378
375
379
375
375
372
373
370
368
369
369
365
367
365
365
366
361
360
359
362
361
359
359
356
354
354
352
353
351
347
348
349
348
344
346
345
342
339
340
342
339
338
336
338
336
335
331
334
329
332
331
330
329
327
322
322
320
319
318
322
317
317
319
315
313
316
313
310
310
312
307
308
304
306
307
303
301
300
302
302
301
297
294
298
294
291
291
294
291
289
290
285
286
285
285
283
283
280
281
280
278
278
276
278
275
272
274
272
270
271
269
269
267
268
264
261
262
262
261
261
258
256
259
254
253
251
255
253
249
249
251
247
244
248
247
244
240
244
240
239
240
238
235
235
234
231
230
231
232
229
228
229
229
224
225
226
221
224
221
218
220
220
219
213
216
212
212
209
212
211
210
205
208
203
204
205
202
199
200
199
198
197
194
197
196
193
191
193
192
188
187
189
186
183
182
186
182
180
179
178
180
176
179
175
177
175
173
170
172
170
171
166
168
163
167
166
165
159
161
158
158
160
155
157
154
156
153
152
148
149
150
148
148
145
146
142
143
143
141
140
140
136
134
136
137
135
134
134
132
131
128
127
126
127
125
126
124
119
123
122
120
115
118
113
112
112
110
114
110
108
110
106
108
106
104
103
104
102
98
100
99
99
95
97
94
94
93
89
90
89
90
85
87
83
87
82
81
79
80
82
76
75
77
74
75
73
75
72
73
72
67
69
66
65
64
62
64
62
60
61
59
57
58
55
54
52
54
49
48
49
47
47
48
44
45
41
44
40
41
41
38
38
34
37
33
35
31
34
33
32
26
26
28
25
27
25
25
20
21
18
18
15
15
18
15
13
11
13
13
9
6
9
7
4
2
5
3
4
4
5
5
8
7
12
13
9
14
12
17
15
17
15
17
18
23
19
20
23
27
26
29
26
26
27
33
32
34
31
34
36
36
36
37
40
39
42
40
44
45
43
49
45
46
51
49
50
50
56
56
54
57
55
58
57
59
60
64
63
66
63
64
65
69
71
68
74
74
72
74
75
79
78
79
78
80
82
82
83
82
85
87
88
88
92
93
93
92
95
92
94
97
99
100
98
99
100
105
105
104
105
104
108
106
109
111
111
113
112
112
117
119
115
116
120
122
120
123
124
123
124
128
128
126
130
129
134
130
134
134
134
138
137
140
138
142
140
142
143
147
144
148
147
146
148
148
151
153
154
153
158
155
159
157
162
161
164
165
164
163
167
165
167
167
168
172
173
173
174
173
178
178
175
180
180
179
184
180
181
182
188
184
187
188
187
193
192
194
196
193
198
195
195
199
200
198
199
200
205
207
206
208
207
209
209
212
211
210
215
217
213
218
220
219
217
218
221
220
225
224
224
224
227
228
231
232
231
230
235
237
237
234
240
241
238
241
242
245
242
243
248
245
248
248
248
253
252
251
256
256
256
255
257
257
258
261
261
265
264
267
265
269
268
271
272
273
269
270
276
276
274
279
277
280
281
279
284
281
286
283
285
286
288
288
288
291
291
290
296
297
294
296
295
298
299
299
304
300
305
303
305
307
309
308
310
311
314
312
315
314
317
315
320
321
319
322
321
320
324
327
327
326
326
327
331
331
334
335
332
332
338
339
335
339
337
340
343
343
343
345
345
346
347
348
347
351
352
352
356
357
358
358
356
361
357
360
362
361
366
367
367
366
370
368
372
372
371
370
376
374
374
378
378
379
379
381
379
385
384
384
386
388
389
390
391
389
391
393
393
393
394
398
395
399
400
403
402
400
406
405
403
407
409
408
409
411
409
410
413
415
413
417
418
421
420
422
422
425
422
424
423
425
429
431
428
431
430
430
432
435
435
434
436
439
438
441
444
442
441
447
443
444
449
449
451
451
454
450
454
454
453
454
459
459
462
460
463
461
461
464
468
465
465
471
471
469
474
474
475
472
477
476
478
481
481
480
480
481
485
487
488
488
487
491
492
492
492
492
492
497
493
494
497
499
499
503
499
502
503
504
506
507
507
506
510
508
510
513
514
515
515
519
520
520
520
519
520
524
521
524
526
528
528
529
529
530
533
533
532
537
536
536
537
538
542
539
544
543
543
544
544
547
546
549
550
551
554
554
556
555
557
554
557
560
558
561
564
565
564
565
563
568
569
568
569
572
571
574
573
573
573
575
576
578
577
578
580
583
583
585
583
586
585
591
587
589
591
595
594
593
594
597
598
598
601
603
601
602
604
604
605
605
609
608
610
608
610
611
613
616
618
617
619
616
617
622
624
622
624
624
623
628
627
631
627
628
631
633
633
635
635
636
636
636
637
640
641
645
645
643
644
648
646
646
650
651
653
653
652
652
655
655
660
657
659
659
663
660
663
666
667
668
669
669
667
671
671
674
674
673
677
677
678
681
679
679
684
681
685
682
688
687
689
689
688
692
690
692
695
695
698
696
697
700
699
703
702
700
702
705
705
706
707
709
707
709
709
713
713
715
718
716
715
716
722
722
724
724
725
724
726
724
727
730
730
732
731
733
733
732
735
738
739
736
737
738
740
743
742
743
747
748
745
747
750
751
750
754
753
756
757
759
758
759
760
758
762
760
764
766
764
767
766
769
769
768
772
775
771
775
777
775
780
779
780
781
779
784
783
782
784
786
786
789
788
789
791
791
793
794
793
797
796
800
802
799
803
803
802
802
805
804
806
807
809
810
811
814
816
812
817
816
818
819
819
823
819
822
823
822
823
826
828
829
831
832
834
832
832
833
833
834
839
836
840
840
840
845
845
846
847
848
849
847
850
848
851
850
851
854
857
854
859
857
862
860
861
861
861
865
863
867
865
866
870
869
869
873
873
874
877
877
