875
875
877
872
874
874
869
870
869
869
869
864
867
862
866
861
860
861
860
861
858
858
853
855
855
850
849
853
852
847
846
844
843
842
845
842
840
843
839
840
838
837
837
834
832
833
834
830
828
830
826
827
824
825
823
822
819
822
822
820
815
818
818
812
811
815
811
811
811
808
810
809
807
805
805
805
799
802
800
801
799
796
797
795
791
793
794
792
792
786
786
784
785
785
785
781
781
779
779
776
776
774
777
773
772
774
773
771
769
770
769
765
767
767
764
764
761
759
757
761
758
759
754
755
755
751
752
751
749
747
746
744
743
745
744
742
742
739
741
738
738
736
735
733
733
730
731
729
729
731
726
724
726
727
721
723
722
718
720
720
716
716
715
714
712
713
713
709
709
706
710
706
708
706
706
703
700
699
697
700
700
698
695
697
691
692
692
689
687
687
687
688
684
686
683
682
679
679
680
679
679
675
678
675
676
673
671
672
672
670
668
667
668
665
662
664
664
662
662
660
659
655
654
656
655
651
652
651
649
650
645
649
644
647
645
640
642
643
639
636
636
639
635
636
635
634
632
631
630
627
626
628
626
622
626
622
622
619
617
616
617
619
613
612
614
610
609
609
610
609
605
604
607
607
602
604
604
600
601
598
597
598
595
592
591
590
589
589
589
590
589
584
583
583
586
581
582
582
580
576
580
576
576
576
576
574
573
572
567
571
570
567
564
562
562
563
563
562
561
557
557
557
555
553
553
552
552
550
547
550
547
549
543
546
541
545
540
543
540
537
536
534
538
533
535
533
534
532
528
526
527
526
525
527
525
520
523
522
519
517
518
515
517
515
515
510
511
510
507
507
510
507
507
503
504
504
501
503
498
496
498
497
496
497
491
492
494
489
491
490
489
485
483
486
483
480
484
482
482
477
477
474
478
475
472
475
473
468
469
471
469
465
468
464
464
462
462
462
459
457
455
459
458
453
456
450
449
450
450
447
450
445
443
445
443
441
443
442
437
440
438
437
436
433
436
430
430
430
431
427
428
426
425
423
426
423
423
419
418
416
415
419
418
417
414
411
414
410
409
409
408
407
405
402
403
404
403
402
400
400
396
397
397
394
392
391
389
389
388
386
386
384
383
383
384
385
380
379
378
379
377
374
376
373
374
372
371
368
371
369
367
364
363
367
362
362
364
359
357
359
358
358
354
356
351
353
353
350
352
347
350
347
346
344
345
341
343
338
340
341
338
339
336
337
331
331
334
331
327
327
327
324
328
322
325
324
323
319
321
317
317
316
318
316
313
313
312
309
307
310
309
306
308
306
302
304
301
301
297
298
297
298
297
295
294
290
290
290
291
290
286
285
285
286
281
283
284
282
278
276
275
274
274
277
276
273
271
269
271
268
266
269
265
264
264
264
260
258
259
260
256
258
257
255
256
252
251
251
248
247
246
247
246
247
246
244
242
241
241
236
236
238
235
232
232
230
231
229
228
228
226
227
226
224
225
222
224
223
222
219
220
216
214
216
213
215
214
210
208
206
208
208
204
203
203
202
200
202
199
198
198
197
196
193
196
192
189
190
190
190
189
189
186
185
185
180
180
183
177
179
176
179
176
173
175
171
174
171
171
168
167
165
165
162
162
165
161
161
159
159
158
154
154
157
156
154
152
152
152
150
146
148
145
145
141
141
140
138
140
136
139
137
137
134
133
135
132
129
130
131
130
125
126
127
125
124
122
119
117
117
120
116
117
114
115
114
114
112
108
107
108
106
106
105
102
105
99
99
100
99
95
99
95
92
93
93
91
89
88
87
89
87
85
86
82
82
80
79
77
79
75
79
75
77
72
73
69
73
71
70
68
68
63
66
63
62
59
62
61
61
58
56
58
53
51
51
49
53
51
46
45
45
47
45
43
44
42
40
38
40
36
34
34
34
36
32
34
30
30
29
28
27
27
26
23
23
21
21
17
19
19
18
15
13
13
14
12
13
8
9
9
4
4
4
3
0
1
3
8
7
8
7
8
8
11
15
14
16
17
17
17
19
22
23
19
23
24
25
24
24
28
30
27
30
31
30
31
37
35
34
40
40
38
39
40
41
41
46
44
44
45
50
47
52
54
52
51
57
53
57
60
61
57
59
64
60
61
66
63
66
67
70
70
71
72
70
74
73
76
79
78
81
81
79
81
81
85
86
85
86
89
87
92
93
89
90
95
93
96
96
99
100
101
100
100
102
103
107
106
109
105
111
107
110
113
110
112
116
116
117
120
120
117
118
120
123
123
127
124
128
130
129
130
129
131
134
136
132
137
135
137
137
139
139
140
144
146
144
146
146
147
148
147
150
152
151
151
155
157
159
157
161
162
161
161
164
165
166
163
165
167
168
169
172
173
171
176
175
176
175
180
179
177
179
184
184
186
186
187
185
190
187
188
189
189
193
194
193
196
197
200
201
202
201
202
204
204
206
208
208
209
206
207
208
210
211
214
215
216
216
215
220
221
220
222
220
221
223
225
227
228
226
231
232
233
233
233
234
236
239
240
236
240
243
240
244
245
242
245
245
249
248
248
251
249
253
256
257
253
255
259
260
261
263
259
265
261
263
266
266
270
271
271
270
273
272
273
272
277
278
279
278
282
281
284
285
284
285
288
289
289
290
289
289
294
291
295
294
295
298
298
298
299
303
302
303
302
307
304
305
310
308
310
308
314
314
313
317
317
317
316
321
320
320
320
325
321
326
328
329
327
329
330
329
331
330
335
333
334
338
339
340
338
338
340
345
341
345
345
349
345
351
347
351
350
353
352
356
355
356
357
356
361
360
359
362
363
364
366
369
369
369
371
368
369
372
374
372
378
379
376
377
379
379
384
384
383
387
385
387
385
389
388
388
394
395
395
395
394
399
400
400
399
402
399
402
402
407
404
405
407
408
408
411
412
410
416
415
413
415
417
418
420
419
424
424
423
427
425
427
430
431
430
429
430
430
431
437
434
438
436
437
437
441
441
441
442
445
443
449
445
449
449
453
452
452
455
457
458
458
458
458
461
462
460
465
461
462
464
467
465
468
469
473
473
475
475
474
474
475
480
476
477
482
484
480
486
482
483
484
489
488
489
490
490
495
492
496
496
499
499
496
501
499
500
500
505
504
506
506
507
509
507
511
511
513
515
516
518
515
519
520
522
523
520
523
525
527
523
526
529
526
527
531
531
533
533
537
537
535
537
537
542
539
541
544
543
546
543
545
547
550
552
548
553
550
552
552
557
555
559
558
558
563
560
564
562
562
567
567
569
570
567
571
570
575
574
577
578
575
575
576
577
582
581
580
585
585
584
584
590
586
587
591
594
593
595
596
593
595
600
597
600
602
599
603
602
607
603
606
606
611
611
608
611
611
615
612
616
616
617
620
621
621
621
620
622
626
623
627
626
629
629
631
632
632
635
637
636
638
636
638
640
640
641
644
644
645
644
649
650
647
649
652
652
654
653
656
654
657
659
658
661
661
663
661
666
662
666
668
669
666
670
671
671
670
675
674
675
675
680
681
678
680
682
685
682
686
686
689
686
690
687
690
693
695
693
695
693
698
700
697
701
699
702
704
704
704
705
709
707
708
708
708
713
712
713
717
716
719
720
720
722
721
722
724
724
722
728
724
726
726
729
728
729
731
736
732
735
734
735
738
739
743
741
745
744
746
747
749
750
748
752
748
752
751
756
752
755
759
756
759
757
760
759
760
763
764
764
767
767
768
770
769
772
773
774
772
776
776
776
777
782
780
781
784
781
783
784
784
787
791
789
790
789
793
792
796
793
794
799
801
801
802
804
801
806
804
805
808
809
809
807
811
809
812
815
813
816
815
820
816
818
822
819
820
825
827
825
826
830
827
830
833
830
835
833
836
836
835
839
838
838
839
839
844
845
846
846
849
845
846
849
850
851
855
852
854
857
856
855
859
860
863
861
863
865
865
864
867
869
868
872
870
872
874
875
876
875
876
