876
874
877
877
875
875
869
873
872
867
866
865
865
865
863
864
864
863
857
860
855
856
858
856
853
850
853
848
851
848
846
845
847
845
841
841
839
841
838
836
840
839
834
837
836
831
830
828
832
827
827
825
826
822
823
823
824
818
822
816
816
818
814
816
815
815
811
812
808
809
807
807
804
807
806
804
802
799
797
801
798
794
793
797
794
794
791
793
789
791
788
788
784
787
781
781
782
778
782
781
776
777
776
773
771
773
771
768
771
770
767
764
768
762
765
762
762
761
758
760
759
759
758
755
752
755
752
751
749
746
747
748
743
742
745
740
742
742
737
741
740
739
736
733
734
731
734
732
730
729
725
727
726
724
726
722
722
719
720
717
719
719
714
714
715
711
710
711
712
707
710
709
703
704
703
702
700
699
697
696
698
696
694
696
694
690
691
691
692
687
690
687
685
685
684
685
681
681
682
681
680
677
674
672
674
671
669
671
669
668
670
666
666
666
663
660
660
662
659
659
655
655
657
657
651
652
653
651
647
647
646
646
648
645
642
641
639
642
642
637
637
639
633
634
632
630
629
631
631
626
629
628
623
627
624
625
620
618
622
621
616
615
615
613
615
615
612
612
611
609
610
606
603
605
604
600
602
603
598
598
595
597
594
593
591
595
589
593
587
589
588
586
585
586
585
580
583
580
577
579
575
576
576
575
576
570
572
568
570
566
568
568
566
565
565
564
562
560
562
559
557
556
554
556
555
554
554
551
550
547
547
549
546
546
541
540
540
539
538
537
537
535
537
536
533
533
532
533
527
530
526
528
525
527
523
525
523
522
521
516
518
517
514
512
516
513
511
512
511
511
506
504
503
502
505
502
503
499
497
498
497
494
497
495
496
495
491
490
492
491
488
489
485
483
483
481
484
479
480
477
476
474
477
474
471
470
469
470
469
466
468
464
467
463
461
464
460
458
457
458
460
459
454
453
452
454
449
452
451
450
449
445
448
445
445
440
439
443
441
438
438
434
434
433
436
435
431
432
431
426
425
426
424
423
425
421
420
422
417
419
418
415
416
417
414
415
412
410
410
411
406
404
408
406
401
402
399
400
397
398
399
396
395
393
395
390
391
392
389
389
385
387
388
382
385
385
384
378
381
379
380
378
373
376
376
373
369
373
369
366
369
365
364
364
363
365
362
359
361
360
356
358
358
354
352
355
351
352
350
346
349
346
345
343
341
343
340
340
337
340
337
335
336
333
333
332
329
328
330
327
325
326
323
327
326
322
324
320
318
318
319
314
314
317
315
310
310
308
310
306
306
309
307
304
306
303
302
300
299
299
298
294
293
297
292
292
290
290
292
291
289
286
285
286
281
281
284
282
279
276
276
279
278
277
276
271
271
268
269
267
268
266
267
265
263
261
262
258
262
257
257
255
253
254
254
250
251
248
251
250
249
248
246
242
245
245
244
242
240
236
238
236
236
232
231
232
230
232
232
230
230
226
224
226
225
222
224
221
218
218
220
214
213
212
212
210
210
209
211
208
205
204
207
206
205
202
203
200
199
196
198
194
195
195
193
193
191
188
189
188
189
188
186
182
185
180
181
181
178
176
179
174
173
177
176
175
170
171
171
168
170
164
168
165
163
163
159
163
160
158
160
158
153
152
152
150
151
149
152
149
147
146
146
144
145
145
143
140
137
141
138
138
134
135
133
131
131
132
131
126
127
124
123
127
126
125
120
118
118
116
118
116
118
113
113
113
113
112
107
106
108
106
105
106
101
101
103
103
102
96
95
99
93
95
93
95
90
88
91
88
88
86
84
87
81
80
83
80
80
81
78
76
78
75
71
71
73
68
72
67
65
65
68
63
66
65
63
59
59
61
57
56
55
57
55
54
50
48
52
48
47
44
48
47
41
41
40
42
42
38
37
34
33
37
34
30
29
28
30
26
26
28
27
25
23
23
22
18
20
17
20
19
13
15
14
11
10
13
12
6
5
5
6
5
5
0
6
4
5
8
7
8
7
11
9
13
13
14
14
16
18
20
21
18
23
24
22
22
27
26
29
27
28
33
30
34
31
34
33
35
36
38
37
40
44
42
41
47
47
46
45
47
47
49
51
55
52
53
55
54
55
59
62
62
59
61
61
65
68
68
69
71
70
71
72
71
74
74
78
78
76
77
81
81
84
80
85
83
87
87
89
87
91
92
94
92
94
92
97
98
97
97
97
98
104
101
101
103
104
108
106
106
107
113
110
110
112
112
118
115
120
120
117
119
120
124
125
125
127
128
125
126
132
133
132
132
134
134
135
138
138
141
137
143
140
140
146
144
143
147
146
148
149
152
149
152
152
155
156
156
158
158
159
162
164
161
164
166
168
164
170
167
170
173
170
172
173
174
173
177
178
180
180
180
183
181
184
186
186
184
188
187
190
191
189
192
193
193
196
199
197
199
199
198
200
205
204
207
208
206
208
210
208
211
214
211
214
215
214
216
220
219
221
223
219
223
222
225
227
225
225
231
230
231
234
231
235
233
233
236
238
238
242
241
240
243
243
242
248
249
245
251
249
250
249
251
256
257
255
259
256
257
262
260
259
264
263
262
266
268
268
266
271
270
274
273
273
272
276
274
278
277
278
281
282
282
281
287
285
289
286
289
289
290
290
290
291
296
294
299
299
300
301
298
300
300
304
307
307
304
310
306
312
313
313
313
313
317
315
317
319
318
320
322
319
321
325
326
325
327
327
329
327
329
333
333
332
334
336
339
336
339
341
343
344
341
345
343
344
344
348
348
350
353
354
350
355
354
356
357
357
356
358
363
361
361
362
363
363
366
366
371
367
373
374
370
375
377
377
377
380
380
378
378
382
382
385
385
383
386
386
388
390
393
389
391
395
395
396
399
396
397
401
400
401
404
401
403
406
409
407
408
409
409
410
413
415
415
414
416
419
420
420
419
422
424
423
427
425
424
425
431
431
430
433
434
431
433
436
438
439
436
442
440
443
444
444
442
445
449
445
448
448
449
449
454
451
457
453
457
456
460
457
462
463
465
464
466
463
465
470
471
468
473
472
474
475
473
475
475
479
478
480
480
484
480
483
484
483
485
485
487
492
492
490
493
495
494
497
496
495
498
497
499
501
502
506
507
505
508
508
506
508
508
511
515
513
515
515
519
519
521
517
523
522
525
522
522
527
528
529
526
527
530
532
534
533
534
538
539
539
540
539
543
540
540
541
545
547
549
550
546
548
553
551
553
551
552
557
556
558
558
562
558
561
562
563
566
567
568
566
568
567
572
574
575
573
577
576
574
575
576
577
583
581
583
581
586
585
584
586
590
591
589
589
590
595
594
594
598
600
601
597
599
602
601
606
606
606
609
610
607
607
609
610
613
614
615
616
618
619
616
622
619
621
623
621
623
628
626
625
627
630
628
634
635
632
633
638
636
640
641
639
638
643
642
646
646
646
644
650
649
648
648
653
654
654
652
655
656
658
657
660
658
663
663
662
666
667
668
668
667
668
669
671
671
675
674
675
677
677
681
679
679
681
681
682
685
685
688
688
686
687
688
689
693
691
694
694
697
695
699
702
703
701
700
701
707
707
709
709
711
710
708
710
714
713
717
717
715
718
719
717
718
722
721
726
723
723
725
727
727
729
733
734
730
733
733
737
734
736
737
739
740
741
745
741
742
748
744
748
747
749
751
754
754
752
756
755
754
758
759
759
758
759
762
762
763
764
766
767
766
768
771
774
770
776
772
778
778
780
780
781
781
781
780
784
782
783
786
785
786
792
790
790
793
794
792
793
798
796
796
801
799
804
805
806
806
807
808
807
810
807
812
809
814
811
816
815
818
816
817
817
818
822
823
826
826
828
826
827
827
830
828
830
830
832
835
833
835
839
838
837
840
840
840
844
847
843
849
850
851
849
851
850
855
853
857
855
859
859
856
858
863
860
861
864
863
864
866
867
869
869
870
872
871
871
876
873
874
