876
878
875
876
876
873
871
869
870
866
867
865
868
867
863
860
863
860
859
861
858
858
857
854
854
855
851
853
850
849
847
849
845
845
841
842
840
841
839
839
835
835
838
832
835
833
834
831
828
829
828
828
824
826
825
822
821
819
818
819
815
817
817
817
812
815
810
810
808
811
810
808
804
804
803
804
800
802
799
798
800
795
795
792
791
795
790
789
790
789
790
785
787
785
783
783
783
780
782
777
775
776
775
775
776
771
770
771
768
767
766
768
764
766
764
763
759
759
759
758
760
754
754
753
753
751
750
749
752
746
748
749
743
743
744
745
741
739
737
741
740
739
736
737
736
730
733
728
730
727
728
729
726
723
726
724
724
722
722
719
718
717
716
716
714
712
714
709
707
711
708
708
708
703
703
700
699
703
697
696
699
695
697
695
691
690
690
688
692
686
689
688
688
684
685
682
679
681
677
677
676
678
675
673
674
670
670
668
671
669
668
667
666
665
666
660
659
658
659
660
659
657
653
655
654
651
651
653
648
647
648
646
646
644
642
643
642
639
637
638
639
639
638
636
633
632
632
629
628
627
629
627
623
623
621
624
620
623
619
620
615
614
614
614
611
614
610
613
610
608
609
609
608
605
601
604
600
600
597
597
597
596
594
594
593
594
593
588
587
590
587
587
586
584
585
585
583
580
581
578
576
578
574
574
573
572
574
572
569
569
570
568
568
564
564
563
563
560
557
559
556
558
557
552
552
550
552
549
548
551
549
548
546
546
541
542
540
543
537
540
538
538
535
533
535
535
531
532
529
526
527
524
526
523
526
522
521
521
519
519
515
517
515
516
514
510
511
513
509
510
508
508
504
504
504
502
499
502
501
497
498
496
497
495
495
490
492
493
487
491
487
484
485
487
484
482
480
479
479
481
480
475
478
476
473
473
474
472
472
471
468
465
464
464
465
461
460
462
457
459
460
454
457
456
454
450
453
453
450
449
446
444
446
446
444
440
441
440
440
438
440
439
436
433
435
434
429
433
428
429
427
426
425
425
421
423
420
421
422
418
420
417
418
413
411
411
411
408
409
409
410
405
403
402
402
402
401
403
400
400
399
396
395
396
393
391
394
389
392
390
389
386
384
387
386
385
382
381
381
378
378
379
378
375
375
373
373
371
372
368
366
368
367
366
365
364
361
361
360
359
359
359
357
357
354
353
354
350
352
346
345
344
343
345
341
340
343
339
341
341
338
338
334
332
335
335
332
333
330
331
326
326
328
323
323
322
323
318
318
319
320
318
318
316
312
310
312
311
310
309
305
309
308
305
306
305
301
302
301
298
296
297
294
295
292
293
291
288
292
288
285
289
284
283
284
282
282
280
282
281
280
279
276
277
276
270
271
268
270
266
268
266
263
263
266
262
264
258
260
261
255
258
255
253
255
252
249
252
248
249
248
244
243
244
243
243
240
241
242
239
240
237
234
233
233
235
232
230
231
230
229
229
224
223
225
223
224
221
217
216
218
215
215
215
215
215
214
213
207
209
205
206
205
205
206
205
199
203
202
201
196
195
198
194
195
191
193
193
191
187
189
184
188
182
185
185
183
179
178
176
180
175
177
177
174
171
174
170
169
169
165
164
165
164
161
163
159
163
161
157
158
154
155
155
151
153
152
148
152
148
145
146
145
142
142
145
144
143
139
136
140
139
137
135
136
131
134
130
128
127
125
127
128
126
124
121
124
119
120
120
118
119
114
112
116
113
112
113
109
107
105
109
108
103
102
104
101
101
99
98
95
94
93
95
91
94
91
88
91
90
87
87
87
84
84
83
84
80
79
77
78
76
76
73
71
71
74
73
71
69
65
69
67
64
66
62
59
59
62
61
55
55
55
52
54
52
54
49
48
47
46
46
44
42
41
43
40
40
40
40
37
37
37
32
36
32
32
30
29
29
30
28
24
26
21
24
19
19
22
21
16
17
16
15
15
14
12
11
10
9
6
9
5
5
2
3
3
3
7
4
8
7
10
11
10
11
14
13
14
17
16
21
21
22
20
22
23
22
24
25
29
27
29
29
32
30
33
37
34
36
39
39
38
41
43
40
41
45
44
45
50
50
47
51
49
55
51
56
54
59
56
57
59
58
59
60
61
62
67
68
69
71
68
70
71
72
72
75
75
77
78
80
80
78
84
85
84
87
88
86
85
91
92
90
93
91
92
95
97
95
97
100
99
101
104
102
101
107
105
106
108
106
111
109
110
111
113
114
115
114
118
119
122
120
123
124
123
123
123
129
125
130
128
129
133
133
131
133
138
135
139
139
142
139
140
144
145
146
144
145
145
151
152
150
153
155
151
153
156
157
158
158
161
161
161
162
162
167
163
167
167
171
170
173
174
170
172
173
177
177
179
178
179
180
184
184
186
185
183
184
188
189
187
190
191
194
192
193
195
194
200
196
201
199
201
205
205
207
203
204
207
208
209
208
210
215
214
213
218
215
218
217
217
220
223
222
224
226
225
229
229
228
230
232
229
232
235
234
233
239
236
238
240
238
240
241
245
244
245
246
248
249
248
250
252
255
252
255
257
256
260
257
258
260
260
264
263
264
265
269
265
271
271
270
273
272
273
277
278
277
279
280
280
278
284
285
285
283
288
288
287
287
289
288
293
295
292
293
298
295
297
298
297
298
301
304
305
305
308
306
309
311
307
312
310
310
315
315
316
316
315
316
317
318
324
323
321
327
323
328
329
330
329
329
333
332
331
336
335
337
336
340
337
338
340
344
343
344
345
349
348
350
352
349
349
350
352
353
354
357
355
359
358
363
362
363
366
366
365
366
369
368
372
372
372
374
374
375
378
379
380
379
379
378
381
384
385
387
384
385
389
391
389
393
390
395
392
397
396
395
395
400
399
399
400
402
404
404
406
408
406
408
410
411
410
415
411
416
418
417
416
420
422
419
424
422
421
426
423
428
427
428
429
428
429
431
436
433
436
435
437
440
437
438
440
445
442
445
448
444
450
446
451
449
453
450
455
457
455
456
457
457
459
458
462
460
465
466
464
464
468
468
467
471
473
475
473
473
478
474
476
479
481
480
479
480
481
482
484
485
486
490
491
492
491
494
493
495
496
494
498
499
502
499
502
500
501
502
508
509
506
510
508
509
514
514
515
513
515
516
516
518
520
520
523
524
521
524
525
524
528
528
530
529
532
532
534
536
536
537
539
540
542
540
541
541
543
547
548
548
550
548
549
550
550
551
552
553
556
558
556
561
560
563
564
563
565
565
566
564
567
568
569
571
574
571
573
575
577
578
576
581
578
582
582
582
581
582
583
584
589
588
592
592
593
591
591
596
593
599
599
596
599
598
601
601
605
606
603
604
607
611
608
610
610
615
614
612
615
614
616
616
619
623
624
624
625
623
628
625
626
626
630
633
634
632
634
633
637
636
639
639
639
643
639
644
644
642
647
647
648
646
649
652
654
653
652
653
653
657
659
661
657
663
661
663
664
665
668
667
666
670
668
668
671
671
676
674
677
679
676
676
678
683
682
680
681
687
683
685
689
689
692
689
694
690
695
697
698
698
698
698
701
699
701
705
701
706
707
704
707
710
711
712
709
713
713
717
713
717
719
716
721
718
720
723
723
723
724
729
729
729
731
728
732
734
736
736
733
735
735
738
738
741
740
744
742
745
743
748
750
751
749
750
753
754
753
757
758
759
757
761
757
763
763
761
763
766
765
767
768
766
767
772
772
770
772
773
776
774
778
779
779
781
780
785
786
787
783
788
788
787
787
791
794
795
793
792
797
796
795
796
797
803
803
801
802
805
808
805
806
811
810
811
813
812
814
813
814
816
816
821
819
819
822
821
824
822
827
824
829
830
831
832
830
832
835
836
835
834
838
841
840
843
841
844
842
846
845
847
849
849
847
853
853
854
856
853
858
859
855
860
860
861
859
860
861
866
865
868
869
871
868
871
869
872
872
877
874
879
