875
876
874
874
875
874
873
869
869
867
869
865
865
862
862
865
860
860
860
856
855
854
853
855
853
854
853
853
851
849
849
846
847
844
845
844
844
839
839
838
838
838
833
836
835
830
830
830
831
827
829
824
828
825
824
824
822
819
819
820
819
817
818
814
812
812
810
808
808
811
808
809
804
807
806
805
800
803
797
797
798
797
798
794
796
790
790
791
788
789
789
788
785
785
782
782
783
779
778
777
777
774
775
776
772
770
770
772
771
770
768
768
767
766
765
761
762
763
759
756
757
759
754
753
751
750
749
752
750
751
749
745
746
745
741
740
742
742
741
736
738
735
738
734
734
731
730
728
730
730
725
724
725
725
723
724
724
720
718
721
715
715
713
713
715
714
709
713
707
711
707
706
705
706
702
701
702
703
702
697
696
696
698
697
691
694
694
688
689
687
685
684
687
686
684
682
682
682
678
678
679
676
674
675
671
671
671
673
668
669
666
666
664
665
663
660
661
661
657
656
655
659
654
652
656
655
649
652
649
649
649
645
643
646
644
644
643
640
637
639
640
639
633
632
633
635
634
628
628
627
626
627
625
622
624
623
619
623
617
617
620
617
616
617
616
610
614
612
611
607
605
605
605
604
603
602
599
603
599
598
597
595
598
595
591
590
590
592
591
591
587
585
588
584
581
584
583
582
579
579
579
574
577
576
573
572
572
572
569
571
565
564
563
562
563
562
560
559
561
561
555
554
556
555
556
555
554
550
552
551
546
544
545
544
544
543
541
538
537
540
540
536
538
537
535
533
530
529
532
531
530
526
527
522
526
523
523
520
522
517
518
514
513
514
516
515
512
513
512
511
507
506
507
507
504
503
502
501
498
496
498
499
494
493
495
492
490
490
492
487
486
486
484
484
482
482
484
479
481
479
476
476
473
475
474
470
473
471
467
467
470
464
464
467
462
460
463
459
460
458
459
457
457
453
453
450
453
448
449
448
449
446
447
445
443
443
444
443
438
436
437
434
435
436
433
430
434
428
429
426
428
427
423
425
423
425
421
418
422
420
417
419
417
417
412
413
410
409
409
407
407
406
406
403
403
402
402
400
397
399
396
395
396
397
392
390
394
389
389
391
387
384
384
385
386
382
384
380
382
379
378
377
374
376
373
373
371
370
372
369
365
367
368
367
366
361
360
359
358
360
358
354
356
352
351
352
351
349
350
349
348
344
346
343
344
341
341
339
337
337
335
337
334
336
332
335
330
333
329
326
328
328
327
326
326
323
319
319
318
320
315
316
315
312
314
311
314
310
311
306
305
304
303
305
306
303
303
298
302
300
297
298
298
297
295
295
293
293
290
288
287
286
285
287
283
280
281
279
277
277
279
274
276
277
275
274
273
273
272
268
269
265
263
267
261
265
260
261
260
261
257
258
256
256
255
255
254
248
251
247
246
248
243
242
242
245
244
241
242
239
235
237
237
233
235
230
234
228
228
229
227
225
223
225
225
224
219
220
221
218
215
219
218
215
212
213
212
208
210
207
206
207
203
205
203
203
204
203
201
198
195
197
195
197
195
190
191
188
190
189
185
189
185
184
182
183
180
182
177
177
178
175
177
176
172
173
171
172
170
168
169
166
163
162
164
160
163
163
158
160
155
155
155
153
156
154
152
149
148
147
150
149
144
143
145
143
139
142
140
140
137
138
137
137
131
133
130
131
131
130
127
124
128
126
125
124
123
122
119
117
116
117
117
112
116
113
109
108
107
110
108
106
105
103
106
100
101
100
100
100
97
94
95
95
92
91
89
92
87
88
87
85
87
85
82
80
80
81
78
76
77
74
77
72
75
73
69
73
68
70
69
68
67
66
64
61
63
63
57
61
55
58
53
52
54
53
54
53
50
47
49
45
45
47
46
40
43
41
38
40
35
35
38
34
36
33
32
28
27
29
29
25
25
23
21
20
20
21
17
21
18
18
18
15
14
10
13
11
8
6
8
4
4
7
5
0
2
7
6
8
5
7
11
12
13
15
13
17
13
16
20
17
21
23
22
21
23
26
28
25
29
26
27
32
33
31
35
32
37
39
40
40
38
38
44
42
44
47
44
47
47
50
51
50
51
53
54
52
56
57
56
56
58
58
63
60
65
66
64
64
67
68
67
71
73
70
76
75
76
77
79
81
80
80
82
80
84
82
87
89
89
89
91
89
89
95
93
92
94
97
99
98
97
101
102
100
101
105
103
107
108
108
107
108
109
113
111
113
113
114
115
116
119
120
120
122
125
125
125
128
130
130
131
130
133
135
131
135
135
135
139
136
142
139
140
141
145
145
146
146
147
150
152
151
153
153
153
153
156
155
160
158
160
159
164
161
161
167
168
169
169
168
167
173
170
173
173
173
178
174
175
177
179
178
179
184
181
187
183
185
185
191
189
189
193
192
191
196
198
194
196
198
201
199
203
202
204
207
205
205
210
210
209
212
210
213
213
215
214
215
219
217
218
221
223
224
221
225
224
229
225
226
232
233
234
231
232
234
236
236
237
238
240
239
239
240
245
244
245
249
246
251
252
251
254
255
254
254
257
255
256
257
260
261
261
265
266
266
263
264
267
267
268
271
269
270
274
276
276
276
280
281
277
278
280
282
281
283
283
289
287
291
291
290
291
293
293
292
298
295
296
298
301
299
302
303
304
306
303
306
309
306
312
309
311
315
315
313
313
314
318
318
319
323
320
321
321
323
326
325
327
329
332
328
332
332
335
337
335
335
335
339
338
343
341
344
344
345
343
346
345
348
350
351
352
352
352
352
358
357
359
359
358
363
364
364
363
365
365
367
366
366
367
371
374
374
373
373
375
379
380
379
377
383
384
381
381
387
385
388
387
386
389
389
393
390
395
393
398
398
398
396
401
401
404
402
403
406
408
407
410
411
409
408
413
411
412
414
417
416
417
420
421
421
420
423
421
422
425
428
426
431
429
430
434
430
431
436
437
439
440
441
441
443
442
440
444
443
445
445
448
451
448
453
449
453
456
455
453
456
460
458
461
462
463
465
461
465
463
469
467
470
467
471
472
471
474
474
473
474
478
477
478
482
480
480
485
483
484
485
490
490
491
493
493
490
496
495
498
494
495
496
498
501
502
504
505
503
505
507
508
509
509
512
512
513
513
516
514
515
517
519
518
523
522
524
523
523
525
524
529
527
532
530
531
535
534
534
533
539
537
539
538
543
541
545
542
542
544
547
549
548
551
549
551
550
554
555
555
558
559
557
562
562
562
565
562
564
567
564
566
567
571
569
572
574
571
573
574
576
580
576
577
578
584
584
581
585
583
589
589
587
591
588
592
590
592
595
595
594
597
600
598
602
603
605
602
606
607
609
610
607
611
613
610
610
612
617
618
614
615
618
618
619
620
623
624
623
624
628
625
628
627
629
633
630
631
636
637
637
638
640
640
639
642
645
645
642
648
647
645
650
647
649
654
655
651
652
657
655
659
661
660
659
662
664
662
665
664
669
665
671
668
668
669
671
674
672
675
679
675
681
682
679
684
682
684
682
688
685
685
688
688
688
691
690
692
692
697
697
697
696
698
703
700
700
701
707
706
708
709
711
711
711
711
713
715
715
716
715
718
718
721
721
719
720
724
724
726
726
728
728
728
729
730
731
731
736
734
736
740
740
742
740
743
741
743
747
745
747
750
747
749
749
751
752
752
752
754
755
759
760
761
763
760
764
764
767
765
766
766
771
770
772
772
775
775
772
774
774
780
780
782
781
780
785
782
782
783
788
789
791
792
792
790
792
794
793
793
799
799
796
800
802
799
803
802
804
808
804
805
807
809
813
814
812
813
812
815
814
818
820
818
821
824
823
822
823
826
827
827
828
827
828
833
830
833
837
837
837
836
839
840
840
844
843
845
844
843
846
847
846
847
852
850
853
856
852
857
855
855
857
862
858
863
860
863
866
864
869
868
867
868
869
873
870
876
872
874
874
