875
879
873
876
872
872
869
871
869
870
868
866
864
862
865
865
864
859
857
856
858
858
858
854
856
851
853
849
849
847
847
847
845
847
846
841
843
842
841
837
836
834
838
832
833
835
832
833
830
828
829
827
827
827
822
823
820
820
821
821
819
818
815
814
815
812
812
812
808
807
805
808
807
806
803
804
799
799
802
801
795
795
794
794
793
794
791
790
789
787
788
789
785
787
781
780
783
779
781
781
779
774
775
777
775
770
770
772
767
769
770
768
764
762
765
761
763
760
758
758
757
758
758
753
752
751
754
751
747
751
748
745
747
743
741
741
739
741
741
737
736
734
734
736
733
734
730
732
729
728
727
727
727
725
724
725
724
721
719
716
715
714
715
716
716
710
711
711
711
708
708
707
705
702
706
700
704
699
699
698
698
694
694
692
693
694
693
688
692
691
690
685
685
685
681
683
679
680
679
678
676
677
676
674
676
671
672
671
668
669
665
666
665
665
665
664
659
658
657
657
660
655
658
652
656
650
653
648
650
647
645
647
648
643
642
640
643
638
639
639
639
634
638
637
636
633
631
632
627
627
625
629
624
622
625
625
623
620
619
617
615
617
618
617
613
612
614
613
609
608
607
607
607
604
602
603
603
603
598
601
597
599
596
595
596
590
592
590
591
591
590
585
583
585
581
583
579
582
580
576
576
577
578
572
576
571
572
572
571
566
567
568
567
563
565
564
562
561
560
559
560
554
558
554
553
555
549
549
550
550
545
544
543
547
544
540
544
542
539
539
535
538
537
534
534
530
532
529
532
530
530
526
525
523
525
524
522
523
520
520
518
518
516
515
516
510
509
511
512
508
506
508
503
507
502
504
499
502
497
498
500
495
494
492
494
490
490
492
492
489
489
488
487
483
482
482
484
481
482
478
476
474
475
477
473
473
469
473
471
471
468
468
463
464
465
460
461
461
460
460
457
459
456
456
453
452
453
450
449
447
445
449
448
446
441
441
441
439
441
440
439
439
435
432
436
435
430
433
428
429
427
424
427
425
421
424
421
419
420
421
416
415
418
417
415
414
411
413
407
406
406
409
408
402
406
401
404
399
397
400
398
396
396
393
393
392
391
388
389
390
389
388
388
385
381
384
380
381
380
381
378
379
373
375
374
371
374
373
371
370
365
365
364
367
364
362
364
361
361
361
358
355
353
354
353
354
350
353
347
351
346
349
348
345
343
345
344
340
341
336
338
339
336
335
332
335
334
328
327
330
327
327
327
322
321
321
324
318
319
319
316
316
314
312
316
314
310
312
307
309
309
306
305
307
306
303
303
302
300
301
300
298
298
293
292
290
294
292
289
288
285
289
286
286
281
283
281
283
279
276
275
279
274
276
274
270
274
273
272
268
266
264
265
267
264
261
262
259
259
261
258
259
256
252
256
251
250
248
252
248
245
244
243
244
243
242
243
240
239
241
240
236
235
234
234
235
234
233
232
227
229
228
223
227
223
224
220
222
217
221
215
215
218
215
215
215
212
209
210
206
207
204
208
206
206
204
199
200
199
198
200
199
198
196
191
193
193
189
191
191
185
187
187
183
184
182
182
182
181
179
178
176
176
175
174
171
169
171
170
168
169
167
163
164
165
164
161
163
158
161
155
158
154
154
152
154
152
150
151
147
147
145
144
147
142
141
143
140
138
138
140
134
134
135
134
132
131
128
128
128
128
124
128
125
126
125
120
119
122
118
116
118
114
117
115
115
112
109
112
111
110
105
105
102
104
103
102
102
98
101
96
98
93
97
91
94
93
91
90
91
90
88
87
87
81
83
80
83
81
80
78
75
73
76
73
70
69
68
72
71
67
69
63
63
62
65
60
59
60
58
56
56
57
53
54
50
54
49
47
48
46
48
43
45
43
45
40
38
40
38
38
34
38
37
34
34
30
29
28
30
26
26
26
26
24
21
21
19
17
18
16
19
17
12
16
13
11
10
12
10
8
6
5
6
4
5
5
3
5
5
7
8
10
13
14
15
12
17
16
18
17
18
17
23
22
21
21
27
26
25
26
28
31
28
34
32
35
34
37
38
35
37
39
40
40
45
43
46
46
48
49
50
50
52
49
52
51
53
55
59
58
56
62
62
61
60
64
63
65
66
66
68
72
71
72
74
73
76
74
77
79
77
78
83
80
85
81
83
86
85
88
87
87
91
93
91
91
92
97
99
95
98
98
102
104
105
104
102
104
104
108
110
108
110
113
112
116
112
114
118
120
117
122
120
122
122
125
124
124
128
130
127
129
132
133
133
131
132
136
136
140
137
140
142
144
141
146
145
148
147
150
146
149
149
150
154
151
153
154
154
159
156
159
161
164
160
165
162
165
168
167
166
169
168
171
173
172
174
177
174
177
181
179
183
182
180
182
186
183
187
187
189
191
189
190
194
196
194
193
196
200
200
198
200
201
201
202
202
203
206
208
206
208
213
212
213
213
214
213
215
217
218
220
221
221
221
226
222
224
227
228
229
229
230
234
232
235
235
237
239
240
238
239
242
240
241
243
245
244
248
249
247
252
252
252
250
256
254
256
255
257
256
259
262
260
264
264
267
263
265
265
270
268
269
271
274
275
274
278
274
275
278
277
280
281
283
285
284
287
289
285
290
287
291
292
294
295
295
293
296
300
301
300
302
302
304
305
305
308
305
307
310
310
311
309
310
311
313
317
318
318
318
317
320
319
323
326
322
323
326
328
328
330
330
331
333
332
335
336
338
338
341
342
338
339
345
346
344
348
349
345
349
349
353
352
353
355
355
356
354
357
360
362
358
362
362
364
363
368
369
366
369
372
371
371
375
373
377
376
377
380
380
382
382
380
384
384
386
386
385
389
388
389
390
393
394
393
397
397
395
399
401
400
403
403
404
404
405
404
407
409
409
411
408
414
414
411
416
415
419
415
419
418
420
419
424
423
425
427
427
428
428
430
428
433
430
432
436
437
435
437
441
441
440
442
444
443
446
443
444
447
451
449
452
449
454
453
457
455
457
458
460
459
462
464
460
461
463
466
465
465
466
469
470
469
474
476
473
473
479
480
476
478
483
481
484
481
483
486
488
490
489
488
492
489
492
495
492
494
497
496
500
502
503
500
501
504
505
505
509
508
509
507
509
511
513
511
514
518
519
519
521
521
521
523
521
526
523
524
526
525
530
532
531
529
533
532
532
535
537
537
536
540
541
543
542
546
547
543
544
547
546
548
552
553
551
554
556
554
558
556
559
562
561
559
565
566
566
565
564
570
566
570
569
569
574
571
572
576
576
576
580
578
579
581
580
582
582
584
589
589
590
591
589
590
591
592
596
595
596
598
599
600
602
603
603
604
605
605
608
607
610
607
613
612
614
612
615
616
614
619
620
621
619
619
621
621
622
625
626
626
627
630
632
632
630
636
636
636
636
638
636
642
638
643
643
642
642
645
646
645
646
652
650
653
651
654
657
657
655
655
656
657
658
663
663
663
664
667
667
665
668
671
673
669
674
671
673
678
674
676
678
682
678
683
683
685
684
683
687
685
689
689
691
693
692
695
696
695
699
700
701
697
698
702
700
701
702
703
709
707
710
707
710
709
712
716
712
713
719
717
717
718
723
721
725
723
722
723
727
728
729
728
730
734
731
736
733
736
736
740
736
739
741
743
744
744
747
748
747
748
749
750
750
751
751
753
756
756
754
760
758
761
763
763
764
763
766
767
764
765
771
771
772
772
771
771
776
778
778
780
781
778
781
782
780
786
786
783
787
786
786
787
789
794
793
791
796
793
796
795
800
797
801
803
801
803
803
804
808
806
806
809
811
810
814
812
814
813
819
818
817
818
821
824
824
822
827
828
827
828
827
830
832
830
831
831
833
837
838
839
838
839
842
841
844
844
842
847
845
845
846
849
849
852
851
855
852
858
859
855
859
859
861
863
863
866
867
866
867
866
870
871
870
869
873
872
877
873
878
