876
879
873
874
871
873
874
873
867
866
866
864
868
866
861
861
863
861
862
861
859
857
853
852
852
853
852
849
851
849
847
845
843
845
843
842
842
840
838
840
840
836
833
833
831
830
831
829
830
829
830
829
828
825
822
824
824
819
818
818
817
814
817
812
812
815
814
811
808
806
808
808
803
802
805
804
799
803
802
798
800
796
793
797
794
792
789
789
789
791
790
787
788
782
785
784
783
780
778
781
775
777
773
775
772
774
773
773
767
767
766
769
768
765
763
762
762
758
762
761
760
758
755
753
751
754
754
749
749
751
746
744
746
745
741
744
739
740
741
740
735
735
738
734
736
733
732
733
729
731
725
728
724
722
725
725
720
721
719
721
717
719
713
715
712
715
712
708
710
706
709
705
703
705
701
701
699
700
702
701
699
694
698
693
695
691
693
688
691
688
687
689
683
684
684
685
684
679
682
680
679
679
678
677
675
672
669
669
670
671
670
668
666
662
661
660
662
663
658
661
655
657
655
653
654
651
654
648
649
648
649
645
648
646
646
642
642
639
638
639
640
637
634
636
635
633
634
633
631
631
627
624
624
627
626
622
620
619
617
619
616
618
614
615
616
611
610
611
607
607
606
609
607
607
604
603
601
598
598
597
600
599
598
592
593
592
591
589
589
586
587
588
588
583
581
582
583
580
579
577
577
575
576
575
571
575
573
569
568
568
567
566
567
567
562
560
560
562
560
556
558
556
556
552
555
552
551
550
551
550
545
545
545
545
541
543
543
542
542
540
540
536
537
537
533
531
533
528
528
531
530
527
525
524
524
522
521
522
520
521
518
517
514
512
512
514
513
510
511
511
505
504
507
505
503
503
499
498
500
497
495
498
497
493
494
494
492
491
490
486
490
489
487
485
485
484
482
480
477
476
478
476
473
474
473
475
472
473
470
470
467
465
467
463
464
463
460
461
459
456
460
457
455
452
455
453
452
451
449
449
446
445
444
443
442
443
440
441
437
439
438
437
435
434
434
435
434
428
430
430
426
425
426
425
423
423
424
421
422
420
418
414
418
415
415
412
409
412
408
409
406
409
405
404
401
404
401
399
399
401
395
394
397
394
393
395
394
390
391
388
390
385
388
386
383
383
381
381
380
381
379
379
375
375
371
373
374
373
368
368
368
369
366
365
364
365
360
358
361
358
355
359
353
355
352
350
351
348
349
350
348
349
345
345
342
345
340
340
341
336
336
339
333
334
336
334
333
333
329
328
330
324
325
322
323
325
323
319
321
320
319
314
313
312
313
310
312
311
311
309
309
305
304
306
305
303
299
302
299
296
296
297
294
294
291
294
291
288
287
288
288
286
283
282
284
280
284
281
279
281
279
279
273
272
275
272
272
268
270
269
266
269
267
262
266
265
259
258
260
257
260
254
253
255
256
251
254
253
252
248
249
247
247
246
243
240
241
238
239
240
236
236
237
237
236
233
234
228
231
231
226
226
227
227
224
224
224
218
219
217
218
216
216
215
216
211
211
210
211
210
207
204
208
207
203
203
201
202
202
200
199
196
197
196
192
195
190
190
190
190
187
185
188
187
181
183
181
178
181
177
177
174
178
174
173
174
169
170
171
171
167
166
165
162
163
163
159
163
157
161
159
156
154
156
153
150
151
148
151
150
149
148
144
142
146
140
143
143
139
141
137
137
133
132
134
132
133
132
127
127
127
128
127
124
121
122
120
121
121
119
119
116
116
114
114
110
109
108
112
109
108
107
107
107
101
104
104
103
97
97
98
96
97
96
91
90
89
93
89
91
90
86
86
82
81
82
80
78
80
79
75
74
76
74
72
72
74
69
69
66
66
65
67
63
64
62
59
63
59
56
56
54
58
56
55
53
51
53
47
47
50
45
46
47
44
41
43
43
40
38
40
35
37
33
32
31
31
31
31
31
25
25
24
24
26
24
22
21
18
17
17
18
13
14
11
10
9
10
8
10
9
8
8
2
2
4
4
7
8
7
5
8
12
8
13
12
11
17
15
19
19
16
19
20
22
20
21
24
27
28
27
29
29
28
32
32
32
35
36
38
40
39
41
42
41
44
46
45
48
49
46
46
49
52
53
51
55
54
58
57
58
59
58
61
63
63
62
67
65
66
68
69
71
72
72
71
72
73
77
75
79
76
78
80
80
80
83
85
88
87
88
90
92
91
90
94
95
92
96
94
98
101
97
99
100
101
103
103
107
104
107
111
110
108
109
114
115
115
114
115
119
116
120
123
124
124
123
127
128
128
125
127
128
129
130
132
135
135
138
136
136
139
140
139
142
145
143
144
148
149
148
151
148
148
149
153
153
154
155
155
155
160
159
163
164
160
165
163
168
166
165
171
172
171
171
173
171
174
175
177
179
177
178
180
183
184
182
183
184
186
188
191
187
193
189
193
195
194
195
198
199
200
202
199
203
204
206
204
203
207
206
206
207
210
212
210
214
213
217
219
220
217
221
220
221
221
222
224
223
229
229
230
232
232
231
233
236
234
233
235
235
239
240
242
242
245
246
242
248
249
246
248
247
250
249
250
254
253
255
256
259
257
257
263
264
264
261
266
263
267
270
268
271
269
269
272
275
276
273
274
275
280
279
280
280
281
285
284
286
286
288
289
287
293
293
293
292
294
297
298
298
301
298
300
301
303
303
303
303
307
305
307
307
308
313
311
316
314
315
318
320
319
318
322
324
324
324
326
326
325
330
330
329
332
331
334
334
337
333
337
335
338
340
342
342
342
341
347
343
348
349
346
349
349
354
353
356
357
356
359
359
357
362
360
363
365
366
366
368
366
370
369
368
370
370
373
376
377
378
374
378
378
382
378
383
380
386
386
386
389
388
388
387
390
394
392
393
392
394
399
399
398
402
402
404
403
406
406
407
406
408
409
409
413
410
411
415
412
418
416
420
419
417
423
421
423
421
424
428
429
429
427
432
428
429
435
436
435
434
436
436
441
441
439
439
445
445
445
445
448
445
450
452
452
453
452
456
457
455
455
459
456
458
460
464
464
461
467
467
465
467
468
472
469
469
473
473
475
476
475
480
481
480
481
483
480
485
487
485
486
486
488
487
491
492
492
496
493
497
499
495
496
497
498
501
501
505
506
505
506
505
507
512
510
513
514
514
516
516
517
519
517
519
519
519
523
524
526
526
526
529
527
529
532
530
530
535
535
536
538
540
538
539
543
544
542
545
547
545
547
549
549
547
551
550
551
551
552
557
554
555
557
562
562
560
565
564
562
568
567
570
569
570
571
569
572
572
574
575
577
578
581
578
582
584
583
585
583
583
589
587
589
589
588
592
594
595
592
596
596
599
597
601
600
601
602
602
603
603
606
609
611
608
610
611
612
616
612
618
617
617
619
622
621
624
624
621
623
623
627
630
626
629
630
633
630
636
635
633
638
635
638
639
642
642
645
645
644
646
645
647
648
651
651
652
655
656
653
658
656
660
659
658
661
659
665
662
666
664
666
669
671
667
669
672
670
673
675
678
675
677
677
680
683
681
682
683
684
688
689
685
689
690
691
694
695
696
694
697
697
695
697
698
700
699
705
705
705
707
708
705
708
712
710
714
712
714
712
713
717
717
717
717
719
720
721
723
724
723
729
729
728
728
731
729
735
732
735
736
737
740
741
741
739
742
740
745
743
744
748
748
747
747
752
750
750
754
753
758
759
758
758
761
759
763
761
764
765
766
764
766
771
769
769
774
775
773
772
778
777
777
779
782
778
783
780
781
783
783
784
790
787
789
793
790
794
794
792
798
796
798
797
801
798
801
803
805
805
805
804
807
806
808
813
811
810
811
815
813
818
815
821
819
823
821
825
826
823
827
828
830
830
832
831
834
831
835
833
837
836
840
836
842
841
841
842
843
844
847
846
845
847
852
852
853
850
852
856
855
855
857
859
860
858
860
861
866
867
865
867
869
866
870
871
872
870
871
873
876
875
