877
876
877
875
871
872
871
868
870
868
867
866
863
864
861
862
859
862
860
861
857
854
854
857
855
852
850
849
850
850
847
844
847
842
843
842
841
842
837
836
836
834
833
835
836
834
831
828
829
829
829
826
824
823
821
825
820
821
819
820
815
814
815
812
813
814
811
812
810
810
807
804
803
807
804
805
802
803
799
796
795
797
795
794
794
795
793
790
788
788
788
787
788
783
782
784
781
781
780
777
775
778
775
776
774
774
774
771
772
768
766
767
768
763
763
765
760
762
760
761
760
759
758
754
752
752
751
751
749
746
745
749
744
742
746
744
743
740
739
737
739
738
738
734
733
735
729
728
731
728
728
725
726
726
726
722
720
723
718
719
715
717
713
716
713
714
711
711
711
710
710
705
703
703
701
705
701
698
700
696
699
694
693
697
691
693
693
689
689
687
688
684
687
684
685
684
679
678
679
678
677
676
675
673
673
671
673
672
667
666
668
668
666
663
666
660
664
660
658
656
658
656
653
657
653
651
653
651
649
646
649
648
648
646
644
640
644
639
641
641
640
639
636
635
635
631
630
629
629
630
630
627
624
623
626
624
619
620
621
617
615
614
616
615
611
610
613
608
607
607
605
607
605
607
603
605
601
600
600
599
595
598
597
594
591
592
590
589
589
591
587
589
585
584
581
585
580
580
580
581
580
579
578
577
575
575
571
568
570
571
565
566
564
562
562
561
560
558
561
558
557
554
558
557
556
551
551
550
552
546
549
547
544
542
544
544
540
538
539
541
538
536
534
535
531
535
531
528
531
526
530
525
526
527
521
523
521
520
522
521
515
517
514
512
514
511
512
513
509
511
506
505
506
502
504
505
502
498
498
497
498
496
498
496
496
492
491
491
488
491
486
485
486
487
481
480
481
480
480
476
480
478
474
474
474
474
473
473
471
466
466
465
468
462
464
464
464
461
457
457
456
459
456
452
455
451
452
451
449
451
445
444
446
447
445
443
440
440
437
440
437
439
435
437
434
433
434
428
431
428
427
427
426
427
421
424
419
423
419
421
415
415
417
413
414
413
412
411
409
409
407
404
404
404
406
403
399
399
397
397
395
398
393
393
391
393
391
393
388
390
390
388
383
383
383
385
380
381
381
381
380
376
375
372
375
372
370
371
372
366
367
365
367
367
362
365
362
362
357
360
359
356
355
352
354
353
350
353
352
346
345
346
348
342
342
343
343
340
339
340
337
335
338
334
331
331
329
328
327
331
327
329
325
323
324
324
323
318
321
321
317
317
316
316
316
312
309
313
310
311
309
304
303
302
305
305
300
303
297
300
295
299
297
295
295
291
291
292
290
286
285
285
285
286
286
280
280
282
280
276
277
279
274
274
271
272
270
270
267
270
269
267
264
266
264
265
259
263
259
257
259
255
255
256
252
250
253
252
252
248
249
244
246
244
246
240
243
241
242
238
240
237
233
232
235
234
234
233
227
228
230
228
227
225
224
223
222
222
217
217
218
219
217
212
212
212
210
208
212
208
207
206
204
203
206
205
200
200
198
200
199
194
195
196
192
195
192
193
190
187
185
185
185
186
183
184
179
182
178
178
177
176
175
176
175
171
173
169
170
167
170
164
165
163
166
164
164
158
159
156
158
155
155
155
152
153
151
149
152
147
147
144
144
144
141
144
143
138
140
140
140
134
134
133
132
130
133
133
129
129
129
125
125
125
124
120
119
122
120
121
115
116
116
116
112
115
113
111
110
109
109
104
105
103
103
103
99
99
99
99
100
95
95
93
93
90
89
91
87
89
89
85
88
86
81
81
80
79
77
78
80
76
74
73
74
75
74
68
67
69
68
68
64
66
61
60
64
58
58
60
59
57
53
57
52
51
52
49
50
47
46
48
45
43
44
40
40
40
38
39
39
34
36
36
33
33
31
32
31
28
29
25
25
22
23
21
24
20
20
21
15
17
18
14
14
14
13
11
12
9
7
6
5
6
3
2
5
7
3
7
5
10
7
11
12
12
16
13
18
19
18
16
19
21
24
22
25
22
25
25
28
29
30
31
34
30
34
34
35
35
38
38
41
38
40
45
45
46
47
48
46
47
52
53
54
55
54
54
57
56
56
60
61
58
62
62
65
62
64
67
66
70
67
73
70
72
71
74
75
76
80
76
78
80
80
84
82
87
84
88
90
88
90
90
91
93
91
93
95
95
96
96
99
103
101
101
105
106
107
104
106
108
107
112
111
111
115
116
113
118
117
117
117
123
121
122
125
126
125
128
126
129
131
129
130
134
136
137
133
137
137
136
140
139
139
140
145
146
144
145
149
147
152
149
151
154
155
154
153
155
158
160
157
158
162
161
161
164
166
169
168
168
168
170
171
174
172
177
174
178
179
178
182
179
182
184
186
185
183
184
188
188
192
190
193
192
194
193
196
196
197
198
202
199
201
205
204
205
205
206
205
208
209
211
211
212
212
214
213
214
217
217
218
223
224
225
221
222
226
228
230
231
228
232
232
233
234
236
235
236
239
238
242
241
242
243
243
247
245
248
249
251
248
250
252
255
256
253
253
257
256
259
262
263
261
262
263
262
265
268
266
271
268
273
270
270
276
277
277
274
280
280
277
279
283
281
284
286
288
285
287
287
290
289
293
295
294
295
293
295
298
297
298
299
304
303
304
307
306
308
309
306
307
313
309
312
312
312
313
315
319
317
318
323
324
321
323
325
324
327
329
328
329
333
334
334
333
334
333
336
339
340
341
338
344
343
346
344
348
344
349
346
348
351
349
353
351
354
356
354
360
356
360
361
361
360
363
364
363
364
369
368
369
373
372
372
376
375
373
374
377
376
379
380
379
380
381
385
386
385
388
390
387
390
389
394
393
396
398
395
396
397
402
400
400
403
406
403
405
405
409
409
412
411
411
413
413
417
413
419
419
418
417
419
422
421
423
427
428
425
425
429
432
428
433
431
436
432
438
439
439
441
438
440
440
444
442
443
448
447
449
446
447
451
452
451
451
457
454
457
456
456
458
460
461
463
463
462
466
467
468
466
467
471
473
474
475
476
475
477
475
477
480
479
479
482
485
484
487
484
490
489
491
488
489
491
494
497
494
499
496
501
499
499
500
503
505
507
504
504
508
507
512
512
509
511
513
516
515
517
515
516
519
518
520
524
524
525
526
524
528
529
532
530
533
533
532
533
536
539
538
541
540
539
540
541
541
544
543
549
548
547
548
552
549
552
551
555
556
554
557
558
558
558
559
565
561
566
567
568
566
568
570
573
573
573
576
574
575
575
575
576
582
578
580
581
583
585
584
584
588
589
588
593
592
591
595
593
594
595
597
600
602
600
603
602
602
604
608
605
606
610
611
611
611
612
616
616
615
615
618
617
620
622
619
622
626
624
628
627
625
626
629
629
632
632
635
635
638
638
638
638
642
639
643
644
646
647
645
647
650
648
647
653
649
652
651
657
654
655
656
660
657
659
662
662
666
663
665
666
667
670
669
669
673
673
672
675
677
677
675
680
680
683
684
680
682
686
684
687
690
687
692
693
692
694
696
694
694
697
696
696
700
698
699
703
706
706
704
706
705
707
712
713
709
713
714
712
717
717
715
718
721
722
722
721
726
723
723
724
730
731
727
729
733
733
732
737
733
737
739
738
738
739
744
740
741
745
745
746
747
746
751
748
750
755
752
754
753
756
760
757
762
762
763
761
766
767
768
768
770
771
767
770
774
772
774
773
775
776
780
776
778
778
782
783
781
786
783
785
789
789
792
792
794
794
792
797
793
798
799
796
802
798
803
803
805
804
808
806
810
810
812
808
809
812
815
815
813
816
819
821
818
823
820
824
822
822
827
826
829
828
827
833
833
834
831
837
833
837
837
838
840
840
843
844
845
846
844
848
849
846
851
849
853
855
856
855
856
859
857
860
858
862
862
865
866
867
866
869
866
871
868
871
869
875
871
877
877
875
