250
249
250
248
250
245
248
244
246
241
242
240
240
241
238
240
237
237
236
234
232
234
228
230
230
227
225
224
223
226
222
222
218
222
219
220
215
215
217
213
215
213
211
208
210
210
205
206
202
205
200
201
200
202
196
199
195
196
193
193
192
189
193
187
191
187
189
187
186
183
185
182
181
178
177
177
178
173
172
175
170
173
168
169
168
170
166
167
167
161
160
161
163
159
161
157
159
156
153
153
155
149
151
149
150
145
146
147
145
145
145
141
143
142
136
135
138
136
132
133
132
131
131
129
127
125
125
123
127
126
124
122
121
117
119
119
119
115
116
111
113
113
109
111
107
109
107
104
105
105
105
104
102
99
101
99
99
98
96
92
90
92
93
89
87
88
88
88
83
83
85
80
82
78
81
78
76
75
74
75
73
72
72
71
69
66
66
66
64
63
61
62
60
57
57
56
56
53
53
51
52
51
53
47
48
49
45
46
43
41
45
40
42
39
37
39
36
37
34
36
33
32
28
27
30
29
25
26
23
23
22
22
19
17
21
16
18
18
12
15
12
14
12
8
9
5
8
8
7
2
