250
250
249
248
247
249
249
243
246
241
241
243
239
240
238
237
238
235
234
235
232
230
231
229
230
226
226
223
227
224
223
223
220
219
221
219
218
216
212
216
215
210
213
209
211
208
207
203
204
201
203
202
202
201
201
199
199
196
195
196
195
190
192
189
191
189
188
185
187
184
185
180
182
181
176
180
175
178
175
174
173
173
168
168
171
168
165
166
162
165
161
161
158
162
161
160
157
156
156
151
155
150
152
148
150
145
145
148
143
146
141
140
143
141
139
139
137
136
135
134
134
133
132
129
129
130
125
123
127
121
124
120
118
122
120
115
119
116
116
116
111
112
110
108
106
105
106
104
106
104
101
103
98
99
98
100
98
96
97
96
94
93
90
89
88
87
88
88
86
82
85
81
81
80
76
76
77
77
77
73
73
69
73
67
70
70
68
66
65
65
62
64
58
61
57
58
57
55
54
54
50
51
49
49
51
47
46
48
46
45
40
39
42
41
36
36
38
35
32
31
32
30
31
30
26
29
26
25
25
26
24
20
19
22
16
20
17
13
15
11
14
14
10
12
7
8
4
7
6
5
