255
249
252
252
246
246
248
245
245
245
243
240
242
237
240
238
237
237
233
234
234
234
231
231
229
229
224
228
222
225
220
220
221
221
219
215
215
218
215
213
211
210
211
210
206
210
206
205
202
204
201
201
202
202
196
200
198
197
192
196
191
191
190
189
187
187
187
185
185
185
185
181
180
180
177
176
179
176
177
172
171
174
172
171
167
170
168
167
164
162
164
162
161
159
158
158
155
158
155
151
150
149
151
151
150
146
144
147
147
141
142
140
138
137
138
135
136
135
134
134
135
133
130
129
130
127
124
124
126
121
124
119
121
122
116
117
115
115
115
114
112
111
111
110
110
110
104
105
103
103
104
103
100
99
99
97
99
97
92
92
93
93
93
90
89
86
84
87
86
84
81
82
79
82
76
80
79
73
77
71
71
72
70
68
69
65
64
68
67
61
63
64
59
59
58
56
55
55
57
51
55
50
50
48
50
46
44
44
43
43
45
43
39
37
36
39
38
37
32
36
34
33
33
32
29
28
27
24
25
24
20
22
22
18
17
18
15
15
16
11
13
13
13
10
10
9
7
7
7
2
