252
252
250
252
247
245
247
244
245
244
245
244
239
241
238
237
238
234
235
231
233
231
232
227
230
227
228
223
222
224
221
221
220
218
221
219
218
217
215
211
210
211
209
210
207
206
204
205
206
205
201
204
199
199
201
195
194
197
193
193
191
189
192
190
188
185
189
187
186
183
183
182
180
178
181
175
176
177
174
175
171
173
172
172
170
169
168
164
166
166
164
164
162
159
157
156
159
158
155
153
155
151
151
150
146
147
146
144
145
144
144
140
139
140
140
138
139
135
132
131
132
132
128
128
126
130
125
123
123
124
124
121
122
117
116
115
119
117
115
111
110
114
111
110
111
107
105
106
102
101
100
100
103
97
96
95
96
96
97
96
95
92
93
90
87
86
88
86
82
84
85
84
83
77
76
78
77
74
73
71
74
69
73
71
70
68
64
64
65
63
63
59
59
60
58
60
58
55
53
55
52
49
48
52
51
45
48
48
45
46
43
39
41
41
37
38
39
38
32
35
31
34
33
31
26
25
28
28
24
25
20
21
22
21
20
16
19
17
14
11
10
11
9
11
7
8
8
4
7
5
