253
250
249
248
248
249
245
243
245
241
243
240
239
242
237
239
234
237
237
234
235
231
231
231
228
227
229
223
226
225
225
221
219
222
216
219
219
213
216
216
212
210
212
208
211
206
204
207
207
203
200
201
198
197
196
197
199
195
196
195
192
193
193
188
188
190
186
186
184
183
184
184
179
179
178
177
178
175
176
175
170
172
171
169
171
170
166
163
164
163
162
163
160
159
161
155
158
154
152
156
155
154
148
149
150
147
149
147
143
143
143
141
141
137
136
137
138
133
136
135
131
131
132
128
128
130
126
126
125
124
124
124
119
120
119
120
117
114
117
116
113
110
111
107
111
108
109
105
104
102
103
103
103
98
99
99
99
95
94
93
92
90
93
92
87
86
88
88
86
86
81
82
83
80
76
80
79
75
72
75
70
72
73
72
66
70
64
67
62
64
63
61
59
62
59
55
59
53
52
54
55
53
53
49
49
46
47
46
43
46
45
42
41
39
37
37
39
37
37
35
35
33
31
30
27
28
27
28
25
26
20
21
20
17
20
20
14
18
12
16
13
9
11
11
7
5
6
3
7
1
