255
251
251
250
247
250
247
243
244
245
242
242
243
237
239
239
234
235
232
236
231
231
230
230
226
225
229
228
223
222
225
220
219
221
219
216
218
216
216
213
213
210
210
210
210
209
207
207
206
201
202
200
201
198
198
197
199
195
196
195
193
193
191
188
189
185
185
184
185
185
180
182
179
177
177
175
177
175
173
172
171
171
168
171
166
166
166
166
164
166
164
160
161
161
156
157
159
157
152
151
154
154
151
150
146
147
145
147
146
143
145
144
143
138
136
136
139
135
137
134
134
134
128
127
129
129
124
126
124
124
125
121
119
118
119
118
114
114
112
113
115
112
109
112
111
105
105
103
102
105
105
103
101
97
96
95
97
93
94
92
90
90
92
88
89
89
88
88
84
85
81
82
81
77
80
78
76
76
76
71
73
70
73
68
69
66
64
66
63
62
62
59
58
61
57
57
55
54
56
56
55
49
53
52
48
49
49
45
46
41
43
43
42
42
39
40
36
35
32
33
34
31
33
28
27
26
24
28
25
23
23
22
18
17
18
20
17
16
15
12
12
10
12
7
7
9
9
8
5
4
