255
249
252
247
249
245
247
245
246
241
243
242
240
242
238
239
239
233
232
232
232
229
229
228
226
228
229
224
225
225
221
220
220
218
218
216
218
213
217
216
215
211
211
209
209
209
208
205
203
203
205
199
200
197
196
198
195
196
194
192
192
189
190
191
187
187
185
185
183
185
184
183
182
178
181
180
176
173
173
174
173
171
170
171
171
165
165
165
163
162
163
159
161
158
159
158
156
157
157
155
150
149
148
150
149
146
145
143
142
141
141
144
140
140
138
137
138
134
136
136
135
134
129
129
128
130
126
128
125
125
123
122
123
117
121
119
114
116
113
115
110
111
112
110
107
110
109
107
107
106
104
103
99
97
96
98
96
93
96
92
90
91
91
91
86
88
86
87
84
81
81
84
80
79
81
80
79
78
75
75
74
70
72
72
71
66
68
63
67
65
61
59
59
59
59
58
57
55
53
56
50
50
48
48
50
48
48
44
46
44
43
40
39
39
41
38
37
35
37
35
34
33
30
30
28
29
27
24
25
21
25
21
19
19
19
15
16
13
15
12
14
11
9
9
9
7
7
3
4
1
