250
249
251
248
246
246
244
247
243
246
241
240
240
241
236
237
239
234
237
232
235
229
232
231
230
226
229
228
224
226
221
220
219
219
216
220
216
214
213
212
211
209
211
208
208
205
208
208
203
205
202
204
200
199
201
197
196
197
197
191
195
190
192
188
188
189
187
187
187
181
181
182
179
181
180
179
179
173
175
174
174
174
171
172
168
165
166
163
163
166
163
161
163
160
160
156
158
154
152
156
152
151
148
152
147
149
149
146
142
142
145
143
138
139
139
136
137
136
134
135
134
129
130
131
129
128
127
127
123
125
122
123
123
119
119
117
118
113
116
114
110
113
110
112
111
110
104
107
102
103
103
103
103
99
100
98
99
94
96
91
93
92
90
91
88
86
85
87
85
82
83
79
78
79
80
76
75
78
72
76
74
74
70
69
70
67
65
67
67
63
63
60
58
61
59
57
58
57
52
52
52
49
52
48
51
45
46
44
44
44
42
44
42
41
37
36
38
38
36
35
33
29
32
31
29
29
26
27
22
26
25
23
22
17
16
19
15
18
12
16
13
9
10
10
7
8
6
5
7
3
