252
252
253
251
248
248
246
246
245
245
241
240
243
238
239
235
237
235
233
232
235
230
232
231
230
230
227
224
225
225
224
219
218
222
216
219
216
216
215
212
215
210
213
209
210
205
208
206
204
204
201
199
200
201
200
197
197
198
196
194
190
193
189
188
188
190
188
187
184
185
181
183
182
182
179
179
179
177
175
175
171
174
170
168
168
165
166
163
166
164
165
159
163
159
158
160
155
155
157
154
155
149
151
147
146
147
144
145
145
141
143
141
140
142
139
139
137
138
136
133
134
129
128
132
130
127
124
124
122
126
124
121
122
119
117
120
117
115
113
114
112
113
112
108
111
106
107
104
106
103
100
104
103
102
99
95
98
98
97
96
94
92
93
91
90
90
84
87
86
86
83
80
79
78
77
79
75
73
75
74
75
73
71
68
68
70
67
66
66
61
62
61
63
57
59
57
55
53
53
55
50
53
52
51
51
50
44
44
46
44
45
43
43
42
37
40
35
38
37
33
32
34
32
30
30
28
25
25
24
26
23
19
22
17
19
15
18
15
16
14
15
9
12
8
6
7
6
6
2
5
