255
253
249
248
248
245
248
247
246
241
240
240
238
239
239
240
235
237
232
233
234
234
232
232
228
230
225
225
224
223
224
220
223
220
218
216
217
216
213
214
211
214
212
207
209
205
208
203
204
202
203
200
198
200
200
198
196
193
197
191
190
189
189
190
191
190
186
186
183
186
180
180
179
180
179
178
179
178
177
176
173
172
170
171
171
165
165
163
164
164
163
160
163
162
160
155
156
155
157
154
153
154
149
151
151
148
146
143
142
141
142
144
138
139
137
137
136
133
133
133
132
132
128
132
129
128
125
127
124
125
122
119
118
117
116
119
119
113
116
114
112
109
108
108
109
106
107
103
107
103
103
100
103
100
100
97
94
97
97
91
95
89
93
87
91
88
86
87
83
81
84
80
78
79
81
80
78
78
74
72
74
74
72
72
71
69
69
63
63
62
65
59
62
61
60
56
58
56
52
51
55
49
51
50
48
50
48
47
42
44
43
40
41
39
41
36
35
33
35
32
32
30
33
27
29
29
24
28
27
23
21
20
20
17
19
20
17
13
16
13
12
12
10
9
9
10
5
8
7
4
