250
254
248
248
248
246
244
243
246
241
245
240
239
240
236
239
239
236
233
234
232
230
232
229
229
230
226
223
222
226
224
221
219
220
220
215
218
214
212
212
210
213
209
207
207
206
204
203
206
203
205
202
201
197
197
199
199
196
192
191
192
189
191
188
187
187
186
185
187
184
180
182
178
180
179
175
175
176
174
172
170
173
173
171
167
168
168
168
165
166
164
162
161
162
156
157
159
158
157
154
150
152
150
150
147
146
147
143
144
145
141
140
139
141
139
137
137
134
134
135
135
134
133
129
129
126
128
127
126
123
124
124
122
120
120
117
114
116
113
115
112
109
108
112
109
109
107
105
104
105
104
102
102
97
99
100
97
98
97
91
94
91
93
91
87
88
84
88
86
83
82
80
82
80
80
80
78
76
74
74
73
71
72
68
67
66
69
66
66
64
64
59
61
60
56
57
59
57
52
55
54
50
51
50
50
45
47
45
45
42
45
41
38
38
36
37
35
33
35
36
31
31
31
31
30
30
26
25
24
21
25
20
23
18
21
15
18
14
16
13
11
10
13
8
10
6
6
6
2
4
