252
250
252
248
251
248
244
248
245
241
240
240
243
240
241
240
239
237
236
235
233
230
229
232
231
226
228
223
225
224
221
223
222
221
218
218
214
215
214
211
212
211
213
212
207
208
206
204
206
206
203
202
201
200
201
198
199
193
197
195
195
190
193
188
189
185
187
188
187
182
185
182
182
181
178
177
176
176
173
173
170
171
168
167
166
170
166
165
167
163
161
159
163
160
157
156
156
154
152
155
153
149
150
152
151
150
145
145
145
143
141
140
141
142
141
135
139
134
132
135
133
133
130
131
129
130
127
123
124
123
125
123
120
122
117
118
117
115
115
115
114
111
110
110
109
106
108
108
104
103
104
102
98
99
99
98
98
96
95
94
91
89
89
88
88
85
89
83
84
86
82
83
81
77
77
75
76
73
75
72
72
72
69
69
68
70
69
64
63
61
63
64
61
60
61
57
55
56
56
52
50
52
51
49
46
48
45
47
45
42
40
40
39
41
36
35
36
37
32
31
31
33
29
31
27
27
24
26
25
21
20
24
21
17
19
16
18
15
12
13
10
12
12
8
10
8
8
4
6
4
