253
251
248
247
248
248
248
248
242
243
244
240
241
237
238
235
235
233
236
233
232
232
232
228
226
230
227
224
223
226
221
223
221
217
216
216
215
214
215
213
215
211
208
210
210
207
205
208
203
202
202
203
201
200
200
199
197
198
195
195
192
191
189
191
186
190
188
188
185
186
181
180
182
177
178
175
177
176
172
175
170
170
173
172
168
169
169
163
162
164
161
162
160
157
161
157
154
157
152
156
151
151
153
149
147
150
148
145
147
146
145
139
139
138
139
139
136
137
136
132
131
130
129
130
127
125
126
125
126
122
124
121
122
118
116
117
116
115
112
116
115
114
108
110
111
107
106
104
107
105
105
104
101
100
97
95
96
96
93
93
94
91
88
88
88
90
89
87
87
85
84
80
81
80
81
78
79
75
75
76
74
71
71
69
68
68
67
63
66
61
61
61
58
62
56
57
58
56
56
55
52
53
48
47
49
47
46
44
45
43
41
44
40
38
36
40
34
34
36
31
31
32
33
29
30
29
25
26
26
25
24
19
23
19
21
17
19
18
16
11
13
13
9
7
6
6
8
5
6
6
