252
250
249
249
251
245
249
245
245
241
243
243
238
238
239
240
236
237
237
234
234
232
231
228
230
226
227
226
224
225
225
220
222
218
217
220
217
215
213
214
212
210
210
210
207
205
206
206
202
204
203
200
199
198
200
196
196
194
192
193
193
191
193
190
186
187
187
187
187
184
184
181
181
182
180
179
174
177
177
171
170
169
170
170
169
168
166
164
162
163
161
163
161
161
156
155
158
157
156
156
153
150
150
149
151
150
146
146
145
143
140
140
143
138
138
139
137
136
136
134
131
131
129
131
130
127
124
123
126
124
122
122
118
119
119
117
118
115
114
115
112
109
110
110
109
110
107
104
107
106
103
104
98
97
99
100
98
94
96
92
90
93
93
87
89
87
89
87
86
83
81
80
82
80
81
76
75
75
77
74
70
73
69
72
71
68
65
66
63
65
64
59
59
57
61
56
59
53
55
51
50
52
48
47
47
45
46
48
44
41
42
41
42
39
37
40
34
37
37
31
35
29
28
29
31
29
24
27
24
23
21
19
20
20
21
15
18
16
13
11
10
12
11
9
11
9
8
6
6
1
