254
249
253
249
249
247
249
243
245
244
243
243
240
237
241
239
239
236
237
234
230
234
233
230
229
230
227
226
226
223
224
222
223
217
216
220
218
218
212
213
211
213
210
208
206
207
209
203
202
203
201
199
201
200
200
200
199
197
195
192
192
191
191
192
186
185
185
186
184
182
181
181
178
181
176
179
175
173
176
171
173
171
168
169
168
167
168
168
162
162
165
163
161
158
161
157
158
153
156
153
151
154
151
152
149
147
145
144
145
145
144
139
142
139
137
139
137
138
137
131
135
132
131
132
127
126
125
125
122
126
125
122
120
120
119
117
115
118
115
112
115
113
113
109
110
105
108
107
102
104
102
103
102
100
96
98
96
96
96
92
93
94
91
92
89
89
84
86
85
86
84
82
83
77
77
77
75
74
75
75
71
74
72
67
70
69
66
66
64
63
63
60
62
61
58
57
57
57
56
53
54
53
53
47
46
50
48
44
47
42
43
39
39
40
41
38
34
34
33
31
32
31
31
31
30
25
29
25
22
22
23
22
18
17
19
17
15
13
12
15
15
9
12
8
7
10
4
3
2
5
