243
605
802
485
894
649
922
744
691
558
933
394
256
998
975
836
902
356
39
681
751
613
621
805
961
750
16
932
217
505
469
986
726
436
497
904
128
80
482
980
14
190
524
358
375
484
176
607
687
151
205
8
393
359
798
50
834
538
859
510
985
27
768
377
574
991
464
754
130
93
936
231
13
425
322
477
562
664
737
643
636
637
519
955
553
330
537
709
498
299
523
758
711
454
57
208
583
259
952
863
271
665
274
578
196
745
17
965
22
365
835
763
440
413
404
871
18
995
206
81
418
530
931
679
373
623
102
415
697
901
229
743
862
235
848
24
368
236
46
406
183
97
826
101
472
315
675
466
82
224
321
890
340
106
385
529
292
278
712
290
384
778
765
699
273
246
572
666
67
225
690
656
386
809
329
617
569
812
241
760
401
150
465
678
156
791
824
266
201
353
912
287
644
659
560
792
366
757
357
479
533
230
853
838
898
15
403
58
548
764
881
946
950
463
434
759
444
181
108
587
163
146
962
819
648
915
109
966
507
801
833
787
887
948
253
115
250
944
886
784
960
390
66
516
810
547
98
433
829
736
124
982
166
598
398
36
286
51
452
170
566
74
37
31
814
270
959
111
35
180
554
577
844
799
963
906
437
831
296
339
409
42
907
133
925
582
979
137
958
159
459
800
342
216
581
48
543
918
76
122
371
79
152
852
414
107
689
645
923
706
395
773
23
12
494
424
987
970
586
561
298
896
882
374
908
761
198
10
662
650
549
899
305
429
142
105
939
895
264
419
33
639
446
280
615
389
629
110
121
363
490
850
165
713
314
618
349
376
320
281
889
723
700
378
185
312
184
867
153
143
657
257
825
430
653
724
725
971
921
552
407
202
624
116
811
846
432
509
262
191
487
993
245
381
275
254
669
910
267
294
41
626
551
265
237
94
747
542
868
200
929
878
442
411
506
880
20
145
334
417
870
879
223
701
602
804
521
638
593
635
940
38
762
634
369
242
735
876
462
187
698
458
539
351
352
89
337
4
873
827
149
445
739
573
56
503
188
9
218
541
476
47
87
692
197
104
323
261
722
215
325
774
83
661
443
544
52
663
866
382
631
491
113
841
702
6
837
500
192
571
161
630
956
997
608
134
120
609
721
233
515
372
99
63
942
272
53
919
696
388
78
779
75
693
289
646
640
238
88
620
579
978
428
891
741
30
333
263
788
652
226
297
536
858
343
522
685
776
90
327
0
947
392
397
822
456
592
309
888
303
920
2
865
627
96
611
244
138
348
795
943
746
43
563
718
994
317
633
21
335
25
926
856
135
513
717
511
68
769
752
355
730
874
780
729
387
318
291
361
460
821
207
570
148
808
884
155
211
284
794
999
451
304
589
707
474
654
308
917
520
900
172
949
486
86
632
282
313
642
823
567
364
160
628
677
790
203
595
199
668
614
32
167
728
478
772
658
293
171
796
255
331
820
383
258
748
468
875
969
585
362
396
710
3
212
619
182
269
989
455
416
807
738
84
450
219
435
797
864
647
897
981
328
973
883
854
972
158
606
285
740
594
344
28
682
310
412
301
575
818
45
26
380
73
951
72
204
565
144
49
903
174
350
584
813
527
604
410
488
849
136
295
600
11
815
300
504
622
141
686
817
742
749
545
786
473
471
71
405
771
125
467
92
612
591
336
803
534
927
306
193
988
964
85
44
495
453
210
420
326
508
228
714
806
448
112
127
260
704
954
370
861
277
911
29
938
785
402
5
793
95
967
857
694
847
195
512
564
426
968
209
517
781
843
114
147
777
568
489
379
470
347
214
957
239
232
40
992
65
532
909
173
249
684
550
332
667
596
872
905
990
91
70
855
528
526
655
234
248
391
641
767
869
227
399
680
727
601
753
131
311
7
705
283
240
546
103
126
179
924
935
782
916
360
268
175
423
501
719
731
983
157
695
438
431
974
832
338
441
851
168
733
61
481
194
177
499
461
671
860
316
302
885
55
118
77
941
580
840
132
54
288
610
34
251
715
119
732
502
492
676
178
400
514
493
1
708
449
457
770
531
845
755
559
164
123
588
279
789
996
60
100
483
408
576
252
928
422
525
673
186
154
953
64
247
625
976
766
540
535
69
913
937
683
367
556
447
651
984
341
672
439
427
307
716
324
276
893
877
756
816
734
421
842
140
480
220
830
945
162
354
783
169
660
914
839
892
674
213
934
518
616
345
688
19
129
930
977
59
221
557
496
828
597
346
117
599
720
603
475
775
62
555
139
189
670
319
590
703
222
