951
71
313
1071
695
606
220
1009
790
441
846
666
418
1022
272
27
5
1038
1063
852
803
749
307
535
227
845
1072
12
508
473
967
278
922
309
691
480
883
240
593
340
1062
656
559
969
694
499
817
1096
43
1091
95
336
590
758
996
379
353
575
838
804
60
465
189
122
892
1069
121
103
33
252
605
143
985
1094
335
899
301
699
872
767
750
537
630
4
501
200
911
49
398
285
223
920
728
491
284
390
435
884
448
91
621
311
250
541
667
241
821
673
561
111
477
330
738
32
891
677
124
874
720
437
171
553
216
513
828
1039
865
649
1044
625
407
444
426
21
905
100
1061
234
991
129
955
977
187
1098
776
443
350
829
458
388
671
1
205
914
368
863
529
907
88
439
344
1016
413
130
405
1011
1019
357
820
1059
1041
833
512
682
735
148
678
58
978
242
1073
859
784
494
660
777
181
173
487
857
74
18
602
66
676
474
375
511
358
663
744
818
265
245
337
356
725
644
146
202
961
950
931
19
952
870
149
222
532
404
855
782
909
635
779
89
959
806
151
1055
317
69
686
617
548
469
940
1027
118
427
515
672
81
461
127
882
231
774
414
764
741
755
965
48
653
476
170
683
623
445
888
141
455
674
155
1051
591
277
1005
894
449
687
246
303
370
65
212
902
126
9
580
876
579
72
34
1085
526
153
760
264
651
209
352
133
710
417
1020
906
851
824
576
684
446
1008
438
23
856
359
424
973
578
163
731
982
8
229
947
568
408
1023
194
1070
140
182
1078
481
923
463
723
409
97
502
172
745
799
492
789
1013
519
879
421
280
626
249
270
29
381
1066
394
639
56
995
518
588
1040
1003
345
603
178
652
104
770
24
75
527
392
800
524
47
765
988
729
797
468
840
42
1048
94
624
941
1043
232
972
197
383
719
199
306
932
210
1058
815
343
604
377
393
430
871
77
490
709
117
933
974
647
680
1017
732
1035
51
237
400
929
733
1095
848
1052
68
743
450
1079
595
207
410
1099
752
251
59
86
697
304
316
16
598
230
30
269
125
813
569
523
175
380
293
1006
180
509
976
918
318
887
717
670
739
557
736
157
844
648
198
861
997
208
802
1018
325
669
831
998
339
83
159
599
778
1076
889
1032
880
243
926
949
963
596
204
560
572
715
659
565
597
177
948
781
795
1030
467
705
514
362
274
791
99
516
0
847
830
109
188
665
521
150
433
236
40
718
11
319
912
893
964
1054
244
114
981
620
378
110
164
555
132
936
993
428
814
842
585
38
785
552
533
160
50
1077
655
158
415
634
708
937
1045
395
489
554
983
108
472
921
1087
221
349
262
436
341
361
530
147
989
737
342
592
46
248
263
451
956
805
168
1067
877
1050
425
878
556
1036
631
662
70
772
724
753
714
984
740
547
165
128
1093
834
411
55
371
57
962
583
869
822
503
44
498
839
475
841
144
333
1083
106
542
17
698
228
283
142
369
915
37
780
727
910
287
156
397
219
206
551
247
273
484
589
703
619
255
546
843
868
292
13
331
836
35
903
685
186
966
607
191
1057
825
616
320
53
259
558
79
633
746
462
457
689
954
823
376
1000
185
87
466
113
1080
609
447
346
254
1021
454
1024
167
326
324
562
627
215
302
162
832
289
478
145
360
98
1012
640
332
276
1031
291
783
986
406
563
885
919
67
807
459
942
329
402
564
826
1015
757
901
305
534
1004
1047
1065
775
1090
943
706
792
658
545
63
688
505
288
586
365
482
1088
761
726
675
992
440
432
567
543
970
460
1082
135
258
366
7
190
987
442
946
399
608
661
488
373
327
896
769
716
286
169
763
385
470
742
266
702
924
1025
628
754
1097
1010
827
78
611
756
629
853
300
1037
363
196
298
299
748
211
679
1064
520
886
271
990
192
811
193
786
801
788
908
849
279
26
179
517
762
641
573
766
139
1084
657
22
1075
810
522
681
213
166
3
235
980
875
351
364
348
256
650
587
354
808
282
253
646
637
382
577
837
471
92
1028
338
101
80
528
866
1056
14
860
73
138
793
938
971
925
136
1074
96
224
960
452
1026
355
31
295
768
268
328
610
707
261
419
594
391
614
120
816
622
584
771
90
483
1068
1092
504
945
312
690
759
2
540
290
1001
858
387
994
935
322
76
423
294
386
384
711
115
538
347
835
308
493
321
1033
464
636
105
85
975
730
396
281
62
544
184
267
154
374
25
161
225
787
28
497
890
692
862
934
979
296
372
257
214
566
123
645
183
618
239
102
310
916
429
897
668
107
939
536
700
930
506
773
944
367
20
416
864
1060
297
571
867
812
201
54
137
582
233
1029
152
1014
420
431
479
1046
927
664
119
403
531
550
64
953
61
195
176
549
612
315
539
642
401
574
712
39
93
41
422
116
809
704
486
873
82
904
900
734
131
747
112
323
15
1081
581
895
334
314
485
203
45
134
913
218
632
1053
638
898
434
721
174
1042
819
217
794
1089
525
654
260
928
854
601
1049
226
751
389
643
510
722
958
1034
701
1007
693
84
453
412
796
10
1002
798
238
881
1086
917
850
496
52
696
275
600
615
36
507
713
999
570
957
495
500
456
613
968
6
