43
858
458
101
1016
1163
440
952
444
120
809
388
1181
24
1044
92
78
510
356
159
969
718
48
624
395
346
448
1068
943
455
1063
294
949
708
766
957
556
91
1002
805
1186
515
694
317
265
533
350
638
1012
189
707
427
17
860
1055
528
51
885
616
963
1088
188
778
335
682
1024
121
589
126
405
31
948
359
727
1005
982
373
404
1123
918
110
1124
879
812
249
542
1162
7
865
706
614
804
864
1048
272
908
452
532
353
890
599
192
620
1109
375
336
524
47
695
284
469
1067
30
686
485
960
939
1082
1147
1097
376
607
479
867
269
1033
463
264
938
646
219
27
793
394
213
327
35
486
288
475
310
554
970
756
1120
165
1031
470
244
1102
922
1157
494
42
836
115
1110
230
1054
352
689
854
529
823
1093
849
1073
977
149
738
266
507
931
575
1019
1138
1178
1143
416
216
1105
622
163
657
755
954
613
538
821
971
175
468
134
341
130
905
365
422
87
1040
807
917
843
162
1113
991
79
97
21
372
1061
654
1155
132
652
1100
34
687
625
1106
602
258
1119
1108
259
221
810
1189
791
1118
508
1098
676
246
366
1165
774
1185
635
636
985
114
1066
959
384
432
675
659
1122
108
60
531
951
875
678
741
316
459
1058
1026
964
179
1056
876
50
592
1079
881
950
193
328
96
861
70
20
1158
501
209
1172
1171
1148
645
545
431
215
764
740
65
401
884
762
679
438
355
980
83
74
610
852
94
1037
1184
233
680
735
855
224
95
923
104
226
1074
697
801
775
1085
720
576
681
497
874
436
530
314
848
131
609
311
746
942
780
1130
347
553
857
924
146
5
696
217
437
19
242
797
318
116
382
987
277
1166
1173
519
882
489
535
928
667
135
493
717
329
781
127
583
180
0
965
425
1103
220
160
642
325
650
61
400
958
399
177
665
973
841
549
85
664
172
813
1192
783
330
227
1187
668
29
818
6
702
643
380
930
71
49
155
672
1170
1072
173
32
326
527
1132
203
340
834
374
484
231
111
626
187
1008
1190
733
124
153
608
742
33
186
750
1018
75
84
349
148
564
1086
442
525
673
1116
511
897
1153
286
156
878
833
844
1060
819
324
1092
196
492
1137
1036
118
290
722
1131
334
252
296
282
912
408
1070
713
1007
639
151
544
369
726
892
250
537
779
732
302
526
421
88
109
86
82
683
562
461
307
1059
191
106
1096
968
548
565
962
293
555
814
731
105
81
1071
487
243
112
1064
827
913
389
1052
57
1027
898
447
845
715
251
58
449
568
1175
190
992
571
1046
125
953
663
540
798
1107
978
996
415
210
743
361
591
278
617
1049
925
1010
637
420
586
945
410
1077
477
309
37
847
451
281
561
759
621
98
895
228
719
298
986
102
462
828
306
123
998
168
514
703
343
407
1177
850
730
498
90
354
817
541
450
267
1017
822
409
44
728
1117
1023
629
158
263
891
753
342
1020
28
357
593
914
333
846
698
710
393
539
590
1084
966
979
161
157
802
1078
1001
785
439
1128
245
313
811
595
1126
768
490
748
709
80
1062
601
10
787
18
208
887
478
59
63
240
1021
1188
502
550
319
273
933
390
1043
426
838
580
202
441
428
283
671
517
634
297
1104
54
453
701
1014
481
777
984
38
435
237
1115
997
594
474
46
287
430
579
655
585
916
1139
596
260
73
12
383
323
367
2
630
348
619
169
1029
411
656
1151
782
41
184
107
669
901
167
129
795
205
612
25
137
578
649
344
257
201
229
737
587
765
521
688
712
1135
734
577
509
863
144
406
140
563
1041
360
711
295
171
1121
906
1136
739
899
1050
862
9
308
776
648
11
322
147
339
744
615
222
351
99
321
103
62
1129
866
16
1039
677
806
826
1159
653
414
940
721
921
142
207
829
301
499
856
3
506
1015
1090
763
1179
1133
888
658
886
1168
784
254
285
956
15
690
767
289
558
794
559
835
271
385
503
488
482
261
752
1141
769
1198
89
1183
136
512
581
907
796
729
1150
433
990
138
705
699
1167
598
72
516
141
518
842
466
955
1095
178
232
434
660
520
569
573
176
1089
198
1164
1146
1142
241
1112
183
1076
789
1
76
1152
117
446
338
1057
276
423
398
572
988
480
1114
557
831
1032
119
661
799
13
523
904
1045
1053
315
790
195
736
473
995
199
761
588
543
23
851
684
8
670
877
1051
262
256
253
170
941
1149
300
900
1101
754
967
185
1127
751
972
1009
133
1156
362
830
443
747
1028
961
889
1180
1161
1069
584
631
1199
77
238
371
279
757
937
546
574
974
582
1004
870
332
893
832
345
495
396
1111
1191
551
994
505
929
377
504
53
128
627
725
280
391
840
989
424
150
387
800
618
975
483
214
770
358
647
36
268
547
944
522
1193
93
704
1174
1038
786
496
52
1087
67
235
760
935
603
536
824
932
68
692
946
513
600
604
623
993
379
26
1176
837
1022
247
305
204
368
491
275
299
166
471
454
1134
500
1080
218
1000
212
381
386
693
211
662
39
567
234
920
304
100
291
1160
197
1081
248
274
825
873
364
1013
896
839
331
803
816
910
611
182
820
714
947
1025
69
983
403
1144
464
871
412
745
911
868
429
378
174
934
417
194
1099
606
772
303
460
40
976
1182
749
225
1075
758
392
651
312
640
1042
560
56
465
1140
700
633
999
154
788
872
666
239
894
14
691
1197
457
1091
716
181
1065
55
292
200
903
628
808
145
320
467
534
402
815
418
143
981
113
139
859
1195
363
1169
570
773
122
270
724
1035
723
902
476
4
223
1196
915
1006
1003
45
936
397
164
1194
370
771
685
337
919
413
1030
1047
674
66
644
419
880
1083
255
1094
1011
1125
605
1154
445
236
1145
1034
566
641
22
909
152
927
552
64
926
869
853
597
206
472
792
632
456
883
