820
789
200
516
840
995
1291
940
927
694
988
921
75
869
1121
551
498
591
349
133
231
608
352
54
1297
579
87
967
920
399
801
1014
919
886
149
1168
629
992
686
1261
841
865
152
216
932
412
626
947
385
38
570
699
1284
441
822
427
237
65
695
1158
1065
853
1119
721
1157
1084
263
91
69
678
552
315
1252
89
316
490
1039
677
613
532
489
672
639
341
606
57
984
447
915
98
1287
527
759
103
1208
1102
559
254
881
294
615
137
747
1024
1150
906
1254
603
1206
863
132
697
501
156
258
379
428
146
669
1184
852
1114
205
1139
1005
15
115
383
393
659
299
1016
66
201
191
11
811
1236
960
621
155
1017
1299
521
555
96
496
873
491
1090
41
1109
1275
833
1046
648
732
816
1077
127
991
208
1043
150
1145
326
696
762
525
104
993
652
763
433
943
1047
990
1106
510
939
70
812
140
772
123
163
829
492
321
332
118
407
1154
34
185
368
443
134
843
43
653
887
401
8
305
126
1130
654
793
183
82
444
131
1243
508
951
735
1230
1178
1125
726
6
1
737
644
350
172
817
634
354
461
834
99
733
1045
711
1174
740
206
1062
631
649
50
974
234
1188
809
953
1057
1133
1103
769
55
487
1172
905
175
538
1164
370
891
1117
517
617
674
1217
1144
450
550
333
1205
681
493
320
861
1242
348
85
708
602
910
876
980
946
1259
1116
794
783
979
1088
280
898
578
1289
24
977
734
599
1096
1286
78
509
505
646
1085
806
45
548
161
330
29
1076
800
7
356
513
688
978
764
390
1216
973
922
261
266
1069
121
638
585
1094
495
593
153
188
757
795
1199
391
369
434
620
1166
1050
611
637
176
547
366
1126
247
709
563
1082
92
466
277
702
1155
162
506
848
16
913
72
1021
438
805
122
731
1149
736
238
413
479
130
64
415
250
120
1028
251
954
94
1234
691
1031
1222
546
1035
568
328
1132
924
976
359
1122
900
164
868
46
1280
1283
44
1086
645
1226
22
329
403
353
595
116
1131
457
416
771
1025
575
619
418
192
171
934
95
1034
230
607
107
1197
851
334
1075
1207
361
257
1135
1068
1200
1015
718
766
788
282
1093
1080
524
136
194
894
198
142
896
1160
625
1078
409
1066
782
986
778
1171
930
275
372
893
724
311
404
728
430
9
605
158
1187
956
660
1255
624
1288
100
464
1022
417
760
425
1194
1247
485
690
683
144
165
74
380
371
471
1225
1000
110
994
1177
1038
174
912
698
586
556
301
814
1214
1141
1169
228
824
79
633
239
935
682
1036
640
1049
207
500
410
576
117
964
47
125
317
470
1070
1232
90
454
673
684
515
1223
186
267
1033
382
1179
141
785
558
398
1064
269
1004
1249
630
1146
854
1153
286
259
395
76
938
1148
374
561
950
656
875
226
210
743
73
20
1244
1290
195
274
536
42
1182
473
260
982
1257
1201
477
802
1037
544
651
23
1061
474
871
1053
19
569
111
903
456
823
671
571
890
423
340
1032
1239
306
879
589
560
779
1295
497
253
680
486
647
270
215
1026
345
394
523
344
665
406
386
583
448
1202
1008
1264
287
958
1099
722
68
53
1269
1181
1128
392
889
1105
877
451
480
942
245
193
582
51
598
160
502
1051
1193
1124
1192
770
213
729
1087
1113
693
1176
397
243
577
819
1003
929
203
911
10
1055
178
831
56
455
926
1246
557
746
872
421
101
323
1147
741
459
1012
701
666
1253
145
1081
1167
190
128
449
236
1002
933
528
246
573
220
704
106
3
138
565
337
1161
83
1195
28
628
129
12
264
916
199
1203
700
279
93
58
775
1044
1189
864
902
147
170
1143
957
712
173
296
1071
997
679
858
281
755
331
1281
419
420
612
1186
4
685
1067
1293
1159
494
1258
790
1209
17
59
750
169
48
590
923
180
2
1266
828
214
1211
148
522
244
895
850
1001
229
707
914
381
463
720
899
271
987
273
944
252
310
31
440
738
1011
692
1054
945
837
217
35
225
460
1073
908
749
1091
109
1059
478
1095
1268
676
549
998
1041
235
882
151
597
966
303
797
600
830
355
284
1278
26
1162
1052
218
426
222
1058
754
36
0
727
1072
541
49
39
338
465
566
867
262
959
33
27
1108
1272
67
1129
804
154
439
1127
758
662
373
325
835
781
1029
827
1204
936
475
655
322
862
1213
179
519
1248
670
182
643
248
941
71
62
232
748
874
1233
1018
810
97
610
202
531
432
925
730
357
1273
1282
1019
288
554
1137
870
272
1221
211
540
753
587
1175
212
535
618
594
307
969
635
985
1196
1274
971
989
14
384
1185
892
842
1165
1118
897
1104
567
543
961
713
1285
1097
1292
883
1048
1256
885
972
1270
204
363
714
168
1020
289
832
533
1163
472
1120
388
965
616
1241
529
300
343
166
1092
1224
716
1098
511
744
291
855
476
574
1276
387
719
30
293
113
377
429
313
1083
318
367
849
825
124
1227
249
114
668
452
1040
25
223
860
187
784
622
768
1180
1260
1140
773
453
1156
664
1237
102
335
739
808
880
1238
1111
378
309
859
396
705
467
314
1138
167
657
358
1294
411
1191
327
996
530
866
431
375
1298
821
1271
580
604
61
661
1190
845
268
408
826
197
1027
815
609
405
751
1218
1235
278
135
1023
627
1245
710
776
512
304
777
970
339
584
112
139
80
1220
1056
1030
901
918
21
636
878
482
219
1263
336
484
189
907
52
224
462
295
1279
642
364
209
84
572
32
846
963
400
1107
949
283
937
255
839
1229
796
1277
847
458
596
242
1152
233
844
641
376
488
1006
503
469
818
504
948
319
518
928
81
632
414
13
955
931
1265
184
1170
157
1112
445
798
799
435
539
792
1183
1215
227
703
667
975
276
308
1013
520
909
1173
725
658
1100
767
813
983
105
298
706
687
181
108
119
614
256
765
1151
1010
1296
562
422
761
143
807
542
1250
786
1198
442
857
1089
745
88
1115
1267
1231
717
774
904
723
623
360
221
424
347
968
803
1123
675
60
446
402
592
365
999
952
5
1251
77
240
780
362
1009
297
1210
285
564
838
346
715
1136
526
1007
1240
1110
742
312
836
499
1134
601
177
437
962
324
884
351
468
507
389
752
917
1101
159
436
1079
537
483
1060
791
1074
581
1063
1262
40
18
981
241
1219
514
888
689
63
1142
86
650
856
265
292
663
1228
787
553
342
545
37
196
588
1212
481
302
1042
534
756
290
