683
914
1076
919
88
5
439
1004
193
1378
479
1113
1002
850
991
1192
921
1202
450
1237
1381
107
1073
56
249
610
905
146
934
276
576
1112
601
676
565
94
617
345
63
416
528
350
947
881
1014
1347
539
548
916
1379
462
500
1271
1182
1212
999
616
1214
50
113
1035
301
573
656
827
219
626
876
1168
1179
225
1171
898
708
140
1362
26
246
125
1387
189
945
128
395
1233
1316
680
1283
917
960
168
735
633
1110
817
1039
298
480
1224
763
484
454
563
1077
778
483
247
521
1120
806
926
836
940
599
166
218
1270
235
978
90
349
16
1263
550
322
340
296
432
671
964
382
1070
114
1163
829
1319
307
132
1305
427
44
813
1207
864
821
1353
200
1313
275
96
12
421
722
730
1067
997
990
98
587
779
179
1372
471
137
196
1066
1088
208
995
1285
1136
328
815
192
1308
672
533
519
847
302
773
1286
1366
226
180
771
52
759
284
280
1153
447
77
903
930
287
39
604
1310
116
646
1206
1103
891
258
1325
741
496
597
793
101
594
556
197
1177
1050
858
602
896
268
799
167
807
244
20
1388
1300
1031
1022
212
574
373
733
956
1100
24
1368
861
178
82
659
527
467
384
472
915
232
1128
1152
1282
508
764
348
849
501
1288
865
245
887
230
170
515
311
1118
273
119
897
1268
131
544
524
1232
1389
781
277
1090
762
506
558
387
714
1055
867
588
25
1072
358
445
332
458
894
874
1021
929
1235
13
91
1222
1186
537
429
405
1199
669
466
206
568
1151
694
668
595
418
791
856
1215
1166
1399
43
553
1398
100
381
346
809
635
892
1000
285
198
460
75
1254
828
872
1346
1385
1355
958
32
1147
704
1155
419
108
174
701
392
834
819
578
1295
784
621
937
99
1348
1042
177
780
927
1350
1391
152
1032
882
40
1320
954
884
561
589
435
278
9
1065
904
424
1241
470
593
985
628
289
870
69
30
354
374
1278
549
1294
89
805
792
951
1060
1125
886
446
890
526
469
434
436
495
86
317
425
1228
41
738
938
1236
4
757
134
758
1330
1219
1180
72
76
768
1037
497
417
256
562
1328
266
1078
636
770
1198
907
796
15
522
1211
485
321
102
1194
267
1
1394
875
160
383
398
181
1221
734
1082
217
696
111
1329
71
1249
702
540
592
243
1011
1164
1323
569
629
755
871
1041
566
1086
840
1033
1314
961
201
888
1109
334
1225
1309
1092
83
319
1051
516
325
1363
664
979
908
1160
712
1293
1052
17
283
879
1106
514
1189
294
123
23
650
833
1056
1190
774
1043
1384
1185
983
1397
1167
1386
844
449
1161
981
959
1017
554
1131
29
455
969
643
1356
42
854
1374
1367
1269
356
1159
924
183
609
520
173
65
143
355
962
402
912
1115
1260
437
370
1027
1005
324
1138
164
766
638
695
451
54
665
456
942
723
22
368
982
963
531
512
717
1217
342
87
58
264
1321
367
984
1089
53
394
175
591
996
336
1338
323
330
822
705
794
1357
831
777
259
541
155
1154
442
251
1129
104
184
965
1234
902
1165
572
885
430
135
655
176
481
1174
1038
502
282
498
34
19
397
710
837
482
841
1108
1117
117
45
606
412
798
577
661
727
1383
845
163
1277
1226
410
185
361
1075
1012
438
364
33
699
686
642
970
305
1158
1093
10
55
639
800
681
952
652
379
644
1345
73
818
239
1096
204
713
488
1276
944
150
188
1104
575
932
596
84
1119
195
824
440
1068
190
1107
257
859
835
1281
911
748
182
1122
605
1296
161
386
308
95
630
461
936
18
1130
1150
169
377
1327
797
745
61
7
1141
115
1274
57
139
622
1191
906
1349
1124
335
518
788
474
1091
255
1187
989
761
1045
1297
1146
236
1220
1223
786
2
1284
920
611
154
1098
31
1046
1267
510
286
92
728
162
1010
205
1173
619
557
649
221
1007
1175
1382
857
211
1248
731
855
1365
318
165
543
560
1259
950
312
523
1258
789
1251
357
1279
1304
453
943
939
1298
607
986
1358
581
351
648
493
1157
1245
866
584
1053
353
987
538
645
465
673
697
281
385
1156
846
227
1216
955
186
1311
431
403
1085
112
304
79
1333
1057
530
252
457
1040
414
1170
1369
261
968
363
1247
274
422
1342
1364
1178
625
678
333
1049
216
1061
316
313
613
812
935
682
685
215
1134
570
492
1352
1197
494
1081
603
670
1083
975
1087
452
1289
338
1162
1375
953
1359
1126
343
1306
126
1210
623
66
654
583
85
21
265
199
1044
746
816
1275
48
209
1059
1018
517
868
105
35
300
148
973
290
271
141
153
826
1331
803
1370
443
585
736
814
579
1140
223
473
260
946
234
504
80
269
1299
1006
620
103
1149
477
1341
426
1315
1003
869
120
1395
262
552
1024
729
756
677
36
1227
719
151
297
507
365
1280
873
420
27
775
1334
344
615
810
400
1069
899
46
389
715
390
542
263
404
684
1238
753
279
1371
1287
765
1139
693
306
691
709
1205
1244
743
1273
772
254
172
64
194
1265
1135
640
1360
187
545
1380
546
241
242
1208
972
862
1047
653
487
1121
739
1272
666
28
303
832
491
476
37
1213
1390
1099
1193
1203
1301
326
47
689
1336
808
147
564
1344
889
1111
658
567
339
839
448
1255
1142
795
647
1335
703
634
928
1230
121
375
535
129
1218
314
737
1084
895
675
580
1240
883
490
627
1393
700
229
1001
718
331
994
505
159
272
399
525
238
468
848
1196
240
253
248
156
74
1253
637
1127
203
913
618
998
110
801
1144
464
852
529
489
957
1317
1097
118
663
372
106
360
393
138
38
509
1102
1332
1181
6
14
692
922
749
747
1133
378
707
971
662
380
667
571
81
347
59
783
369
362
1105
880
408
830
1290
790
1339
1101
742
293
310
1034
250
582
1064
1071
1291
366
130
608
760
631
144
933
315
214
651
1016
124
660
1015
600
853
213
423
359
878
1377
1008
1264
785
1095
804
787
1062
1312
632
811
388
1392
511
923
977
1058
711
1340
536
149
1209
1351
555
220
376
299
1026
744
1184
716
1201
1114
1020
3
1079
1266
288
674
782
222
228
1354
97
877
1231
534
1343
820
980
202
1361
966
1116
751
415
679
1132
838
1188
1326
901
352
341
974
463
401
391
122
612
1183
49
1303
210
11
292
1373
1257
233
231
503
590
1025
1054
1009
1243
688
1246
411
993
842
690
1172
1094
698
1063
1261
1145
1204
327
724
941
931
191
925
270
752
142
475
706
441
224
133
396
586
62
1030
0
1318
614
1176
78
657
720
767
1028
910
1262
598
949
1307
478
893
976
559
900
1376
145
825
863
499
1013
413
1169
851
237
127
1302
992
309
754
988
1143
823
329
295
726
409
843
513
1396
158
407
547
1048
1337
769
687
68
532
624
109
1123
1229
641
1324
1200
67
721
750
320
732
776
93
948
8
1074
70
486
551
1256
802
740
1080
1023
207
428
1242
1239
909
1292
60
1195
444
136
51
406
171
291
1148
1036
1019
157
860
967
1137
433
1252
459
337
1029
1250
371
1322
918
725
