336
1016
326
632
94
113
512
540
1198
1303
1246
1278
552
994
1233
1039
1477
92
22
1142
73
505
867
610
945
856
1034
147
1186
1467
1104
1208
625
1414
72
456
825
1092
519
276
322
679
1310
707
1000
1191
1019
833
1250
382
1009
376
968
296
739
668
219
403
916
1229
1306
725
1047
1190
1147
18
1028
220
1258
577
306
1057
549
466
184
677
812
1284
1389
532
1097
788
1262
416
685
1046
682
1286
67
88
1015
982
364
967
463
735
822
1004
1273
28
1321
1266
1031
214
154
991
8
321
852
1126
930
1335
1149
172
942
664
588
40
1193
1217
1013
1128
501
1254
310
1314
1498
1008
1011
592
941
244
485
71
283
1449
59
24
983
790
619
329
1427
1428
1333
280
1431
862
728
390
29
199
1388
1468
884
1140
1312
472
1425
749
823
253
594
1345
1378
1143
112
1226
743
706
157
670
882
1003
757
354
1127
50
1408
1075
1150
533
1406
597
48
133
689
126
447
1322
263
1356
1189
200
608
292
1144
1331
503
1281
890
51
1025
498
424
770
1181
800
1260
1387
203
804
298
612
379
273
806
1215
1072
1044
91
1040
1222
1155
1062
348
1346
105
717
316
1080
1301
1381
110
1115
1061
1048
877
764
1351
1274
386
1324
1056
750
861
868
1213
473
160
56
158
470
1462
1095
1488
333
202
759
873
1240
1349
1161
0
1017
520
1490
765
590
988
102
494
1481
181
570
1474
1121
1385
1279
571
222
493
863
1330
647
10
963
342
1212
640
1307
1375
918
509
1441
1050
1066
660
405
1327
496
808
553
79
421
1464
68
1320
947
271
1374
854
327
1302
152
1221
1342
1042
1423
1087
850
1251
343
831
566
530
840
926
1458
1373
1336
82
949
185
936
35
58
1454
746
1379
999
1386
515
257
820
502
992
65
875
422
975
1289
653
445
836
976
1419
1209
993
1344
366
232
1024
1268
899
1137
711
106
1383
1166
560
323
631
195
246
1169
427
636
1236
368
1138
1199
894
1323
1430
167
517
328
1480
760
654
1058
12
683
581
1482
1133
681
693
966
954
196
130
763
1063
617
260
910
153
1163
1002
233
294
1313
1228
1167
1402
190
455
1432
943
938
815
555
1287
635
1216
1442
634
1210
120
865
1035
525
724
361
786
1195
1360
646
150
1496
598
216
1219
53
1052
207
83
579
1308
1242
1280
511
787
218
302
74
134
197
521
974
611
1045
666
1460
1081
1243
686
932
733
488
1276
687
1010
558
36
262
1453
1450
451
137
1223
529
710
821
548
399
871
474
688
534
479
1079
1368
1001
1382
1457
1282
998
1006
1358
695
766
101
1239
291
616
1365
798
557
96
454
736
61
813
278
1021
752
761
737
618
179
223
1269
891
1202
1436
671
90
317
1392
1311
876
142
848
1201
78
922
1341
462
1197
1252
320
1487
194
965
1461
215
32
305
780
591
1238
1396
439
981
696
145
211
649
295
648
851
925
830
712
87
866
1355
870
665
892
155
661
1256
1452
289
1249
656
13
713
478
1413
935
1491
1478
1129
1037
290
269
363
1305
1296
944
615
1157
89
208
4
461
97
879
556
1397
855
1012
272
794
228
1020
990
38
627
469
345
1410
1227
397
1245
1203
264
676
1416
1032
767
476
434
1412
691
1259
844
917
293
1165
747
1372
1207
1447
189
15
377
188
996
69
356
221
860
818
1290
1380
396
481
1277
1175
1315
76
973
1288
551
25
400
1200
567
827
911
700
537
438
508
1434
55
872
1054
312
614
209
524
436
593
923
601
411
387
1194
550
1
777
699
459
1471
995
1411
1244
1272
690
1455
350
730
908
340
174
1420
748
39
357
161
1178
1348
523
245
740
491
1085
997
817
186
444
443
545
723
468
915
652
1421
939
1297
1422
330
1158
141
116
239
1119
714
673
60
1007
826
1145
419
1069
1148
538
1185
878
1225
1059
406
1065
1220
1329
816
924
7
977
546
1041
95
1479
103
734
888
613
1398
37
841
1429
893
1403
429
561
880
1257
1294
1122
495
1086
100
452
527
1151
643
1125
127
1107
1022
93
1339
477
183
1440
277
114
772
1295
182
972
1234
1253
77
86
337
562
57
75
1270
176
857
1159
247
1078
1241
969
156
362
235
281
334
365
507
1361
270
395
1285
623
516
66
383
1026
1484
1153
450
897
162
256
146
426
1371
489
1112
914
275
934
1418
1101
845
16
339
795
1332
1102
957
1401
526
1255
1134
1444
1291
1338
751
1367
1090
1394
1395
559
164
621
783
23
642
409
659
109
1354
1094
704
359
531
204
34
1405
460
467
886
115
744
1437
300
198
1235
657
284
1463
1162
1132
1211
853
371
803
960
1485
33
1224
465
98
252
580
869
578
835
1304
1230
62
1098
1438
650
346
805
52
1492
1076
1459
582
251
792
745
358
931
572
104
1077
159
1248
480
543
442
514
117
1456
1448
721
604
140
408
122
1214
722
1446
596
843
889
453
620
606
633
779
1376
864
318
1334
381
404
1433
1113
266
547
979
753
123
694
432
599
1023
282
940
1091
307
464
921
471
828
595
959
1497
719
425
1176
265
351
385
20
1168
782
236
810
1093
1071
811
1275
27
504
1399
568
2
658
1173
607
1390
26
448
335
885
325
41
564
170
11
838
1027
1363
308
401
645
484
774
1271
80
600
261
212
701
842
584
1435
674
1298
575
937
883
483
1337
136
920
1188
984
341
1099
583
900
622
1359
738
1111
191
1049
231
1088
1317
21
497
542
554
1377
1264
1318
1465
574
809
539
225
1154
1170
440
457
985
446
762
370
1350
1486
898
107
819
1417
956
1443
118
629
492
1426
1117
435
513
420
391
1156
171
1051
895
638
392
1055
119
227
1089
230
248
675
927
1103
338
1407
19
414
1470
847
1325
441
449
716
1146
776
1005
70
1451
1182
837
919
175
535
178
1369
319
85
1393
720
563
987
415
1292
173
5
255
824
518
475
217
1316
3
151
814
628
718
1064
121
499
1445
144
1108
887
267
1109
1106
274
139
778
1343
639
662
84
1196
313
169
544
793
1206
124
771
389
303
6
626
1029
369
1400
874
951
709
135
353
754
1036
1469
378
43
210
905
46
352
832
1082
324
258
1114
603
536
952
903
978
63
241
698
331
375
609
1232
958
224
268
702
641
858
655
758
1319
522
637
775
458
1309
360
703
490
1205
541
980
602
1038
528
373
731
332
297
99
1265
129
138
989
605
1164
1353
166
907
149
1466
573
226
398
1120
1263
802
1476
229
569
1141
1247
697
904
1473
708
1218
1139
49
1475
486
1067
715
1499
1204
1152
667
586
42
374
1130
482
1299
288
955
380
428
238
1283
1184
131
727
14
576
1068
31
1483
1300
1014
148
165
587
1415
355
1033
1177
192
237
663
1357
732
1174
309
1074
846
962
1192
1053
254
1347
205
81
1495
1136
1043
797
177
433
413
1384
859
125
187
901
394
437
1237
315
344
1018
1123
1439
829
1030
630
410
510
768
423
304
111
393
143
953
1116
1293
669
242
388
1135
1494
742
705
287
729
909
311
692
791
1261
412
500
234
1366
402
54
259
1060
108
1073
912
950
585
756
726
755
1404
1180
1100
1083
651
17
589
168
249
1493
1070
913
372
1489
1326
789
970
741
301
1267
30
1472
781
314
680
299
1424
785
193
418
431
1105
1183
163
773
849
807
367
1172
1340
47
1084
1231
986
250
417
1124
834
799
206
1391
1160
796
487
285
1328
243
430
839
1409
684
1370
1118
506
45
180
1362
928
565
128
64
678
881
946
896
961
9
902
286
1179
384
964
644
1110
240
1131
201
279
1171
1364
933
213
1096
784
948
1187
132
929
801
44
349
407
971
347
624
672
769
1352
906
