153
122
134
56
156
148
132
42
23
112
59
155
82
140
37
95
11
119
135
60
71
127
159
138
30
116
62
21
125
175
97
41
43
70
171
144
142
54
22
0
14
167
65
139
196
28
45
6
182
13
110
64
141
3
52
12
4
143
50
77
34
57
33
55
129
68
88
44
48
164
83
20
174
150
113
118
168
195
94
96
72
121
162
84
89
133
38
69
128
178
2
10
100
152
103
187
161
49
169
191
131
193
61
47
85
146
7
27
179
184
199
91
114
176
32
98
108
173
186
154
19
166
172
5
40
63
120
75
188
160
170
9
124
117
86
183
67
192
92
136
79
149
130
102
74
147
36
185
181
101
1
107
39
115
93
104
58
145
137
87
24
81
78
29
46
194
126
31
66
80
157
177
90
106
123
105
25
8
99
73
198
189
18
165
16
109
190
15
151
53
51
111
26
35
163
180
76
158
17
197
