207
35
51
235
75
285
299
171
79
140
121
147
5
124
110
102
295
210
227
160
40
54
176
291
283
280
29
277
211
149
85
104
101
53
250
57
143
26
138
24
264
267
220
141
161
186
10
48
137
221
56
25
73
20
72
242
240
183
44
71
43
3
188
199
37
195
98
58
39
168
282
34
28
218
294
201
31
205
275
13
133
276
100
55
272
251
154
193
132
15
164
81
106
219
238
118
120
257
142
222
246
241
232
184
59
139
105
194
174
298
113
255
290
265
206
94
198
248
229
70
11
125
77
182
153
32
169
247
268
107
155
158
14
67
47
286
253
281
66
296
16
284
135
151
119
90
270
127
74
236
185
122
1
258
180
112
41
209
130
274
204
42
200
217
22
197
192
45
208
123
93
27
245
163
266
148
126
6
78
177
80
262
33
269
223
191
226
279
82
30
38
239
76
289
287
256
84
244
52
83
215
252
237
7
0
170
234
293
249
97
225
64
214
96
297
243
203
129
63
165
134
178
167
103
99
36
2
4
230
23
233
136
187
213
18
292
65
144
92
68
21
273
146
50
166
89
173
260
231
128
88
181
254
114
212
131
228
271
111
69
49
12
152
86
278
261
116
95
172
145
157
156
60
9
189
109
224
115
150
19
263
46
179
8
190
108
91
216
288
117
175
202
61
62
87
17
196
259
159
162
