174
161
316
220
362
56
165
17
262
81
348
167
309
267
179
359
158
399
383
156
343
19
155
199
252
73
230
141
241
79
29
138
15
90
207
69
264
1
133
70
200
234
398
75
286
299
24
341
391
364
344
280
18
122
170
110
384
342
7
46
255
363
117
332
42
95
292
13
360
143
160
356
67
322
394
302
125
367
130
27
380
334
66
60
320
245
194
38
35
6
149
118
232
28
92
57
369
224
273
34
59
40
121
378
197
393
306
47
31
327
315
352
282
135
358
231
176
16
353
188
283
389
115
180
281
253
330
261
351
289
239
372
237
52
221
222
305
100
256
339
244
337
208
218
340
61
388
304
374
297
379
269
25
116
0
140
111
291
169
266
338
387
308
58
144
178
139
345
84
355
288
33
303
131
106
251
39
63
275
311
223
204
173
325
137
2
177
109
279
166
310
227
65
265
247
328
77
397
150
4
201
91
189
123
301
102
8
381
203
346
228
164
195
120
259
236
242
72
87
119
238
229
136
147
317
64
198
382
214
32
86
296
126
128
172
290
193
132
10
196
37
186
30
14
287
333
318
88
386
98
134
152
272
127
206
9
190
145
366
246
284
331
124
390
368
171
226
41
298
142
11
217
3
336
26
107
157
215
326
314
240
89
113
105
168
324
108
371
376
278
323
233
212
71
50
285
211
321
153
205
312
51
319
375
54
357
248
68
300
163
271
83
276
350
76
99
347
373
183
349
392
377
313
93
213
49
22
103
192
187
175
250
202
148
12
114
94
181
294
151
268
263
254
185
216
307
23
385
159
82
395
101
235
249
361
20
146
274
48
78
154
295
162
112
62
219
129
396
225
53
257
36
55
184
260
21
258
45
43
365
44
209
370
354
74
243
97
85
293
80
191
104
5
210
329
335
277
182
270
96
