274
22
36
29
463
208
174
231
260
250
430
328
109
304
136
116
146
272
269
95
266
489
65
448
353
449
476
294
220
156
480
378
491
317
171
339
289
242
329
182
62
194
224
494
110
115
79
386
234
271
238
369
431
140
117
492
31
380
385
221
305
354
247
243
88
23
11
51
30
439
164
219
9
167
405
395
168
346
290
52
205
189
396
41
470
493
300
107
467
127
324
215
123
246
261
56
135
211
406
175
286
415
229
191
461
98
262
313
40
408
169
72
326
422
452
437
314
483
54
121
490
210
214
104
133
134
100
477
321
388
18
341
252
60
86
212
96
460
216
203
57
202
222
447
244
419
445
53
17
370
423
498
196
451
177
225
178
75
33
259
147
251
444
440
474
475
287
256
165
257
379
245
201
217
453
68
335
325
83
367
154
4
429
207
303
496
443
355
456
436
478
199
213
26
349
0
320
19
50
163
227
258
159
206
126
382
160
407
296
319
192
284
152
7
387
113
209
301
394
141
362
172
108
458
44
218
368
473
481
84
365
94
352
67
288
323
236
12
193
398
130
390
73
372
223
499
466
2
25
158
155
64
5
356
80
14
308
383
61
131
263
392
270
32
366
3
137
268
285
327
162
465
105
334
125
414
404
420
306
264
90
360
488
418
170
485
413
411
138
38
142
446
359
373
311
442
302
322
280
85
318
187
102
484
471
197
276
230
381
69
43
427
176
119
78
183
45
143
248
58
101
87
459
495
188
49
340
487
347
375
424
482
76
145
497
402
92
275
292
120
434
343
70
374
149
384
282
316
181
350
454
457
421
139
166
15
291
345
239
376
299
103
331
389
358
204
240
82
479
410
173
332
157
486
399
391
363
228
315
39
129
336
277
428
312
409
361
297
254
233
106
55
351
403
128
400
97
6
426
118
267
190
184
273
111
180
462
310
464
195
71
132
364
249
37
198
144
148
344
348
89
278
27
63
13
66
186
179
150
48
298
46
99
235
91
20
468
330
81
241
24
253
397
153
438
185
16
28
122
279
283
74
295
161
472
265
1
226
34
401
309
338
293
412
435
425
42
237
433
232
416
10
307
342
357
450
93
35
455
333
281
47
441
200
469
59
21
371
393
8
77
124
417
112
337
377
114
255
151
432
