458
352
336
63
121
81
142
12
268
126
199
391
148
321
543
514
72
284
365
483
503
287
129
85
331
548
329
98
139
18
76
552
7
369
524
570
255
257
403
140
330
301
230
171
244
375
569
192
490
193
198
150
135
54
53
373
471
15
95
310
207
50
106
431
187
426
16
566
339
32
56
188
209
494
153
157
64
179
489
442
335
432
561
105
399
523
41
582
127
496
43
92
455
465
585
288
286
251
462
233
154
577
262
103
91
102
591
47
359
203
511
174
166
309
374
326
466
231
89
553
40
159
333
530
588
519
143
544
5
377
468
162
364
581
180
190
475
337
247
9
464
222
10
576
239
113
384
332
234
88
62
170
22
474
402
104
83
183
424
507
486
45
368
115
531
430
355
436
69
60
229
473
388
270
17
226
381
537
137
146
340
147
1
434
265
409
52
214
281
23
39
579
298
323
360
347
526
242
167
236
28
308
178
499
560
327
215
128
394
291
482
6
269
353
350
558
131
225
227
341
216
94
177
529
99
501
212
427
317
149
420
518
512
565
379
248
504
66
493
515
367
223
506
439
550
325
343
590
370
418
589
395
114
411
334
238
443
421
563
497
500
305
11
211
492
433
218
315
36
376
312
412
549
29
380
33
294
30
551
480
112
206
437
448
267
285
109
578
2
319
586
42
393
145
74
472
363
168
440
232
110
100
175
263
528
70
189
217
390
346
546
51
220
449
584
451
181
296
254
237
4
266
357
417
410
454
445
84
182
371
173
542
283
108
155
130
295
282
191
304
527
556
228
463
204
132
185
75
160
461
477
87
345
136
599
19
68
34
415
279
79
107
65
117
342
306
594
101
428
540
8
125
349
120
573
387
580
425
488
275
241
307
25
460
435
532
396
406
382
525
61
385
276
397
90
571
55
413
313
491
82
378
470
205
522
419
476
77
554
541
97
261
256
80
401
21
134
71
557
273
520
78
278
300
290
20
575
297
292
58
479
456
27
210
250
356
344
299
568
264
354
539
559
133
516
592
253
201
362
593
194
392
372
383
452
93
73
249
172
316
595
407
59
195
535
252
583
161
598
389
293
169
152
567
459
24
324
141
574
416
328
240
243
521
441
35
478
158
96
487
498
271
545
457
272
587
208
517
446
124
163
438
404
176
48
429
447
3
46
320
386
200
555
258
260
184
481
224
533
13
348
547
536
116
186
164
280
303
361
57
26
302
165
366
538
151
422
118
322
502
314
67
351
564
318
202
219
213
358
259
453
156
398
14
505
274
405
572
485
122
513
597
123
44
144
245
450
86
197
235
508
0
289
338
495
277
562
534
221
196
119
37
469
246
408
31
414
484
444
467
38
111
510
423
311
509
49
138
400
596
