148
299
192
204
259
237
152
265
119
482
341
113
12
346
147
296
110
639
289
628
428
440
288
157
326
116
182
17
359
185
13
609
68
278
184
682
297
0
31
400
467
63
455
504
581
374
419
167
399
439
183
556
373
353
398
125
130
632
175
699
551
379
231
696
325
618
564
409
435
307
592
249
258
294
596
61
269
168
463
505
488
358
217
605
644
637
190
630
664
478
42
6
541
178
14
540
333
324
539
520
686
457
84
284
591
338
334
524
584
366
292
575
430
262
156
432
480
196
306
336
668
386
536
153
222
77
534
101
51
40
640
662
479
424
677
530
37
650
118
574
465
420
233
646
41
518
363
468
635
221
348
322
76
328
8
397
377
569
663
538
500
293
44
81
355
426
111
418
449
321
191
123
666
85
555
201
2
219
527
332
140
50
368
525
313
688
138
158
349
49
339
576
251
491
200
659
573
103
550
470
403
247
384
601
624
88
408
94
65
458
105
391
671
492
264
514
661
553
607
698
87
64
453
69
395
589
83
448
390
254
56
9
173
337
656
218
304
310
619
67
139
7
271
469
517
654
121
206
647
309
672
177
210
316
253
48
513
133
232
394
252
582
21
215
641
665
229
528
285
571
595
287
484
263
327
521
335
600
416
179
136
545
189
490
572
276
454
356
350
72
412
392
360
145
318
537
388
57
369
634
144
565
137
404
227
602
462
464
636
174
248
383
58
446
681
577
243
266
120
214
202
694
16
86
376
99
55
230
483
648
494
472
261
295
47
35
546
507
236
154
124
28
193
71
567
226
587
301
631
496
423
102
19
291
660
311
3
413
273
315
367
135
23
344
11
91
172
683
300
687
90
317
114
532
109
331
411
78
93
535
5
59
176
396
151
380
638
286
330
522
557
590
617
279
552
30
18
460
497
195
320
588
593
283
134
128
45
586
362
244
342
27
89
429
166
526
92
414
676
614
598
364
385
626
529
508
117
74
24
146
427
270
257
238
169
82
52
159
669
228
466
695
224
473
481
502
657
692
26
610
280
10
382
678
443
495
308
197
645
188
43
36
498
126
281
434
523
164
365
277
143
689
580
268
476
615
653
62
544
548
345
441
691
378
515
612
604
673
425
499
407
75
559
199
501
186
22
442
95
651
690
452
477
80
122
329
606
361
250
39
489
568
625
319
554
180
207
171
106
697
70
132
658
155
451
393
242
570
608
141
203
487
131
531
357
194
444
245
493
599
597
142
562
66
46
60
115
216
475
340
431
563
305
583
623
127
410
256
347
303
558
1
655
32
53
561
165
107
436
649
512
241
511
679
405
417
506
629
282
433
461
38
594
627
163
314
162
54
351
274
693
234
212
667
401
421
633
352
267
302
209
670
323
674
97
149
485
4
415
108
150
585
20
437
33
272
290
223
578
459
519
104
160
240
603
129
208
516
235
406
450
566
181
474
371
79
29
652
343
225
370
255
220
213
260
447
381
96
161
387
100
34
73
611
389
402
543
547
239
613
246
621
438
643
187
560
198
205
642
620
471
579
680
456
372
675
684
15
312
298
549
211
375
354
503
509
422
510
445
275
685
98
170
622
542
616
533
25
486
112
