560
12
87
189
377
281
222
534
0
641
433
113
17
526
147
154
109
431
444
509
598
695
629
41
681
394
494
292
429
777
239
529
776
321
791
784
120
242
498
38
367
340
690
436
628
459
680
37
171
290
554
265
572
605
128
671
203
285
309
248
275
330
339
106
31
254
618
517
42
650
532
729
621
576
226
308
493
158
707
195
565
271
236
341
91
760
389
54
72
251
84
581
126
46
715
602
27
415
672
601
361
4
370
505
763
667
753
437
779
345
76
764
380
74
379
117
319
346
452
157
454
408
332
569
740
89
519
449
165
161
743
501
570
533
170
256
709
749
337
326
384
523
168
469
558
658
221
797
434
696
5
145
495
589
139
166
204
338
745
668
51
210
382
48
688
515
272
356
522
35
116
609
771
692
20
149
546
11
483
734
199
646
62
335
413
369
68
724
13
90
471
115
102
143
255
302
475
606
645
428
479
651
282
336
466
549
788
98
686
24
422
718
73
373
524
323
152
174
218
513
790
213
400
541
352
508
249
574
626
649
172
150
516
485
481
177
225
71
537
124
217
196
187
393
637
127
303
785
409
273
439
148
180
55
241
664
160
722
224
535
316
755
772
403
676
312
787
376
387
317
575
179
283
643
750
599
322
539
96
417
164
762
703
435
79
514
757
414
378
324
792
201
530
411
487
202
540
653
747
603
595
584
395
789
266
424
232
476
502
67
133
39
162
327
461
257
719
739
97
205
135
396
194
119
173
53
190
624
333
184
64
178
455
344
85
77
418
443
702
230
134
654
490
748
604
758
391
588
49
227
642
8
392
299
573
446
200
583
350
448
616
491
639
525
114
57
47
343
781
615
451
368
662
465
375
761
725
153
556
45
633
348
314
289
176
142
364
470
351
137
594
405
659
399
567
279
123
304
700
652
630
212
607
712
371
798
557
93
717
773
488
146
430
684
313
638
167
548
383
620
425
733
632
80
22
694
105
705
786
723
140
86
207
596
631
359
456
693
99
769
657
198
155
708
730
296
388
291
640
144
334
656
622
253
489
244
506
15
284
591
82
727
43
83
670
660
421
294
555
547
457
107
419
197
445
704
280
234
579
23
577
450
775
219
385
503
665
682
766
566
263
774
427
238
701
44
349
426
770
366
720
675
342
7
278
559
258
25
329
590
477
103
110
310
627
297
563
482
100
751
94
401
32
679
721
26
728
634
714
611
458
795
347
300
699
363
510
484
29
59
736
191
95
188
453
697
287
754
208
75
468
552
585
61
521
441
742
56
726
228
731
185
70
372
259
130
3
613
587
464
528
551
782
440
235
9
240
193
360
40
141
507
69
293
404
246
746
492
647
301
486
416
689
617
793
685
678
463
744
648
286
683
706
151
18
206
735
432
536
500
315
674
661
52
268
276
478
358
504
243
209
311
586
131
118
480
625
269
19
738
277
104
716
1
582
66
270
92
691
550
63
261
597
36
497
677
156
402
306
593
542
741
512
374
553
420
447
50
545
780
320
571
580
410
231
561
710
6
125
538
183
354
307
636
423
511
175
10
60
499
121
192
496
252
623
460
81
407
181
262
328
260
687
527
169
229
264
711
112
610
88
794
305
138
737
713
353
21
223
562
669
544
472
250
473
237
467
108
412
318
673
600
732
16
768
398
298
2
295
518
568
578
233
365
245
159
355
783
442
220
325
331
111
33
778
211
592
756
614
65
214
619
30
698
136
520
132
531
655
288
644
564
122
78
362
406
186
608
357
14
247
129
543
759
386
381
438
390
767
34
796
799
267
101
752
635
216
612
182
397
28
765
666
274
462
58
474
163
663
215
