313
668
191
7
845
551
537
340
368
122
645
848
91
756
789
656
72
840
685
384
519
538
408
857
116
806
709
261
37
596
40
263
57
277
786
743
795
520
183
415
119
623
616
131
399
619
108
513
815
26
870
669
262
762
779
197
554
51
337
719
707
63
734
676
443
515
255
0
269
235
161
447
700
212
603
39
478
309
481
809
153
774
355
94
711
169
58
286
627
595
226
825
45
672
436
186
543
19
878
295
876
512
569
229
609
717
653
629
426
638
568
56
679
206
97
24
549
156
331
43
649
224
491
438
397
869
761
144
886
808
418
421
767
763
146
338
248
133
333
180
203
288
163
824
437
680
564
10
730
721
529
497
620
414
410
826
590
575
496
889
663
352
692
871
662
528
696
320
807
260
434
504
493
379
50
838
483
8
172
864
388
195
800
736
299
246
853
41
297
130
571
357
110
757
179
599
784
652
294
86
423
396
661
99
81
345
322
594
666
495
781
558
31
856
217
104
670
215
716
253
348
744
723
440
849
73
198
422
112
311
134
162
506
531
818
371
780
223
667
213
771
790
244
335
245
222
52
776
394
135
147
753
291
441
728
544
611
494
386
626
329
407
697
428
892
155
752
317
127
530
354
866
503
237
556
318
567
67
145
659
584
214
380
201
573
539
363
548
769
811
365
23
612
831
618
505
474
96
550
887
326
3
136
398
159
138
650
220
4
715
469
766
1
470
344
117
737
346
61
855
576
489
458
643
457
129
829
592
842
182
219
727
881
533
608
598
16
793
714
854
121
95
148
607
832
392
479
701
691
523
476
347
449
582
888
754
141
773
123
542
775
822
328
639
499
765
673
266
27
555
360
374
591
850
82
62
739
452
28
280
644
547
885
350
828
34
502
581
78
675
196
308
152
833
835
391
750
118
243
25
453
431
867
228
137
378
93
524
527
383
339
540
64
677
268
430
841
446
5
103
642
657
292
150
12
325
252
406
276
14
605
536
258
578
764
304
861
9
393
466
746
225
875
465
157
356
610
216
36
630
175
782
455
429
514
814
404
883
301
577
302
254
490
658
80
242
462
92
375
319
76
688
624
189
521
303
671
654
11
467
647
485
181
249
230
460
424
480
115
316
193
740
844
208
687
778
799
102
202
420
312
695
839
164
720
240
830
290
788
227
233
267
330
705
114
250
247
100
334
413
106
859
239
589
238
686
574
633
87
894
484
272
557
287
327
444
105
837
29
615
211
487
572
120
278
880
606
563
810
802
30
634
587
48
17
18
439
792
566
315
310
154
205
651
160
132
209
475
872
285
139
432
149
726
256
74
509
306
174
236
13
896
710
176
77
435
632
323
898
699
588
218
442
342
545
33
107
53
109
187
314
125
83
35
820
706
305
625
516
293
271
614
681
488
702
593
747
553
204
343
882
385
445
289
416
770
376
367
683
336
459
622
351
796
597
283
364
834
507
501
718
370
188
641
580
613
787
868
874
358
804
777
332
783
265
586
300
561
713
655
298
165
579
646
44
171
546
541
178
617
451
508
194
468
518
433
395
665
464
712
823
168
142
731
387
151
674
631
565
678
751
369
785
738
860
562
128
185
274
275
732
463
500
70
600
583
143
409
895
390
836
684
124
324
234
535
741
760
84
733
126
472
604
755
797
897
373
486
552
748
158
482
621
270
46
648
210
273
477
111
863
798
241
846
400
461
890
22
635
517
281
54
812
749
862
725
59
703
372
366
79
411
38
15
690
221
560
402
801
772
492
20
353
803
899
454
66
559
192
821
729
532
184
682
819
534
199
526
47
89
68
231
307
403
6
190
660
259
170
257
55
412
852
69
401
722
827
473
264
321
843
745
879
279
296
90
359
805
377
88
32
816
166
362
602
694
361
742
498
419
628
2
177
101
758
207
450
704
893
768
405
601
425
427
173
708
724
417
877
75
471
381
585
794
251
698
636
167
851
525
884
510
21
735
71
98
232
382
140
759
522
858
637
664
42
389
49
813
865
282
341
456
349
60
511
65
85
791
873
891
570
817
689
640
200
284
113
847
693
448
