691
687
687
684
685
683
683
683
682
678
681
676
679
674
678
672
674
673
674
673
670
671
667
667
665
662
664
664
662
660
660
661
655
659
658
655
652
653
650
651
648
647
650
647
646
644
641
642
642
642
638
641
637
636
637
637
635
633
633
629
628
631
627
624
627
627
626
620
619
619
620
619
618
615
614
617
612
610
612
610
608
610
606
608
607
602
601
602
600
601
600
599
599
595
596
592
594
591
591
588
587
586
589
588
587
583
584
584
584
580
578
579
576
575
577
572
572
572
572
569
570
571
569
566
568
565
564
560
563
562
559
556
557
558
557
555
552
552
553
551
551
547
550
547
545
545
543
540
543
539
542
539
538
536
536
535
531
532
533
530
531
531
525
527
526
525
522
521
521
519
519
520
519
514
516
516
516
512
514
512
509
506
509
506
506
502
506
505
501
499
497
499
497
499
497
492
491
494
493
491
490
490
486
488
488
487
484
481
480
479
479
481
476
474
476
472
472
474
473
469
470
467
469
464
468
466
466
461
461
463
457
456
455
454
458
457
456
455
449
449
448
450
445
444
444
447
441
445
444
443
440
438
436
435
438
434
435
431
429
430
427
431
428
429
427
424
425
425
424
421
422
421
416
417
416
417
412
413
413
409
410
407
409
408
405
402
406
403
403
402
399
401
399
397
395
397
392
390
391
391
390
387
387
385
388
387
385
384
379
383
382
379
377
378
375
374
373
374
373
368
369
371
369
365
368
365
366
361
359
359
362
359
355
358
357
355
354
350
353
348
349
346
345
347
348
342
345
344
340
343
342
337
335
334
334
332
336
334
333
332
327
331
330
325
328
325
325
323
321
323
321
321
317
319
313
317
311
310
311
313
310
309
310
305
307
304
301
302
304
301
297
298
296
296
297
297
296
292
289
291
289
290
287
289
287
285
284
283
283
283
278
281
280
278
273
277
272
275
273
271
271
271
266
269
267
264
261
261
264
260
261
260
257
254
255
254
253
252
253
252
251
250
245
248
246
242
245
241
239
241
239
241
237
234
237
237
235
232
231
231
230
227
229
227
226
222
226
223
219
218
221
216
219
218
218
212
214
211
212
210
211
209
207
205
207
207
203
202
199
203
197
198
197
194
197
196
194
195
193
192
190
189
188
184
185
183
186
181
179
180
178
180
176
177
174
172
172
172
171
172
167
170
168
169
165
164
165
161
163
163
157
157
157
158
153
153
154
155
152
150
150
151
145
144
146
142
141
142
142
142
139
139
138
135
133
136
134
130
134
130
131
127
130
124
126
123
122
123
124
119
121
120
115
115
114
113
114
112
109
113
111
106
107
109
106
102
102
104
103
98
97
96
100
95
95
96
94
91
94
89
91
87
89
85
84
84
85
85
81
81
77
76
77
78
77
75
72
73
69
72
70
68
67
65
68
63
66
60
64
62
61
58
59
55
56
57
55
51
51
49
52
51
46
44
44
43
46
45
39
40
40
40
40
37
38
37
35
30
30
33
32
29
25
27
24
25
24
23
19
21
22
20
18
19
16
14
16
13
12
10
10
10
6
8
4
3
1
4
2
3
7
7
7
9
9
9
14
15
13
15
18
17
17
17
20
22
21
22
25
24
25
29
26
27
32
30
32
35
36
34
37
36
38
41
42
40
40
45
46
43
46
45
46
46
48
50
51
54
54
55
58
58
56
56
60
61
63
63
64
66
68
68
69
66
71
69
70
74
75
76
74
75
78
80
82
82
84
80
83
85
87
86
90
86
88
92
94
91
91
97
95
97
97
101
99
98
104
104
101
104
105
107
108
110
112
111
112
114
116
114
113
118
117
117
119
123
124
123
123
122
127
127
128
129
127
129
129
133
131
136
136
137
136
138
140
138
141
141
143
146
144
144
145
151
147
151
154
153
156
156
157
158
158
159
162
158
163
160
161
165
165
166
166
166
172
173
172
174
176
175
173
176
175
176
182
181
184
181
183
183
184
184
187
189
191
191
192
195
196
196
196
197
199
196
197
200
202
200
205
207
206
205
207
208
207
213
212
210
211
212
218
215
216
219
222
221
220
220
223
224
227
224
227
229
232
232
229
235
232
235
233
238
235
238
240
238
239
244
244
246
248
244
248
246
249
249
252
254
253
252
257
259
255
261
261
263
259
262
263
267
263
268
269
267
271
272
273
275
276
273
273
275
278
281
278
281
280
282
285
283
286
285
288
290
288
292
294
295
291
294
296
299
298
296
298
299
300
304
301
307
303
308
306
310
308
308
309
314
313
317
315
319
316
320
321
318
320
320
324
322
323
328
327
331
329
329
332
330
334
335
333
335
337
341
340
342
339
343
341
345
347
344
350
350
351
350
350
353
355
355
358
358
359
357
361
359
363
362
362
363
364
369
369
366
372
372
373
374
376
376
374
379
375
377
380
380
381
383
382
386
385
384
387
387
388
389
393
391
396
395
397
394
397
400
402
402
399
404
401
407
406
407
406
410
410
411
413
411
416
412
416
417
420
420
418
421
424
425
423
424
424
429
425
429
432
429
430
433
432
433
438
436
437
439
440
442
440
441
444
444
444
444
450
449
452
449
450
452
455
454
456
457
456
457
459
461
462
464
466
464
464
466
467
468
469
468
470
471
472
473
477
474
479
476
480
478
481
483
482
486
484
484
486
489
490
492
489
490
493
494
494
498
497
500
500
499
504
502
506
503
505
508
508
506
511
510
512
515
513
516
516
514
518
519
519
518
519
525
526
522
526
529
530
529
532
533
529
532
534
532
535
536
539
537
540
543
543
545
545
546
545
547
547
551
552
548
552
551
552
553
555
557
559
561
559
560
564
565
562
563
563
568
565
568
568
571
570
575
575
575
577
575
576
578
581
578
580
584
583
587
587
589
590
588
587
592
594
592
591
597
597
598
600
600
598
598
601
600
604
604
607
606
610
607
610
611
612
614
613
612
613
616
618
617
619
623
620
620
625
622
624
624
628
630
629
629
634
635
632
637
635
637
639
639
639
638
639
645
643
646
646
644
646
648
647
653
650
654
655
657
657
655
660
660
657
658
664
662
663
667
667
666
670
668
668
669
671
673
676
677
676
677
677
676
678
678
681
681
684
683
687
684
690
687
689
