691
690
685
685
687
687
683
683
683
678
680
677
679
678
678
676
675
675
673
669
667
669
670
666
667
666
666
665
663
662
660
659
659
658
655
657
654
650
649
653
650
650
647
646
643
647
645
640
642
640
641
636
638
638
635
632
635
633
632
631
627
631
626
627
624
625
622
625
619
620
620
616
617
614
616
615
612
613
610
611
609
611
608
606
607
607
603
605
601
599
601
599
596
599
594
594
596
593
591
591
589
588
590
587
587
582
586
585
581
581
577
580
580
578
575
575
572
573
572
573
568
570
565
565
563
566
564
560
564
559
557
556
555
554
555
555
552
554
552
552
549
549
550
546
546
546
543
542
539
538
541
536
538
537
537
532
534
535
532
528
532
527
527
527
526
525
525
521
523
522
522
519
519
517
515
512
513
510
509
509
507
511
510
505
505
502
503
501
502
498
498
497
496
495
496
493
496
491
492
490
487
491
487
485
486
485
485
485
482
480
477
476
480
474
475
473
472
475
472
468
467
470
466
469
468
465
461
461
461
458
457
458
458
454
454
457
453
453
454
452
447
446
449
448
443
442
442
440
444
443
439
441
440
437
435
435
432
431
434
430
427
428
430
429
428
426
421
421
424
418
419
416
416
416
418
415
412
411
411
412
409
410
405
407
406
405
403
405
404
398
399
401
399
396
396
394
392
394
394
389
390
390
388
387
386
382
386
384
382
382
381
377
376
376
376
375
375
371
370
371
368
370
366
368
364
367
361
364
359
363
357
358
360
355
354
357
353
355
353
352
348
349
345
347
347
343
344
340
341
338
341
336
335
337
338
332
332
334
331
330
327
327
328
328
325
326
323
320
319
320
319
317
320
316
317
315
313
311
309
308
312
309
309
308
304
305
302
305
304
301
299
297
295
294
298
294
292
295
289
289
287
289
290
289
285
282
286
282
281
280
277
280
276
278
276
277
271
274
269
271
271
271
270
264
264
263
266
263
263
258
260
256
259
257
254
253
251
252
251
249
251
246
247
248
245
242
246
241
241
243
242
240
238
236
238
232
235
230
233
228
232
228
228
228
226
224
225
223
220
220
219
218
215
219
218
213
213
213
210
211
208
208
205
207
206
202
205
201
199
203
201
199
200
194
193
194
195
193
192
192
192
188
187
187
187
184
186
183
184
178
182
176
175
178
173
174
173
174
173
169
169
169
167
165
166
167
166
161
163
159
158
156
156
159
155
157
156
155
151
151
148
149
145
145
145
147
145
143
143
141
140
137
138
135
138
133
132
130
131
129
130
128
130
125
126
125
121
121
122
122
117
120
116
117
113
112
116
115
110
113
112
111
110
108
105
102
106
101
103
103
98
100
98
99
97
94
96
92
94
91
87
87
87
88
86
85
85
85
81
82
79
80
75
77
77
74
71
71
70
72
70
71
68
64
66
66
62
60
60
60
57
60
56
55
54
55
55
55
54
49
47
50
45
45
45
47
44
44
39
42
39
37
38
34
35
33
35
33
33
32
29
29
25
28
24
25
26
25
22
21
22
17
18
18
15
15
16
13
13
13
9
9
7
9
4
2
3
3
3
5
6
9
8
6
9
9
11
13
16
16
18
15
16
18
18
18
19
20
23
23
23
28
25
26
30
28
34
32
33
36
36
39
35
37
42
39
41
43
44
43
44
49
46
51
52
53
50
53
54
52
55
56
55
60
58
62
62
63
63
63
67
66
66
66
71
69
69
75
72
77
76
79
80
81
77
79
80
82
86
82
88
84
86
91
88
91
90
91
94
97
95
96
99
97
98
99
104
101
104
106
108
108
108
110
111
108
111
112
111
117
118
114
118
119
120
121
122
121
123
127
128
126
127
128
131
130
133
133
134
136
136
139
140
137
141
143
144
140
145
144
148
148
149
149
151
152
152
152
151
154
155
159
158
160
157
160
163
160
164
163
163
169
165
167
167
173
173
175
176
172
174
174
178
177
178
182
183
180
182
184
187
184
189
186
191
193
194
194
194
195
196
199
197
196
198
198
202
201
205
203
208
205
206
208
207
211
212
210
212
216
218
217
216
221
218
221
220
223
224
227
228
226
228
227
228
229
232
231
235
233
236
236
236
239
241
240
242
243
245
242
248
248
250
248
248
251
251
254
252
252
258
257
259
256
259
262
263
264
264
267
268
264
269
268
272
270
269
270
273
277
273
279
279
280
278
283
284
283
284
283
283
287
287
288
291
292
292
291
292
292
295
294
296
299
299
303
302
304
305
305
305
309
307
310
312
308
312
312
311
316
317
316
316
316
320
319
324
322
325
326
326
327
327
328
330
329
333
330
332
334
336
339
336
336
341
338
342
340
342
344
346
346
346
351
352
352
350
355
355
356
353
356
356
357
357
363
359
361
362
363
365
364
366
368
370
370
371
373
372
373
375
374
375
380
381
380
384
385
385
386
386
385
387
389
389
391
390
394
394
393
395
395
397
397
398
399
403
400
403
407
404
409
405
407
412
409
414
411
413
413
417
416
420
421
419
423
424
421
423
422
426
428
429
427
427
431
433
430
435
436
433
438
437
438
442
443
442
445
442
447
448
444
446
451
451
448
454
454
454
452
455
455
458
461
460
463
459
464
463
465
463
468
468
467
469
469
471
473
473
474
474
476
476
479
480
480
481
484
481
482
483
484
487
490
490
491
491
494
491
495
496
495
498
501
500
498
502
501
505
507
507
504
510
511
509
512
509
510
515
515
516
514
516
518
522
523
519
525
526
526
527
526
525
526
531
530
534
531
536
532
536
534
536
539
537
538
542
542
543
546
544
548
546
546
547
551
554
552
552
552
558
555
559
557
560
558
561
564
566
562
567
564
568
569
570
571
569
574
571
573
573
577
575
580
581
579
582
585
586
584
587
588
587
591
591
591
591
590
594
596
593
599
599
600
602
601
599
605
604
602
603
607
605
608
610
612
612
615
614
614
613
619
618
621
617
623
624
625
623
622
626
627
627
629
627
632
631
630
636
633
636
638
640
641
638
643
641
641
645
643
648
645
647
647
647
652
654
651
651
657
656
657
660
656
662
663
659
664
666
666
667
667
666
671
671
671
674
670
676
673
673
677
676
681
682
683
679
683
683
687
683
689
685
690
691
