688
690
686
685
683
687
685
680
680
679
679
678
676
678
676
676
675
674
673
672
669
666
667
669
664
667
665
665
662
662
657
661
657
657
653
655
656
654
653
653
647
649
649
644
648
643
645
644
643
643
640
639
637
636
638
632
633
634
632
632
627
626
627
624
626
624
623
625
620
623
622
619
619
619
616
614
612
611
611
608
608
610
607
609
608
606
602
605
604
599
601
600
599
594
598
597
593
594
592
593
589
591
590
589
584
583
585
585
584
580
580
580
579
574
574
573
575
575
573
569
569
569
570
568
567
565
565
563
563
558
562
560
560
554
554
554
551
551
549
548
552
546
549
546
545
547
542
545
540
543
538
536
537
535
533
533
534
533
530
531
531
528
529
529
526
524
521
525
523
520
521
520
516
517
515
512
516
514
511
509
511
511
506
508
506
507
503
504
504
501
497
496
497
494
498
497
494
492
493
489
488
488
489
486
484
484
481
482
484
479
481
481
480
477
476
475
475
473
472
472
472
470
467
467
467
467
462
465
463
463
460
458
455
459
457
457
454
452
452
450
450
449
449
449
445
443
443
440
440
441
442
441
440
437
438
436
433
432
434
433
431
427
428
428
426
424
421
420
422
418
419
419
416
415
414
415
416
410
413
411
412
407
406
408
406
405
401
400
400
402
402
400
398
397
396
397
391
395
392
388
387
390
387
384
385
386
381
384
381
382
382
381
375
379
377
373
372
371
373
368
369
369
368
368
366
365
366
361
361
359
362
357
355
356
353
354
355
352
352
349
350
348
346
348
345
346
343
340
340
340
337
339
335
334
337
334
333
332
330
333
331
330
328
328
328
326
321
324
324
321
319
318
316
317
313
314
316
313
312
313
312
311
310
305
305
304
301
303
304
301
302
300
298
295
295
297
296
293
292
289
290
290
288
289
285
284
282
280
284
278
277
277
275
275
275
272
272
274
270
269
267
270
270
268
263
265
266
260
264
259
261
260
260
259
253
252
254
252
252
250
249
246
246
247
248
243
244
244
240
240
241
237
235
235
234
233
235
233
232
233
230
227
225
229
225
225
225
222
223
222
218
221
219
219
213
217
211
215
211
212
212
210
209
208
203
203
205
205
202
201
202
198
195
199
198
196
195
191
189
189
189
190
190
185
188
182
186
185
179
183
181
177
180
179
174
177
176
174
170
169
169
171
165
164
164
167
161
160
161
160
159
159
160
159
158
152
154
154
153
148
152
146
147
149
147
142
145
142
142
139
141
137
136
139
134
134
132
133
129
132
128
126
129
125
123
127
124
122
119
122
117
117
120
116
113
113
112
112
112
110
111
107
108
104
104
105
101
104
103
100
98
98
99
98
96
93
96
90
93
90
92
91
86
86
86
82
82
80
79
80
77
80
78
77
78
72
75
71
72
69
71
69
68
64
66
66
65
65
64
60
60
60
56
55
57
55
55
51
53
51
52
49
47
45
44
47
44
40
41
40
41
37
40
38
36
36
36
34
33
28
31
26
30
29
23
24
21
20
20
22
17
21
19
16
16
17
14
13
13
12
7
11
10
9
5
7
6
4
6
4
3
5
5
10
7
11
10
10
12
13
15
15
16
18
17
22
23
22
23
27
23
29
26
29
31
33
33
35
33
34
34
37
39
37
38
43
44
44
41
43
48
44
48
51
50
52
50
55
54
56
53
59
59
61
59
63
63
65
66
62
67
66
66
70
71
72
69
70
71
77
76
76
75
81
78
83
83
84
84
84
84
84
86
90
89
93
94
91
95
97
95
95
97
97
101
99
102
105
101
104
104
104
107
110
109
108
114
111
115
112
118
114
120
116
119
123
121
124
126
123
128
127
130
128
130
128
129
135
136
135
136
134
136
136
141
143
144
140
144
146
147
147
147
151
147
152
152
154
151
157
157
158
155
161
157
158
159
162
161
162
167
168
166
168
168
169
174
172
176
172
174
174
180
177
180
179
181
185
182
184
187
189
188
191
187
188
193
195
193
194
198
198
198
197
201
203
204
203
202
203
203
205
206
207
207
208
209
215
211
217
216
214
218
216
221
223
221
225
221
222
225
227
229
229
230
229
229
233
235
232
234
238
236
240
237
239
243
242
242
246
244
247
247
246
252
253
249
252
256
253
256
259
258
259
257
263
260
265
261
263
265
268
266
271
267
272
270
274
274
275
278
274
277
280
282
278
280
285
282
284
288
288
286
290
291
292
290
290
296
297
295
299
295
299
302
300
304
305
302
305
308
305
309
308
307
310
310
314
313
313
316
318
316
318
318
322
322
323
323
327
326
328
326
329
327
330
331
332
335
336
338
334
336
341
337
338
344
343
343
345
344
347
346
351
350
353
350
351
352
354
357
357
356
361
359
360
359
363
362
364
368
365
368
368
367
370
372
375
376
376
375
379
376
381
380
378
383
381
384
385
386
387
385
389
391
388
394
393
391
395
395
397
397
400
399
402
401
404
403
402
403
409
405
411
410
408
411
412
412
412
416
419
418
421
417
423
422
423
422
426
423
425
425
427
429
428
431
431
432
432
434
434
435
437
438
443
439
442
441
442
448
449
446
446
449
452
451
452
455
457
454
456
456
458
460
460
462
460
466
463
465
469
470
467
470
469
473
473
471
477
473
479
475
478
480
483
481
482
485
485
487
486
490
491
487
493
493
493
496
492
498
495
495
497
502
499
503
504
504
504
505
505
508
506
508
510
513
514
514
513
513
517
519
517
519
520
521
522
523
527
526
528
527
531
532
528
531
534
532
533
535
538
537
538
538
540
539
540
541
544
547
549
548
548
547
553
551
554
556
552
556
554
560
556
561
559
561
561
564
564
568
568
569
566
570
570
574
571
572
574
578
575
578
576
581
579
579
585
583
585
584
587
590
586
588
592
594
593
592
593
598
598
596
596
602
598
602
602
604
602
608
609
607
606
610
610
614
611
614
616
617
619
620
620
621
622
619
621
625
627
624
628
625
630
631
632
629
633
633
635
637
638
635
637
639
640
641
641
641
646
647
644
649
648
648
653
651
652
652
657
657
658
658
661
657
661
662
665
664
667
664
669
669
670
672
669
669
673
672
672
678
679
680
681
677
683
683
682
681
687
686
685
687
691
692
