690
687
688
689
687
685
681
682
680
678
680
680
675
674
678
674
674
672
673
671
667
668
668
669
663
665
663
660
663
662
658
661
659
656
654
652
655
653
649
651
650
650
647
644
647
643
646
644
640
641
641
637
635
635
634
632
633
631
633
629
631
631
626
624
626
626
622
623
622
619
618
621
619
614
614
615
611
615
613
609
611
608
610
605
605
604
606
601
600
599
600
601
597
595
597
595
596
595
590
592
592
586
589
588
586
587
583
584
580
579
578
577
575
578
574
572
576
575
569
570
568
571
569
564
568
565
564
561
562
561
560
557
560
554
556
555
553
553
552
550
550
548
547
546
548
542
541
540
544
542
538
536
537
539
538
533
535
532
533
529
531
528
529
524
528
525
525
521
522
523
518
516
517
514
513
513
511
511
513
509
509
511
508
505
504
504
503
503
501
501
499
497
495
498
493
496
494
491
492
492
489
487
485
488
484
482
484
483
482
479
480
480
477
479
477
476
472
474
473
468
470
470
470
469
464
467
465
465
462
462
460
457
460
457
453
454
455
453
450
449
449
449
449
449
445
446
443
445
439
442
437
439
438
434
434
433
435
435
434
433
432
429
428
425
426
425
425
423
422
421
417
418
417
418
415
413
415
415
414
410
410
407
407
409
403
407
401
405
404
402
398
397
395
397
398
396
391
392
393
393
387
391
390
387
386
382
384
384
384
380
378
378
376
376
374
377
372
371
370
371
368
366
367
368
366
363
365
364
359
360
361
359
356
355
358
354
352
354
349
353
347
348
350
349
344
345
344
343
342
341
340
336
336
335
333
335
331
332
334
331
328
327
325
328
326
324
325
324
319
318
319
317
317
315
318
312
316
315
311
312
310
309
310
306
303
302
301
300
302
300
300
296
299
298
296
292
295
291
290
292
291
287
290
285
285
287
286
285
279
283
279
277
278
277
275
273
275
274
271
268
269
269
268
268
265
262
262
261
264
262
258
256
257
254
255
252
254
255
251
253
250
247
247
244
244
244
245
243
241
243
241
241
240
238
237
232
235
234
230
233
231
227
226
224
225
225
221
225
219
222
218
217
219
217
213
212
211
214
214
213
210
209
209
208
206
207
203
201
204
203
198
201
198
194
196
193
194
191
189
190
188
191
190
185
184
182
184
181
181
181
177
179
175
178
178
172
176
170
169
171
172
171
170
164
163
163
162
160
162
159
160
156
156
156
153
152
154
155
154
151
150
151
145
145
146
143
145
145
143
142
138
139
135
139
136
132
132
130
132
131
130
130
129
124
125
124
124
124
119
119
120
119
116
115
115
114
115
115
109
110
112
110
105
107
106
105
106
104
102
98
98
99
100
96
95
96
91
93
93
93
87
87
85
88
85
87
82
81
81
83
82
81
77
74
77
75
72
74
73
68
67
71
65
68
66
63
66
63
59
61
60
59
57
56
53
54
54
53
50
53
51
48
48
44
44
43
45
43
43
38
39
36
35
37
37
36
33
33
31
28
32
27
28
24
26
26
24
25
20
20
18
16
20
18
18
14
16
10
14
11
7
6
8
4
5
7
2
5
3
6
8
9
7
6
7
9
11
10
14
13
18
17
17
19
20
18
23
22
25
25
26
24
29
30
31
29
33
34
31
34
38
38
37
40
38
42
40
45
43
43
43
47
46
51
51
52
50
53
54
52
56
54
55
60
59
62
60
63
64
66
68
68
68
71
69
71
73
72
71
72
76
74
76
78
81
79
79
85
84
83
85
86
90
88
90
90
90
90
95
93
96
98
95
98
101
98
103
104
103
104
103
104
106
109
109
111
114
112
114
114
118
114
120
117
117
121
124
124
124
126
126
124
129
128
127
133
131
133
136
135
134
137
135
136
139
139
140
141
146
145
144
146
145
151
149
152
153
153
156
153
156
155
156
156
162
160
164
165
166
163
164
168
169
166
170
169
170
172
174
175
176
174
177
179
179
180
181
181
181
182
188
185
185
186
189
191
191
192
192
197
194
197
196
199
197
198
202
200
205
205
207
207
208
207
212
209
210
214
212
217
214
218
218
218
219
223
220
221
222
226
228
225
228
231
231
228
231
231
231
234
238
235
235
237
242
243
242
240
241
247
244
246
245
249
250
249
251
254
255
255
256
259
260
261
262
262
261
263
264
267
268
269
267
266
269
272
274
272
274
273
275
276
280
278
277
279
280
283
282
285
285
288
287
289
291
290
292
291
294
294
297
298
295
299
302
300
301
301
302
302
303
304
309
310
311
311
313
315
314
315
318
318
319
316
319
322
320
324
322
326
324
325
326
327
329
330
333
334
335
335
333
334
338
337
339
339
341
343
344
346
344
346
350
349
352
352
349
353
353
352
355
354
355
357
359
363
361
360
363
367
365
365
368
370
367
369
370
374
372
376
374
378
375
376
382
383
383
385
383
384
387
388
386
389
388
391
392
392
393
393
396
399
399
399
399
400
401
404
403
405
408
407
408
408
411
410
409
414
415
412
414
415
415
416
418
422
419
420
422
424
426
424
429
427
430
432
433
431
431
434
436
439
438
441
441
439
443
440
442
446
448
444
448
451
452
452
452
455
456
454
456
454
455
458
458
462
463
464
462
465
468
464
470
471
470
473
473
473
475
473
477
477
477
480
482
481
484
480
485
487
487
485
488
487
488
488
491
495
494
496
495
495
498
499
500
501
500
500
506
502
506
505
508
507
509
512
512
511
513
514
517
514
516
517
522
522
524
520
522
524
523
527
526
527
531
529
533
535
534
536
536
534
538
536
537
540
540
544
543
545
543
544
548
549
552
552
554
553
551
554
558
556
557
557
558
558
564
565
564
566
567
567
567
570
572
568
574
575
575
577
576
575
580
580
580
582
580
585
585
585
588
584
585
588
592
588
591
594
591
594
595
597
596
600
599
600
604
601
605
606
606
604
610
611
611
608
614
613
616
616
616
614
615
618
621
619
619
620
625
622
626
628
630
631
631
632
630
631
635
634
638
639
640
638
641
638
641
642
645
646
645
648
649
649
652
649
653
653
652
656
657
655
655
656
658
662
662
662
664
664
668
669
667
666
672
668
674
672
671
677
674
674
675
681
679
681
681
680
684
684
686
688
690
688
687
