690
688
689
687
688
686
685
685
681
679
680
679
677
675
676
675
675
670
669
671
670
670
667
667
668
667
664
665
664
660
658
659
658
656
658
652
652
653
652
650
647
646
648
648
643
643
642
641
643
638
638
637
639
638
637
634
635
630
633
632
631
630
630
627
628
623
622
625
619
623
618
620
616
618
616
616
613
615
614
612
607
610
605
608
606
603
601
601
601
598
599
599
596
598
597
592
595
590
594
588
592
589
588
587
587
584
581
581
579
583
577
576
577
575
577
573
574
572
573
568
569
571
567
569
566
563
564
563
561
559
559
561
557
554
558
555
553
555
549
551
550
547
546
544
545
542
544
540
540
542
537
538
536
534
538
532
536
535
531
532
527
531
530
527
527
525
525
524
519
520
518
519
518
515
515
515
514
515
509
513
511
510
510
506
506
504
505
504
501
502
502
497
495
495
493
497
493
494
492
490
487
486
485
485
484
484
485
484
479
482
482
481
477
477
473
474
472
470
472
473
472
467
468
467
466
464
462
463
464
462
457
456
460
457
454
455
451
455
449
452
452
446
445
449
446
446
446
440
439
440
440
440
438
434
435
434
432
431
433
430
430
431
429
429
428
422
425
422
421
419
419
421
418
417
415
414
415
415
409
413
409
410
406
408
406
402
405
403
399
401
401
396
400
399
398
397
394
392
389
393
391
387
390
386
386
386
383
384
383
378
380
381
375
377
376
372
375
372
373
372
367
367
366
368
368
362
361
365
361
361
357
360
355
357
357
355
356
350
352
353
349
349
347
346
345
343
346
345
344
338
340
338
340
338
336
337
336
330
333
329
330
331
327
328
324
323
322
323
324
319
321
318
316
318
313
315
313
314
310
313
312
310
306
304
304
305
304
302
304
302
299
297
299
296
293
292
294
290
294
288
292
290
287
288
284
286
283
285
282
280
277
277
279
277
274
277
275
272
269
272
269
270
266
266
267
265
261
264
263
259
261
260
258
254
258
253
252
254
253
252
251
249
248
246
244
243
242
244
242
243
242
241
240
234
235
234
236
232
232
233
231
229
229
228
225
224
224
225
220
221
220
221
220
216
214
217
216
211
210
211
208
208
206
207
206
203
204
201
200
198
201
201
199
195
193
195
191
194
190
190
188
188
188
186
185
182
185
180
181
179
178
179
180
178
175
173
175
170
173
169
170
171
166
169
167
165
163
165
159
162
160
159
157
154
158
157
152
150
152
150
148
149
146
145
143
147
143
142
141
143
142
139
136
137
133
135
136
135
129
133
129
129
126
128
127
125
125
120
123
122
120
117
119
115
114
113
113
113
112
110
112
109
105
105
107
106
104
101
101
99
102
96
98
95
94
95
94
93
89
89
87
89
87
89
86
85
83
81
79
81
80
78
76
74
75
73
73
71
72
72
68
69
70
68
64
67
62
63
64
62
61
59
60
57
58
53
52
54
53
48
49
49
48
49
47
42
46
43
39
42
42
41
35
34
36
35
36
32
30
29
27
26
29
25
24
22
21
20
20
20
18
17
15
15
14
13
16
14
14
8
11
9
6
9
8
5
3
2
6
3
3
8
8
7
12
13
10
15
15
12
13
14
20
18
22
20
20
25
23
25
26
27
28
29
30
28
34
31
33
33
33
39
39
36
41
41
40
43
44
42
48
46
45
47
51
52
53
51
54
57
54
58
59
57
60
59
59
61
61
67
63
65
69
68
71
69
69
72
72
74
77
78
78
77
77
79
84
85
85
84
85
88
89
88
91
92
90
92
92
92
93
96
99
97
102
100
104
100
101
103
108
108
105
106
107
111
111
111
114
113
116
116
119
116
117
121
120
125
121
125
125
127
126
127
129
132
131
130
132
132
136
135
137
137
141
141
139
145
145
143
145
145
148
149
152
149
152
150
155
156
158
155
157
159
162
161
164
163
162
163
167
169
168
166
171
171
169
174
174
174
174
178
176
180
182
181
182
180
186
185
183
189
187
190
187
191
194
195
194
196
194
195
195
200
201
199
201
204
201
202
205
204
205
206
212
209
211
210
211
215
218
217
215
219
219
222
219
222
222
223
223
228
227
227
231
230
230
231
231
234
235
238
240
238
241
240
239
245
242
244
245
248
247
246
251
249
252
251
256
253
258
259
255
259
257
258
262
265
265
264
266
267
266
267
271
270
270
275
275
276
273
276
280
279
282
282
284
283
283
284
284
289
285
286
289
291
289
291
295
296
298
297
300
298
300
302
302
303
302
302
307
304
308
311
310
310
314
310
311
313
316
319
315
317
317
321
322
322
323
327
326
328
325
331
327
328
331
330
336
333
333
336
335
336
337
339
340
341
343
345
344
348
349
348
347
352
353
351
352
354
353
356
358
359
361
362
364
364
361
364
368
364
366
367
371
369
372
374
372
376
373
375
376
378
380
378
379
381
386
387
388
386
386
386
390
388
393
394
395
395
396
398
398
401
397
402
401
402
404
403
405
406
409
406
409
411
412
413
416
415
415
419
420
421
422
421
422
425
421
427
426
427
428
428
429
429
431
435
433
433
436
435
440
437
442
441
439
442
443
446
446
444
446
448
447
453
452
454
452
453
458
455
458
457
458
462
459
464
463
464
468
469
468
468
472
473
471
471
473
472
473
477
479
477
482
483
479
480
485
484
487
485
489
490
490
488
492
490
496
496
495
496
499
496
502
498
503
502
505
502
504
509
509
510
507
510
513
510
516
513
513
519
519
520
519
523
519
521
521
523
525
527
528
528
531
528
531
534
533
535
535
534
537
541
540
539
539
542
543
542
547
549
549
549
552
553
549
554
555
556
555
555
555
561
559
561
559
560
566
565
563
566
569
568
570
569
571
575
571
572
577
574
579
579
579
580
583
585
585
585
586
586
586
587
589
591
594
592
596
593
595
595
598
601
597
601
599
603
603
605
606
604
610
610
610
612
609
614
612
616
615
614
618
621
618
621
620
621
623
623
624
628
627
630
629
629
629
635
633
637
638
634
636
641
641
642
643
643
646
645
647
649
645
650
649
651
654
655
655
653
656
659
657
657
658
663
663
664
661
667
666
668
670
669
669
672
669
670
674
672
678
675
680
679
679
678
681
681
683
683
684
685
688
690
691
