691
689
685
684
686
686
686
684
684
678
677
680
676
675
677
673
673
670
674
673
670
669
668
668
668
662
665
665
664
660
659
659
657
655
657
653
651
652
650
652
647
651
647
644
644
646
641
640
643
640
640
637
640
639
636
633
632
630
629
632
627
630
626
628
623
626
624
621
621
622
620
619
620
617
616
615
611
614
611
611
608
611
609
607
603
602
606
602
599
601
597
597
595
596
596
593
592
595
591
593
592
590
585
584
586
582
585
582
583
580
577
578
580
576
576
573
575
571
569
569
572
567
567
567
568
562
562
562
563
561
559
561
560
559
558
552
555
552
554
553
550
550
549
546
548
542
546
545
542
542
542
538
537
534
538
534
531
533
532
531
529
529
525
525
524
523
523
524
519
519
522
517
516
515
514
512
513
515
510
509
509
506
505
504
503
505
503
502
504
500
500
499
500
499
494
497
492
493
489
489
487
490
487
488
483
482
482
481
482
483
479
478
480
475
478
476
476
474
471
472
467
468
470
469
466
467
462
462
462
461
460
456
457
455
456
453
456
451
452
453
449
450
445
445
448
447
442
443
439
440
438
439
439
436
437
434
431
434
434
433
428
430
425
424
423
426
424
425
424
423
420
417
416
419
417
412
415
412
413
410
409
407
410
404
406
403
405
402
402
403
401
401
400
398
398
396
393
395
393
389
390
390
386
384
383
382
386
381
380
380
378
381
380
379
373
372
374
375
370
371
367
367
365
365
363
366
363
362
362
361
359
358
358
359
353
356
352
355
351
350
350
348
349
348
344
344
344
340
339
342
340
339
336
336
338
332
336
331
332
332
331
329
328
325
326
324
323
324
319
318
320
317
316
315
315
316
314
313
309
311
311
309
308
305
307
305
302
303
299
303
297
297
298
294
295
292
291
295
291
292
291
286
290
285
288
285
283
283
284
281
278
278
279
278
277
276
273
275
274
272
270
266
270
264
263
264
262
264
260
258
262
256
260
259
253
252
254
253
251
248
248
246
245
245
247
242
246
242
240
240
238
237
239
235
233
237
233
232
233
228
230
226
226
224
228
222
224
224
219
222
220
216
220
216
213
215
214
215
213
213
210
209
206
209
207
207
204
204
202
198
199
200
196
198
195
192
192
191
190
193
188
189
187
185
184
185
181
185
181
178
182
178
178
179
177
176
171
173
169
172
170
171
166
169
164
166
161
162
159
160
162
159
159
155
155
157
151
152
152
150
149
148
149
145
145
144
145
143
144
140
140
138
138
139
136
136
134
131
134
129
131
131
130
126
127
124
126
123
123
121
121
116
116
117
116
113
111
115
111
111
109
106
110
105
107
103
104
104
101
100
101
99
96
98
97
94
95
92
93
88
92
90
89
87
83
84
83
83
79
79
79
81
78
76
77
75
73
70
70
70
67
70
68
66
64
62
65
60
64
61
58
58
56
55
53
54
52
52
53
53
47
46
47
47
45
46
43
42
39
38
42
39
38
39
36
35
31
35
34
33
32
28
25
25
27
23
22
25
21
20
21
21
17
17
18
17
13
11
10
8
10
11
8
9
4
4
1
2
4
5
4
8
5
11
8
12
11
15
12
12
17
19
15
21
20
23
21
25
25
27
24
24
28
30
30
29
29
34
36
37
35
34
40
36
42
38
40
42
46
45
43
49
48
47
51
49
51
51
53
52
55
54
55
56
62
61
61
65
65
67
66
65
67
67
72
72
69
71
72
72
74
74
80
77
82
79
83
81
82
87
88
86
85
90
89
90
90
94
91
95
97
99
100
101
98
99
99
103
101
102
106
105
110
109
111
109
109
113
115
112
114
115
115
121
122
118
119
125
126
124
126
128
127
128
130
132
130
131
135
132
134
138
140
140
142
138
143
145
145
144
147
145
150
149
150
152
152
152
152
155
156
156
160
159
161
162
161
164
165
166
164
167
165
169
170
171
171
171
172
176
177
177
178
179
181
183
180
180
183
185
186
185
189
191
187
193
192
195
196
192
194
194
200
200
200
203
202
205
206
204
207
207
208
210
207
208
212
215
213
217
216
218
219
216
221
221
224
225
224
223
223
226
228
230
229
230
232
232
234
236
233
237
240
239
238
241
244
245
246
246
248
246
248
248
252
248
252
255
256
255
257
254
255
261
261
258
263
264
261
267
267
269
267
269
271
273
273
274
271
277
277
279
279
277
282
281
281
282
282
283
288
285
286
286
288
290
290
295
293
294
298
296
297
296
298
303
303
304
302
305
303
309
305
311
309
312
314
313
315
312
318
317
319
320
318
319
319
321
321
322
323
328
329
330
329
331
332
333
333
333
333
337
339
340
341
341
342
342
346
345
347
346
349
346
347
350
352
350
356
356
355
356
357
360
358
358
360
360
365
363
364
366
366
368
371
371
369
370
373
377
378
375
379
381
379
379
384
385
386
386
386
388
387
391
392
392
392
395
395
397
397
398
400
401
402
403
403
405
406
405
403
407
405
409
412
410
412
415
414
414
417
415
418
419
419
423
420
424
421
424
427
428
425
428
430
428
433
435
432
432
435
438
440
437
440
438
441
440
445
442
445
447
450
448
449
448
451
452
452
457
453
457
456
460
460
462
463
461
466
466
466
467
468
466
468
473
474
474
476
476
474
478
479
481
480
483
481
485
483
484
488
487
490
488
489
490
489
490
494
494
494
498
499
496
499
502
501
502
506
506
504
509
507
509
510
513
509
515
512
515
514
514
518
520
522
522
519
520
522
527
524
524
529
529
532
530
534
534
535
534
535
537
540
541
540
541
541
542
541
547
546
544
546
547
552
552
550
550
551
557
555
556
557
561
560
559
563
561
562
563
566
567
566
568
568
572
571
572
575
572
577
576
575
579
579
578
579
585
586
585
586
586
589
591
591
588
593
591
591
597
596
599
597
599
599
600
600
600
606
602
607
604
605
607
610
609
612
612
614
615
617
617
620
616
619
619
624
625
622
625
628
629
630
629
632
631
633
633
635
632
633
634
636
638
642
639
639
645
644
646
643
644
647
651
647
649
649
654
651
653
657
657
659
658
658
661
660
663
662
664
663
665
667
666
668
672
670
673
674
675
673
678
678
679
682
679
684
680
684
685
684
684
686
689
690
