690
687
689
687
688
682
681
684
682
680
680
677
677
678
678
674
673
674
673
672
670
671
665
664
667
666
664
662
659
660
662
659
656
654
653
656
653
655
649
648
647
646
648
649
644
646
644
645
639
641
641
640
640
637
635
637
636
631
633
629
631
629
625
628
626
622
622
622
621
623
618
616
619
617
613
614
616
614
609
609
611
611
607
608
605
607
605
600
601
600
602
597
597
598
598
592
594
593
592
588
591
591
588
587
586
583
584
585
581
578
581
579
575
578
578
577
576
571
570
570
570
570
568
567
564
566
562
561
559
561
560
560
560
555
558
555
551
553
549
548
552
546
545
545
545
544
546
545
543
542
542
537
539
534
533
534
531
535
530
531
529
530
526
524
528
526
523
524
521
521
520
520
515
519
518
517
514
515
513
513
510
510
506
507
505
502
506
500
499
500
498
500
495
496
494
497
493
492
492
489
489
488
487
489
483
485
485
485
481
481
479
477
476
475
473
476
474
475
469
472
472
466
470
464
468
462
466
460
461
463
458
457
459
459
455
455
455
454
452
450
452
447
447
449
446
444
446
445
440
440
437
441
438
439
434
437
435
435
433
428
428
426
430
429
424
427
425
422
419
423
420
416
415
419
418
414
411
411
413
412
407
407
408
405
405
403
404
402
399
399
397
401
396
395
394
396
395
390
391
389
389
389
390
388
385
387
384
382
381
380
378
377
379
375
373
376
376
370
372
368
368
366
369
365
363
363
362
364
361
360
357
361
360
355
353
354
352
350
354
350
349
346
348
345
345
346
346
341
343
340
337
339
339
339
338
335
336
335
332
332
327
327
328
328
323
327
325
325
322
318
317
320
320
317
317
314
312
311
310
311
310
307
307
305
303
307
305
305
303
302
297
298
296
294
293
292
291
295
290
292
290
286
287
289
284
284
281
283
283
280
280
280
276
274
273
276
274
272
270
271
267
267
269
264
263
267
262
262
263
259
259
256
255
255
254
252
254
254
253
252
252
251
250
247
244
243
246
240
243
241
238
240
237
235
234
232
234
233
234
232
232
230
227
228
227
227
223
221
219
218
222
217
220
216
214
215
215
215
213
209
207
209
206
209
203
203
201
204
202
200
198
198
200
195
194
197
193
195
194
191
189
187
189
189
187
183
181
185
179
181
177
178
180
177
173
176
175
174
172
171
171
166
168
164
165
163
163
165
159
160
158
158
160
154
154
152
153
151
153
153
148
150
150
148
145
142
145
143
143
141
137
140
140
134
137
135
132
130
133
133
127
130
128
125
127
123
123
124
122
118
122
121
119
119
114
117
116
110
110
111
111
108
106
105
103
104
102
101
103
102
101
99
100
94
97
94
91
91
90
91
90
91
88
84
83
87
83
83
79
80
78
77
76
77
76
73
75
70
73
70
68
68
65
67
68
67
61
64
60
60
61
58
60
57
58
52
55
55
54
50
51
46
45
49
44
45
44
40
44
41
40
41
37
34
33
35
32
34
29
31
31
26
30
25
28
24
21
25
22
19
21
20
20
19
13
13
14
14
13
12
7
6
6
9
7
4
2
5
1
5
7
9
10
6
12
10
11
11
11
16
17
15
17
20
17
18
20
24
26
24
26
29
29
26
27
28
31
30
32
33
36
35
35
37
41
43
42
43
43
47
48
45
50
47
51
53
53
51
52
57
58
54
55
58
60
58
61
65
62
67
67
69
66
66
70
72
69
74
72
73
74
76
80
81
78
82
82
81
83
82
86
84
90
89
91
93
93
90
96
95
96
99
95
100
102
103
102
101
105
107
107
107
107
107
107
112
114
114
114
115
116
116
117
117
117
122
120
120
121
126
123
124
130
126
127
130
129
131
135
134
134
136
139
140
140
142
144
141
145
144
148
147
149
150
147
148
150
152
152
154
155
155
157
161
162
163
159
163
161
164
167
167
168
169
167
169
173
175
171
173
178
177
180
180
178
179
183
183
184
187
184
185
189
187
191
189
192
195
194
192
197
194
199
198
198
203
201
205
203
207
207
205
209
206
212
209
213
215
214
212
217
219
217
216
222
220
220
222
225
226
224
229
229
229
232
229
232
231
235
236
234
235
238
240
237
242
241
242
245
247
246
244
249
249
249
253
249
252
253
256
255
259
257
257
258
259
264
265
266
262
265
265
265
268
268
272
271
273
271
275
273
279
278
279
277
280
281
282
285
283
283
284
286
286
290
290
291
293
293
296
295
294
298
299
300
301
299
304
303
306
305
306
307
306
309
309
314
314
312
317
314
318
316
317
320
321
320
321
323
323
325
325
326
329
328
330
332
332
334
334
337
337
340
340
340
340
343
343
344
343
346
347
350
350
349
352
351
353
351
355
358
354
356
358
357
360
364
365
362
364
367
365
369
367
371
371
369
373
371
377
375
375
377
376
381
380
382
384
382
387
388
384
389
390
388
392
393
390
395
395
398
397
395
399
402
400
400
402
404
407
406
408
405
408
410
411
413
414
413
415
418
418
418
417
417
422
420
421
424
424
423
429
425
427
432
432
430
433
431
436
437
435
437
440
437
438
443
445
442
445
447
448
450
451
449
453
450
452
455
456
456
455
459
459
459
460
464
461
465
465
463
468
468
471
468
470
469
471
471
475
474
479
480
479
479
479
479
484
483
484
488
485
486
489
488
491
494
493
493
497
495
494
495
497
500
499
500
505
501
506
505
505
508
508
508
509
514
511
514
516
514
515
518
520
517
518
521
525
522
527
526
527
530
528
527
528
531
534
532
537
538
535
536
540
542
538
544
543
542
543
547
548
545
551
548
552
553
550
555
556
558
554
559
556
561
560
560
565
565
567
566
566
566
570
572
572
572
572
572
574
578
578
575
577
581
583
583
583
581
583
583
589
589
591
587
593
592
594
593
596
595
598
597
601
597
598
601
600
602
604
608
608
606
611
609
613
614
612
613
613
617
619
617
619
617
621
623
620
626
626
623
627
625
630
630
631
632
633
632
636
637
634
640
641
637
640
640
643
642
644
643
648
650
648
650
651
652
651
653
657
655
658
659
659
658
661
662
664
661
662
666
665
670
669
669
669
674
671
674
676
676
679
676
676
682
680
681
684
682
685
685
688
687
687
692
