690
691
688
685
685
686
685
682
679
682
682
677
678
675
674
675
676
674
674
669
669
669
665
665
666
662
662
661
664
658
662
658
658
655
656
652
656
655
653
650
651
647
646
647
646
642
646
640
644
642
642
637
638
637
637
635
635
630
633
631
628
628
625
624
625
624
623
623
621
621
621
618
618
618
618
612
615
615
613
608
610
608
609
607
605
606
603
601
601
603
597
600
596
597
593
597
591
593
592
591
592
588
588
588
586
582
582
581
580
583
581
580
578
579
573
573
575
574
571
573
571
567
565
566
568
564
561
560
561
559
561
557
560
558
553
556
553
553
552
551
547
551
546
547
544
543
542
540
542
538
538
538
540
538
533
532
534
533
534
530
531
526
527
527
525
525
524
520
524
519
518
521
518
518
514
515
514
511
514
511
507
507
508
509
503
506
506
500
503
500
499
499
498
497
497
493
492
495
494
488
487
486
485
487
487
483
481
484
484
479
482
477
476
477
477
475
472
471
474
468
468
470
470
464
466
464
463
462
459
462
462
461
455
458
453
452
452
454
451
453
451
447
447
447
443
442
446
445
443
443
437
437
436
439
433
435
432
435
429
433
429
430
427
429
424
426
425
421
422
421
417
418
415
415
413
413
413
410
414
408
407
407
405
407
407
407
406
403
402
401
402
398
400
396
398
397
392
395
394
391
389
388
390
388
387
386
382
383
381
378
379
377
375
378
378
375
371
371
373
373
368
369
365
366
366
367
363
363
360
360
359
358
359
355
358
352
353
354
352
350
351
350
347
345
346
346
345
340
341
342
338
336
337
335
336
337
335
333
332
333
331
330
327
327
327
322
322
322
322
322
317
320
316
318
317
313
316
314
314
309
308
308
307
307
307
307
303
304
304
298
298
298
299
299
296
297
296
293
293
291
289
287
288
289
283
284
285
283
280
280
282
276
278
274
276
273
275
275
270
268
270
270
269
269
267
262
265
263
264
258
257
257
256
257
254
253
251
252
254
249
248
250
249
247
243
242
244
240
244
243
240
241
240
237
233
233
232
230
234
228
231
227
227
225
227
222
225
225
222
223
220
216
217
217
215
212
214
212
211
213
210
211
208
206
205
206
204
202
199
198
198
201
197
195
195
197
194
195
191
191
190
189
190
187
187
182
181
180
180
183
180
180
175
174
174
173
173
173
173
168
171
169
166
165
166
164
161
162
161
163
157
158
156
157
156
155
152
154
150
153
149
147
148
149
144
147
145
140
140
138
138
139
135
134
138
133
136
134
130
132
129
131
125
126
128
125
126
124
124
120
121
121
119
114
113
115
111
112
109
111
111
107
105
109
107
103
102
101
101
98
97
98
100
98
96
96
96
92
92
92
87
89
88
85
87
83
82
82
83
83
78
77
80
75
76
73
74
75
73
68
68
69
65
65
66
65
63
64
63
58
62
61
60
57
58
53
52
50
50
48
52
50
45
48
43
43
46
40
43
42
42
41
39
35
34
36
36
32
29
33
28
31
27
24
27
25
22
24
23
19
19
17
18
19
14
15
15
14
12
10
9
9
5
8
7
6
6
0
5
5
6
4
7
9
12
11
10
14
13
17
14
19
15
16
22
22
21
23
21
26
25
28
27
30
29
29
34
30
35
37
37
34
38
40
38
38
39
41
45
44
44
44
50
47
48
49
52
55
53
54
55
54
58
57
61
59
60
64
63
65
66
69
67
70
67
73
70
74
76
77
78
75
79
79
77
83
83
83
82
84
87
84
86
91
87
93
92
93
94
95
94
98
96
100
97
98
104
103
104
102
108
108
105
111
107
108
109
111
112
116
113
115
119
118
117
120
122
122
124
122
127
128
127
131
130
132
130
132
134
136
138
135
135
138
138
140
139
145
141
144
147
146
145
151
152
150
152
153
152
155
156
156
155
158
159
159
161
163
163
166
168
166
167
170
167
170
169
171
172
175
177
177
178
178
177
178
183
181
186
182
186
186
188
190
189
190
192
195
195
193
196
194
195
196
199
202
201
200
201
203
207
208
207
207
210
213
214
211
214
213
217
214
216
220
220
219
223
223
224
223
228
228
226
229
229
228
232
232
232
237
233
235
238
236
239
241
244
242
246
244
246
247
247
251
251
250
253
250
255
255
258
256
255
261
259
263
264
261
263
265
266
268
269
268
270
270
270
272
271
277
277
279
277
280
280
279
281
282
286
286
287
284
285
288
292
293
293
291
291
293
298
298
297
300
302
298
304
301
304
307
306
304
309
308
308
310
314
315
312
316
317
315
318
319
321
319
319
323
321
326
323
326
325
331
327
330
334
332
335
332
335
338
338
341
338
339
341
340
344
347
346
349
350
348
348
351
354
350
356
357
353
357
358
360
361
363
364
361
364
366
367
365
366
370
367
371
370
372
372
377
376
375
380
381
382
381
382
383
382
383
387
387
389
386
391
392
390
390
392
395
398
394
397
397
401
399
403
402
401
405
405
409
407
406
410
410
412
415
412
416
417
417
417
419
419
418
420
422
422
425
423
428
430
431
428
428
433
431
435
435
433
435
439
437
437
439
443
442
442
446
446
446
447
449
450
453
452
450
452
453
454
458
459
456
458
462
463
463
466
466
466
467
465
471
471
472
473
473
475
472
477
475
475
480
480
483
479
480
482
485
487
484
490
491
488
491
491
490
495
493
495
495
498
496
498
499
504
502
506
504
506
506
509
511
508
509
511
513
513
512
513
519
517
517
520
519
524
521
523
526
524
526
526
530
532
529
529
530
533
534
537
536
538
541
537
541
542
540
544
544
543
548
550
548
551
553
549
550
556
552
556
557
560
561
559
560
560
562
563
565
565
564
566
570
568
571
574
574
571
575
576
574
576
578
580
581
580
580
585
582
585
587
586
589
591
593
592
591
593
597
595
594
595
596
599
600
604
603
604
605
606
609
606
606
609
612
614
611
614
616
615
617
616
618
619
619
620
623
626
626
627
624
628
628
631
628
632
630
635
635
633
635
636
641
638
639
644
642
641
645
646
648
649
648
647
652
652
652
655
652
658
659
658
659
662
658
659
660
661
662
665
668
667
667
670
670
669
673
676
672
673
677
675
680
681
679
684
683
682
685
686
687
690
686
691
