690
690
690
689
688
682
685
685
682
681
682
676
678
674
678
676
674
673
671
671
669
666
666
669
664
666
662
663
661
662
659
658
657
656
653
655
652
652
654
652
651
651
650
648
647
642
641
642
639
642
637
636
637
637
636
634
632
632
632
629
631
627
628
625
625
624
621
625
622
618
617
616
619
617
613
613
611
612
613
611
610
606
610
605
607
606
606
602
601
600
602
599
598
597
593
594
592
590
593
589
589
591
586
584
585
586
584
584
583
580
580
580
580
574
578
574
571
572
569
569
572
566
569
564
568
564
563
560
562
559
558
560
557
557
558
557
553
550
553
550
547
547
548
548
548
545
541
543
542
543
541
536
539
537
534
532
531
533
533
530
530
526
526
526
524
525
525
521
520
523
522
517
517
517
517
516
515
511
513
511
510
510
507
504
505
503
505
502
501
502
502
496
495
495
494
495
494
493
490
488
490
491
489
488
487
485
485
480
483
481
479
479
480
474
477
476
472
470
470
471
469
466
468
468
466
464
463
464
464
460
457
460
455
456
457
452
455
451
452
453
451
447
450
445
443
442
443
442
443
439
438
438
436
439
434
432
436
435
430
433
428
426
429
424
427
423
426
423
423
423
420
417
420
414
417
416
412
410
412
410
408
409
406
406
404
403
405
400
401
402
397
401
399
396
394
394
393
395
392
389
389
390
387
385
388
385
382
384
379
383
380
379
377
375
373
375
372
373
373
369
370
369
369
365
366
366
366
360
364
363
358
358
355
359
355
357
353
353
352
351
347
351
348
349
346
347
346
341
343
339
340
336
340
334
335
335
331
334
330
333
331
331
329
329
326
322
324
323
322
322
317
321
320
317
315
315
316
314
311
308
309
309
310
305
303
302
305
303
299
299
298
297
299
298
295
294
294
293
294
293
289
290
285
287
286
286
281
280
281
279
278
281
275
278
273
275
276
272
270
272
269
266
265
266
266
265
265
263
264
262
262
257
258
259
255
254
251
252
254
250
249
249
245
244
244
244
241
240
244
238
238
238
239
237
236
236
236
232
230
229
232
229
230
229
224
223
226
225
222
218
221
220
220
214
214
215
215
214
212
211
212
210
210
207
206
207
204
204
203
203
202
200
197
196
198
195
196
194
191
193
187
189
185
187
187
183
182
180
183
178
177
177
178
175
174
175
172
172
173
173
171
171
169
169
166
166
166
160
162
162
162
159
155
158
155
157
154
151
149
148
147
147
147
145
143
144
143
140
142
142
141
140
139
135
136
134
135
134
134
128
132
129
128
125
124
122
122
121
121
122
121
119
120
114
114
114
112
111
112
110
107
111
107
109
107
102
105
104
102
101
101
100
98
94
96
96
94
90
94
93
91
90
85
89
87
87
82
84
82
80
80
79
78
76
74
77
71
74
74
68
67
67
70
69
64
66
65
63
63
62
59
59
59
56
57
53
54
53
52
52
50
47
45
47
48
42
42
44
42
42
38
36
37
38
33
32
31
34
29
32
31
31
29
26
24
25
21
23
21
22
18
20
17
15
14
17
16
11
14
8
8
9
8
4
3
4
3
2
5
3
5
9
8
7
11
13
9
11
12
12
16
14
19
17
21
22
19
22
22
26
25
26
25
27
31
30
34
33
32
36
35
38
36
40
38
38
43
42
45
44
43
48
50
49
48
52
52
55
53
56
57
54
56
61
59
61
59
65
63
66
67
64
69
71
71
73
71
73
75
73
76
76
78
79
78
83
83
83
82
85
84
85
86
86
90
91
92
91
91
95
97
98
100
97
97
98
99
100
102
106
106
109
110
111
111
112
112
114
111
117
115
118
116
121
117
120
121
125
123
122
124
124
125
126
130
131
131
130
135
135
138
138
139
141
138
140
144
142
143
147
143
144
149
151
147
149
149
153
152
152
157
159
156
161
160
159
161
160
163
165
168
164
167
169
168
171
174
170
173
174
178
175
180
180
179
183
183
183
181
183
186
186
190
190
191
192
194
192
196
195
197
195
197
197
199
202
201
200
203
206
204
205
206
206
211
210
214
214
212
212
213
216
215
217
219
220
220
222
226
223
227
225
229
226
229
233
230
231
231
233
238
236
236
238
241
243
244
243
245
243
244
245
245
246
250
252
254
252
252
253
253
259
259
256
260
261
259
263
264
262
264
265
269
268
270
271
269
271
271
277
277
279
275
277
277
282
284
281
281
284
283
284
287
291
291
289
291
290
291
292
293
297
299
301
297
301
303
302
306
305
305
309
305
311
311
309
310
311
312
314
317
318
317
319
319
320
322
320
325
322
326
329
329
331
327
330
333
331
336
332
335
338
335
341
338
339
339
342
342
343
343
346
347
347
349
350
349
351
351
352
353
356
357
360
361
358
359
361
366
363
363
367
365
371
367
371
372
373
375
372
375
377
379
376
382
383
379
381
384
384
385
385
385
387
387
390
390
392
395
395
396
394
397
399
399
399
399
405
402
406
406
404
408
409
412
408
412
412
411
414
417
414
419
417
418
421
419
423
426
425
428
427
428
428
432
431
430
434
435
433
437
437
436
440
441
440
442
443
441
442
443
446
450
451
451
448
451
455
454
453
456
457
455
456
458
462
460
464
464
463
464
468
470
469
472
469
470
475
473
474
478
478
476
479
477
478
483
483
486
487
487
487
488
488
492
489
489
493
493
494
494
498
496
497
500
503
501
503
504
503
505
504
510
511
510
508
514
511
515
513
513
515
520
519
519
521
519
524
526
525
525
526
525
526
529
529
529
534
535
535
536
536
537
538
541
538
539
540
542
544
543
545
549
548
552
553
552
551
556
555
558
557
557
559
560
562
560
561
565
567
564
566
568
566
567
571
574
572
571
573
573
575
576
576
580
583
580
582
582
584
585
586
589
588
591
592
592
591
592
593
595
597
595
597
598
598
600
604
602
604
605
606
606
610
610
613
610
611
615
613
615
618
618
620
620
618
621
625
623
625
625
625
628
627
627
632
632
633
634
633
638
637
635
638
641
639
639
641
645
646
645
648
648
650
652
649
653
650
651
654
653
656
656
656
658
662
660
665
665
663
666
664
669
671
670
672
672
672
672
675
674
675
680
678
681
683
684
681
681
684
683
688
688
690
687
