688
687
686
689
684
685
683
682
683
683
680
681
677
674
675
676
673
673
674
670
669
669
668
664
664
663
661
662
663
658
657
656
658
656
657
654
653
655
654
648
648
646
647
645
647
642
643
640
644
638
638
639
635
636
634
636
636
632
630
631
627
631
629
625
628
622
626
620
624
623
618
619
620
618
617
615
611
613
613
613
609
606
605
607
606
603
605
603
604
598
598
597
598
596
595
595
594
595
594
590
590
588
588
586
588
583
581
582
579
581
578
576
579
576
573
574
571
571
570
571
569
571
568
566
564
566
562
560
563
563
557
560
558
559
554
552
553
553
554
549
550
547
546
545
545
544
543
543
540
539
542
539
537
536
537
533
531
531
534
533
529
527
525
529
527
522
525
525
520
519
522
519
520
519
518
515
513
514
511
510
511
510
505
504
503
506
501
503
501
498
497
497
499
494
497
493
491
495
493
491
492
487
486
486
488
485
481
480
484
481
479
480
479
475
478
473
472
471
473
468
470
467
467
468
466
466
465
465
464
458
461
459
456
457
454
457
452
453
451
451
449
451
446
444
446
443
445
442
441
439
439
438
440
435
438
433
432
430
432
432
432
426
425
428
423
427
423
425
419
422
420
419
420
416
416
412
413
412
411
411
409
407
409
408
405
403
404
404
399
399
401
396
396
399
398
395
393
395
391
392
388
386
385
386
386
384
386
382
383
380
381
381
376
375
378
372
374
374
374
368
370
367
367
367
365
363
366
360
359
362
357
357
357
357
354
357
351
353
352
350
350
351
345
347
345
344
344
343
344
341
339
338
336
338
336
335
335
333
333
330
328
329
329
324
328
327
324
323
322
318
319
321
315
318
313
312
313
312
313
309
308
310
306
304
308
307
304
301
301
300
297
300
298
296
296
294
295
291
290
289
288
290
289
286
285
286
283
282
280
279
279
281
279
274
276
276
271
274
270
272
271
267
269
265
264
263
261
263
260
263
258
256
258
256
256
257
252
255
251
248
251
246
250
244
244
244
242
241
240
238
237
240
235
239
237
235
236
234
229
231
231
226
225
229
227
224
224
225
220
221
217
220
220
218
216
212
212
213
210
212
211
208
208
204
206
204
205
204
203
200
202
200
195
196
194
196
192
195
194
190
187
190
186
189
185
187
181
184
179
178
179
177
176
178
177
174
173
173
173
168
167
166
166
168
168
164
161
160
161
159
158
161
157
156
158
153
155
150
149
153
149
150
149
147
148
146
143
140
141
143
142
141
140
137
137
136
135
130
131
128
127
129
129
125
123
125
121
120
122
118
120
117
118
114
117
116
115
110
109
110
108
106
105
108
108
102
104
104
104
100
102
96
100
97
98
96
91
94
91
93
90
87
85
88
87
84
81
82
79
83
80
77
76
76
73
75
76
73
71
73
70
70
67
68
67
63
66
60
61
61
61
57
55
57
54
53
53
52
52
49
52
48
49
46
45
45
42
42
41
38
42
39
40
37
36
33
33
30
30
31
29
29
29
25
24
23
21
20
21
20
18
19
20
16
17
13
13
11
9
13
7
11
8
7
3
5
2
3
1
7
7
5
7
6
7
10
11
14
12
14
15
19
18
16
21
18
19
25
24
27
26
28
29
28
32
29
30
33
32
37
35
34
38
39
39
38
39
44
42
46
47
48
47
47
49
51
52
50
52
53
53
56
58
56
59
59
64
62
66
62
68
69
69
69
71
69
72
73
73
75
75
76
78
80
82
82
79
84
81
83
85
84
86
88
90
93
92
91
96
96
94
96
97
99
99
102
104
102
102
106
105
109
108
109
110
108
111
112
111
117
118
116
116
118
118
120
119
120
121
125
124
124
126
126
129
130
130
134
134
132
135
137
137
140
139
143
140
140
143
146
144
149
147
150
148
149
154
152
153
157
153
157
159
161
157
161
164
160
162
167
164
168
167
167
170
172
174
174
175
177
174
179
176
178
182
180
182
180
182
182
188
186
189
189
190
188
193
194
196
196
198
197
200
200
198
199
200
201
203
204
207
209
209
209
211
211
213
211
214
216
216
214
219
220
217
222
220
221
222
222
227
224
227
229
231
230
229
232
233
234
233
236
240
238
237
242
240
241
241
244
247
248
248
251
248
248
249
253
255
254
255
257
258
259
257
262
261
265
264
262
265
266
265
271
270
272
270
271
273
274
275
275
275
276
282
279
284
284
284
287
284
289
290
290
288
290
292
292
294
296
295
296
300
298
302
298
300
302
305
306
304
308
309
308
307
309
312
310
316
314
314
318
318
318
321
321
321
321
325
323
327
328
330
331
329
330
333
335
336
332
333
335
338
337
340
339
344
344
344
345
343
346
347
349
352
352
352
351
355
355
358
359
356
361
359
360
364
364
362
367
363
368
367
370
367
373
370
370
374
375
377
378
377
381
381
383
383
381
385
385
386
385
385
387
389
388
391
395
394
397
398
399
399
396
401
402
401
401
403
403
407
408
408
406
410
410
410
412
412
416
415
419
418
420
420
420
423
422
423
424
425
429
428
427
432
431
432
435
434
434
437
437
440
440
442
443
440
442
445
445
447
445
445
447
452
452
451
454
453
456
454
457
456
457
458
462
462
463
461
466
463
469
468
467
467
469
473
470
475
473
474
479
477
478
477
481
484
485
485
487
488
489
489
486
492
492
494
494
495
494
495
497
498
501
497
503
499
501
505
504
504
506
508
509
510
511
514
513
516
515
518
516
518
521
522
519
519
521
525
522
523
524
528
526
529
529
532
535
531
532
536
536
537
539
542
541
542
541
546
545
546
545
548
549
549
549
554
553
552
556
553
554
560
561
562
560
559
560
566
564
563
566
565
566
569
572
573
574
573
574
577
575
579
577
580
583
581
582
582
583
583
585
588
589
592
593
592
590
592
594
594
594
599
599
601
598
603
603
601
604
606
605
607
607
609
612
614
613
614
613
618
615
618
619
622
623
619
623
626
624
626
624
629
631
627
633
630
632
635
636
636
635
637
636
640
640
643
644
645
646
646
649
646
649
651
648
653
655
652
655
653
659
660
661
657
663
662
664
665
662
665
665
669
667
671
670
671
672
674
675
673
676
679
676
680
682
680
684
686
687
685
686
688
687
689
