690
688
686
684
688
686
681
680
679
680
682
680
680
674
678
672
673
673
671
672
667
669
668
664
663
664
664
660
661
663
660
656
656
654
657
657
656
652
650
650
648
649
650
648
643
645
645
643
640
639
642
638
636
636
635
632
633
635
634
632
630
629
628
626
626
626
622
625
623
618
622
619
616
619
616
616
615
611
612
613
610
609
610
607
603
603
605
603
601
600
602
597
599
595
594
597
591
592
589
590
588
590
586
585
583
583
586
584
581
578
578
579
576
576
575
573
575
571
571
573
569
569
569
566
568
566
561
560
564
561
562
556
555
556
556
555
551
552
550
548
549
549
545
545
547
545
544
542
540
539
541
536
538
539
536
534
532
534
531
531
530
528
527
527
526
527
522
521
521
519
518
518
520
515
518
513
515
511
510
511
512
509
507
504
504
503
502
500
501
500
501
498
497
497
493
494
491
492
492
493
489
488
487
485
485
485
482
480
482
482
477
480
477
474
473
473
472
470
471
473
471
470
470
468
466
463
466
461
459
462
458
458
458
454
453
452
456
450
450
451
450
449
445
446
444
444
445
445
441
438
442
441
438
436
433
436
434
435
434
429
430
430
427
427
423
424
426
425
421
420
417
420
415
417
414
417
412
413
409
410
409
409
407
404
408
402
406
405
401
402
399
401
397
399
397
396
392
390
392
393
390
389
385
387
386
385
381
383
379
379
379
377
376
376
377
376
374
372
372
370
369
366
367
366
368
362
365
362
364
359
358
359
359
359
355
353
351
353
349
352
350
347
345
346
348
345
343
345
341
339
338
338
339
338
335
332
331
330
330
331
330
327
327
325
325
323
321
321
324
318
318
319
316
315
315
315
316
313
309
310
311
310
309
306
308
305
302
304
304
303
300
300
299
296
296
296
292
290
292
292
287
288
288
288
286
284
285
285
281
280
280
278
276
274
274
276
273
271
269
268
268
270
266
267
265
263
266
263
259
262
260
257
260
254
255
252
256
255
251
252
247
248
248
246
243
247
245
240
243
240
240
241
235
237
236
232
231
230
232
230
229
230
225
226
225
222
222
222
221
218
221
220
218
216
215
216
214
210
213
211
209
207
205
205
208
205
201
202
204
198
200
199
195
194
196
192
193
190
190
191
191
186
187
186
188
182
184
184
180
180
177
179
178
176
175
175
171
174
170
172
171
167
170
164
167
167
162
160
160
159
161
160
156
156
157
154
154
151
154
152
150
151
149
149
146
144
144
143
144
139
137
136
138
135
133
135
134
132
129
133
130
128
130
124
126
124
124
121
122
118
118
121
115
116
117
112
114
114
109
108
108
109
108
107
103
104
102
102
99
98
98
100
97
96
96
97
94
93
92
89
87
88
89
84
86
82
84
80
80
80
80
78
75
79
75
75
76
74
71
69
68
69
66
66
68
64
61
63
64
59
62
56
60
59
56
53
51
52
50
49
49
50
48
49
43
45
42
41
39
41
39
37
35
38
34
34
35
33
31
28
30
28
27
25
28
26
23
25
19
21
19
18
17
18
13
17
16
10
12
8
7
7
7
9
3
2
5
2
2
7
4
8
9
9
7
10
10
12
13
17
15
18
15
16
19
23
22
21
26
26
24
28
29
29
31
32
31
32
32
33
34
34
35
38
40
41
44
40
44
43
45
48
47
50
47
49
52
50
55
56
54
56
57
60
60
63
62
63
63
65
67
65
66
70
70
69
73
75
72
72
73
74
76
77
79
82
79
81
86
85
87
89
85
88
92
92
92
91
93
93
98
99
95
97
102
100
99
100
106
104
103
107
105
106
108
110
112
110
113
115
117
119
116
121
122
119
122
122
122
126
125
129
127
126
128
133
130
131
135
133
133
137
139
138
137
140
141
144
142
147
147
149
150
147
148
148
150
151
151
155
153
159
157
157
160
161
160
163
162
162
165
166
168
168
169
172
171
174
176
173
178
177
178
176
179
180
179
180
181
186
183
186
185
188
189
189
194
191
191
195
194
194
195
201
197
199
201
204
204
203
207
207
207
208
211
210
214
210
215
217
216
214
220
221
222
221
220
221
224
222
227
224
230
231
228
232
233
234
234
236
238
237
240
236
241
239
242
245
243
243
243
248
247
248
252
252
251
254
256
252
256
257
260
256
258
261
260
264
262
263
266
265
268
266
269
268
273
270
271
272
273
279
278
281
282
280
283
284
282
282
287
287
290
286
288
290
289
293
293
294
295
298
295
297
299
299
303
305
301
307
303
305
308
311
309
308
314
314
314
315
316
314
317
316
322
318
324
321
325
324
326
324
325
328
330
330
329
335
334
337
335
336
336
341
338
339
339
345
344
342
345
345
347
351
352
348
349
352
356
352
353
359
358
359
362
363
363
360
366
365
363
364
368
366
370
371
372
372
372
373
378
374
380
380
382
381
382
385
383
387
387
388
387
388
391
390
389
390
395
397
396
395
397
397
400
399
401
404
401
405
407
406
408
408
410
408
413
410
414
414
415
415
418
417
419
421
421
423
422
425
428
429
429
429
430
430
431
431
434
432
436
439
438
436
442
438
439
440
441
444
447
445
445
447
451
450
449
451
455
452
458
456
456
461
462
463
464
465
461
466
464
469
468
467
471
471
470
472
473
475
477
477
479
478
480
482
482
485
485
482
484
487
489
490
492
489
493
490
494
492
495
495
500
498
498
500
502
500
502
504
504
505
505
509
511
509
511
515
515
513
516
517
519
521
520
518
519
521
525
524
524
527
530
530
528
528
529
533
531
536
537
535
538
540
539
538
543
544
545
545
546
548
549
547
549
552
550
553
552
552
555
558
556
560
557
558
560
563
564
562
567
566
569
571
571
571
570
575
575
575
573
576
578
581
577
581
580
584
583
587
586
587
590
586
588
593
594
592
591
592
596
598
595
601
597
601
602
604
602
605
606
605
607
610
609
610
610
614
615
613
613
616
620
620
617
623
623
621
624
624
624
625
629
629
631
631
630
634
635
632
636
639
637
640
638
642
640
640
643
646
647
647
647
651
649
648
650
652
655
656
655
659
656
657
657
658
661
662
664
665
663
668
666
670
670
670
671
672
672
673
675
675
679
678
680
683
682
685
684
687
683
685
685
690
689
