691
686
690
687
685
685
684
685
680
678
679
680
676
677
673
672
675
671
669
668
672
671
665
669
666
665
666
663
664
658
659
657
658
659
654
657
651
653
651
653
647
648
650
645
648
644
641
643
640
640
637
636
636
635
633
636
634
635
633
630
629
627
630
626
623
622
623
622
621
621
621
618
620
615
613
615
616
611
609
612
611
606
607
607
605
605
602
605
600
601
600
598
597
596
596
597
593
593
591
591
587
590
590
588
583
587
585
581
584
580
580
581
577
577
575
572
572
574
570
570
572
568
567
566
563
565
564
564
563
560
558
560
560
554
554
555
553
552
553
549
552
546
548
547
548
544
546
545
540
539
540
536
539
539
538
533
533
533
530
531
532
529
525
524
524
524
522
523
523
522
517
516
517
515
515
512
516
514
510
509
509
509
510
504
504
507
506
503
503
498
497
501
495
495
498
494
491
493
490
488
488
488
488
486
483
484
481
480
482
482
477
479
480
474
476
473
473
470
471
470
470
466
469
468
466
466
463
461
459
461
457
458
460
458
458
454
451
455
449
452
448
446
448
447
446
447
443
444
442
442
442
441
435
437
434
432
431
435
431
430
429
426
426
425
425
423
426
425
420
419
421
417
420
417
415
414
411
411
414
410
411
408
406
404
405
403
404
404
401
400
402
398
395
399
396
392
395
391
391
388
392
388
390
389
387
385
384
383
380
380
378
380
380
375
374
376
374
370
371
371
371
366
368
368
368
363
361
363
361
362
361
359
358
354
355
352
351
351
354
353
349
351
348
344
343
346
343
345
343
341
340
336
339
338
336
333
333
331
332
329
328
331
326
326
327
322
323
325
322
321
317
319
315
318
315
317
314
314
309
313
308
307
307
309
307
303
306
300
301
298
301
298
300
297
296
292
294
295
289
288
289
287
286
289
287
285
282
283
280
281
282
280
280
279
274
275
272
272
270
270
268
266
265
268
264
263
265
265
259
260
257
261
257
254
257
257
254
252
253
253
249
248
246
245
243
245
243
242
242
238
238
237
236
234
233
232
236
235
231
230
229
227
229
226
227
225
222
223
223
218
220
221
215
218
215
217
214
211
214
208
210
209
208
206
205
206
201
201
201
200
198
200
196
198
193
197
195
193
190
189
189
186
190
185
184
186
185
185
182
181
181
178
175
176
176
174
176
170
171
171
168
171
165
164
168
166
166
163
160
159
160
160
159
154
155
156
155
153
151
149
152
151
149
145
144
146
142
144
141
138
137
138
137
137
138
135
134
135
129
131
130
126
130
126
126
124
121
122
124
118
117
118
115
115
118
116
112
115
112
110
109
106
105
104
103
103
101
100
103
99
100
96
96
95
95
96
93
90
89
93
90
88
89
88
85
84
81
83
80
82
81
80
75
79
75
72
75
73
70
71
67
71
68
68
68
63
65
65
64
58
61
60
55
54
55
53
53
51
53
49
48
47
49
44
44
46
41
42
42
42
40
38
40
38
38
33
31
31
32
28
32
27
25
24
26
23
21
20
21
19
19
18
15
14
14
17
13
14
13
9
8
8
7
5
4
5
2
2
2
6
8
9
8
6
7
8
14
10
13
13
17
14
17
20
22
18
23
21
26
25
27
29
25
30
31
29
34
33
35
32
37
35
38
40
39
40
40
42
41
47
46
46
50
50
51
52
53
54
54
56
54
56
60
61
61
58
60
61
65
62
66
66
65
67
70
73
70
72
71
77
73
78
78
76
81
80
83
84
81
85
86
85
85
88
90
90
89
91
96
97
93
98
98
97
98
98
104
103
104
104
104
107
105
106
109
113
113
113
111
117
117
118
116
116
118
121
123
124
125
126
126
128
125
128
128
132
130
133
136
134
134
135
136
138
139
139
143
140
144
145
147
144
147
146
150
150
152
154
156
157
156
159
159
159
158
162
160
163
166
162
165
164
166
166
170
172
169
171
171
177
173
179
178
181
177
183
179
185
182
182
188
185
186
189
190
191
192
193
193
193
197
194
196
197
198
199
203
203
201
207
204
207
209
210
211
211
209
211
212
215
214
217
218
218
219
221
222
222
226
222
224
229
228
229
231
233
234
235
232
235
233
237
238
241
237
241
244
244
244
244
246
245
247
249
247
249
254
253
254
254
254
258
260
259
262
262
261
261
265
265
266
268
269
269
272
272
269
272
272
277
277
279
278
281
279
280
281
283
284
284
286
287
289
287
287
289
289
294
293
295
295
299
296
301
297
300
303
301
305
307
303
305
309
306
307
312
310
313
311
316
317
319
315
321
319
323
322
322
323
327
325
329
327
329
330
328
329
331
334
335
334
336
338
341
341
338
344
341
346
343
344
346
347
351
350
352
351
351
356
352
353
355
357
358
358
358
361
362
364
365
366
366
370
369
369
373
373
375
372
377
374
375
378
377
382
383
382
380
383
384
385
384
386
390
390
391
391
394
394
396
395
397
399
399
401
400
400
400
406
405
408
409
405
410
411
412
409
414
415
415
418
419
420
420
418
422
421
423
422
422
425
424
430
431
428
430
431
435
431
432
437
437
439
436
439
440
439
440
445
447
444
447
449
451
448
452
452
451
452
457
458
459
459
460
462
459
460
461
465
464
466
468
465
468
468
470
474
471
473
476
475
477
479
479
479
481
484
484
483
484
488
489
488
490
492
493
491
492
492
495
495
495
497
499
501
503
504
503
502
503
508
505
506
511
509
509
513
514
513
513
514
519
520
521
522
521
520
524
524
527
523
528
526
527
527
529
529
531
532
534
537
536
535
536
541
542
544
542
544
543
547
548
550
547
548
548
553
555
552
554
554
555
560
561
557
563
559
563
562
564
563
564
568
571
568
571
572
573
572
574
576
579
579
579
581
578
584
580
586
587
584
587
589
590
591
591
592
592
595
595
598
599
598
599
602
602
600
603
603
605
608
604
610
608
608
611
614
612
612
615
613
617
616
621
619
621
622
624
625
626
625
628
630
628
629
628
629
631
631
637
633
634
636
640
637
638
641
642
645
647
643
644
647
646
649
648
654
651
656
656
655
656
656
661
661
661
664
661
664
663
668
669
669
667
667
671
670
673
674
675
674
679
678
678
681
678
681
685
686
684
684
687
685
688
688
