687
686
686
685
684
684
685
681
679
679
678
681
680
675
676
676
671
670
670
668
668
667
666
668
667
666
664
664
662
659
661
658
659
659
654
654
651
653
654
651
651
649
646
645
644
647
645
645
644
640
639
638
638
635
635
632
632
632
630
633
628
631
630
628
627
627
624
624
623
623
617
617
615
618
616
612
616
611
610
613
608
608
607
605
603
602
605
604
600
602
597
599
600
595
598
592
594
594
590
590
590
589
590
589
584
583
584
580
579
578
582
578
577
574
578
572
573
574
572
569
572
566
570
565
565
566
563
562
564
559
562
558
557
554
558
553
551
555
549
548
552
546
545
549
543
547
546
542
539
542
537
538
536
536
537
537
533
534
533
533
530
530
527
526
525
524
523
521
523
523
521
516
518
517
517
512
516
512
509
509
512
506
505
509
504
505
501
500
499
499
502
498
497
495
495
494
492
494
494
492
489
488
488
486
487
485
484
485
479
479
481
476
477
475
476
477
472
474
472
470
472
467
469
465
463
466
463
461
463
458
460
460
456
458
458
454
451
452
453
448
452
446
446
448
448
446
441
441
440
443
439
437
436
438
436
434
434
432
429
429
431
426
427
427
427
426
421
423
419
421
417
418
417
414
416
412
415
413
412
412
408
409
407
406
407
403
405
404
400
402
400
398
396
396
396
393
394
392
394
391
389
387
390
388
385
386
385
382
384
378
377
377
375
379
374
374
375
370
372
372
368
367
368
366
363
364
364
361
362
363
360
359
360
359
356
354
354
351
349
353
350
346
346
347
347
347
341
342
342
342
340
336
337
338
336
335
335
333
329
332
329
327
328
324
328
324
324
320
321
321
319
318
316
315
317
317
315
315
311
310
312
310
305
306
305
303
302
300
303
301
299
300
296
294
298
292
294
291
289
291
292
287
287
284
288
283
282
284
283
279
277
278
279
278
276
275
271
270
273
268
269
266
269
269
263
267
265
263
261
261
258
259
257
254
255
256
253
250
253
253
248
251
248
247
243
247
245
241
242
238
242
236
237
238
233
232
236
234
234
230
229
231
226
227
227
223
226
223
221
222
217
221
216
216
215
217
216
214
209
213
210
209
209
204
208
206
206
205
203
200
198
201
199
194
198
196
191
195
190
192
192
187
188
188
184
182
186
185
182
183
180
179
177
175
177
174
171
171
171
172
169
171
169
164
166
167
163
160
163
161
159
156
155
158
153
152
153
154
152
150
151
146
149
145
143
144
141
144
141
139
140
137
135
134
136
136
135
131
132
128
128
131
129
125
126
124
122
124
123
118
118
116
116
119
117
113
113
112
109
113
111
107
109
104
107
103
105
103
103
103
102
99
99
99
98
94
91
90
90
92
91
90
85
88
88
86
81
82
81
78
81
81
75
78
77
75
74
74
72
70
71
66
67
68
68
63
62
61
61
60
62
57
58
54
53
52
51
55
49
48
51
47
46
47
43
44
43
43
43
40
37
38
35
37
34
36
33
30
32
28
30
30
25
29
25
24
21
25
21
21
22
20
20
17
16
13
12
15
13
9
11
6
5
4
4
7
1
1
4
3
7
8
8
7
12
12
13
13
15
15
14
18
20
17
19
20
23
20
26
23
23
28
27
28
28
28
31
35
31
32
33
37
35
37
38
42
39
45
42
45
44
45
46
48
52
49
52
55
54
53
58
54
56
60
61
61
61
61
61
65
64
68
67
67
69
71
71
73
73
73
78
78
75
78
81
82
82
83
85
85
83
86
85
86
91
90
92
91
93
92
98
98
99
101
102
100
104
102
103
102
106
107
106
108
108
109
112
115
115
114
118
115
120
120
121
119
123
124
123
122
127
128
128
130
128
133
133
133
135
135
136
139
136
136
137
143
142
141
146
143
143
149
147
148
147
151
153
151
151
156
154
157
159
160
161
162
159
164
165
166
165
164
170
168
169
173
173
170
176
176
175
177
177
178
177
179
181
183
181
184
187
188
186
191
190
192
189
192
195
196
193
196
195
197
197
201
203
203
205
205
203
207
206
208
209
210
211
210
212
215
218
217
218
216
222
219
222
222
222
224
226
225
228
231
231
230
234
235
235
234
234
238
240
241
242
242
242
241
241
244
245
244
247
248
248
248
251
253
255
253
256
258
255
256
260
258
259
261
262
263
263
265
266
268
270
271
272
275
273
272
276
276
275
279
279
283
281
280
284
284
283
284
290
286
292
293
291
292
294
297
296
295
296
301
301
301
299
300
305
306
305
305
307
308
312
309
313
310
313
317
318
315
317
317
320
322
321
323
322
322
328
329
327
329
330
328
334
330
332
332
333
339
339
341
341
342
341
340
346
347
343
348
347
351
351
353
350
351
351
357
354
355
360
356
360
363
361
365
363
364
368
367
365
370
369
371
369
375
372
376
375
377
380
380
382
378
380
385
386
384
383
384
386
389
389
388
391
393
392
392
396
397
399
397
398
400
403
401
404
406
403
404
409
406
407
411
409
411
412
417
413
417
418
416
419
420
421
425
422
422
427
425
428
431
430
428
429
431
436
437
436
438
438
440
437
439
444
443
444
447
447
445
448
447
452
451
449
455
451
452
456
457
457
458
459
462
464
460
461
465
464
467
465
471
468
470
469
471
476
475
473
478
478
476
479
479
482
481
482
487
483
486
489
487
491
493
493
494
495
497
498
499
498
498
497
503
504
502
502
502
507
509
508
507
512
513
512
514
516
512
513
517
515
516
520
518
521
521
526
526
525
526
526
528
532
531
532
535
535
535
536
534
537
538
539
540
539
540
545
544
545
547
549
546
550
551
553
550
554
557
555
558
560
560
560
559
559
561
563
566
568
569
569
569
570
571
573
575
572
573
575
578
575
581
582
581
584
583
586
584
584
589
590
589
587
593
594
591
595
593
595
595
598
600
601
603
604
604
602
605
603
607
607
610
612
609
611
611
615
615
616
616
619
620
622
623
621
621
621
627
628
625
629
627
628
630
633
633
632
634
633
634
635
640
638
641
641
644
644
644
645
646
648
650
649
653
650
654
652
654
653
657
657
657
659
662
663
664
662
665
665
664
668
667
667
668
672
671
673
675
676
677
677
680
681
679
683
684
682
687
684
684
690
691
690
