690
688
688
687
687
686
683
681
683
680
678
679
676
678
673
672
671
675
669
670
667
666
665
668
665
666
665
664
662
662
658
660
658
659
655
654
652
651
651
648
651
648
649
644
643
642
642
643
641
642
638
638
638
639
634
632
632
631
634
631
632
627
626
629
623
625
623
625
619
620
621
621
617
619
616
613
613
610
612
610
609
608
605
607
603
605
601
602
600
600
601
597
596
594
598
594
591
594
592
591
591
587
587
586
586
582
581
585
581
581
582
579
579
577
575
574
572
572
571
572
570
570
570
564
563
566
562
562
564
560
562
557
556
555
553
555
555
554
553
552
547
549
550
548
547
544
544
544
544
539
541
540
536
535
535
537
536
535
530
531
530
526
529
526
528
525
523
521
523
523
521
516
515
515
517
517
513
515
510
509
507
506
510
509
508
507
503
501
501
498
500
499
496
494
494
497
494
494
493
493
490
489
489
485
485
486
482
485
482
479
480
481
476
476
476
474
476
475
469
468
470
469
465
466
464
464
464
461
462
458
459
458
458
454
456
452
456
450
449
450
449
447
448
449
446
444
441
441
443
443
439
440
440
437
437
432
435
433
431
430
432
427
427
426
428
427
425
422
424
418
418
421
416
416
418
412
412
415
409
412
412
406
409
409
403
407
403
402
401
401
399
397
395
394
398
394
393
395
390
389
390
390
388
389
384
386
385
385
382
379
378
378
375
378
377
377
375
375
370
371
369
369
370
367
364
367
362
361
361
358
359
361
356
357
354
357
353
351
353
351
349
347
350
345
345
345
343
343
343
338
339
338
336
339
337
334
332
334
333
330
327
326
327
327
328
324
322
321
322
319
319
318
318
316
313
312
313
312
313
309
308
308
306
306
305
306
303
304
302
300
298
296
296
298
295
296
292
293
291
293
291
288
285
288
287
283
286
285
280
278
281
281
278
277
278
277
275
271
273
269
272
271
266
264
265
263
261
263
259
263
257
258
258
255
258
255
256
250
249
249
248
247
248
248
243
247
243
244
239
240
239
237
238
234
236
235
231
233
229
233
228
228
227
225
226
226
225
224
219
223
219
220
215
214
215
217
215
212
212
211
210
207
209
206
204
207
202
201
200
198
201
199
197
197
198
196
195
193
192
190
188
189
190
189
184
182
183
184
183
182
179
178
180
176
178
172
173
174
171
171
172
170
169
168
167
166
163
164
160
163
160
161
157
156
154
157
152
152
149
148
151
151
145
148
145
144
146
144
141
138
140
141
137
137
133
135
136
131
130
130
127
126
130
128
123
125
122
121
122
118
122
117
117
114
118
116
111
112
113
113
109
111
109
108
104
103
104
102
104
99
98
97
100
94
98
94
94
90
92
93
87
87
87
89
84
85
84
84
80
78
78
81
77
77
73
76
71
71
70
71
70
68
66
69
66
62
64
63
61
58
60
57
58
58
56
54
55
50
51
51
49
47
47
49
47
45
42
40
44
43
42
41
37
37
37
37
31
33
33
28
28
27
25
29
24
24
23
24
22
23
22
18
20
15
13
15
14
10
13
9
7
10
10
7
7
2
5
0
5
7
6
5
6
8
9
9
13
13
16
12
14
19
18
20
18
19
21
21
22
26
26
29
30
28
30
29
31
35
33
36
35
35
38
40
38
39
40
44
44
47
46
49
48
46
51
53
51
51
56
56
56
58
60
58
61
62
62
60
63
62
63
66
70
66
69
73
74
70
71
73
74
76
76
76
79
81
83
82
85
87
88
88
90
91
92
90
92
93
91
97
94
98
99
98
99
98
99
105
105
105
106
104
106
106
108
110
110
113
115
117
115
114
116
120
118
118
123
121
123
125
125
126
128
128
128
132
134
132
136
137
137
138
135
136
139
139
144
140
146
142
147
147
148
149
150
151
154
154
156
156
158
158
157
157
157
158
161
163
166
163
164
164
167
166
169
171
172
172
171
172
173
178
179
179
178
180
179
185
184
183
185
188
186
188
187
191
194
195
191
194
198
194
197
200
201
200
203
200
205
205
205
205
205
211
209
212
214
210
212
214
218
216
218
219
221
222
224
223
225
222
228
228
225
227
230
230
232
230
235
237
237
238
238
238
242
239
242
244
245
245
245
249
248
251
249
250
252
252
253
253
253
256
259
256
258
259
262
264
264
265
265
266
266
266
272
272
274
274
272
276
276
275
280
278
282
278
282
281
286
282
283
286
287
286
287
290
289
291
294
292
298
299
298
298
302
301
303
304
303
307
305
308
306
307
308
312
310
315
316
313
316
319
320
317
318
321
324
322
325
325
326
326
330
331
332
328
330
332
333
334
334
337
340
337
342
342
341
344
341
342
343
347
345
348
349
350
354
355
352
353
357
355
358
360
362
362
362
364
361
367
365
365
367
370
369
371
373
372
374
373
378
378
378
377
379
383
379
383
384
387
383
387
386
391
387
391
392
393
393
397
394
398
399
399
401
398
402
400
401
402
406
409
405
409
411
410
410
414
415
415
414
414
420
417
422
418
420
425
424
423
428
426
430
427
429
428
434
430
436
433
434
435
439
437
440
440
443
445
442
447
443
446
449
449
451
448
452
451
454
455
458
455
455
458
457
462
464
460
461
463
467
465
465
466
470
470
471
474
474
473
476
475
475
478
480
478
482
484
485
483
485
485
485
491
488
489
490
492
491
495
496
496
496
496
502
500
500
504
503
503
504
506
509
510
509
512
513
515
513
513
517
514
519
519
520
521
522
525
523
522
525
527
529
529
529
529
534
531
531
536
538
536
538
539
540
540
543
540
545
543
546
545
547
546
552
548
552
551
554
553
555
556
556
557
560
562
560
565
563
562
564
567
568
571
567
570
569
572
573
574
574
578
577
578
579
581
584
583
582
584
588
586
589
587
592
589
592
593
591
597
596
594
599
597
598
599
601
605
601
606
603
609
610
607
608
610
610
611
613
614
618
619
618
620
617
622
619
625
621
622
623
624
626
631
632
633
629
630
633
635
636
639
640
636
638
643
639
642
645
646
648
644
649
648
652
652
652
651
651
652
656
658
656
661
661
661
661
662
666
664
667
665
670
667
671
669
669
670
674
673
676
677
676
676
679
681
680
684
685
684
687
689
688
690
690
