687
686
688
684
686
686
684
683
683
683
682
680
677
675
674
677
672
672
670
671
669
667
666
664
663
662
661
663
660
662
658
658
660
655
653
654
654
655
653
652
650
647
647
645
648
642
644
640
642
640
641
640
640
635
637
635
633
631
631
630
627
631
630
629
625
623
623
621
619
620
618
619
620
616
613
612
616
615
614
609
612
610
607
609
608
602
605
604
601
600
600
600
598
595
598
596
594
590
590
588
587
591
586
588
584
585
584
580
583
581
580
581
580
575
573
574
574
571
569
570
568
570
570
564
566
565
561
564
564
562
561
556
560
557
557
554
555
551
552
548
551
551
549
545
548
545
545
540
541
542
537
540
539
538
537
535
536
532
529
530
532
529
528
528
525
525
525
523
520
522
522
519
519
518
518
515
513
511
514
512
509
509
510
505
506
502
506
505
500
498
497
500
500
496
494
495
493
491
492
491
490
488
486
484
487
483
485
482
481
479
479
479
479
477
477
476
476
473
471
473
468
471
466
465
464
466
462
464
459
462
457
458
455
456
455
453
455
453
451
449
450
451
448
445
443
447
442
443
439
439
437
440
438
434
434
436
435
432
432
428
428
431
427
428
427
423
421
424
422
423
419
418
420
414
416
416
411
415
414
410
409
408
409
408
404
402
402
404
404
400
398
399
396
395
397
395
392
395
390
389
392
388
389
385
388
384
384
382
380
382
377
376
375
379
376
375
375
370
369
370
369
371
366
365
368
366
361
364
363
360
361
356
359
357
355
357
351
352
352
353
352
347
347
345
347
342
345
343
344
342
338
341
339
336
337
334
331
335
329
333
329
330
329
328
328
323
326
322
319
318
322
317
315
319
316
312
314
313
311
311
310
308
306
307
306
306
303
304
299
298
302
297
299
297
294
296
295
292
289
291
291
287
287
288
287
284
283
282
284
280
280
279
275
279
277
272
275
275
272
270
272
271
267
265
265
263
265
260
261
260
259
258
257
257
258
255
256
254
254
251
250
249
245
247
248
246
242
241
240
243
241
241
235
234
234
235
235
232
233
232
231
229
226
229
226
226
222
220
224
221
217
216
219
216
213
214
211
213
210
210
211
208
207
205
208
207
202
201
199
201
201
198
195
198
195
197
194
190
192
190
192
191
190
188
188
187
181
183
180
179
177
179
179
174
175
174
172
174
174
171
171
171
170
169
165
165
164
163
164
158
158
159
159
156
155
154
156
150
149
152
148
147
146
145
146
145
145
141
140
142
138
141
136
139
135
132
136
130
133
128
127
128
130
125
123
126
123
122
124
120
119
117
115
114
113
116
116
113
111
112
107
110
106
108
103
103
106
100
104
103
98
99
100
94
98
92
96
93
90
89
87
86
85
89
85
84
84
85
84
79
81
76
79
74
75
77
71
72
69
73
69
69
69
68
64
67
66
63
61
63
57
58
59
55
57
57
53
53
50
49
51
48
45
48
45
47
42
41
44
39
39
38
40
37
38
34
36
35
33
33
27
28
28
27
28
23
26
23
19
21
20
18
20
14
14
13
16
11
13
10
10
7
6
6
4
4
1
5
3
4
6
8
7
10
10
13
13
14
14
16
15
16
16
18
18
18
22
23
26
26
28
27
25
26
27
31
32
34
31
33
35
37
38
39
38
42
43
44
46
42
47
46
46
48
51
48
53
50
55
54
58
54
55
59
59
61
64
64
64
67
63
66
65
70
72
73
71
73
73
75
76
77
77
77
81
83
80
84
82
86
86
89
89
88
91
92
94
93
91
96
95
98
95
101
99
101
104
104
101
104
107
107
107
108
110
110
111
112
115
116
116
115
116
117
120
118
122
123
124
126
128
129
128
131
128
128
134
134
132
133
133
137
137
141
142
143
142
145
144
147
148
149
148
149
151
153
154
152
155
152
154
156
157
159
160
159
160
165
161
163
166
165
170
170
170
169
171
171
174
174
173
178
180
178
179
178
179
184
186
184
187
184
189
187
191
189
193
191
196
193
196
197
198
196
199
203
202
203
204
205
208
205
206
207
208
212
214
214
211
214
217
219
216
220
219
218
222
223
222
226
226
226
228
231
227
231
232
234
236
234
235
234
237
241
238
239
243
241
244
242
248
249
247
248
248
248
249
253
255
254
255
254
255
260
260
263
261
261
264
264
264
269
265
271
268
269
274
272
273
274
275
276
275
281
281
281
280
281
283
284
287
285
285
287
287
289
289
292
292
296
294
298
299
301
298
300
304
300
304
306
304
304
310
309
309
311
312
312
311
317
313
319
318
321
320
318
319
325
323
322
323
324
330
327
331
328
330
335
334
337
335
335
336
341
338
343
340
341
343
343
344
344
349
351
350
351
354
351
356
355
354
354
355
360
360
358
361
360
363
366
366
365
370
366
370
370
373
370
375
377
378
375
377
380
377
378
384
385
383
384
383
386
389
387
390
389
389
390
391
394
397
398
398
401
397
401
400
402
405
403
408
405
406
411
410
411
412
412
411
413
414
418
418
416
417
421
423
423
426
424
424
427
427
431
431
432
430
435
431
432
437
439
436
440
437
439
443
441
442
443
444
447
449
451
448
452
454
451
453
456
456
459
458
460
458
460
463
465
463
462
466
467
465
470
467
469
471
471
476
473
473
477
478
476
478
482
479
481
485
485
483
485
488
487
487
492
490
495
494
493
496
495
496
501
497
499
500
503
505
502
506
506
509
506
512
509
514
514
511
514
518
518
517
516
522
520
520
522
522
526
524
528
528
529
531
533
533
531
533
535
533
534
539
541
538
539
542
543
541
547
546
546
546
549
552
550
549
551
555
553
558
559
555
560
557
561
559
564
566
565
567
569
568
569
570
568
571
573
575
572
573
574
580
576
579
582
580
582
585
585
586
586
588
587
591
588
592
590
591
597
595
594
600
599
602
602
601
604
603
605
604
609
609
607
608
609
614
615
614
614
616
614
620
617
622
620
624
622
625
626
628
628
626
629
628
630
633
630
632
636
638
635
638
636
639
639
640
641
645
643
643
647
649
646
651
653
654
652
654
657
657
658
659
660
660
660
664
663
661
663
668
666
669
667
669
671
671
674
675
673
677
675
678
680
682
683
684
683
685
683
688
688
686
688
691
