0
3
7
8
6
7
7
8
11
12
12
14
17
18
16
20
21
21
22
23
23
21
25
24
24
28
31
27
32
34
31
36
37
33
38
38
40
40
43
44
44
43
46
47
47
46
48
50
51
52
53
54
54
53
54
56
56
57
58
63
61
63
62
67
68
70
68
67
69
71
75
73
76
77
79
75
78
78
79
79
80
85
86
85
86
85
90
87
90
94
91
91
95
97
98
96
96
101
103
102
103
103
107
107
105
107
111
111
113
114
113
114
115
117
115
115
120
118
121
120
123
123
123
126
128
128
127
128
130
129
133
134
135
136
139
136
141
138
141
140
140
146
145
148
148
145
150
148
152
150
152
151
154
155
158
157
160
159
159
163
160
166
165
163
164
169
166
169
170
171
171
172
177
174
179
177
176
181
179
182
181
185
182
183
187
190
187
192
190
193
193
193
195
194
199
200
197
200
198
199
200
206
205
204
206
208
207
211
212
209
212
214
213
218
219
215
221
218
218
224
224
222
222
226
224
227
231
227
231
231
232
236
232
238
235
236
240
239
240
241
244
241
246
247
244
248
246
247
248
251
250
251
257
254
255
260
259
261
258
263
265
265
264
268
267
266
266
268
272
272
275
272
276
275
276
279
281
279
280
284
281
283
282
287
286
286
291
287
289
290
292
295
292
296
294
298
297
299
300
304
300
301
306
308
305
307
311
309
312
312
313
316
314
317
316
319
317
322
322
322
323
323
322
327
325
327
326
328
333
330
335
335
335
335
337
338
336
341
341
342
343
341
346
345
348
345
347
352
350
353
354
352
354
358
359
360
360
360
359
361
360
361
363
366
368
370
369
367
370
372
372
375
374
374
378
379
381
379
381
379
384
384
383
383
386
388
387
388
393
393
390
393
392
395
395
398
401
400
401
400
403
405
404
407
409
406
411
408
409
414
413
413
414
417
414
419
421
421
420
422
420
426
426
426
427
426
428
429
433
431
432
433
433
436
438
437
437
440
440
444
445
444
447
443
445
446
447
449
452
453
453
456
455
456
456
460
458
459
458
463
461
461
464
466
467
470
467
469
472
472
472
473
473
474
474
480
477
481
482
480
480
482
483
488
488
488
490
490
493
494
494
494
497
495
494
498
501
502
503
501
503
506
503
508
505
509
511
507
512
509
513
513
515
516
519
519
516
521
522
520
520
526
526
527
528
528
526
529
528
529
532
536
537
535
536
537
536
539
541
540
544
542
543
544
547
550
551
552
553
550
553
555
553
558
558
560
556
558
558
560
560
566
566
564
566
569
566
571
571
570
574
573
575
578
579
579
580
580
581
583
581
586
586
584
586
585
586
591
591
593
593
592
597
596
598
595
598
598
598
603
601
603
607
608
607
608
607
612
610
609
614
614
616
618
619
619
621
619
620
622
625
624
623
624
625
626
628
629
629
634
635
636
632
635
637
637
637
637
638
640
641
644
647
648
649
646
646
648
649
654
653
655
654
654
657
658
657
661
661
661
665
664
663
666
667
670
671
669
671
673
673
671
674
673
677
680
676
678
683
683
680
682
686
688
688
687
687
689
689
693
692
691
694
693
698
700
699
701
700
702
700
703
707
708
708
709
708
711
712
714
714
712
714
716
715
717
716
717
719
721
720
723
727
726
726
727
730
731
733
731
734
735
734
737
738
739
736
738
738
739
741
744
747
743
747
745
751
749
753
752
