2
6
2
8
9
7
8
12
12
13
11
16
12
13
17
20
19
19
22
20
20
22
23
24
24
29
26
30
29
29
32
31
35
37
35
38
36
39
41
44
41
43
47
47
46
50
47
47
51
54
53
51
56
57
59
55
56
59
63
59
61
64
66
67
69
70
69
71
72
69
73
75
76
77
75
79
79
79
83
80
84
81
86
84
88
90
90
92
89
92
93
93
97
96
96
97
96
99
103
101
104
101
103
103
105
105
108
112
108
111
110
112
115
117
117
118
119
119
123
123
125
121
127
124
127
128
129
127
131
132
131
135
133
133
137
135
137
142
142
142
143
141
146
147
149
150
147
151
152
150
153
153
157
157
154
157
157
158
160
163
163
162
166
165
166
169
166
168
170
169
175
175
175
174
174
179
180
182
178
184
183
183
185
184
185
190
191
187
190
194
193
194
194
198
197
198
199
199
201
202
204
201
206
206
205
209
211
211
212
209
211
212
217
215
214
218
221
217
221
223
221
224
225
223
228
225
229
229
232
231
232
234
232
237
236
239
241
242
243
239
244
243
244
246
249
245
251
247
252
251
253
253
252
256
259
255
256
261
262
260
264
266
262
264
269
269
271
267
268
269
270
271
272
273
278
275
281
281
282
280
280
286
284
285
284
285
288
288
288
292
291
292
297
293
297
297
299
300
302
303
303
301
303
305
305
306
306
309
309
309
314
313
316
313
314
318
316
321
320
324
325
324
326
325
324
328
328
328
329
334
330
331
335
338
334
340
336
337
343
339
344
343
345
348
347
347
351
351
348
351
350
355
356
357
357
359
358
360
359
362
362
361
367
366
364
367
366
370
368
372
371
375
377
378
375
375
380
378
378
382
383
386
382
386
389
389
391
388
391
391
395
396
394
393
396
396
400
399
401
402
402
405
402
405
408
405
410
408
408
412
414
414
413
417
419
418
420
417
423
421
422
423
423
426
424
425
430
427
430
434
432
431
435
436
436
436
440
442
440
444
442
442
445
445
445
450
451
452
448
452
450
456
453
456
458
456
458
462
459
461
460
462
462
465
467
466
468
470
468
470
471
472
472
473
476
476
481
479
483
480
483
483
482
485
487
488
488
492
488
494
491
493
497
498
495
497
497
498
501
499
500
502
503
508
507
510
507
509
509
511
513
514
515
518
516
516
520
518
522
520
524
525
523
523
524
530
528
531
530
529
533
532
536
535
535
539
536
540
541
540
545
541
545
544
545
547
549
550
550
554
550
555
557
555
554
557
558
557
561
559
561
564
562
565
568
570
567
571
569
570
570
571
572
577
578
578
577
581
583
584
580
586
587
587
584
590
591
588
588
594
594
592
593
594
598
599
600
602
598
603
601
602
607
603
604
610
610
608
609
610
615
613
613
613
616
620
620
618
618
621
622
626
627
624
626
625
630
628
630
632
631
631
635
637
634
640
640
642
641
642
642
642
644
648
645
647
651
650
650
650
650
653
652
657
658
655
660
661
663
663
665
662
666
668
668
667
666
667
673
671
671
672
675
676
679
679
678
681
679
681
682
684
686
687
689
686
686
690
688
694
692
692
692
695
699
700
696
697
700
700
700
701
702
705
704
710
711
708
711
711
711
716
716
715
717
718
721
717
722
721
721
725
724
727
724
726
730
727
730
729
732
732
732
738
738
739
739
740
739
743
743
744
746
743
748
749
746
750
748
749
