4
5
5
5
6
6
10
7
10
12
11
12
14
16
15
20
19
19
20
24
23
22
26
28
26
27
28
31
30
34
31
31
33
38
35
36
37
41
39
42
41
42
46
45
47
45
47
47
51
53
51
55
54
55
57
58
57
62
62
63
60
64
65
64
67
66
69
71
73
73
73
73
75
77
78
75
79
82
81
79
82
85
83
84
86
85
90
91
93
93
91
95
93
96
96
97
98
97
103
100
104
106
106
103
105
107
107
108
112
111
114
113
112
117
115
120
116
121
119
120
125
121
125
123
127
126
131
129
129
132
132
134
132
133
137
137
138
141
139
140
142
146
142
146
144
145
146
151
149
150
152
152
155
158
159
159
159
158
160
162
165
163
166
167
168
168
171
168
171
173
171
174
177
177
179
175
180
180
178
180
185
185
185
186
187
189
187
187
192
194
192
193
194
195
195
200
199
199
199
204
201
204
207
207
205
208
206
209
208
213
212
211
214
218
217
216
219
221
221
224
220
223
227
226
227
230
227
227
229
234
232
234
234
236
235
236
238
238
242
242
240
246
242
248
247
249
246
248
248
251
255
253
257
255
256
258
257
259
262
261
263
261
267
266
264
269
269
270
272
271
271
271
275
273
274
280
278
277
281
281
285
285
287
284
287
288
286
291
293
293
295
296
296
295
297
297
299
301
298
302
300
302
307
307
306
305
311
310
309
312
315
314
312
316
319
317
317
318
320
324
325
322
327
328
327
329
330
330
330
331
334
334
335
338
338
340
339
337
343
344
342
346
342
347
349
345
346
351
353
350
354
356
356
353
354
359
359
357
358
362
365
365
363
366
365
365
370
368
372
372
373
374
376
374
374
378
380
382
383
382
385
381
386
383
385
385
386
390
390
391
392
393
395
394
394
400
396
400
399
404
404
405
406
408
404
405
411
407
410
410
413
413
412
415
415
415
417
422
421
424
420
421
422
425
425
428
426
428
432
433
432
431
432
436
438
436
437
440
438
442
442
441
446
444
446
446
450
452
451
451
451
454
456
457
458
458
457
458
460
460
464
466
462
463
467
465
469
472
472
474
470
472
476
474
479
476
481
477
479
481
484
485
487
486
485
487
488
487
492
492
493
494
494
496
496
497
500
498
503
501
505
503
507
507
505
508
508
508
509
512
515
515
516
517
519
520
518
521
523
522
522
525
526
523
526
528
529
529
533
530
533
531
537
537
539
535
540
537
538
540
544
546
546
547
546
549
547
550
553
550
550
554
553
555
559
560
559
557
561
562
563
561
564
566
569
570
569
572
569
571
571
574
572
576
578
576
579
578
583
584
581
586
584
584
584
586
590
592
592
591
590
595
597
598
599
596
597
598
598
599
601
602
605
608
607
607
606
607
608
614
614
616
617
614
615
617
618
622
620
623
620
622
625
627
629
625
626
629
633
630
634
631
635
637
638
635
636
641
641
642
645
641
646
643
648
646
649
648
649
649
653
654
657
658
655
660
661
657
659
660
663
664
662
663
669
666
666
672
671
674
670
673
673
678
674
675
678
677
680
680
685
683
685
688
689
687
686
688
688
689
691
693
694
698
699
697
701
698
699
704
701
704
705
703
708
705
708
711
711
709
713
712
714
716
715
715
716
718
720
719
725
721
726
724
726
729
729
731
728
734
734
734
736
735
738
738
738
741
742
744
742
743
744
744
749
747
746
752
749
754
