3
5
4
8
8
8
9
8
11
10
13
16
14
17
19
20
20
22
20
23
23
25
24
23
27
27
30
32
31
29
34
32
36
36
37
37
40
40
43
39
42
46
45
45
47
46
50
51
50
53
55
54
57
55
59
56
60
60
62
63
65
61
64
65
67
69
70
71
73
73
71
73
75
75
76
79
77
81
82
79
83
83
84
84
87
90
89
90
90
93
95
91
96
96
94
100
101
99
103
100
102
103
104
107
105
105
110
107
108
113
115
113
112
115
115
115
120
121
118
124
125
123
126
128
126
129
129
127
130
131
134
133
132
134
135
136
137
140
140
143
144
145
147
143
149
146
149
148
151
154
154
151
153
153
154
156
157
161
160
163
160
162
164
163
165
167
166
168
170
169
171
172
175
176
177
180
180
180
181
180
184
181
186
186
187
189
189
191
188
192
193
195
196
198
195
200
196
197
202
202
200
203
206
207
208
209
209
211
209
211
212
214
214
215
217
215
217
217
218
222
222
226
225
223
227
230
228
230
233
232
234
233
234
233
236
235
240
237
240
242
241
243
246
244
249
245
249
250
253
249
255
253
257
255
256
258
258
259
262
264
262
261
264
266
264
270
267
267
272
270
272
273
277
276
279
277
281
278
279
284
283
281
286
288
284
288
287
289
293
294
292
291
294
294
296
300
297
302
299
304
300
304
302
307
304
305
306
310
310
309
314
313
316
318
314
319
317
319
319
320
324
325
322
323
329
330
326
329
328
334
334
336
334
333
336
338
337
337
342
339
344
341
343
343
348
345
346
349
349
352
351
352
356
353
356
355
360
362
362
361
360
363
364
367
364
368
371
367
371
372
372
373
372
373
378
377
377
382
381
380
382
385
385
384
386
390
389
389
393
394
391
392
397
394
394
400
400
400
401
401
401
404
402
403
404
405
410
409
408
412
414
412
413
415
415
419
420
420
421
421
424
425
423
424
424
428
426
429
432
430
433
433
436
434
434
436
440
437
441
444
441
442
444
447
444
449
448
449
449
454
454
452
452
455
459
458
459
462
460
462
460
463
462
464
469
467
471
467
469
472
473
475
474
478
476
476
477
481
481
483
483
485
483
486
486
485
491
487
489
490
490
491
492
495
494
498
501
501
501
503
504
505
503
505
505
509
510
507
511
509
515
514
513
515
514
517
516
521
523
522
524
522
524
525
526
526
529
528
530
534
534
534
532
536
537
536
538
541
542
539
541
542
542
543
549
546
548
548
550
553
554
556
552
557
556
556
557
559
559
561
561
566
564
564
568
566
571
567
569
569
571
572
572
576
577
576
581
580
578
584
585
581
587
587
586
587
588
587
591
590
590
593
595
598
598
597
601
600
602
600
600
602
603
607
608
610
607
612
608
611
612
612
616
616
615
619
621
620
618
623
625
625
623
627
629
628
629
631
631
629
633
636
637
634
634
635
641
640
642
641
645
641
646
643
644
650
651
650
651
654
652
653
656
658
658
657
657
657
661
660
665
662
667
666
668
669
671
668
673
669
671
676
677
678
679
678
680
680
680
684
682
685
686
683
685
688
687
692
692
691
692
694
694
694
699
698
698
698
699
700
701
701
705
706
705
706
706
712
712
713
710
715
713
717
714
717
721
718
720
719
720
723
724
727
726
730
730
728
730
732
733
731
736
735
736
737
738
740
738
743
745
742
747
748
746
749
746
747
749
754
