3
2
4
5
4
7
9
8
9
11
11
12
17
13
16
16
21
18
18
19
20
25
25
27
27
30
27
28
30
34
31
32
34
37
35
35
36
40
43
43
45
42
46
45
47
45
46
48
48
53
55
54
52
58
58
55
57
60
58
63
65
64
66
66
65
66
69
70
70
71
73
74
77
74
76
76
80
82
79
84
85
84
84
86
88
89
88
91
92
91
93
92
93
95
97
96
98
97
103
104
101
104
107
106
104
105
109
110
110
111
113
112
116
116
114
118
116
117
122
123
122
125
126
126
127
128
129
132
132
129
132
132
137
134
135
139
137
137
140
142
145
141
142
143
146
149
147
148
148
150
154
152
153
156
155
155
156
161
162
159
164
161
163
167
165
166
171
170
171
174
171
175
172
178
177
179
179
179
182
179
183
185
182
183
187
186
187
187
192
190
190
193
193
194
199
198
200
202
199
202
203
204
203
203
204
206
206
212
211
214
213
213
215
217
219
215
221
219
220
220
221
225
222
227
229
228
228
227
233
233
233
234
232
236
236
236
237
240
241
244
243
245
247
245
245
249
249
250
250
249
252
255
255
254
256
256
261
260
262
264
262
265
266
267
265
266
266
269
268
273
275
276
276
277
276
280
278
279
279
283
282
283
285
286
287
289
286
292
288
294
292
294
296
293
295
298
299
299
299
304
305
306
303
307
309
309
310
307
311
311
313
314
314
317
315
318
317
321
323
319
321
324
322
323
328
326
327
329
330
329
331
334
335
337
338
335
341
338
343
341
344
343
347
343
345
349
351
347
350
352
355
354
354
354
355
360
361
359
358
362
360
363
364
363
364
368
370
372
371
372
375
374
373
375
378
380
376
381
379
383
381
381
386
383
388
387
389
387
390
392
395
391
395
396
396
398
398
397
398
400
404
405
405
406
405
408
406
407
410
409
413
411
413
414
417
420
417
418
418
420
421
425
427
423
429
429
431
428
431
432
435
433
435
438
435
439
437
437
441
442
445
443
446
444
446
450
449
449
449
452
450
453
453
454
456
458
458
461
462
460
460
462
466
466
465
465
470
469
472
470
474
471
472
475
479
477
480
479
478
482
481
485
483
485
485
485
486
488
491
494
494
494
496
495
499
495
498
499
501
501
500
503
504
508
507
506
507
510
513
509
513
515
514
517
515
517
519
520
521
521
523
521
525
526
529
529
527
531
528
532
530
535
532
538
536
540
537
538
542
542
545
545
542
547
545
547
549
549
551
550
555
554
556
556
557
557
560
562
559
562
561
565
567
565
565
565
566
567
572
569
573
575
574
575
574
577
577
577
582
579
581
582
584
586
588
590
588
591
588
591
592
591
593
596
599
596
597
600
602
599
600
602
606
608
607
606
607
608
610
611
611
613
614
617
619
618
619
619
621
624
625
625
626
624
628
630
626
628
631
631
632
632
636
634
637
638
637
641
640
640
644
645
645
644
647
647
650
649
651
653
651
653
652
656
655
658
656
658
662
662
664
663
663
665
665
666
670
668
671
669
675
673
674
677
676
677
677
681
678
680
681
684
684
685
685
690
691
687
693
694
690
695
692
695
698
697
698
700
699
699
700
706
703
708
708
708
710
708
711
711
710
714
712
714
716
717
719
722
720
722
723
724
726
723
729
726
728
731
728
729
730
733
736
735
736
740
737
739
741
742
742
743
743
746
749
750
750
751
749
749
