4
5
3
7
9
8
7
7
9
11
10
16
16
18
15
20
20
21
19
24
24
24
24
25
24
26
27
29
31
32
30
34
37
37
35
36
36
40
39
39
43
44
46
46
44
46
51
51
53
51
51
55
52
56
59
55
59
58
62
59
62
65
62
64
64
66
70
72
71
71
73
73
72
73
76
78
80
82
80
83
80
81
86
84
86
89
91
87
89
93
94
93
95
96
95
97
100
98
103
99
105
103
102
106
108
106
107
108
110
109
113
115
116
113
117
116
116
121
121
119
123
125
125
127
126
127
128
130
129
133
131
136
133
135
135
136
139
142
142
144
141
146
143
145
144
150
147
148
152
149
151
154
157
154
154
156
159
157
162
162
160
162
164
165
167
165
171
172
172
173
170
174
172
174
174
180
176
180
180
183
181
185
182
187
188
185
187
191
188
194
193
191
195
194
197
196
197
198
201
203
202
206
203
205
207
207
209
212
208
210
215
212
215
217
216
215
219
218
221
222
223
226
226
226
226
226
226
230
228
234
233
235
234
237
235
237
239
242
239
240
242
246
244
244
248
246
250
248
248
249
253
256
257
256
258
257
256
260
258
264
261
261
267
265
264
270
267
269
273
269
272
274
276
278
276
280
280
279
282
281
283
285
284
288
288
285
286
289
288
292
295
296
293
298
297
298
299
297
302
303
303
305
305
307
309
306
308
311
308
310
310
314
312
313
315
315
318
319
319
323
325
324
322
324
327
329
328
328
328
334
335
331
334
338
335
337
336
339
338
339
343
341
345
346
347
350
349
350
351
354
355
355
356
357
354
357
361
362
358
362
363
364
362
367
367
366
366
372
369
371
374
376
373
375
376
377
381
382
378
383
383
385
383
387
386
387
389
389
388
389
393
393
396
396
396
399
400
399
402
399
405
404
407
408
409
405
407
407
410
411
415
412
412
416
419
415
417
419
418
423
422
425
424
424
427
429
426
427
432
432
430
434
432
437
439
437
436
439
438
444
444
441
445
443
445
449
446
449
449
451
451
453
452
456
454
459
457
458
461
460
462
462
462
466
465
467
467
469
472
474
470
472
472
475
475
476
479
478
480
483
482
482
482
483
485
485
486
491
489
493
495
496
497
495
495
499
499
502
500
503
505
502
505
506
505
508
511
511
509
509
512
513
514
515
519
516
516
518
521
521
521
521
526
524
527
526
527
528
533
531
534
533
537
537
537
535
537
540
542
539
541
545
547
544
549
545
549
549
548
549
552
554
553
556
556
560
557
560
561
562
560
563
565
564
565
570
568
567
570
573
570
573
576
577
574
575
581
577
583
579
583
581
582
584
589
590
589
589
591
591
594
594
592
593
599
595
600
600
601
604
600
601
602
608
608
605
609
607
611
612
612
615
616
613
614
618
619
617
620
623
620
622
622
627
626
625
627
631
633
633
630
634
636
635
638
637
639
640
640
642
644
641
645
648
648
649
648
652
652
649
651
653
652
657
657
655
660
662
660
659
663
661
663
665
668
665
668
667
672
670
674
672
676
676
679
678
679
681
678
681
683
683
684
683
687
688
687
689
690
693
694
696
693
697
696
698
700
698
698
699
703
701
705
704
708
710
711
710
710
713
711
713
714
716
719
716
719
717
723
721
725
723
726
728
728
729
731
731
733
733
732
731
735
736
735
735
739
740
742
739
745
743
742
744
745
746
746
750
750
749
