3
5
7
8
6
7
11
10
11
11
12
16
16
17
19
17
19
21
23
23
25
23
25
25
28
25
26
27
30
32
31
34
32
33
34
36
39
40
38
39
43
46
47
46
48
46
49
47
52
52
51
52
55
58
58
55
56
62
61
60
61
61
62
66
65
67
71
70
73
69
74
74
73
78
77
76
79
79
78
81
85
84
83
87
84
88
91
91
93
94
93
94
96
98
96
97
100
102
102
101
102
103
105
104
104
107
111
110
113
112
115
114
114
116
116
117
116
120
122
120
124
124
122
123
128
128
126
130
132
129
133
136
135
136
134
136
139
138
138
141
145
142
143
147
145
145
150
147
152
149
153
156
153
153
157
158
159
160
162
160
160
162
166
168
167
167
167
169
170
172
170
172
174
175
179
178
181
179
180
179
180
185
183
188
185
186
190
191
191
189
191
191
194
198
197
195
200
201
202
200
202
201
204
203
204
205
206
212
208
212
210
215
217
218
219
216
216
217
220
222
222
221
226
226
228
229
226
232
228
230
230
231
235
233
234
236
239
237
241
244
241
246
246
248
245
248
250
250
249
250
252
256
257
255
255
259
258
260
262
263
263
263
264
267
265
268
270
268
273
273
272
275
273
274
278
278
276
279
281
284
283
282
286
285
289
289
287
287
293
290
295
291
293
298
294
297
299
298
299
301
303
302
302
303
307
305
306
307
308
314
314
314
315
318
316
317
320
320
320
320
324
323
324
326
328
328
328
327
329
330
333
332
335
335
336
335
336
342
339
341
340
341
344
344
344
349
350
350
352
352
354
354
357
357
354
359
361
360
362
359
365
366
362
363
367
367
369
367
372
369
375
374
374
373
378
378
380
382
380
384
381
384
385
383
385
390
391
392
388
393
392
396
397
393
398
399
398
398
403
399
405
401
402
404
405
407
408
412
410
410
415
414
417
415
415
418
420
420
420
420
420
425
427
426
427
425
429
431
433
434
433
434
432
436
435
436
439
437
438
439
440
441
445
448
444
446
446
448
452
453
453
454
452
458
455
455
461
458
463
463
462
463
463
466
467
469
467
469
473
472
475
473
472
478
477
478
478
480
480
484
482
481
487
485
484
488
490
490
489
494
490
495
492
493
497
495
501
500
498
499
505
502
502
507
505
505
510
512
512
512
511
514
516
518
519
518
521
520
519
521
521
523
525
523
528
529
528
530
528
533
534
533
535
535
538
538
537
542
543
542
542
541
545
547
546
549
550
551
551
554
552
554
552
555
558
556
558
557
560
564
561
564
567
565
568
566
570
569
570
573
574
572
577
576
574
579
580
578
583
579
583
581
583
586
584
590
586
591
593
590
590
592
592
595
595
600
598
602
602
604
600
602
606
607
605
608
606
612
610
613
612
611
614
618
615
615
617
617
620
620
623
625
624
628
624
630
627
627
632
634
634
632
634
637
636
638
639
640
641
643
645
642
642
644
645
648
649
651
652
654
655
654
653
654
654
655
657
661
661
664
665
661
665
665
668
668
667
672
672
673
670
672
674
677
675
676
677
681
682
682
684
682
686
687
685
686
689
690
692
694
690
691
693
698
697
695
699
697
703
700
703
704
702
707
704
710
710
712
713
714
712
714
713
713
716
715
717
721
720
721
722
721
723
727
727
729
730
728
733
729
731
731
735
738
738
740
737
738
738
740
740
746
743
747
748
746
746
749
752
752
