4
4
3
4
8
10
7
10
10
9
15
13
13
13
14
20
16
17
23
20
23
25
26
28
25
27
30
32
28
29
30
34
33
35
38
37
37
41
43
40
45
41
46
43
44
49
47
49
51
52
50
51
56
58
59
55
56
58
61
59
62
61
66
68
67
69
71
69
71
69
73
75
73
73
76
77
78
82
80
80
85
81
85
88
87
86
86
92
93
94
91
95
92
96
99
97
96
100
100
103
104
102
103
105
108
108
111
110
108
113
110
111
117
116
114
116
120
118
123
120
121
123
123
127
126
126
127
129
133
133
131
133
136
133
137
136
139
138
139
143
144
143
145
144
144
148
146
151
153
150
150
154
157
157
154
155
160
162
162
161
162
163
166
164
169
169
171
168
171
174
173
175
172
173
176
179
178
177
183
181
183
184
184
183
187
189
190
188
191
192
195
194
196
198
194
197
196
200
198
204
204
201
204
203
207
207
209
207
209
214
215
214
217
213
215
215
216
218
222
223
223
222
224
227
226
228
226
227
230
229
233
231
236
233
238
239
238
242
239
244
240
245
245
247
246
250
249
251
248
249
255
255
255
254
257
257
258
258
260
261
261
266
263
266
267
270
269
270
273
269
272
274
274
273
275
277
279
277
281
281
283
286
284
286
289
285
288
287
289
290
292
291
294
296
294
298
299
301
299
301
305
306
303
304
308
310
309
312
312
312
314
315
312
316
317
317
319
318
321
322
322
322
326
324
327
329
330
328
329
329
335
334
337
334
338
337
336
340
342
339
340
346
346
343
347
348
351
348
350
349
351
351
355
356
355
360
358
357
360
362
362
361
363
363
369
370
369
370
371
374
375
372
374
376
374
377
377
377
378
382
380
382
387
386
386
390
388
390
389
389
394
392
394
397
397
400
398
401
399
404
404
403
407
405
407
408
407
412
412
411
410
416
412
418
414
419
419
418
421
423
421
424
426
427
424
427
426
427
431
430
433
435
435
437
437
438
438
440
443
443
440
445
445
444
447
450
449
448
452
454
451
452
457
455
457
455
458
462
461
459
465
466
464
466
466
468
467
472
470
471
474
474
473
478
475
478
480
481
483
479
485
485
486
486
488
488
486
487
493
492
490
493
492
495
496
496
500
501
500
500
504
501
507
504
507
506
508
512
510
514
510
516
512
513
518
520
518
517
523
522
522
525
522
526
527
526
526
528
531
530
531
536
535
533
538
538
539
542
542
542
540
541
547
544
546
545
549
550
548
554
555
552
557
557
554
557
557
559
559
559
561
562
566
568
565
565
571
571
568
572
572
573
577
573
579
579
581
581
582
584
582
585
587
584
584
586
587
591
588
589
595
595
593
596
599
599
601
597
600
599
604
604
602
606
608
606
608
610
612
611
614
612
615
615
617
616
616
621
623
622
621
623
622
628
627
627
631
630
628
633
632
633
634
637
639
638
641
637
642
643
645
644
645
644
646
649
651
647
651
652
651
655
654
653
656
656
660
658
662
664
663
666
664
663
666
665
666
668
671
671
675
674
676
677
675
679
681
681
681
683
682
681
685
688
688
685
690
688
689
691
691
696
693
695
694
696
698
700
698
704
705
703
707
704
709
710
710
712
709
713
710
713
717
715
714
716
718
718
720
722
723
722
725
724
728
730
731
732
728
734
730
735
734
734
736
738
740
737
739
739
744
746
743
748
744
745
747
747
751
750
