5
1
7
8
7
9
6
7
9
13
13
13
13
15
14
19
17
21
18
21
23
23
25
24
25
30
26
29
33
30
30
35
34
33
38
36
40
37
40
40
42
42
42
48
49
45
51
50
51
50
54
54
54
57
54
55
60
59
62
62
60
66
67
63
67
66
68
72
73
71
70
72
75
75
75
76
80
81
78
80
80
83
82
85
84
86
91
91
89
91
92
95
96
96
98
98
98
102
101
99
103
106
107
104
104
108
111
109
108
112
113
115
117
118
119
116
121
117
122
120
120
125
126
127
129
125
131
127
131
130
133
136
132
138
138
138
136
138
141
144
141
146
145
146
149
147
146
148
151
152
155
153
155
158
154
160
159
158
161
162
165
164
165
167
167
167
169
167
171
172
173
173
174
173
174
180
180
177
183
181
184
186
182
184
188
190
188
190
190
194
194
191
195
197
197
200
200
200
202
201
201
204
205
208
207
205
210
208
208
214
212
213
216
215
215
215
221
222
220
222
225
222
225
225
224
226
227
229
228
231
230
235
233
238
239
240
239
237
241
240
243
245
245
243
247
249
247
250
248
253
255
252
253
254
259
259
258
260
258
262
261
265
265
263
267
270
267
270
271
274
274
273
274
274
275
280
280
279
282
280
280
281
284
288
289
288
287
290
289
291
290
295
296
297
296
298
298
302
300
300
305
302
307
305
309
307
309
310
309
310
313
316
315
314
319
317
318
322
322
322
325
325
325
323
327
327
327
328
328
333
334
334
334
335
338
336
336
338
340
343
343
341
345
345
346
347
349
350
349
352
353
352
354
353
359
356
360
359
361
364
360
361
362
364
365
365
370
371
368
372
373
373
375
376
375
379
376
380
381
383
383
384
385
385
385
389
388
387
388
392
394
393
396
397
397
397
398
397
401
401
401
406
402
408
406
410
410
407
408
410
414
415
416
417
414
419
421
418
422
419
421
421
423
424
427
425
431
430
430
430
430
436
437
436
438
437
437
440
441
439
444
441
446
448
446
445
446
447
449
450
455
455
455
456
455
457
459
459
461
461
462
465
467
466
467
468
471
467
468
471
473
475
475
478
478
480
477
477
481
481
481
482
484
484
486
485
488
491
493
490
492
496
495
496
494
500
501
497
498
499
500
502
505
505
508
508
509
508
509
509
513
515
512
515
514
515
520
519
521
521
521
526
523
524
528
527
530
529
528
529
532
533
537
534
538
535
538
538
541
540
544
542
547
544
544
548
547
548
548
554
555
551
555
554
559
556
561
559
560
564
562
562
565
563
565
565
566
568
568
574
570
574
573
574
574
578
580
581
581
580
584
581
585
586
585
590
589
592
588
592
590
593
592
598
597
600
598
600
602
599
601
606
602
607
606
609
607
607
613
610
613
616
615
616
616
619
617
617
620
622
624
625
626
624
624
627
629
632
631
630
632
636
633
633
636
635
640
642
641
639
644
642
644
643
647
646
651
651
650
652
650
654
657
657
658
659
660
660
661
664
660
662
662
668
666
669
670
667
668
672
674
672
673
677
679
677
680
677
678
681
682
686
687
683
685
685
686
691
688
692
690
694
692
694
697
698
699
698
698
704
702
702
707
706
704
708
707
708
711
713
714
716
715
716
715
718
717
717
721
722
725
726
724
728
724
729
730
729
730
733
730
732
735
735
737
740
740
741
742
741
742
745
745
745
744
748
748
750
750
749
