2
4
5
3
4
6
7
9
9
14
15
13
17
16
18
19
19
20
19
19
23
21
27
24
26
30
27
30
28
32
30
34
32
38
36
37
36
40
43
39
43
42
47
44
48
49
49
51
51
52
54
51
52
55
58
58
56
58
62
59
61
64
62
67
69
65
70
69
73
69
70
71
74
77
74
79
76
80
83
82
81
82
82
86
87
86
89
87
92
93
91
95
92
97
95
98
99
100
103
99
103
102
103
108
107
105
107
108
113
110
115
115
112
114
114
116
116
121
120
121
124
125
126
126
125
125
128
129
128
129
134
135
133
138
139
138
137
142
141
141
145
144
144
147
146
150
150
147
149
149
150
151
153
153
156
156
161
162
162
163
163
162
165
166
166
167
168
167
169
173
170
174
175
174
176
178
176
178
183
179
184
184
183
183
189
189
188
191
188
191
190
196
193
196
194
195
200
198
203
204
201
203
203
203
207
210
206
211
208
212
214
216
214
213
216
220
221
218
220
220
222
221
223
227
225
226
228
227
228
229
234
236
232
235
235
240
238
238
238
241
241
242
244
244
246
250
249
247
248
251
253
252
256
258
257
259
257
261
259
264
261
263
266
265
264
267
271
267
271
272
273
271
274
273
275
280
277
280
280
279
281
282
286
288
287
286
286
288
292
289
293
294
297
297
298
298
299
299
301
300
303
305
302
307
306
307
311
307
309
310
312
315
314
314
314
320
320
322
322
319
322
326
325
323
329
325
328
332
332
329
331
335
333
335
339
338
337
339
338
341
341
345
347
343
346
349
351
347
350
354
355
354
357
354
354
359
361
360
361
360
362
364
366
367
364
370
369
367
373
373
375
371
377
378
379
379
379
380
383
383
383
386
383
386
388
385
390
392
391
392
390
396
397
395
395
395
401
401
399
402
404
405
407
407
404
405
409
407
413
409
412
415
415
417
414
420
418
420
419
419
422
421
426
428
428
426
428
430
432
429
432
435
435
433
435
435
440
438
443
441
442
443
447
443
444
446
450
448
448
452
454
454
455
456
454
456
458
457
460
460
464
466
467
464
464
470
471
469
473
470
475
476
476
478
477
479
481
479
478
480
481
482
487
485
485
486
491
491
493
490
493
491
492
496
495
500
500
498
499
504
505
502
503
504
508
510
508
512
512
509
514
515
517
513
517
515
517
521
520
520
523
521
526
526
528
525
528
528
532
532
535
531
535
535
538
535
540
537
539
544
541
543
542
548
547
548
550
547
550
554
554
555
552
555
558
556
561
558
562
560
563
566
565
563
569
567
569
571
571
572
571
571
572
576
578
580
579
578
582
581
580
585
584
583
587
585
587
589
589
589
593
596
597
597
599
599
601
597
600
601
604
602
602
606
606
610
606
609
612
612
610
612
613
615
616
619
620
620
618
621
623
625
623
626
625
628
631
631
629
634
631
634
637
638
636
636
638
638
640
641
642
644
645
647
647
650
651
651
648
651
650
652
656
655
655
656
657
661
662
664
665
663
665
663
665
669
670
670
671
673
670
672
673
676
679
675
676
680
680
680
681
682
687
687
686
688
688
691
689
691
693
695
694
695
698
697
698
699
701
702
702
705
704
703
707
706
709
709
712
712
714
713
712
715
718
719
720
718
720
723
724
723
724
726
728
730
726
732
729
732
733
732
733
734
735
736
737
740
741
739
742
746
747
745
745
748
748
751
752
752
