1
6
7
3
5
8
11
10
13
9
15
13
14
18
15
19
17
22
20
23
20
25
24
23
26
26
27
32
29
32
31
34
36
37
38
35
40
40
40
40
44
43
42
48
48
46
47
51
51
50
50
52
56
54
55
59
57
59
62
61
62
62
62
67
68
69
68
72
69
69
73
73
76
76
76
75
78
79
80
81
85
86
82
83
89
86
89
92
90
94
90
92
92
95
97
99
99
102
98
99
104
106
104
106
104
105
108
110
113
113
115
115
117
113
116
120
118
119
119
119
123
123
124
128
126
125
128
128
128
133
130
136
137
134
139
137
136
142
141
139
143
146
143
147
144
145
151
148
148
149
154
155
154
155
156
158
156
158
161
163
164
165
166
165
164
170
168
168
170
170
175
171
172
175
179
178
176
182
178
181
184
186
187
188
187
188
188
188
188
189
194
192
193
196
195
195
201
199
202
202
200
205
207
208
205
210
211
209
208
213
214
211
213
217
215
220
219
220
222
223
222
224
223
227
227
228
228
232
232
232
234
236
233
235
237
236
238
240
239
243
242
245
245
248
245
250
251
250
249
254
250
254
256
254
255
257
256
259
261
260
262
264
263
263
265
268
271
268
273
269
271
272
272
278
279
275
280
281
282
284
284
286
286
286
284
286
291
289
293
293
292
296
293
297
298
295
299
298
300
301
304
303
302
304
304
308
309
308
312
311
310
312
312
316
316
315
320
318
323
319
325
322
323
326
329
329
328
327
332
334
331
331
335
337
338
338
341
337
343
339
342
345
346
343
349
345
349
348
353
352
353
352
356
358
355
358
359
360
360
363
365
361
367
368
367
365
370
369
371
369
370
376
376
377
376
376
376
377
382
381
383
385
382
386
389
389
388
388
390
394
394
392
393
396
396
396
396
398
398
399
404
402
406
407
406
407
411
409
412
409
411
413
413
413
417
416
417
420
423
424
422
422
423
423
429
425
426
431
429
431
430
434
434
435
434
437
438
442
441
439
444
445
447
444
444
448
449
448
451
451
455
453
453
458
455
457
461
462
459
464
464
463
463
465
465
465
466
467
468
469
471
475
476
473
474
476
481
481
480
480
485
481
487
484
487
490
491
488
492
491
492
495
493
497
496
498
496
498
499
502
503
501
507
505
506
507
508
509
508
510
510
514
512
514
519
516
518
517
518
524
524
526
523
523
525
526
529
532
530
530
530
533
536
533
535
537
540
537
541
539
544
545
543
543
545
546
547
550
549
551
555
555
555
557
556
558
560
561
563
561
561
566
564
567
564
569
566
569
568
572
573
572
572
573
575
578
576
579
582
584
582
582
587
584
587
587
588
587
590
591
590
596
596
597
599
597
599
602
599
599
601
604
607
607
604
609
609
612
609
614
614
616
614
615
617
619
618
621
622
624
621
623
627
626
627
625
630
630
632
632
634
634
633
636
638
640
638
639
642
639
643
641
643
646
644
647
649
647
652
651
653
651
656
658
657
660
660
661
663
659
662
662
662
663
666
668
671
668
672
671
675
671
675
677
679
676
678
679
682
681
684
683
683
686
688
690
688
690
692
692
692
693
694
694
694
695
700
702
701
702
703
702
702
708
706
708
710
707
708
713
711
715
716
714
718
719
719
719
718
724
723
723
724
723
726
725
731
727
731
734
735
732
732
735
738
738
738
742
743
744
744
743
744
743
746
747
749
751
752
750
