3
2
5
6
6
7
9
8
9
12
12
15
14
18
15
19
19
22
21
21
21
21
23
24
29
28
29
32
31
33
32
31
36
37
35
40
40
42
43
43
44
45
42
48
46
49
50
51
50
50
54
55
56
55
58
57
59
60
59
59
61
63
64
66
69
69
69
68
68
74
70
76
75
75
79
75
79
82
81
80
82
84
84
84
87
85
90
91
90
90
93
94
92
94
99
98
99
101
102
102
101
103
106
104
104
110
108
109
109
112
111
112
115
113
118
117
120
118
123
121
122
121
126
125
126
125
126
129
128
129
131
133
132
133
136
139
139
139
141
141
143
145
147
148
146
150
146
152
148
149
153
153
152
154
159
155
161
160
163
161
160
165
167
164
167
167
167
170
168
169
174
176
175
174
176
175
177
180
180
179
182
186
187
188
185
188
187
189
192
192
195
195
195
193
196
197
199
197
201
204
204
204
204
206
205
206
210
207
208
210
215
211
215
215
218
218
220
217
218
220
220
221
227
224
226
225
231
229
228
231
235
231
232
233
236
237
238
238
243
243
244
242
246
246
246
246
247
247
251
252
251
253
254
258
259
258
256
260
259
259
264
261
262
266
265
265
266
270
268
269
270
275
276
278
274
277
279
279
283
284
283
283
286
285
288
286
290
289
291
291
294
295
297
297
295
297
299
297
298
302
301
305
306
307
305
306
310
311
311
309
310
312
317
318
318
320
319
322
323
322
321
324
326
326
326
328
330
329
328
331
335
335
334
336
336
340
340
339
341
341
343
343
347
346
345
345
349
350
352
351
350
355
352
358
358
356
359
358
362
364
365
363
365
368
368
370
370
369
372
370
374
373
377
376
374
379
381
377
383
383
383
386
385
385
384
385
388
388
392
392
390
396
393
394
397
396
396
398
403
400
404
402
402
405
408
409
408
412
412
413
415
415
415
416
417
420
420
420
419
424
425
424
427
426
429
427
426
432
428
431
430
436
432
435
436
439
437
437
438
442
440
441
445
448
449
447
450
448
451
453
453
456
454
453
456
456
459
457
461
461
462
464
464
465
465
465
468
472
471
470
471
475
473
478
477
475
479
482
483
483
485
484
483
486
484
487
490
492
492
491
490
491
492
494
497
496
496
502
503
504
501
502
503
503
506
508
507
510
513
509
514
512
517
517
516
515
519
517
518
524
523
522
525
528
528
527
530
530
529
532
530
533
532
534
534
537
541
539
540
542
541
543
546
548
546
547
550
547
548
550
550
555
557
557
556
558
556
558
558
559
560
561
564
564
564
567
571
571
570
570
571
573
574
574
574
576
580
580
580
584
580
584
583
583
586
587
589
592
591
593
594
595
596
594
597
600
597
599
602
603
600
604
603
608
609
609
609
610
609
612
614
613
614
614
616
617
619
620
620
621
623
622
624
624
627
625
628
628
630
632
635
633
636
635
637
636
636
641
638
641
642
646
646
648
647
647
646
650
648
651
654
651
655
653
658
660
661
660
661
660
664
662
663
664
666
669
667
668
668
674
674
673
677
677
678
679
676
679
678
679
681
684
685
683
689
686
687
689
693
691
693
691
697
694
697
696
701
702
700
702
701
706
707
703
707
707
710
708
712
712
715
711
717
715
717
720
718
719
719
719
720
722
722
726
727
725
727
732
729
732
732
732
737
735
739
735
740
742
739
742
742
745
745
744
748
748
747
747
748
753
