2
5
5
7
5
7
8
12
11
12
12
13
14
18
15
19
19
18
22
20
25
24
25
28
26
28
27
27
29
34
34
36
33
36
37
39
37
38
43
43
40
46
46
46
48
50
50
50
48
53
54
56
53
56
56
60
61
58
58
59
64
63
67
66
66
70
69
69
68
70
70
74
72
74
75
80
78
77
82
80
80
83
85
85
84
88
86
89
90
91
95
92
96
94
94
100
97
101
101
102
101
102
105
103
107
110
108
111
111
109
114
112
115
113
116
117
117
120
119
120
122
121
125
124
126
126
130
131
129
131
130
131
137
133
137
138
139
140
139
140
142
142
142
146
144
146
151
148
148
149
152
153
152
154
158
155
160
157
158
160
162
161
166
163
168
169
171
172
173
174
173
173
177
173
176
177
177
180
182
179
183
184
183
186
187
187
189
190
189
191
193
193
195
197
197
197
200
201
201
204
200
201
202
203
204
207
207
209
210
213
215
213
212
213
217
217
216
219
221
224
220
225
224
223
226
228
231
230
233
230
235
235
234
235
236
240
240
240
239
244
240
241
246
245
244
246
249
251
249
250
255
251
253
255
254
256
257
258
261
260
264
261
262
267
266
269
271
272
270
272
270
275
273
278
279
280
279
281
282
279
282
283
284
283
284
288
291
287
293
289
291
292
296
296
294
297
301
302
298
302
302
302
303
305
308
306
308
308
308
309
314
312
316
318
316
319
318
321
318
319
323
321
322
323
325
327
329
330
330
330
330
334
334
335
335
338
337
342
338
342
341
344
344
344
349
348
349
347
348
353
351
355
357
355
354
358
357
362
363
360
365
362
362
366
366
368
370
369
370
371
370
374
373
373
376
379
379
378
378
383
382
382
384
385
388
387
386
389
391
392
394
396
396
394
394
399
400
398
399
402
402
401
403
406
409
408
406
411
410
413
413
413
415
414
419
417
417
421
419
424
421
424
426
424
428
427
428
430
431
432
433
433
437
434
437
439
436
441
443
441
441
444
447
446
448
446
450
447
449
449
455
454
453
458
454
460
461
462
460
459
464
462
464
463
467
468
470
467
469
472
475
473
472
477
479
480
481
481
483
483
480
486
483
488
487
488
489
491
493
494
494
492
492
498
494
499
496
497
503
502
504
502
505
503
509
509
507
507
512
509
510
512
515
515
515
518
517
517
520
523
525
524
524
523
524
527
531
532
533
533
532
536
534
538
537
537
537
538
539
541
545
546
543
547
549
546
550
551
552
549
554
551
555
556
556
555
561
560
563
560
563
561
567
568
564
566
570
569
570
571
574
573
577
577
578
578
576
579
579
584
583
582
584
586
586
587
588
592
590
592
591
593
595
593
594
595
599
599
598
604
605
604
603
606
605
606
610
612
609
611
614
616
617
614
619
616
619
622
620
622
621
622
625
625
628
625
627
628
629
631
635
636
637
636
635
639
640
638
642
643
642
646
642
646
644
645
651
652
652
652
652
654
652
653
657
659
661
658
660
661
664
661
667
665
665
669
667
671
673
673
672
673
677
676
677
675
679
681
682
681
680
681
687
684
689
686
691
690
691
692
691
693
694
693
699
696
699
701
701
701
704
704
702
705
705
707
709
707
711
713
715
716
715
718
718
715
717
719
721
722
725
721
727
723
727
726
727
727
730
733
733
734
733
736
736
739
736
738
743
739
744
746
746
748
746
749
751
751
750
754
