2
4
5
7
7
5
8
11
10
9
11
11
15
14
16
18
21
19
20
22
23
21
24
27
24
27
29
31
32
34
30
31
32
34
39
35
38
38
43
42
40
46
42
43
44
45
46
52
51
50
54
52
54
53
54
56
60
62
59
64
61
64
63
65
67
68
70
67
68
73
75
74
74
74
76
79
77
77
78
81
81
85
82
85
85
88
90
87
93
91
90
94
92
96
94
98
97
98
102
103
100
103
103
108
106
108
108
107
111
114
114
116
114
114
118
116
116
121
123
122
124
126
125
123
124
128
129
128
130
134
134
134
134
134
136
138
139
139
143
140
142
145
146
143
144
145
151
152
149
150
153
154
155
154
159
155
161
157
158
162
160
165
165
164
164
165
167
171
173
169
172
171
177
173
175
177
179
182
183
182
181
182
186
186
189
188
190
190
193
194
193
196
192
196
199
197
196
199
200
199
204
202
203
203
204
210
209
211
208
212
211
214
212
216
217
216
216
220
222
220
223
222
225
225
229
225
229
229
233
229
232
234
235
235
237
240
240
238
238
242
245
243
244
247
247
247
247
250
250
250
253
255
252
258
254
259
258
259
262
260
262
265
265
266
269
266
271
268
268
269
274
276
276
274
276
276
280
280
281
280
281
281
285
288
287
287
289
290
289
289
290
296
292
295
296
295
296
301
298
301
303
301
302
307
309
308
307
307
311
312
310
316
312
316
315
320
320
321
323
324
321
325
326
327
325
329
327
327
333
329
330
334
336
336
334
340
339
341
339
342
342
342
344
348
349
347
347
348
350
349
350
353
355
354
355
356
358
360
359
363
364
362
364
368
364
366
371
369
371
373
371
374
373
377
378
380
379
379
381
383
384
385
385
387
386
385
389
392
389
392
395
392
396
393
394
397
400
399
398
401
400
405
407
403
408
406
409
411
413
414
413
413
413
413
416
420
419
418
420
423
422
424
424
427
426
428
429
430
428
430
432
432
435
438
435
440
437
442
443
441
444
443
446
447
447
449
448
452
451
453
452
451
456
453
458
455
460
461
460
460
461
462
462
467
465
465
470
469
470
471
474
472
473
477
477
478
476
482
480
483
482
483
487
484
486
489
488
492
489
492
491
492
496
497
499
499
499
499
502
504
504
505
505
508
508
509
507
507
509
514
513
512
516
514
519
520
520
518
522
522
523
525
526
524
526
526
526
529
530
532
533
536
532
533
539
537
537
537
541
540
543
541
545
547
545
547
547
548
548
554
553
555
557
556
558
560
558
559
562
563
562
565
562
565
564
569
571
572
569
569
570
572
575
573
578
578
576
578
579
584
582
585
583
586
587
588
589
589
592
590
594
595
596
598
596
596
596
601
601
601
600
602
603
604
607
610
611
610
609
613
613
613
615
614
616
619
616
621
621
624
622
624
624
624
624
627
627
631
628
634
631
632
637
635
636
639
641
638
638
643
640
641
647
645
648
645
649
647
652
653
653
654
656
658
654
660
657
660
662
660
661
666
664
665
667
669
667
670
672
674
671
672
676
674
674
675
679
680
683
679
684
683
686
688
686
690
691
692
692
694
692
696
693
696
694
699
696
697
702
700
705
703
702
707
704
706
710
709
708
710
715
714
712
714
717
716
717
718
720
720
725
723
725
728
728
727
728
731
732
731
734
734
733
735
739
740
740
740
739
743
744
741
744
745
748
750
748
748
753
753
