2
3
5
4
6
9
11
9
11
14
14
13
16
14
19
15
20
17
20
19
20
22
25
25
26
27
27
31
33
29
34
34
34
35
36
40
40
38
38
44
45
41
44
48
47
47
48
47
49
53
51
56
53
56
58
57
61
60
62
64
64
64
65
64
66
70
67
69
68
74
74
73
76
77
74
78
81
79
80
79
80
82
85
88
86
85
88
88
92
94
92
93
93
93
97
100
96
98
103
101
101
105
103
103
107
109
110
109
112
111
113
111
115
114
117
118
119
121
119
122
124
121
126
123
127
130
126
129
129
134
135
134
135
137
136
137
136
139
139
142
143
141
142
148
147
147
147
147
150
150
152
152
152
153
156
159
158
158
163
160
161
162
163
167
166
168
169
170
169
172
171
175
176
176
176
177
176
179
183
181
185
186
185
186
188
187
191
191
189
191
194
195
196
195
196
198
201
202
200
204
201
205
205
204
207
209
209
207
210
214
215
215
215
216
218
217
220
220
219
219
225
225
223
227
228
228
227
227
232
232
230
236
237
234
234
240
238
242
242
242
245
245
246
243
245
247
249
247
250
249
251
255
253
257
259
256
258
260
263
259
263
263
266
268
265
268
268
271
271
272
274
276
275
278
278
275
280
278
278
283
282
282
284
288
286
287
289
287
290
291
292
294
295
298
294
298
299
299
298
303
300
303
304
305
304
308
311
309
313
311
315
315
316
316
315
318
320
320
323
320
323
322
322
323
326
325
327
331
329
334
335
333
337
337
336
335
340
337
343
344
340
343
343
348
346
350
350
350
350
349
352
352
355
357
354
357
359
360
362
361
362
364
367
367
368
365
367
367
370
373
373
374
375
374
377
378
377
381
380
380
381
383
387
387
384
385
391
391
391
392
393
394
397
393
397
397
397
397
401
399
401
404
404
407
404
406
407
410
411
410
411
412
414
415
419
415
419
417
418
420
425
421
424
426
428
426
430
429
433
432
435
434
435
434
435
436
440
442
443
439
443
446
443
447
446
449
450
447
451
453
452
454
455
457
459
458
461
458
461
463
460
461
465
468
464
469
471
467
473
473
472
474
477
476
477
477
478
480
478
479
485
486
487
488
488
485
489
490
489
493
492
493
492
494
494
500
500
497
501
500
500
505
505
504
505
509
511
510
508
514
512
514
515
515
515
519
518
520
519
524
524
526
526
525
527
526
527
529
532
529
534
533
534
534
536
538
541
541
542
539
542
544
547
546
548
545
550
551
550
551
554
556
552
553
558
559
560
560
563
560
563
563
565
567
567
568
571
570
569
570
571
575
576
576
578
580
576
580
583
579
582
586
585
584
584
588
587
590
593
591
594
595
595
594
597
595
601
597
600
600
603
606
607
603
609
609
606
607
612
611
612
613
612
616
618
619
616
622
619
623
625
623
624
624
627
628
630
627
629
631
630
633
637
634
638
639
641
640
638
640
645
643
643
648
645
648
646
650
649
650
651
651
653
656
654
658
656
660
658
661
661
662
667
668
667
667
667
671
670
671
674
674
672
673
674
677
676
682
679
681
684
684
687
684
686
687
691
692
691
693
692
691
696
693
695
696
697
700
699
702
702
706
703
708
705
709
708
712
708
714
713
713
712
716
714
715
716
719
720
724
721
726
723
724
729
727
726
730
730
733
731
734
733
737
734
739
737
742
741
743
745
743
743
745
744
748
751
750
751
751
