4
3
6
8
8
5
6
12
12
10
12
14
12
13
14
18
18
20
19
20
20
26
25
25
25
27
31
31
29
31
32
32
37
35
37
38
39
41
38
42
40
43
44
46
45
47
47
52
48
54
53
53
52
54
56
58
57
62
61
64
62
63
65
66
69
70
68
72
73
73
72
71
73
77
74
79
81
77
82
80
83
81
84
84
85
88
88
89
93
92
91
96
93
95
95
97
101
102
103
104
102
102
107
104
107
105
111
108
108
114
110
112
114
114
117
120
116
121
119
122
120
126
123
123
129
125
127
131
131
131
135
135
136
136
137
135
137
139
142
142
140
144
147
145
147
150
148
151
150
152
153
156
155
158
158
158
157
157
158
159
162
163
166
168
169
169
168
170
168
172
173
175
176
177
179
179
177
178
181
182
184
181
182
188
186
189
186
188
189
191
194
195
197
194
198
195
201
199
198
203
203
205
207
206
208
205
210
207
209
210
211
213
214
215
215
218
216
218
220
221
222
224
224
223
226
230
229
228
231
229
231
231
233
237
234
236
241
242
242
242
244
244
244
248
246
249
249
249
249
251
250
251
256
255
254
256
256
261
260
260
265
265
263
267
267
266
267
271
270
272
274
276
274
276
279
280
278
280
282
281
285
283
287
283
285
286
291
287
289
291
290
294
295
294
299
298
301
298
302
301
300
302
305
303
309
306
308
310
308
312
311
314
317
318
317
317
319
322
322
324
322
324
326
325
329
329
329
328
328
334
334
333
335
337
338
339
338
342
339
343
343
342
347
345
347
348
349
348
353
354
351
351
356
356
357
360
359
357
361
360
363
365
366
364
367
368
370
369
370
373
370
372
374
375
374
378
379
381
382
379
382
384
383
387
384
385
388
388
390
393
394
391
394
397
394
396
396
398
402
400
404
402
407
406
406
410
407
407
410
412
410
413
412
418
418
419
416
420
419
422
425
425
426
426
426
426
430
432
433
431
432
433
432
436
438
437
441
437
438
442
444
443
444
445
449
450
448
451
451
450
452
451
457
454
456
459
456
459
458
464
465
465
462
465
464
470
468
469
468
473
473
474
472
476
476
478
479
478
478
484
483
484
485
487
484
490
490
489
491
492
491
491
492
496
498
500
501
500
502
503
500
502
506
503
507
508
506
510
513
514
510
511
517
518
518
516
519
518
523
522
522
525
525
527
525
530
527
528
528
531
535
534
534
537
534
540
536
539
540
543
542
545
542
547
549
548
551
550
550
554
555
552
553
555
558
558
557
562
561
561
564
563
567
564
567
569
568
571
573
571
574
574
573
575
576
575
576
580
582
580
581
582
585
585
589
585
588
592
588
593
591
591
595
598
599
599
598
599
599
601
605
606
605
606
608
606
610
609
611
611
613
615
613
614
615
617
616
619
622
621
625
625
626
627
628
