2
5
4
8
9
9
9
8
8
11
11
14
14
17
18
17
18
18
23
19
21
26
22
27
26
25
26
27
33
29
32
35
36
37
34
35
38
41
40
44
44
46
42
43
46
45
48
48
48
49
52
56
55
53
57
60
60
61
59
59
61
62
66
67
66
68
66
71
71
69
72
74
75
74
79
79
79
80
78
79
81
81
82
86
89
90
89
87
89
90
91
91
96
95
96
99
97
98
99
103
101
106
105
103
106
108
106
109
111
114
111
113
114
115
118
117
117
121
119
119
120
123
125
128
129
130
126
128
133
130
130
135
135
133
134
139
141
137
141
139
145
145
147
143
144
150
148
150
149
152
154
155
155
156
159
159
160
157
162
160
165
161
164
164
169
167
169
170
168
169
174
172
172
174
178
178
177
179
181
179
181
184
186
188
185
190
186
189
191
193
193
195
197
198
195
195
197
197
199
200
202
206
206
208
208
206
209
208
208
214
214
213
212
215
219
216
221
222
220
220
221
223
227
226
225
227
226
231
229
229
231
232
232
234
239
238
241
237
241
242
243
245
247
244
246
246
247
247
248
254
250
256
253
253
257
260
258
260
262
262
264
261
267
266
266
270
270
267
269
269
270
276
274
278
278
280
281
280
278
281
284
284
283
285
285
287
290
288
288
294
292
291
293
296
299
297
298
298
299
299
302
304
307
303
306
310
309
311
310
310
314
313
316
314
315
315
321
320
319
320
322
322
323
324
325
325
331
327
328
329
331
333
335
337
335
335
340
341
338
343
345
343
345
343
345
347
348
347
348
350
350
353
356
358
359
359
359
361
361
363
360
364
367
363
369
366
367
372
371
373
371
374
376
375
376
377
379
379
381
379
385
383
382
388
386
387
389
387
392
391
392
392
393
398
394
398
396
402
398
404
400
401
405
405
409
409
408
408
411
411
410
413
414
415
414
415
420
420
418
423
424
425
423
426
425
430
429
427
428
429
433
433
437
434
436
435
440
442
439
440
443
444
447
444
446
448
451
451
450
451
455
453
456
455
456
458
456
462
458
462
464
465
463
465
466
470
467
468
468
469
470
475
473
476
474
477
479
477
480
480
484
482
482
486
485
485
490
492
492
492
495
496
493
493
497
500
496
501
502
503
504
501
503
508
507
507
509
507
513
514
511
513
515
517
518
516
518
519
521
522
521
526
526
524
524
526
526
532
533
531
532
533
535
534
535
535
539
539
541
540
545
542
542
545
548
549
549
551
553
553
550
551
555
553
554
557
556
562
559
561
565
562
566
566
569
570
569
570
570
569
575
573
573
576
576
578
576
581
581
583
581
584
586
585
587
588
591
591
592
594
591
592
597
594
597
595
601
599
600
599
603
602
602
603
608
607
609
611
612
610
611
612
613
618
615
616
617
619
621
621
623
626
624
625
628
