2
1
7
4
9
9
10
9
8
13
13
13
12
15
19
17
17
19
20
22
23
26
25
23
29
29
26
27
30
30
33
31
37
37
36
35
37
41
40
41
45
41
45
43
48
45
46
51
51
49
52
55
55
56
55
56
58
61
63
64
64
66
64
68
65
65
70
71
73
72
71
75
75
76
74
80
81
82
83
81
80
82
87
83
85
90
91
88
89
94
93
93
94
96
96
95
98
102
99
102
100
101
102
107
104
110
106
111
109
110
110
113
114
115
114
120
120
117
121
121
120
121
123
127
128
130
126
130
128
129
132
131
136
133
135
135
140
140
139
140
144
143
145
146
149
150
149
149
151
153
151
156
157
155
154
159
158
157
162
159
165
164
167
167
166
170
167
169
173
174
171
175
175
176
178
177
180
181
180
181
184
183
182
186
189
187
186
187
188
190
193
191
196
195
199
200
196
201
203
203
200
205
202
203
209
205
208
211
210
211
215
216
215
215
215
218
220
218
222
224
222
221
222
224
225
226
230
231
232
229
231
235
234
234
235
239
238
237
239
243
244
246
247
247
244
249
248
252
248
254
251
256
252
255
254
255
257
260
263
260
264
266
264
264
268
269
270
272
273
274
271
276
272
278
278
278
277
277
279
279
283
283
283
283
285
286
286
287
291
291
291
296
294
293
295
296
297
302
303
299
305
301
302
307
304
308
308
311
308
310
314
312
316
313
319
318
317
322
320
319
322
323
326
326
324
330
331
329
333
331
331
335
332
338
337
338
340
339
340
344
344
341
344
348
344
345
351
351
348
354
350
352
353
353
359
360
356
359
359
362
360
361
362
368
369
368
369
372
368
370
375
375
377
377
377
376
381
377
379
382
384
384
387
386
386
388
388
391
390
390
390
396
393
395
399
399
397
399
402
401
405
404
403
408
409
408
411
407
413
409
410
413
416
416
416
419
419
420
420
424
424
422
423
426
425
430
430
431
433
431
432
432
437
433
435
438
439
441
442
444
443
446
447
444
449
445
451
452
453
452
452
454
452
457
459
459
460
462
463
464
461
466
463
468
465
470
471
468
470
470
474
475
475
476
477
480
477
478
479
484
482
483
483
486
486
487
488
492
488
489
495
496
495
498
495
496
496
501
498
501
502
504
506
504
505
509
511
512
508
512
513
512
513
516
519
519
519
521
518
523
524
526
526
525
525
529
531
529
528
532
531
532
534
538
539
540
541
541
543
539
544
545
545
543
548
546
550
548
548
550
550
555
552
554
558
555
558
558
561
564
565
561
564
568
565
566
571
567
572
571
571
575
574
578
576
575
579
579
583
582
580
585
585
583
586
588
589
589
590
593
595
594
596
595
595
596
598
598
598
604
605
603
604
606
604
610
611
612
613
614
611
612
613
617
619
618
616
619
622
620
620
624
627
628
629
