2
4
2
8
8
10
9
10
9
9
14
14
12
13
16
20
17
21
23
19
20
22
23
28
28
30
29
32
31
34
32
34
34
34
38
35
38
38
41
43
40
46
43
43
44
47
50
47
53
51
54
56
57
53
57
59
57
61
61
64
64
61
63
63
64
67
66
72
72
73
70
73
74
78
76
78
79
81
83
79
85
82
83
88
87
88
90
92
92
92
95
92
94
97
96
98
96
97
98
100
101
104
107
108
105
109
106
107
113
113
110
112
114
117
118
119
121
121
123
119
122
125
125
128
125
128
129
129
131
131
131
134
134
135
134
139
137
140
140
142
145
146
146
143
145
149
149
148
149
149
151
155
156
156
159
155
161
160
163
162
163
162
166
165
165
168
169
172
168
169
174
176
174
175
175
178
181
178
182
183
181
183
185
186
187
186
186
187
188
194
195
196
195
195
195
198
199
201
202
202
205
202
203
204
207
209
210
211
211
213
212
211
213
214
217
218
218
222
221
221
224
225
223
225
229
227
231
230
231
229
233
235
236
234
239
239
236
238
241
244
243
242
242
245
248
245
250
248
248
252
255
256
255
257
258
260
260
261
259
259
265
262
262
267
269
268
266
271
270
269
271
271
275
274
278
279
278
282
283
282
280
285
285
284
288
286
287
290
291
293
294
291
295
295
296
295
297
302
303
300
304
304
307
304
309
308
307
311
313
313
315
313
315
317
316
319
317
318
319
319
324
326
324
324
328
325
327
328
329
330
334
333
332
336
339
337
341
342
339
343
343
341
342
347
346
347
346
347
353
354
351
351
353
355
356
359
356
359
361
361
361
366
367
368
366
369
366
367
369
370
372
372
373
374
375
380
377
377
383
381
381
384
386
387
389
385
388
392
388
389
391
393
393
394
398
400
400
402
398
402
403
404
407
406
409
409
409
408
408
414
413
411
415
415
417
418
421
418
419
423
423
425
424
423
429
430
430
431
428
432
430
434
437
436
439
440
438
442
440
441
445
441
447
443
445
446
451
449
448
453
453
453
456
453
455
458
459
461
463
461
461
461
464
465
466
468
471
470
468
469
475
473
475
478
476
478
476
477
482
482
483
483
482
488
488
486
490
491
493
492
492
492
492
496
495
496
501
502
503
500
500
504
503
504
509
510
511
507
513
510
512
513
512
517
515
518
516
520
519
520
520
522
525
527
527
527
530
532
531
530
533
533
536
533
536
540
537
539
543
539
541
541
546
545
548
548
546
547
552
553
551
556
555
557
558
558
560
557
560
564
564
565
562
564
566
565
567
570
569
574
571
571
576
577
574
577
579
579
582
582
580
584
587
585
587
590
586
589
588
592
590
593
595
595
594
597
598
600
603
602
604
606
605
603
604
606
607
608
609
611
614
612
617
616
616
619
621
620
622
623
623
625
627
623
625
