2
2
5
6
4
7
10
9
10
10
15
11
16
17
16
20
16
19
23
22
23
23
25
23
29
26
27
28
30
31
31
36
37
34
35
38
36
37
38
40
42
43
46
48
48
48
50
49
50
52
51
54
57
56
55
56
57
62
59
63
63
63
63
63
69
70
67
67
71
70
71
72
75
78
76
77
80
80
82
79
80
86
82
88
86
87
90
91
91
89
95
96
92
96
95
96
101
97
98
100
103
105
107
108
108
106
109
109
108
111
114
112
116
114
114
120
118
117
120
120
124
122
126
126
128
125
127
129
129
133
133
135
132
133
139
138
136
137
138
144
141
143
145
146
145
150
150
149
149
153
153
155
153
153
154
160
156
162
161
159
160
166
162
165
167
165
169
172
168
174
173
172
173
173
175
180
178
182
181
183
181
184
182
187
187
189
189
187
193
189
191
191
194
193
197
196
200
199
202
200
202
202
207
206
208
208
206
208
213
212
211
211
215
214
215
216
221
218
221
219
222
224
223
223
228
227
229
228
230
230
232
233
232
235
239
235
236
240
240
240
243
242
243
246
245
249
251
250
253
251
251
254
253
256
259
257
257
258
258
263
263
264
264
264
269
265
266
268
272
273
272
276
272
274
277
279
278
280
279
281
284
286
285
288
284
289
288
289
291
291
290
296
295
293
295
300
299
299
299
304
301
305
304
307
304
309
307
310
313
313
312
311
314
318
317
316
321
320
318
322
324
325
325
327
329
329
328
330
330
329
333
334
332
338
339
338
336
341
341
339
341
344
347
343
346
347
348
350
353
350
355
356
353
358
357
360
360
362
358
362
361
364
365
364
367
369
367
369
373
373
372
371
374
378
379
375
379
379
383
380
380
383
385
383
384
385
390
390
389
392
390
393
395
394
398
397
397
402
398
404
404
401
405
405
407
408
407
408
412
412
410
416
415
417
418
420
418
417
420
422
420
421
425
428
425
425
426
432
429
431
433
434
437
437
439
437
439
440
443
442
442
443
446
445
449
446
451
451
450
453
455
456
454
455
455
455
459
458
462
459
461
464
466
467
464
468
468
472
469
474
472
474
472
477
475
477
477
477
479
479
484
483
487
487
485
487
487
488
492
494
492
493
492
495
499
499
501
500
499
500
501
506
504
508
508
510
508
507
511
513
515
511
513
516
515
520
517
521
521
520
523
524
525
527
524
527
528
532
530
531
533
536
536
536
538
536
541
541
540
542
545
541
545
546
547
547
548
549
548
554
550
551
552
558
559
558
557
561
560
559
564
562
565
566
569
569
566
570
569
570
575
575
577
576
574
578
577
577
583
580
584
581
585
583
589
585
591
590
588
590
594
591
594
594
599
595
600
601
602
602
602
603
606
603
609
610
610
609
611
612
610
611
615
618
619
617
618
622
619
623
621
622
625
626
626
