2
1
3
8
6
9
7
7
12
11
14
16
13
18
15
19
20
21
21
24
20
25
25
25
26
26
31
27
28
34
31
34
32
36
35
35
41
37
41
40
45
44
45
46
49
49
48
47
50
50
50
54
57
53
58
59
59
61
60
61
65
63
66
65
66
67
68
68
69
72
70
73
74
78
74
77
77
79
78
83
81
81
83
88
89
89
86
91
88
92
90
91
92
93
96
96
101
102
102
103
103
105
105
105
109
105
109
107
110
110
110
112
114
115
118
116
118
119
119
122
125
122
123
124
126
129
130
130
130
130
132
135
132
136
139
136
141
138
142
140
143
141
143
143
149
150
151
148
152
149
150
151
155
156
158
158
157
157
161
160
160
166
162
168
165
166
167
170
169
169
174
171
177
175
178
177
176
182
181
180
180
184
182
188
185
186
186
191
188
191
191
191
194
194
195
197
198
202
202
203
203
202
206
208
208
208
209
210
210
210
210
216
215
216
216
218
221
219
219
224
225
225
223
227
229
227
231
230
229
231
235
231
234
237
238
235
237
239
243
240
242
242
243
243
248
249
248
249
253
253
251
251
256
257
254
255
257
260
263
261
263
262
266
265
265
267
270
272
268
269
273
276
274
277
275
277
278
279
280
280
283
284
285
283
289
290
290
287
293
294
295
296
292
296
299
300
298
301
300
299
302
305
302
305
309
307
310
309
308
309
311
315
314
313
318
318
317
321
320
320
321
321
324
323
326
326
326
330
329
329
330
331
336
333
334
340
340
340
340
342
343
342
343
347
348
349
346
347
349
352
350
356
354
355
357
360
360
362
363
360
361
361
365
363
369
365
367
367
373
373
373
376
373
374
375
379
376
378
383
384
380
382
386
387
389
388
389
388
392
389
392
391
396
396
396
396
397
398
400
404
401
401
404
404
406
410
407
408
410
414
415
416
417
415
414
420
417
422
421
423
420
425
424
425
425
429
427
432
428
430
430
434
435
434
437
435
439
437
440
443
443
442
442
444
447
450
450
452
453
454
455
453
457
453
456
456
457
461
461
461
465
462
466
467
469
466
467
467
469
474
472
471
475
478
476
476
478
482
483
483
482
483
485
487
484
487
490
491
489
491
494
491
497
495
499
500
501
502
502
500
504
504
503
505
508
505
507
509
510
511
512
513
517
515
515
516
520
520
519
519
521
524
523
524
524
529
529
527
528
531
532
531
537
535
537
537
540
540
543
543
541
546
545
547
549
550
547
550
548
552
555
556
555
555
554
556
557
559
559
564
563
566
563
566
564
567
569
568
568
573
571
573
575
575
575
575
577
578
579
581
583
584
582
587
585
585
590
590
589
589
592
593
595
595
596
600
601
600
603
602
604
604
607
608
607
606
609
607
611
612
610
611
616
615
616
619
616
620
621
620
624
622
625
623
628
