3
4
3
7
8
10
10
7
12
12
11
16
15
13
14
16
18
18
19
24
22
23
23
26
24
29
31
31
30
29
32
31
33
34
36
38
36
39
40
41
45
46
45
44
44
48
48
52
52
53
51
54
54
55
57
57
56
58
62
64
63
62
65
67
68
68
70
69
72
74
74
72
72
76
79
80
76
79
81
79
81
84
82
86
86
90
86
91
91
89
93
95
96
97
95
99
98
99
102
104
105
105
106
108
109
108
107
109
108
114
112
112
117
115
117
117
118
119
123
122
122
121
123
124
124
129
130
130
130
131
130
131
133
135
137
138
138
138
138
144
143
143
144
147
148
145
151
150
153
152
152
152
155
158
156
156
157
161
159
159
160
166
165
166
165
166
168
171
168
169
172
173
177
177
175
175
178
179
181
182
184
184
183
187
184
189
190
191
188
194
195
194
197
197
199
200
196
202
201
199
202
201
204
205
204
210
209
208
209
209
212
216
217
215
217
217
218
218
218
220
222
223
222
226
226
230
228
228
228
231
234
233
235
234
236
236
236
239
242
243
244
245
242
247
247
249
250
248
249
254
250
252
254
253
258
258
259
258
258
264
262
261
262
266
266
267
271
267
271
274
270
276
273
273
279
275
277
278
281
279
281
285
287
287
289
286
286
292
290
290
291
291
292
296
297
295
298
302
300
303
301
306
307
306
304
305
308
310
312
312
312
313
313
313
314
320
316
320
321
319
325
322
323
325
327
326
331
329
331
332
335
331
337
335
339
336
341
341
340
343
343
345
347
344
345
345
347
351
351
349
352
352
356
355
357
355
356
361
359
361
360
364
366
368
366
370
369
370
372
371
374
371
372
376
379
377
377
379
378
384
383
382
382
383
384
389
388
390
393
390
395
396
392
397
394
396
400
401
403
400
403
405
404
404
406
405
409
412
408
412
412
415
413
416
414
420
421
422
420
419
422
425
424
428
426
429
429
430
432
431
431
432
436
437
438
438
438
442
443
441
443
441
442
446
444
445
446
449
452
449
454
453
457
456
458
459
461
462
458
461
463
464
463
464
467
467
466
469
473
469
474
476
475
475
476
475
477
478
479
479
485
483
486
487
485
485
491
489
491
494
490
492
497
497
499
495
501
500
498
503
502
506
504
508
507
508
507
511
509
509
512
513
514
513
518
515
517
518
520
524
521
526
526
526
529
527
526
528
532
532
532
533
536
537
539
536
541
539
539
544
541
542
547
546
548
547
547
547
548
550
553
556
554
558
557
560
560
559
561
560
562
561
562
568
566
570
566
568
571
571
570
574
574
578
574
576
577
579
583
581
585
586
584
586
588
589
587
590
593
593
595
593
593
597
595
596
599
597
603
601
604
606
607
607
606
607
607
609
611
609
610
615
614
615
616
615
620
622
621
621
620
624
627
626
629
