2
3
2
3
5
8
7
8
9
12
14
13
16
15
17
15
19
18
18
24
20
26
24
28
29
30
28
27
31
31
34
32
35
35
34
39
40
42
38
41
41
41
43
45
49
49
46
49
51
50
54
55
52
56
58
60
60
60
61
60
63
63
65
65
64
65
66
72
69
72
71
76
75
77
78
77
79
81
82
84
82
85
86
88
87
87
90
87
88
89
90
94
93
94
97
100
101
101
103
104
101
105
105
104
107
110
110
111
110
109
111
116
112
118
114
117
117
121
121
123
122
126
126
128
127
125
129
130
131
132
130
131
133
136
139
138
137
140
143
144
142
143
143
144
149
147
146
152
148
154
152
151
155
157
159
156
160
160
160
163
162
162
167
163
167
169
171
167
169
169
175
175
172
177
174
179
178
181
181
184
185
182
186
186
184
185
187
190
191
194
192
194
195
194
198
196
196
198
200
204
203
204
206
207
208
206
210
208
210
214
214
211
216
216
219
220
220
222
219
224
225
226
223
224
228
225
227
230
228
230
231
232
235
238
239
236
236
242
242
242
241
244
247
243
247
247
246
247
249
249
250
251
253
258
254
260
261
259
263
259
260
266
266
268
269
269
266
271
269
272
274
273
272
275
279
276
277
282
282
283
281
285
285
288
286
287
287
290
289
294
290
295
296
298
296
298
300
298
302
300
301
303
302
304
305
310
306
312
311
310
313
312
317
314
315
319
316
320
320
320
323
323
324
325
326
326
329
328
329
333
334
335
334
334
339
338
339
342
343
343
341
345
346
346
345
346
347
349
348
354
351
356
356
357
356
359
359
358
363
361
363
361
365
365
364
366
371
372
370
370
372
374
376
376
375
375
379
377
381
384
385
386
384
384
389
389
391
388
389
392
395
392
397
395
398
395
400
398
399
404
403
405
406
403
404
407
406
409
408
414
415
413
414
418
417
419
417
422
423
423
425
425
423
426
425
428
428
432
430
430
431
431
435
433
438
439
438
439
441
444
442
446
443
444
449
447
448
450
451
453
451
452
455
455
454
460
456
457
463
461
462
465
465
467
469
470
467
471
470
470
475
471
476
474
474
480
478
477
481
479
480
481
482
484
487
490
491
489
493
494
494
496
493
497
497
495
501
502
499
503
504
503
505
503
508
508
510
512
513
510
515
513
514
513
514
520
516
518
522
521
520
525
527
526
528
525
527
529
530
532
535
535
532
536
534
535
536
538
542
544
544
543
545
544
549
545
551
549
548
554
550
554
556
555
555
560
557
560
559
560
565
565
566
568
565
565
570
571
573
573
572
573
575
574
577
575
576
577
580
579
580
583
584
588
586
587
590
588
590
590
595
593
596
594
598
595
600
599
598
603
605
605
607
607
605
605
606
608
610
610
613
615
612
618
619
619
619
622
621
622
621
621
626
626
626
