3
4
6
8
7
5
8
7
8
13
13
14
15
18
18
16
19
21
22
20
22
22
27
23
28
27
29
31
33
29
35
33
37
38
37
36
37
40
43
39
40
41
45
46
46
45
50
48
48
51
51
55
57
56
55
60
58
57
58
59
61
66
67
63
64
65
67
72
71
69
74
75
72
77
74
75
76
77
83
84
85
82
86
83
84
89
87
91
90
90
95
96
93
95
99
100
99
97
101
99
104
101
103
108
105
108
108
109
112
114
110
116
113
113
115
116
119
118
121
119
123
124
125
125
128
129
128
128
130
130
131
136
135
133
138
136
141
140
138
140
142
141
142
147
146
149
151
148
149
153
154
155
153
155
157
157
157
161
161
163
160
162
165
164
166
165
170
169
170
174
171
171
175
175
177
178
178
181
179
183
183
186
182
187
184
186
189
189
190
193
194
191
193
198
198
200
199
197
199
202
200
203
206
204
207
208
206
208
213
210
215
211
214
213
218
215
218
221
223
223
223
225
225
226
226
228
226
231
229
234
235
232
234
235
236
237
240
239
240
241
241
245
243
248
245
245
250
247
251
253
251
256
252
256
255
259
258
260
260
260
264
262
262
264
264
270
266
272
270
274
275
276
274
278
276
277
276
282
281
281
285
284
286
284
289
287
291
292
291
289
291
292
294
297
295
298
297
301
301
301
302
301
306
306
308
306
310
310
309
311
314
315
316
315
319
318
321
320
320
321
324
324
326
325
326
329
331
332
330
332
331
335
337
333
339
336
336
339
340
340
340
342
343
348
349
348
351
347
349
353
350
356
353
357
354
355
357
360
361
363
363
364
367
364
364
367
366
371
373
370
371
373
372
373
377
380
377
382
380
381
380
383
383
385
385
388
387
392
391
394
393
395
392
393
398
395
398
400
402
404
401
402
404
405
406
406
408
412
408
413
414
412
413
413
416
418
419
418
422
421
420
426
423
425
427
426
428
429
431
432
432
432
437
436
439
436
436
441
443
441
445
446
444
445
444
450
449
447
452
450
453
451
454
457
459
456
458
458
463
463
462
461
464
464
469
469
468
468
473
473
471
476
474
476
479
477
481
480
483
479
483
482
482
487
485
485
486
488
490
491
495
495
497
495
498
500
499
497
500
499
501
503
507
506
505
505
506
510
509
510
511
516
513
514
519
515
517
518
518
521
522
521
526
528
529
526
526
532
531
533
531
536
534
534
538
537
541
537
539
542
545
541
547
545
548
550
549
547
552
551
551
554
554
557
554
557
558
557
562
564
561
561
565
563
569
568
567
572
571
569
575
572
574
576
579
578
578
577
582
579
582
583
585
583
589
585
590
590
591
592
593
596
594
595
598
599
600
600
601
603
603
602
603
607
605
608
606
610
610
609
613
611
614
618
617
616
621
622
621
619
625
623
626
625
629
