2
3
5
7
6
9
6
8
12
14
12
16
14
17
17
20
16
20
23
22
24
24
27
24
24
29
28
29
30
30
31
31
35
35
37
38
36
42
41
39
40
44
47
43
46
46
49
50
48
49
55
55
52
58
58
56
57
58
61
63
63
64
65
66
68
69
71
69
68
72
70
76
75
76
76
76
81
79
83
82
83
83
87
85
85
85
86
88
92
93
94
94
95
94
96
96
97
100
102
103
100
102
105
107
104
105
110
111
112
111
111
114
116
114
115
117
120
117
122
123
122
121
122
126
125
129
129
131
128
131
134
136
134
133
139
139
138
138
141
144
141
146
142
147
149
148
147
149
148
151
150
151
153
156
156
156
156
159
160
163
165
162
162
164
167
165
170
169
171
171
170
171
174
175
177
178
177
180
182
179
185
182
184
186
186
186
190
187
193
189
195
196
192
193
197
197
198
201
200
201
200
201
202
206
206
208
210
210
209
212
215
215
212
216
215
217
218
217
218
224
225
221
224
228
224
230
228
230
228
229
232
233
237
234
236
238
237
242
242
239
241
241
247
245
246
245
251
252
252
252
253
251
252
256
257
260
256
258
258
261
262
263
267
267
267
268
266
271
271
269
270
274
275
275
276
276
277
279
279
283
281
283
285
287
285
288
289
290
291
289
293
295
293
295
297
296
301
300
300
299
302
306
307
305
305
307
308
311
310
312
311
311
313
318
317
319
316
322
319
323
322
322
325
324
324
328
330
328
332
331
334
336
337
337
337
337
341
342
342
342
340
341
345
346
346
347
347
352
352
351
351
354
356
356
357
360
358
358
360
363
360
365
365
367
367
367
369
367
370
371
371
372
372
376
375
380
380
381
379
382
385
384
383
385
384
385
388
388
389
392
395
392
394
398
396
396
397
402
403
402
404
401
406
403
408
407
411
410
410
410
410
415
417
414
414
417
419
419
421
424
420
424
422
427
425
425
429
431
429
431
434
431
433
433
439
437
441
441
442
442
440
441
442
445
444
448
451
447
448
449
454
451
454
457
458
456
457
457
463
463
464
463
465
464
468
468
466
468
469
473
472
473
473
473
475
476
478
478
478
482
483
482
485
484
489
486
490
490
488
489
493
492
493
493
494
499
498
499
502
500
505
506
506
503
504
510
511
507
512
512
515
516
516
515
514
515
517
522
520
519
523
522
525
526
527
530
531
527
529
534
534
534
532
537
534
536
537
542
538
543
541
545
544
548
547
545
547
549
553
551
551
556
557
556
558
556
560
559
562
559
565
563
564
564
568
570
568
571
570
569
574
573
577
573
575
577
578
577
580
583
583
585
586
588
585
585
588
590
591
594
594
592
593
593
594
598
600
600
598
602
600
603
602
608
605
608
608
612
610
611
615
615
612
617
614
620
618
618
619
621
625
626
627
623
624
