5
4
6
6
5
6
8
10
11
11
14
11
14
14
17
18
18
22
23
21
25
21
24
28
24
30
31
31
33
33
34
33
33
34
39
35
38
40
39
40
43
41
45
47
46
47
50
47
48
52
55
55
55
58
55
55
57
60
61
64
65
61
66
67
68
65
71
68
68
70
75
71
76
74
79
79
78
81
82
81
83
86
86
84
87
89
86
90
89
92
91
93
97
95
99
100
97
98
101
99
104
104
103
103
108
108
107
110
110
109
111
113
116
115
115
117
121
119
122
119
121
121
123
128
125
128
131
128
129
133
130
131
133
136
137
135
140
138
143
142
142
143
145
144
146
149
147
147
148
151
152
156
152
158
154
158
158
159
162
162
165
163
164
163
167
168
171
171
170
172
171
176
174
173
175
176
180
182
179
181
184
186
184
187
187
189
190
192
190
194
195
191
193
193
195
198
199
202
200
201
205
205
203
203
209
205
209
212
209
214
215
212
212
215
216
220
219
218
219
220
221
224
224
227
224
227
227
228
229
234
230
235
236
235
237
236
241
240
240
243
242
246
243
245
247
248
246
250
252
254
252
256
257
255
259
258
260
258
258
263
262
263
267
267
268
270
270
270
270
272
272
274
274
273
278
276
281
279
281
280
285
284
285
287
285
286
289
290
290
291
292
292
295
297
295
298
299
298
303
304
303
305
306
303
308
307
309
312
311
311
311
314
315
318
318
320
316
319
322
322
323
321
325
323
328
329
329
328
329
331
330
334
333
333
337
338
337
337
343
341
342
342
347
345
345
345
351
347
349
352
350
355
354
357
358
356
356
358
359
359
361
364
367
364
365
369
369
372
371
370
374
372
373
375
377
377
377
381
380
380
384
386
383
387
386
389
389
388
391
394
395
391
394
393
395
399
401
401
403
403
401
406
402
404
409
407
406
407
413
409
414
414
416
415
416
417
420
417
420
421
420
422
427
424
425
428
431
428
431
433
431
435
435
435
434
437
437
442
440
439
441
446
444
444
446
448
450
451
453
453
451
451
453
457
459
458
460
459
460
462
461
462
465
467
469
466
470
470
470
472
473
476
474
478
476
476
476
477
481
482
483
484
487
488
487
486
491
490
492
490
493
491
493
493
499
497
501
502
501
501
501
504
504
503
507
508
507
509
512
509
510
516
513
518
514
516
516
521
521
520
525
522
523
524
528
529
531
530
531
534
532
534
537
536
535
539
538
537
541
544
541
543
544
547
545
550
547
550
549
552
550
553
557
557
557
559
558
562
562
562
560
563
563
568
567
570
570
569
571
570
571
571
573
578
574
576
580
582
583
582
583
585
582
585
585
585
589
591
591
591
590
593
595
593
596
600
601
602
598
601
601
604
604
604
604
606
611
611
608
610
610
613
615
614
614
617
619
620
622
622
620
623
623
623
624
