0
5
6
5
5
7
11
10
10
13
11
11
17
13
16
16
21
21
23
23
24
26
26
26
27
28
29
32
28
30
34
32
33
37
35
40
38
40
38
39
40
44
44
44
46
49
47
52
50
51
55
54
55
58
59
55
58
60
63
64
64
66
64
66
64
68
71
72
72
70
71
72
74
77
76
79
81
78
83
83
80
84
85
85
84
88
88
87
90
92
91
93
92
97
98
100
96
97
98
102
101
103
105
104
108
107
109
111
111
111
110
113
116
114
118
115
120
122
118
122
121
126
126
128
128
128
126
131
133
132
130
131
137
133
134
136
140
140
141
140
141
142
146
145
145
147
149
151
150
149
151
156
154
158
155
156
158
158
162
159
161
166
164
163
167
169
170
170
173
174
170
172
177
178
177
178
181
180
182
181
180
181
185
183
185
189
190
192
193
190
192
194
197
198
194
195
197
197
198
200
203
204
206
204
206
209
207
212
212
210
211
216
213
217
217
220
219
219
221
220
222
225
227
223
224
230
229
229
231
233
233
235
234
234
236
235
236
242
243
243
243
244
247
247
249
248
246
249
248
251
252
255
254
253
254
257
259
261
258
259
260
264
264
266
264
270
271
270
269
273
270
276
275
278
274
279
280
282
281
282
283
281
284
288
285
290
286
292
290
290
294
291
296
294
298
295
297
300
298
299
300
305
302
303
306
305
309
309
312
311
311
313
314
313
319
320
318
321
318
324
320
324
325
327
325
326
330
328
328
330
333
332
332
333
337
335
341
339
338
340
342
341
342
348
346
349
346
347
352
352
350
356
354
353
358
356
357
358
362
364
364
364
362
365
366
365
369
372
369
373
374
371
377
377
374
380
381
380
381
379
384
383
385
385
389
390
388
391
390
390
392
395
394
394
397
395
400
398
402
404
405
404
404
405
409
410
407
409
409
410
412
411
416
416
417
415
421
419
420
424
425
423
425
425
426
425
428
427
430
432
434
436
435
435
438
438
436
438
438
439
443
445
442
445
448
448
446
448
453
454
455
451
455
458
457
460
460
457
459
463
465
465
467
468
465
468
471
467
472
469
471
475
477
478
474
478
481
479
478
481
482
483
484
483
484
489
491
490
492
491
493
493
492
498
499
497
500
498
498
501
504
502
506
507
509
506
506
511
510
509
511
514
512
517
517
516
521
520
518
520
522
523
525
524
528
530
526
529
532
529
533
534
534
535
536
537
538
540
542
539
545
543
545
546
545
548
550
547
552
551
552
552
553
555
556
556
558
560
561
561
564
561
567
568
569
565
567
567
573
572
574
576
575
578
577
576
579
579
580
582
585
582
584
585
584
585
588
588
589
591
593
596
594
596
599
597
596
598
603
601
602
605
607
605
605
607
608
608
611
610
612
614
617
617
614
615
621
618
622
622
623
626
625
626
629
