5
3
5
8
5
9
10
12
13
9
13
16
15
17
17
15
21
22
20
24
21
26
24
25
28
25
29
32
31
29
32
33
35
34
37
39
41
39
41
41
42
45
47
47
47
46
50
47
52
51
53
51
57
54
59
56
59
58
59
59
62
65
65
66
64
66
71
72
73
74
72
73
75
74
77
80
76
80
79
81
83
86
85
86
86
85
89
88
91
94
90
94
94
98
99
95
98
97
102
99
101
106
105
105
109
110
107
108
109
113
115
112
116
117
116
119
116
118
119
119
124
123
126
124
125
130
130
128
133
131
132
136
134
134
138
139
141
137
139
141
141
142
142
148
146
145
148
150
148
151
152
155
152
155
157
155
159
162
161
159
164
163
166
164
169
166
168
167
171
173
175
173
174
178
174
176
176
181
183
180
183
181
185
186
184
188
191
187
189
191
195
192
195
193
199
196
196
201
202
199
205
206
204
206
205
206
207
209
209
212
210
214
213
213
216
215
221
218
221
222
220
222
222
228
228
228
231
227
233
230
230
235
233
235
239
235
238
237
241
239
240
242
244
244
247
246
249
249
253
253
251
255
256
254
255
257
256
257
258
261
265
266
267
267
265
267
269
271
271
270
273
275
273
273
279
278
281
281
282
283
283
285
285
288
284
290
289
287
291
292
294
294
292
298
294
295
297
297
299
304
301
301
303
305
308
309
306
312
312
312
311
314
312
314
319
316
318
319
320
320
324
323
327
323
325
328
326
329
330
331
331
333
332
333
339
339
338
341
339
342
341
344
343
345
348
347
347
351
350
352
351
353
353
354
358
359
356
360
361
364
364
366
367
366
367
369
369
370
368
372
370
372
375
378
374
376
378
379
380
381
381
381
386
385
384
387
390
388
389
390
391
394
393
397
399
396
397
401
400
400
400
402
404
405
405
407
406
412
409
412
413
416
414
413
418
419
416
422
418
422
422
426
425
427
426
426
427
429
433
434
431
436
437
438
435
440
438
442
440
442
441
446
444
448
447
449
449
448
451
452
452
453
453
453
455
458
456
458
461
463
461
463
465
464
468
469
469
472
472
474
470
475
472
473
476
478
481
481
480
482
481
484
484
487
488
486
489
487
491
494
492
492
492
498
498
495
501
499
501
499
501
503
506
507
509
507
509
511
510
513
511
515
514
515
518
516
517
522
520
524
524
526
523
525
528
529
530
528
532
529
533
532
533
535
534
535
538
542
538
541
540
545
542
544
544
548
551
549
553
549
551
552
556
555
557
560
559
557
562
559
561
564
563
564
568
570
566
570
573
573
571
576
573
576
574
577
578
582
578
580
582
586
582
585
589
588
590
591
590
592
595
595
593
598
596
599
597
598
598
600
604
603
603
608
608
605
610
610
608
613
610
615
615
614
619
615
617
621
619
623
625
626
622
628
625
