1
3
3
4
9
7
9
8
11
9
15
16
15
18
18
20
16
21
20
22
24
21
25
25
27
30
30
32
29
33
33
34
36
38
34
35
41
41
42
43
44
41
43
43
46
48
47
50
53
50
55
54
52
54
57
58
59
62
61
61
63
64
65
68
64
66
71
71
71
69
73
73
74
77
74
76
77
80
78
80
80
86
86
87
88
85
88
91
93
92
90
91
97
96
94
99
96
98
99
103
102
106
107
105
106
107
107
112
110
112
114
115
112
118
115
119
120
118
119
121
120
122
127
126
128
126
130
130
128
132
132
134
132
138
136
137
141
139
139
141
140
146
146
148
149
145
148
151
148
152
154
153
154
157
159
155
161
157
158
164
162
162
167
164
164
168
169
167
171
171
175
173
174
174
174
180
176
177
180
183
183
185
182
186
186
186
186
190
192
194
191
193
194
193
198
197
200
198
200
201
203
202
205
206
207
205
207
211
208
213
211
211
217
216
217
220
219
218
223
220
223
222
227
224
228
225
229
231
228
231
234
232
232
234
234
240
237
238
241
242
243
245
242
248
244
248
248
252
252
253
254
252
253
256
258
260
260
260
263
263
262
265
263
265
266
269
269
268
269
271
274
275
273
273
274
277
277
278
280
283
284
282
285
284
285
287
289
290
291
292
290
292
294
298
298
298
297
298
303
303
304
302
305
307
306
310
307
312
311
310
315
316
316
318
314
315
317
317
320
323
321
321
325
328
329
330
330
330
332
331
330
332
337
338
334
340
341
342
339
342
341
341
346
345
349
346
349
349
348
350
352
353
357
358
355
355
361
358
359
362
361
363
363
365
366
370
367
368
371
370
370
372
372
375
377
376
376
381
379
379
384
381
382
385
385
386
386
390
388
391
392
393
395
394
394
396
401
400
400
400
401
402
403
404
409
410
406
412
408
410
413
414
416
418
418
419
421
422
423
422
425
423
427
427
428
430
428
429
431
433
431
433
437
436
439
437
438
437
439
439
442
441
444
444
444
449
449
450
448
452
450
452
455
454
454
460
460
460
463
460
461
461
465
467
469
470
468
468
468
470
474
473
475
474
474
476
481
480
479
484
484
486
487
484
488
485
490
490
490
494
492
495
496
494
495
498
498
498
503
504
502
504
504
508
506
509
508
508
513
511
512
513
515
515
517
519
518
518
520
522
524
525
522
528
528
525
526
529
529
534
534
536
534
535
539
535
540
540
540
543
544
545
542
544
548
549
548
550
549
549
552
552
557
557
559
560
561
562
562
559
564
561
567
564
566
569
568
568
570
574
575
576
574
574
579
577
578
579
580
582
581
586
582
588
588
589
587
592
588
589
595
593
593
596
599
595
597
600
598
599
602
601
603
604
607
606
611
611
608
613
613
615
612
615
618
616
617
620
623
621
620
621
623
625
628
