2
1
6
6
5
7
7
10
10
12
13
16
14
15
16
15
17
22
19
21
23
26
22
26
25
26
30
28
30
29
35
36
35
33
39
38
40
38
40
40
45
45
43
43
45
49
46
47
49
49
50
55
56
55
55
60
58
62
58
64
62
65
62
66
67
65
68
68
71
72
73
76
75
74
77
79
76
79
81
84
81
85
84
85
84
85
88
92
88
92
90
92
92
95
97
95
99
99
103
104
103
105
105
104
106
109
106
110
110
109
114
114
112
118
117
116
120
121
119
121
125
123
126
126
124
125
126
130
129
134
132
134
134
135
134
138
138
137
143
139
144
145
147
148
145
145
149
150
152
150
151
154
152
154
155
157
160
162
161
162
162
164
162
164
166
170
167
168
172
173
170
174
177
174
179
179
180
177
182
182
183
184
185
183
184
190
187
189
188
193
195
191
194
194
195
197
201
197
200
199
205
204
206
204
209
205
210
209
212
209
215
215
217
213
219
218
217
218
223
220
222
221
224
223
224
227
229
231
231
231
234
236
235
238
235
238
241
240
240
240
244
241
244
248
248
245
250
248
248
252
250
251
254
256
257
260
259
259
261
261
262
263
262
268
269
269
267
267
270
269
275
274
276
278
278
280
280
278
282
281
281
284
285
285
288
287
290
288
291
293
295
292
296
295
295
300
299
299
302
301
305
301
302
307
307
306
310
311
308
311
313
314
312
314
316
320
319
321
322
322
323
321
326
325
327
330
328
328
333
331
332
336
337
337
334
339
338
338
341
339
344
344
344
348
347
346
351
350
352
354
351
353
353
356
358
357
357
357
362
363
363
365
365
366
365
367
370
367
369
372
371
375
375
373
379
378
380
382
383
380
382
385
382
384
386
385
388
388
392
393
390
391
392
394
395
399
399
400
402
404
400
403
406
408
407
405
408
412
408
413
411
416
416
414
415
416
418
422
421
422
421
426
422
423
425
430
427
430
432
431
433
431
436
438
439
440
436
437
440
443
445
441
442
446
446
445
451
447
448
452
451
455
454
458
455
460
458
462
460
461
463
462
466
463
468
469
469
471
469
472
472
473
472
473
474
476
480
482
480
481
482
482
484
487
486
485
489
490
490
493
494
491
494
498
495
497
496
499
500
502
504
506
506
503
506
505
507
512
509
509
512
515
513
515
517
516
518
522
518
519
521
521
522
523
525
527
527
530
531
530
534
533
535
533
534
536
541
538
541
540
540
543
542
548
544
548
549
550
550
550
555
552
552
555
556
560
560
562
561
561
563
566
565
565
565
565
570
568
568
570
572
575
575
574
574
580
580
581
581
580
582
584
584
584
584
585
590
587
591
590
595
593
592
593
594
595
599
598
602
602
600
602
605
604
606
605
607
608
609
611
613
615
614
617
619
619
618
621
622
619
621
623
622
625
628
