754
754
748
747
751
745
749
747
746
745
740
743
739
740
741
735
735
734
734
733
730
731
733
727
727
727
728
727
725
722
720
722
719
722
720
719
715
715
716
711
714
713
712
709
708
708
704
708
703
706
700
699
699
697
696
697
698
695
696
692
690
691
693
688
686
686
686
687
682
684
681
680
682
682
681
676
678
678
673
674
673
672
671
672
667
669
668
663
666
663
665
660
662
657
657
656
658
657
655
656
651
650
649
648
651
650
649
644
647
646
641
641
642
639
637
637
634
635
637
632
633
632
632
628
630
630
625
626
626
624
622
619
621
617
619
618
617
616
613
615
611
612
612
612
609
606
609
608
603
601
602
604
598
598
597
599
598
593
595
595
590
589
590
587
590
588
584
586
587
586
584
582
580
581
576
576
575
578
577
571
570
570
570
567
569
567
564
567
566
563
564
560
558
561
558
555
559
555
555
551
553
552
551
551
550
547
549
543
545
543
543
539
540
542
537
540
537
533
532
532
534
532
528
527
527
526
528
523
525
522
525
524
520
517
516
520
519
515
513
513
511
514
513
509
507
509
505
506
507
506
502
499
501
499
496
497
496
497
496
493
490
492
492
492
487
490
484
483
482
485
485
484
482
478
476
477
475
473
473
472
475
474
471
470
466
469
467
468
462
463
464
464
460
457
459
459
459
453
456
452
452
450
450
449
449
446
444
443
445
442
443
441
442
440
438
436
439
437
434
434
432
430
429
430
427
430
424
427
427
423
425
421
420
417
417
417
414
413
413
412
412
409
411
411
406
405
407
403
404
406
401
399
400
399
396
395
397
394
397
394
394
390
388
389
390
389
389
383
382
386
380
380
380
377
380
376
376
378
372
372
374
372
372
369
371
367
367
363
364
361
362
362
363
362
358
359
357
357
355
352
353
351
349
348
351
345
347
348
345
342
344
344
339
339
336
338
337
338
333
332
335
331
331
327
326
330
325
326
323
322
320
322
318
322
318
315
319
316
316
315
313
314
313
307
308
308
309
307
304
301
304
301
298
301
299
297
295
298
296
295
291
289
289
292
289
290
288
283
286
286
280
279
280
277
276
280
276
277
273
271
273
271
269
269
270
267
264
263
264
263
265
264
258
257
260
256
258
258
253
256
254
254
249
248
251
248
245
243
244
242
242
242
242
240
239
240
236
233
234
232
234
231
228
232
228
227
228
223
226
221
223
220
221
217
217
215
216
218
217
211
210
212
213
211
211
205
207
203
204
202
203
203
201
201
199
197
196
195
197
195
192
189
192
188
188
186
188
185
187
182
185
183
179
177
180
178
176
177
175
172
174
172
172
170
166
167
167
167
163
163
162
159
160
158
161
156
156
155
155
152
154
154
153
147
150
145
149
145
147
144
142
139
142
141
138
139
139
135
134
131
132
132
128
129
130
130
124
128
122
122
125
120
122
120
119
118
117
115
117
114
113
114
108
107
108
107
107
107
107
106
102
103
102
99
99
100
94
97
93
92
92
93
93
87
89
90
85
83
84
83
80
81
78
80
77
76
79
77
76
73
70
74
70
68
70
69
66
63
67
66
63
61
60
61
60
56
59
53
56
53
55
51
48
48
49
47
45
44
46
46
41
42
43
38
40
36
38
35
33
35
31
33
33
28
31
26
24
23
26
21
24
23
23
21
20
18
19
15
15
16
11
12
12
8
10
6
4
3
5
5
3
6
7
3
8
7
10
11
9
12
14
15
17
15
16
19
16
21
18
24
24
26
27
23
25
26
28
30
31
34
30
35
37
37
34
39
36
39
42
44
41
44
44
48
45
50
49
51
50
53
52
56
54
58
59
59
60
62
63
63
63
63
62
66
67
66
67
72
69
71
75
75
73
74
75
75
77
80
81
81
81
82
84
84
86
89
90
90
91
90
90
94
96
97
95
97
99
100
100
104
100
106
102
105
106
110
109
108
110
110
110
115
117
115
116
118
116
121
122
120
124
125
124
125
127
125
127
130
133
130
132
135
136
134
136
137
139
138
140
144
142
146
143
148
144
147
151
148
149
153
154
152
155
157
156
158
157
159
162
163
162
163
164
165
169
170
168
171
169
169
174
173
176
178
178
177
180
181
183
179
183
183
182
183
185
189
189
190
193
190
192
191
197
196
195
200
198
202
203
200
204
203
205
205
209
208
207
208
211
212
214
212
214
213
216
218
219
217
219
220
225
224
222
226
224
225
227
227
232
231
233
232
234
234
237
237
236
239
239
243
243
246
247
245
246
245
246
251
250
253
251
256
254
258
257
256
256
260
261
261
260
265
262
267
268
267
268
272
269
271
272
272
272
275
277
280
278
281
283
281
280
281
285
284
289
285
288
292
293
290
290
296
292
293
298
300
296
301
298
302
301
303
305
306
305
307
306
310
312
314
314
313
317
313
316
318
318
321
319
323
321
325
326
328
328
326
328
331
328
332
335
334
332
334
335
336
339
342
341
342
340
341
342
345
344
349
348
350
350
351
350
354
357
355
359
356
356
360
358
364
361
365
366
367
369
369
371
368
370
374
373
376
374
377
378
375
381
378
379
382
385
386
383
387
384
390
389
388
393
394
393
396
397
393
397
395
397
402
398
400
404
405
403
407
404
408
409
409
413
412
412
415
412
413
418
416
418
418
420
424
423
424
423
423
426
427
430
431
431
430
431
433
436
435
437
436
440
439
438
440
445
446
446
448
447
449
446
452
452
449
451
453
454
454
454
457
456
458
459
464
461
465
467
464
469
467
469
468
470
470
471
473
474
475
478
476
478
477
481
482
484
483
484
483
488
490
488
491
491
490
494
496
492
494
495
497
498
502
502
499
503
503
502
503
506
510
506
512
510
512
510
511
517
518
516
519
518
519
518
522
524
522
525
524
529
525
529
531
532
529
533
531
532
535
536
540
536
537
539
543
540
543
546
545
548
547
549
549
553
549
552
553
555
555
557
559
556
557
562
563
560
562
567
566
567
565
568
571
570
572
571
574
572
577
579
578
580
579
579
583
582
584
582
586
586
589
587
588
593
591
592
592
594
598
594
597
598
598
602
603
601
604
602
607
604
609
611
610
608
611
612
612
613
613
617
619
621
619
619
623
623
625
627
628
625
629
630
629
629
632
633
632
633
634
639
640
639
637
641
640
644
642
643
645
644
647
647
650
648
651
650
651
652
654
655
660
659
662
663
659
662
663
667
663
668
665
671
672
670
672
670
674
676
678
679
680
681
677
681
683
683
686
685
684
687
685
690
689
688
691
691
693
693
696
698
698
699
701
701
700
705
704
703
703
706
705
710
707
711
713
714
716
717
717
716
719
718
720
723
722
720
725
725
726
724
729
729
731
733
729
730
732
733
733
734
739
736
737
739
740
745
744
747
743
744
750
750
752
749
754
