754
754
752
752
748
748
746
745
743
742
742
744
741
741
740
737
736
733
736
731
732
734
731
730
731
726
728
727
727
725
722
722
719
717
717
717
714
715
714
715
713
714
708
712
710
706
705
708
703
705
701
699
702
700
698
699
699
696
693
692
692
689
688
691
687
686
686
688
684
683
680
684
682
682
676
675
674
677
672
673
673
672
673
670
667
667
664
663
662
663
661
662
661
661
656
655
659
655
652
652
655
653
649
651
646
646
649
643
643
645
641
640
639
638
640
640
636
637
633
635
631
629
630
632
630
625
629
626
624
624
624
621
621
621
617
618
616
615
616
616
613
611
612
610
609
605
605
603
607
604
605
604
598
600
599
597
597
597
597
594
593
592
592
588
587
590
587
587
584
583
585
581
583
582
576
579
577
574
574
576
575
569
571
569
569
569
565
564
567
566
560
561
561
558
558
560
554
555
557
556
555
552
548
552
549
547
548
545
544
542
542
542
541
539
536
540
534
537
537
535
532
529
528
528
529
526
529
524
526
523
520
523
518
518
516
517
514
513
514
516
515
513
508
512
507
509
509
507
503
506
504
504
498
499
496
495
495
495
492
494
494
491
490
492
487
487
486
488
484
484
480
480
481
481
479
477
479
476
476
472
475
474
472
470
471
470
465
463
467
466
461
464
460
458
457
458
454
453
455
453
450
454
449
449
449
449
445
446
446
442
444
442
439
442
440
435
439
435
436
432
431
429
432
427
429
428
426
427
422
422
421
419
422
419
420
415
419
414
416
415
412
414
412
410
410
405
408
405
402
403
400
399
403
402
397
397
399
398
393
393
395
392
390
389
389
387
384
385
383
383
380
383
379
382
379
375
378
374
374
374
370
370
373
372
369
368
364
367
366
364
363
363
361
357
361
356
357
358
353
352
350
352
349
347
349
348
348
346
342
341
342
340
340
340
337
337
337
334
337
333
331
333
329
331
326
327
324
323
327
324
321
324
320
317
320
320
315
318
316
314
311
312
310
311
311
306
306
307
303
305
301
304
301
297
297
297
295
298
296
291
291
290
293
287
287
288
284
286
285
286
285
282
283
282
281
279
279
278
274
274
275
274
270
267
269
269
264
266
262
262
260
259
258
257
259
257
259
257
257
251
252
249
250
250
246
248
248
248
247
246
240
243
241
238
241
240
234
238
235
235
232
232
228
230
228
225
228
227
225
225
223
222
219
220
216
215
219
213
216
211
212
212
213
208
207
210
204
204
204
204
201
200
203
200
201
196
194
197
193
192
194
190
188
192
191
189
189
188
187
182
184
184
182
178
180
176
175
176
172
173
170
170
169
168
169
169
167
165
162
164
161
164
163
157
159
159
159
156
156
155
153
153
149
149
147
148
145
144
146
145
143
142
140
139
138
136
134
135
132
131
135
131
130
131
131
127
129
124
126
126
121
121
120
117
118
120
117
118
114
113
115
110
109
112
107
107
107
104
107
102
100
104
100
102
97
97
97
97
94
93
93
92
90
90
88
85
84
88
84
85
80
83
83
79
77
79
77
75
72
72
70
73
68
71
67
70
69
63
66
64
64
62
63
60
59
59
56
56
52
56
54
51
50
48
47
47
45
43
42
42
44
42
41
39
36
38
37
34
33
35
30
32
29
30
30
28
24
27
23
26
21
21
22
17
17
15
16
15
15
14
12
11
12
11
7
6
8
5
2
1
2
2
4
8
4
7
11
11
13
12
12
11
15
18
19
15
16
19
19
23
20
26
22
24
24
25
31
27
29
34
30
33
33
37
34
35
36
39
43
39
42
41
44
48
47
46
50
51
48
51
51
52
55
55
55
56
60
61
59
64
61
61
62
68
66
67
67
68
70
72
75
73
72
76
75
76
81
80
79
84
81
83
87
88
87
86
86
88
88
89
93
92
95
96
97
98
96
102
101
100
100
101
102
106
107
109
110
107
109
110
114
113
114
113
114
118
121
117
120
120
125
124
126
123
126
129
126
131
129
130
133
134
134
135
137
140
137
140
138
139
141
144
146
147
149
147
149
149
151
150
152
154
157
155
157
155
158
157
163
164
165
166
164
165
164
167
168
168
171
172
175
176
173
175
178
177
177
180
178
180
185
183
182
185
185
185
191
192
191
191
194
196
196
197
197
198
196
197
199
204
202
203
206
208
208
205
211
207
208
211
211
216
215
213
215
217
217
218
218
224
222
221
222
225
225
226
227
230
229
234
232
235
237
234
238
240
238
238
242
241
243
243
242
243
248
247
249
248
251
253
255
255
253
258
255
257
259
260
259
262
261
262
264
268
264
265
270
271
268
273
275
272
273
273
277
276
280
277
280
280
282
286
284
287
285
290
288
291
293
290
295
295
297
295
298
295
296
298
303
300
301
302
304
306
304
310
307
311
311
310
312
315
314
315
315
319
321
320
318
319
322
325
325
323
324
327
330
330
330
334
330
334
336
334
338
340
341
342
341
339
342
342
346
344
346
347
350
350
349
350
353
356
352
355
355
360
361
358
359
364
364
361
365
365
366
367
369
371
372
372
371
376
374
373
377
378
379
380
382
384
385
386
383
385
387
386
386
392
388
390
394
394
394
397
397
397
398
402
399
403
404
401
404
405
406
405
407
409
413
409
413
411
412
414
416
418
416
422
422
420
423
424
424
426
428
428
431
427
431
432
433
436
435
438
439
440
438
440
442
442
444
441
442
443
449
449
448
447
448
452
452
453
456
457
459
458
456
458
458
461
462
464
466
464
469
469
467
467
470
473
473
475
477
474
474
477
478
478
478
481
483
481
483
484
488
485
486
490
493
492
492
492
494
494
494
498
499
500
498
500
503
506
506
507
508
510
511
512
511
512
510
513
517
515
518
516
521
520
521
524
523
526
527
527
528
525
527
530
532
532
533
536
537
533
539
538
538
540
539
540
543
545
544
546
546
546
551
550
549
549
550
552
557
553
556
559
557
560
561
561
565
566
563
564
569
568
566
569
571
574
575
571
573
573
578
580
579
578
578
580
585
583
584
588
585
588
590
588
591
591
592
596
592
594
598
595
597
602
600
601
600
601
604
605
607
605
608
610
610
611
612
616
615
617
617
616
621
618
621
621
625
623
625
626
629
628
629
629
628
634
631
633
633
634
637
637
637
642
638
640
642
644
647
644
648
650
649
649
648
649
655
655
655
654
654
659
658
661
663
662
664
664
667
665
667
669
669
670
673
670
673
672
675
676
677
680
678
678
681
681
682
684
684
684
687
690
690
690
692
692
693
692
692
696
697
699
696
701
703
701
702
706
703
705
708
705
711
709
708
709
714
713
715
716
716
716
716
722
720
721
724
724
724
726
724
729
730
729
728
732
730
735
737
735
739
735
736
742
741
741
741
745
746
748
747
746
751
750
751
750
