754
751
748
747
747
750
746
744
742
743
740
740
742
739
738
739
738
735
737
732
732
732
732
729
727
727
729
727
726
723
722
723
718
722
719
716
719
713
712
714
713
711
708
709
710
709
705
705
706
702
703
702
698
701
700
696
696
695
696
696
691
689
691
691
689
689
685
687
685
685
682
679
681
680
681
678
675
674
677
675
670
673
671
671
670
667
667
665
666
664
664
659
661
659
656
657
659
658
653
653
651
651
653
650
648
648
647
645
644
644
643
643
642
639
638
639
636
636
636
635
630
633
630
632
630
627
627
628
622
622
625
620
621
618
617
616
618
616
612
614
613
610
611
612
610
610
606
603
607
605
604
604
601
597
597
599
599
598
596
592
590
592
590
588
590
585
585
585
585
584
581
579
578
579
576
579
579
575
575
575
574
574
568
570
568
565
569
565
562
563
563
564
562
560
559
558
557
554
555
551
553
550
548
551
546
546
546
547
544
543
542
539
543
542
538
540
537
537
533
535
533
533
529
532
526
529
528
525
526
525
523
521
522
518
521
517
517
514
517
514
510
513
513
510
509
507
509
503
506
503
503
504
501
502
499
498
499
494
497
493
494
489
492
489
490
485
487
486
482
482
481
484
478
482
478
475
478
476
473
475
475
472
470
468
469
468
466
463
465
464
460
459
458
462
457
457
454
456
452
454
452
449
452
450
449
450
446
447
444
446
443
444
442
437
436
438
438
433
435
435
430
429
429
431
431
429
427
427
425
423
423
422
420
420
416
417
414
413
412
415
414
414
410
412
406
409
405
407
407
403
401
401
398
399
398
399
397
398
394
392
391
391
389
390
388
387
385
384
383
381
384
384
378
381
377
377
377
373
377
374
374
372
371
372
371
365
365
366
364
363
364
360
360
361
359
360
358
354
353
354
350
354
349
351
351
346
346
346
345
345
341
342
343
339
340
335
336
333
333
336
331
334
332
327
326
327
328
327
322
322
321
319
318
322
317
320
315
314
314
312
310
310
308
310
310
306
309
307
306
303
301
304
300
297
301
295
294
294
295
294
293
289
288
289
291
289
288
283
285
286
284
280
278
282
279
277
275
274
274
274
273
270
269
269
271
266
264
268
266
261
261
259
260
257
258
255
256
256
255
254
251
253
253
251
248
247
249
247
246
245
245
240
240
242
238
239
236
234
236
236
233
230
230
227
226
226
227
226
225
221
225
221
220
222
220
218
218
213
212
214
210
209
212
212
208
205
209
204
206
202
200
203
203
201
197
196
194
197
192
196
195
193
191
189
189
186
187
186
183
182
185
182
178
180
179
177
174
175
174
176
174
170
173
169
168
165
166
163
164
161
164
159
161
160
161
156
156
157
154
154
153
150
152
147
147
148
147
144
147
142
140
144
143
140
140
140
139
138
135
136
132
133
131
131
131
128
128
126
124
125
122
122
118
121
119
118
117
115
117
115
115
114
113
107
108
105
104
106
103
102
102
101
103
102
98
98
98
94
94
95
94
92
90
89
90
86
84
88
82
82
80
83
81
78
78
79
79
76
75
76
75
73
70
72
71
70
66
65
65
62
65
63
59
62
57
56
59
58
52
54
53
49
53
47
50
45
49
48
43
42
42
41
40
39
36
35
37
36
35
33
32
30
28
30
26
28
29
24
27
26
25
19
23
20
18
20
15
14
13
14
14
11
11
12
8
6
8
6
4
2
2
4
3
3
6
7
6
9
11
11
13
14
16
18
18
20
17
22
18
24
21
26
23
26
25
28
31
30
31
31
31
35
36
36
38
36
36
41
42
40
42
45
43
45
48
45
49
48
50
49
51
52
55
53
56
57
60
61
63
61
62
63
62
67
67
70
71
72
68
73
74
71
72
77
78
77
78
79
83
80
82
83
82
86
88
90
89
92
90
90
91
92
92
98
95
96
101
100
100
99
103
101
104
105
104
108
109
107
110
109
111
113
116
116
119
117
120
119
121
120
124
124
125
128
129
126
129
132
133
129
134
133
134
136
136
137
137
140
141
140
142
146
142
143
148
146
149
147
149
149
153
152
152
157
156
156
160
157
159
163
165
166
167
167
164
167
168
169
170
174
173
173
175
175
178
177
176
179
181
184
180
186
186
186
189
188
190
190
193
190
194
196
194
195
196
196
198
199
198
204
204
203
203
204
209
205
209
208
211
213
211
213
213
214
217
215
218
220
221
222
222
223
223
223
225
226
229
228
228
229
232
232
232
237
238
237
238
238
241
243
240
241
245
248
249
248
248
249
252
250
253
254
256
253
255
256
261
262
259
264
260
261
266
268
266
269
268
269
272
273
271
271
272
276
279
280
281
281
278
279
282
281
284
287
287
285
287
292
289
291
295
293
295
296
299
299
298
297
299
303
301
302
303
304
309
307
310
307
308
311
313
316
316
315
319
320
317
322
321
322
322
324
324
326
325
325
327
328
330
330
335
335
336
338
335
339
341
340
338
343
343
342
346
347
345
349
351
350
348
353
355
353
356
354
357
356
358
360
363
359
361
363
367
366
366
366
369
369
370
371
374
374
373
376
379
379
377
379
382
380
385
384
383
388
389
390
388
391
391
392
390
394
397
395
395
396
399
397
398
404
405
401
402
406
404
410
410
412
409
409
415
411
413
415
414
418
419
417
423
421
420
424
423
425
424
425
427
427
428
432
433
433
437
438
434
440
441
438
438
442
445
443
442
444
445
446
451
450
452
454
454
456
452
458
459
455
461
459
462
462
460
465
464
463
464
469
471
472
469
471
470
471
472
474
478
476
479
477
480
484
484
484
483
486
488
486
487
487
493
493
490
495
497
495
496
498
500
498
499
502
504
502
502
503
508
509
509
509
509
512
513
514
512
516
517
518
519
518
520
523
525
523
527
526
529
525
529
531
528
534
531
531
532
537
534
539
541
538
541
540
544
542
545
548
545
550
548
549
550
553
553
553
552
556
555
556
556
560
563
560
562
563
562
564
569
567
568
569
573
572
571
571
574
574
574
575
579
582
580
584
580
582
585
588
585
589
586
591
593
593
595
592
597
594
596
599
601
601
598
601
600
604
603
605
607
605
606
607
609
614
610
613
613
614
616
616
616
617
619
620
624
621
622
623
626
630
626
628
633
630
634
634
634
634
639
636
640
639
639
641
643
646
643
647
648
650
646
651
651
654
650
652
657
657
657
658
659
658
660
661
663
666
664
668
666
668
666
668
670
670
675
675
674
674
676
680
677
678
679
680
684
685
682
687
688
690
691
692
690
691
691
693
694
698
699
697
700
702
701
700
700
704
706
706
709
708
709
709
711
711
710
711
714
717
718
715
721
722
721
722
723
725
722
727
724
729
731
730
728
729
733
733
732
735
739
740
736
741
740
744
742
745
743
747
744
746
748
747
752
753
