751
752
752
752
751
746
744
747
745
742
741
744
738
737
738
739
738
733
737
734
735
732
731
730
727
725
725
725
727
722
723
724
722
718
716
715
718
714
713
715
715
712
708
707
709
709
705
708
705
704
705
704
703
700
697
699
699
694
692
693
695
693
691
689
691
687
685
683
686
684
680
680
682
679
679
678
674
673
672
672
671
670
668
667
666
667
669
667
663
663
664
661
663
661
659
659
658
658
653
653
651
649
652
650
650
645
647
647
643
644
640
641
641
639
638
637
634
637
634
635
630
634
632
629
630
627
627
624
625
625
624
619
619
621
620
616
616
616
617
611
615
612
611
607
606
605
609
605
603
603
601
600
603
602
596
596
594
597
592
595
590
591
592
587
589
588
589
588
585
583
582
580
579
578
581
577
579
575
575
571
573
571
573
572
571
569
566
565
564
565
561
562
563
560
557
555
556
555
555
556
553
552
550
549
551
550
545
547
543
543
543
544
543
538
540
537
534
536
537
533
534
529
532
532
529
527
528
527
524
525
521
523
518
522
517
516
515
517
515
516
512
514
508
509
511
505
506
505
502
502
505
502
498
497
496
496
494
496
493
496
492
494
492
492
489
485
489
483
487
484
485
483
483
479
478
475
476
476
477
472
470
471
468
467
467
467
464
464
462
464
463
459
459
458
459
460
456
457
457
451
454
450
449
449
448
445
447
445
445
441
443
443
439
439
438
435
438
433
435
435
431
434
432
432
431
430
425
423
427
424
424
423
421
422
417
417
415
413
416
415
415
413
413
412
409
410
405
404
407
402
401
399
402
398
396
396
399
398
397
391
394
389
388
387
386
387
389
386
386
381
385
379
378
377
380
379
377
376
377
376
370
373
372
367
370
368
364
363
364
361
362
363
361
360
360
356
358
354
353
354
355
354
348
348
348
349
349
346
342
341
340
343
343
339
337
340
334
338
335
331
333
332
332
329
331
325
328
327
322
322
323
322
318
318
318
315
316
313
317
313
315
310
313
312
306
305
304
306
306
304
302
303
298
301
301
295
295
298
296
294
293
291
292
287
290
288
284
283
282
284
280
282
278
279
278
280
276
273
272
272
270
272
270
267
267
267
268
268
262
264
260
259
262
259
259
255
255
255
254
251
251
249
253
252
246
250
245
243
247
241
243
244
238
240
237
239
236
237
232
231
232
229
228
228
228
229
227
224
223
225
224
223
220
220
216
215
219
217
214
215
215
209
210
209
210
208
208
204
203
206
200
200
201
202
200
197
199
198
194
196
195
194
193
189
190
190
184
187
185
186
181
181
182
178
177
176
178
177
172
172
174
174
172
169
166
168
167
165
165
166
163
159
162
160
160
155
154
156
156
155
153
152
148
148
147
150
144
143
146
141
143
144
141
140
141
138
136
135
136
136
135
131
130
128
131
129
128
123
127
122
124
123
120
117
116
116
116
118
115
115
111
113
110
107
108
110
107
103
102
103
105
101
98
99
99
100
94
96
96
93
92
89
89
91
88
87
84
84
82
81
83
83
83
80
77
76
79
77
76
76
74
69
70
69
68
65
66
65
67
62
60
62
63
61
59
57
55
53
55
53
51
49
50
51
50
47
45
45
45
44
43
39
41
39
40
37
36
35
32
34
35
30
32
30
29
30
24
26
24
25
20
20
18
21
21
17
19
18
15
16
13
10
12
12
8
9
4
3
5
3
0
5
5
6
8
10
8
10
11
14
11
13
17
15
18
16
20
17
19
19
21
25
23
27
29
30
29
32
28
29
30
33
35
37
39
37
40
39
43
41
43
42
43
48
47
49
46
52
51
49
54
52
57
58
54
57
56
60
59
61
64
66
62
65
66
67
66
67
68
69
70
73
72
75
77
79
80
80
80
80
83
85
85
88
84
88
89
92
89
91
95
96
95
95
97
99
98
101
98
103
102
103
103
103
106
107
106
109
111
109
112
113
115
117
118
115
120
121
120
121
123
121
126
124
124
130
127
128
128
133
130
133
137
133
137
136
138
139
142
142
144
143
144
147
147
145
147
147
148
153
150
152
156
156
159
155
157
158
159
164
163
165
162
163
165
166
166
170
172
169
175
172
173
173
175
179
178
177
180
184
182
183
183
186
188
188
189
190
189
191
195
192
196
195
194
198
199
197
203
199
201
201
203
205
208
208
208
210
210
209
212
212
214
213
218
215
220
217
221
224
223
226
222
226
227
229
226
227
232
231
232
232
234
235
237
239
237
237
238
240
244
246
246
245
248
246
251
249
252
252
250
252
252
256
256
260
260
259
260
263
261
265
264
268
264
270
266
270
268
274
274
276
276
276
276
276
276
277
279
281
280
285
283
284
287
289
289
287
288
293
295
294
295
293
295
298
301
302
303
301
300
304
303
305
304
306
310
310
311
311
315
312
315
318
317
317
318
322
319
322
325
321
322
323
329
325
328
329
333
333
333
332
335
334
336
339
339
342
343
340
341
345
342
348
346
349
346
347
351
351
355
352
357
353
356
356
357
361
360
359
365
362
365
368
367
369
366
368
369
371
375
376
372
374
378
378
381
382
380
380
381
386
384
384
387
389
387
392
388
389
394
391
396
393
397
395
398
398
399
404
404
406
404
405
406
408
406
409
410
409
412
416
414
413
417
416
420
418
419
421
420
421
422
424
425
430
426
428
432
429
431
433
435
433
439
437
436
438
442
443
444
446
444
443
448
446
450
452
453
452
453
455
457
454
459
457
461
460
460
464
462
465
463
464
467
470
468
470
471
473
473
471
473
474
477
480
478
479
482
479
481
484
483
486
485
488
487
490
493
492
490
492
497
496
499
496
497
497
498
500
502
506
504
507
505
508
506
511
509
513
511
511
517
513
517
516
517
517
520
524
520
523
525
525
524
527
530
529
529
533
533
534
534
533
535
535
538
537
542
542
541
545
544
548
544
550
546
549
551
552
553
552
553
554
557
559
558
562
562
562
562
563
562
568
564
567
570
571
571
573
571
573
575
574
579
576
576
578
578
581
585
581
582
586
584
585
586
588
592
589
595
596
596
594
599
596
596
598
603
599
600
601
606
605
604
607
606
607
609
611
611
614
616
614
614
620
617
622
623
620
625
625
623
626
629
628
629
629
630
630
630
633
634
635
634
638
639
642
643
641
644
644
646
647
645
647
650
650
648
652
652
654
654
654
655
657
657
662
658
664
664
662
662
666
666
668
668
671
673
674
674
671
672
675
677
678
680
682
679
680
684
683
685
684
686
689
688
690
690
690
693
691
695
694
695
700
696
702
703
704
700
703
705
707
707
705
711
707
711
709
715
713
712
713
715
719
719
717
718
723
723
724
724
727
725
725
727
732
729
730
734
734
737
737
738
736
738
742
741
739
744
744
744
744
744
748
751
752
749
749
