752
753
748
751
751
750
745
743
746
744
740
739
738
740
740
736
739
738
733
736
734
733
728
728
730
728
726
726
723
726
721
722
720
722
717
716
717
716
712
714
712
712
710
709
709
709
705
706
702
702
705
703
698
698
698
699
697
695
693
693
693
693
688
690
686
686
689
685
686
682
684
684
678
678
680
680
674
677
677
673
671
671
673
671
669
667
666
667
665
665
660
661
660
657
659
656
659
657
653
655
653
652
653
652
648
645
649
646
643
644
643
644
639
640
641
640
639
637
634
632
633
632
631
629
628
630
626
624
625
623
624
622
619
620
619
618
616
617
617
612
613
611
610
612
611
605
604
604
605
602
605
599
603
598
597
598
598
594
594
594
591
589
589
587
589
587
589
584
584
585
580
584
578
579
579
578
578
577
574
574
573
574
572
571
566
565
567
565
566
564
564
561
561
558
560
556
559
557
556
555
551
550
549
549
549
546
548
547
544
541
540
539
540
538
537
540
537
537
536
533
530
530
532
527
531
525
529
525
526
525
520
520
519
522
521
517
517
515
513
514
513
509
513
512
506
508
509
504
505
501
500
501
501
502
498
499
496
498
496
495
491
489
490
489
486
486
486
483
487
481
483
483
483
480
481
477
479
477
473
474
472
474
469
470
466
469
465
467
463
463
464
461
461
461
456
455
458
458
456
453
455
450
452
452
450
448
447
446
443
445
444
442
438
441
438
439
434
433
432
435
432
431
429
431
431
425
426
425
425
422
422
422
420
417
419
415
415
415
416
412
410
410
408
411
411
410
404
406
404
403
404
402
400
398
400
400
396
393
395
393
390
392
389
390
387
387
384
385
384
384
382
382
383
377
378
380
374
374
375
374
374
374
368
369
370
370
366
364
363
364
361
361
360
358
359
355
355
353
355
353
353
353
349
352
349
345
346
346
344
346
342
344
340
339
339
337
334
337
332
333
331
331
330
330
329
326
328
328
322
322
321
324
321
320
317
320
318
316
312
311
310
311
311
312
306
306
304
304
304
304
303
304
299
299
298
297
298
293
297
296
292
293
293
290
286
289
284
283
286
286
281
280
280
281
279
278
274
274
276
276
271
273
273
269
268
265
266
266
262
266
265
264
258
260
260
255
259
255
254
254
253
250
250
247
250
245
247
248
242
243
244
244
242
238
238
239
235
237
234
233
232
233
233
230
230
228
225
224
226
224
225
220
221
217
220
218
215
218
214
212
215
214
212
207
210
206
208
205
207
204
201
201
202
199
196
199
199
193
192
194
191
189
190
192
189
188
187
183
186
183
184
183
182
182
176
179
177
177
177
171
172
173
168
169
171
170
167
168
165
166
160
161
159
158
156
155
158
158
155
153
150
152
148
150
148
147
146
143
145
146
145
140
143
141
137
136
138
138
135
134
135
129
130
129
129
130
127
126
123
126
122
124
120
118
121
118
116
117
116
114
112
114
112
110
106
107
105
105
103
104
100
102
100
101
101
96
95
94
94
94
93
94
90
87
90
85
89
86
85
82
82
84
83
78
80
78
79
76
77
73
73
72
69
68
66
70
64
67
64
65
60
59
59
60
56
56
58
57
52
55
54
52
49
50
49
45
47
44
44
46
45
41
41
38
41
40
38
35
35
33
34
33
28
29
31
30
28
25
25
22
22
20
19
21
18
18
17
18
16
16
11
12
9
9
8
10
7
4
5
2
2
3
2
3
5
5
10
7
9
12
15
13
15
15
14
15
17
20
23
20
22
21
26
28
28
28
27
30
33
30
33
31
37
33
39
37
41
42
41
40
40
43
46
44
47
45
48
51
52
51
50
51
57
58
57
55
57
59
59
62
65
64
65
67
66
69
68
69
70
70
74
73
74
77
75
77
78
82
82
79
84
86
82
85
84
89
87
91
88
89
92
93
93
96
97
98
100
99
100
103
105
102
102
106
108
110
110
111
111
110
111
113
114
115
117
117
116
117
119
120
124
126
127
126
127
130
129
127
133
132
133
132
135
136
137
135
141
139
139
139
140
144
144
147
149
149
147
149
148
151
154
155
154
157
155
155
156
160
158
162
164
164
165
163
166
167
171
172
168
170
171
174
173
177
177
179
179
178
182
180
180
182
182
184
189
187
186
192
189
193
194
195
192
193
195
196
196
199
201
204
205
206
207
204
209
206
207
207
210
210
213
213
214
214
217
218
220
219
221
224
222
226
223
226
229
227
231
228
232
230
232
236
232
236
237
240
238
238
241
239
245
243
242
245
247
247
250
249
248
251
255
256
256
257
255
259
258
260
263
262
260
264
265
268
266
270
268
270
270
273
275
275
277
275
279
275
279
279
280
283
285
281
284
283
285
285
288
287
291
291
292
292
293
295
294
299
297
297
302
302
302
301
303
305
309
310
310
312
308
310
311
315
314
314
316
316
317
321
318
319
322
321
325
325
325
326
326
330
329
333
333
336
334
336
338
335
341
341
343
340
345
344
345
343
344
349
346
349
352
351
352
354
353
355
357
360
360
358
358
360
362
361
363
365
366
366
366
371
369
374
374
371
376
378
377
379
379
378
379
381
384
382
382
385
387
385
388
387
388
390
390
395
394
394
397
400
400
400
401
399
402
403
404
406
408
405
410
412
411
413
414
416
417
417
418
416
421
421
418
424
421
422
426
425
426
429
431
428
430
430
430
434
434
438
434
435
438
441
439
442
443
442
447
445
448
450
446
452
448
453
454
451
456
455
454
459
461
461
460
460
461
464
463
466
464
467
471
467
470
472
470
475
472
473
478
476
478
478
479
484
485
481
482
488
489
489
488
491
491
493
494
494
494
498
498
496
498
501
500
503
504
505
502
505
508
509
508
507
513
511
512
513
514
513
517
519
521
522
521
520
520
525
524
527
527
528
528
528
529
534
535
534
536
535
534
538
537
542
542
543
542
542
544
545
549
546
547
548
551
552
550
553
556
557
555
560
557
562
563
559
563
566
562
565
568
565
570
568
568
571
571
573
575
575
574
579
581
577
582
583
580
585
587
585
584
590
586
588
593
593
593
592
593
597
594
597
598
597
600
602
600
603
605
605
607
607
606
611
613
612
613
616
613
617
616
615
619
622
620
624
621
623
625
625
625
629
628
629
629
629
632
632
633
638
637
638
638
642
640
643
642
645
646
648
648
645
647
650
653
653
653
651
656
658
655
655
659
660
660
662
661
663
662
668
667
666
667
668
669
671
670
672
676
675
675
679
676
678
679
682
685
685
682
684
685
688
690
691
692
692
692
695
696
698
695
699
697
699
701
701
701
704
707
704
708
710
707
708
709
712
712
711
716
713
719
718
720
722
722
723
722
722
722
728
728
728
730
729
729
729
735
734
732
736
734
738
737
740
742
743
742
743
743
743
745
747
751
752
753
752
