754
750
749
748
751
750
748
745
744
743
742
741
741
738
739
740
739
734
733
733
735
733
729
728
731
728
724
724
726
723
723
724
723
717
719
717
716
715
712
714
715
710
708
708
710
709
704
707
705
703
703
704
702
700
699
695
694
695
692
694
693
691
693
687
691
687
689
684
683
681
682
684
682
681
677
675
676
675
672
674
674
669
673
669
667
668
667
668
663
665
660
661
658
660
659
660
654
654
654
654
650
654
648
647
650
650
647
646
644
644
644
640
641
641
636
637
635
635
635
636
631
629
630
631
626
625
627
625
625
625
624
621
620
617
616
619
617
618
617
615
613
610
609
610
609
606
609
608
606
601
600
600
598
599
598
600
599
595
594
596
590
592
592
590
588
586
586
584
584
586
583
581
583
581
580
576
578
573
577
572
570
570
573
567
569
567
566
568
565
563
562
561
563
560
560
557
556
558
554
551
550
551
549
551
546
548
545
543
546
541
541
541
538
539
541
539
537
538
532
531
530
531
533
530
531
529
526
524
527
525
525
519
520
519
517
517
517
513
514
516
513
513
511
510
511
509
509
503
503
505
503
500
499
502
499
498
495
497
492
494
493
492
493
489
489
485
487
486
485
483
480
479
482
480
479
478
476
476
474
476
475
470
472
468
470
470
464
464
463
464
461
464
462
457
456
459
456
455
456
455
452
452
453
451
447
448
447
445
447
446
445
443
441
437
439
435
438
434
432
434
435
432
428
427
429
426
425
423
424
421
421
424
421
422
417
418
414
418
416
413
414
410
411
411
407
407
405
404
402
405
404
400
401
398
401
400
395
395
395
395
390
389
392
392
389
385
386
387
383
386
382
382
378
381
376
376
379
373
374
374
374
371
373
370
366
365
364
367
363
365
362
364
362
358
359
359
356
354
355
356
352
354
352
352
350
348
347
348
344
341
345
344
341
340
337
340
337
333
332
335
331
333
329
331
330
325
326
324
323
325
320
320
319
317
318
320
319
317
316
311
311
309
308
310
311
305
308
308
306
302
301
300
302
300
301
299
296
298
296
295
290
290
292
291
290
290
289
286
283
286
281
282
281
282
281
278
279
274
276
275
275
273
273
268
267
267
265
267
263
262
260
264
262
259
259
255
259
253
254
255
255
252
250
251
250
245
246
243
242
242
241
239
241
241
240
238
235
234
236
233
233
233
229
227
226
225
228
224
227
221
224
222
220
220
221
217
217
218
215
213
212
210
209
211
210
208
209
203
203
203
205
202
200
198
199
195
198
196
193
195
194
190
189
189
188
188
184
187
182
184
181
183
183
180
180
175
177
175
173
175
175
169
168
168
171
167
165
165
165
166
160
160
158
162
157
158
155
157
152
152
153
152
150
148
147
150
147
147
147
146
142
140
143
138
136
140
135
133
134
134
133
134
132
132
130
129
127
126
123
122
124
124
118
120
117
119
115
115
114
113
110
111
110
109
106
109
104
105
102
103
102
100
98
97
101
99
96
95
94
92
90
93
93
92
90
87
87
88
85
81
80
81
81
82
78
78
79
73
75
76
74
70
71
68
66
65
65
65
65
63
64
63
60
58
59
59
57
58
53
52
54
53
51
49
47
46
48
47
42
42
42
44
42
37
37
39
39
38
34
35
35
34
30
28
28
27
27
25
24
23
24
19
19
21
19
16
18
14
13
15
10
14
13
12
7
7
7
3
6
6
2
6
6
3
7
5
11
11
9
14
11
14
17
17
18
20
17
18
18
22
24
23
22
28
24
27
29
28
33
30
34
36
37
36
34
35
41
39
43
43
43
42
44
48
48
49
51
47
49
51
53
55
56
53
56
60
58
62
59
59
64
65
64
68
69
65
71
68
70
70
74
76
74
77
79
79
76
79
83
81
85
84
83
86
85
88
91
91
89
89
93
95
92
97
94
99
99
98
103
103
103
105
106
107
106
110
110
108
108
114
115
112
116
118
115
115
116
117
120
124
124
124
127
128
126
126
128
127
129
133
132
135
135
133
136
137
138
139
142
141
142
146
147
143
147
146
151
147
150
152
155
153
154
154
156
160
156
158
159
161
165
163
167
163
165
165
166
168
169
174
170
175
173
174
178
177
180
180
183
183
184
183
182
183
186
189
188
189
192
194
194
192
193
198
196
195
197
201
200
203
200
205
203
208
208
210
209
210
213
211
213
215
214
218
218
218
220
222
223
220
221
221
222
224
226
227
231
231
231
231
234
236
232
237
234
237
240
239
238
242
244
243
244
245
248
245
250
251
248
250
254
252
253
258
255
258
256
258
263
264
263
261
267
263
268
268
271
267
273
271
271
273
272
277
274
280
281
282
282
283
280
285
287
287
288
288
289
292
289
289
294
293
295
293
294
299
296
300
301
303
301
305
303
303
309
308
309
308
312
314
315
314
314
315
317
316
318
320
319
319
320
326
324
323
328
325
326
329
330
330
331
336
336
338
338
335
339
341
341
342
340
346
342
343
346
347
350
347
349
354
352
355
353
354
354
356
357
362
362
360
363
363
366
367
365
368
366
369
370
371
372
372
376
374
379
377
377
381
383
384
383
384
383
385
384
385
389
387
388
394
391
394
392
395
395
400
399
397
402
399
401
403
403
408
408
405
411
409
413
413
411
412
412
413
414
419
418
417
420
422
420
422
424
423
426
425
428
430
428
434
434
432
436
435
439
435
439
437
439
442
443
443
447
443
445
445
448
452
449
453
455
454
452
454
454
456
460
460
459
462
460
464
464
464
464
467
467
468
472
473
474
471
472
474
476
479
477
481
482
480
481
481
487
485
488
489
488
487
491
493
494
491
492
497
495
500
498
498
499
503
505
505
507
505
508
507
506
509
509
512
511
511
514
513
519
517
516
520
522
524
523
526
523
525
524
525
530
528
528
533
534
532
536
535
535
538
540
540
538
539
541
545
545
543
549
547
546
548
551
552
551
555
555
553
556
559
557
557
560
560
561
563
562
564
569
567
568
571
569
570
570
571
577
576
575
580
577
580
578
582
583
586
587
587
585
586
591
592
590
592
594
592
593
594
598
600
598
602
599
603
603
604
602
608
607
610
608
610
612
609
610
613
613
614
618
620
621
618
618
619
625
625
623
623
625
625
628
631
628
629
633
636
636
636
634
636
638
637
643
644
645
646
642
648
649
650
649
647
652
651
655
652
653
658
657
660
656
662
661
659
660
666
666
667
668
668
668
669
670
672
673
676
672
677
678
678
676
679
683
681
683
682
683
685
687
686
691
688
688
692
694
692
695
697
695
696
697
700
703
702
701
703
707
708
704
706
706
711
708
710
714
713
717
716
714
717
716
720
718
724
722
724
726
725
729
728
731
732
733
734
735
733
732
735
735
737
736
738
742
739
740
741
746
748
744
745
747
749
750
749
