751
754
752
751
750
748
746
747
745
745
742
744
740
740
736
737
739
734
734
735
731
734
728
730
728
729
729
723
726
723
723
723
718
718
719
717
715
718
717
711
711
713
712
712
707
710
704
707
702
705
705
700
700
699
699
699
695
694
695
692
694
693
693
691
687
688
685
686
687
682
685
683
683
678
681
679
677
674
673
672
671
669
668
671
669
670
666
667
666
663
662
659
663
662
661
655
659
657
654
654
650
650
651
648
650
649
647
646
647
642
641
642
641
637
640
635
634
638
633
632
632
631
628
630
629
628
624
625
624
623
620
623
619
621
619
620
615
616
615
616
614
611
608
610
609
608
604
607
602
604
600
600
600
600
598
599
599
596
594
594
591
590
592
587
589
590
586
588
585
581
581
579
583
579
580
577
575
578
575
576
573
571
573
569
568
566
567
563
565
561
562
562
562
560
556
557
555
557
557
553
550
550
552
551
547
549
547
547
546
542
540
542
541
539
541
537
537
535
537
531
535
534
532
528
529
528
528
523
527
523
522
523
519
521
517
515
515
517
512
516
510
512
511
508
508
506
507
507
507
504
505
503
502
499
497
497
498
498
493
491
493
494
491
491
488
489
487
487
483
486
482
479
483
479
481
475
474
475
474
471
471
469
470
471
467
469
464
468
463
465
465
462
461
460
459
460
454
457
457
455
455
450
453
447
446
447
445
448
445
446
444
442
440
441
439
437
439
437
437
433
434
434
431
427
426
426
426
426
427
426
421
419
420
419
416
420
418
415
415
414
411
411
413
408
407
409
407
406
404
401
401
401
398
402
401
395
394
395
392
394
392
389
388
389
391
390
389
387
387
381
384
382
383
381
380
376
374
374
377
375
371
372
372
370
366
368
368
366
364
361
360
362
362
362
360
359
354
353
357
351
352
351
351
347
350
349
344
345
345
344
342
343
338
338
337
340
337
334
335
332
330
330
329
328
327
325
324
325
325
324
323
322
322
317
317
315
315
315
316
314
314
311
310
311
307
306
307
306
303
306
301
300
302
300
299
295
299
293
295
293
292
290
292
292
286
287
285
288
283
281
282
281
281
277
281
277
279
274
272
272
273
270
270
270
266
268
265
263
266
261
260
259
258
257
257
255
257
257
256
251
251
249
249
249
247
247
246
246
247
241
244
244
241
237
237
238
239
237
234
234
233
230
232
228
230
225
225
223
222
222
220
222
220
217
218
215
219
217
213
216
212
213
208
212
207
207
209
205
207
201
200
203
199
198
196
199
194
196
195
194
194
194
193
190
190
188
187
185
182
184
181
181
180
179
179
178
176
177
173
174
172
172
173
170
169
170
168
167
163
162
163
163
158
158
160
160
157
155
156
154
152
151
152
149
150
149
147
144
145
144
142
142
138
137
138
136
139
134
134
134
135
133
132
128
126
126
126
125
122
126
120
123
122
122
120
115
119
118
115
115
111
113
109
110
106
106
105
106
103
101
102
102
101
99
99
99
95
97
93
93
90
89
92
88
89
88
89
85
87
81
81
83
78
82
81
78
78
75
77
74
70
72
71
70
69
67
69
68
65
61
64
60
59
60
60
58
57
53
56
56
55
54
51
51
51
46
47
48
47
46
45
42
39
41
37
36
38
36
33
33
32
30
31
30
27
28
26
24
23
25
23
23
23
21
21
19
15
16
16
11
11
12
8
9
9
10
6
7
5
2
2
6
3
6
7
7
6
11
10
12
12
12
14
15
17
19
19
18
18
24
21
24
24
27
25
30
27
31
29
30
34
32
33
34
37
40
39
39
42
39
40
44
44
48
45
47
47
49
49
52
55
53
53
57
55
57
57
59
62
61
62
63
66
65
68
65
68
69
71
72
75
72
76
78
79
79
81
82
82
79
85
84
84
87
84
85
86
92
89
91
90
95
93
97
98
100
99
99
101
104
102
102
106
105
107
107
106
108
110
112
115
112
115
114
114
117
119
119
118
120
124
122
122
125
126
129
131
127
129
131
130
134
137
137
139
136
141
140
142
141
140
143
146
146
146
147
151
147
149
154
154
156
152
154
156
156
160
162
159
163
165
162
166
163
167
168
166
172
172
174
170
174
174
176
175
176
181
178
178
184
183
184
185
187
187
185
186
188
188
191
191
195
196
193
199
200
198
201
201
201
202
205
206
207
205
206
210
208
212
209
215
214
217
213
218
217
216
220
219
219
221
226
227
223
226
229
230
230
233
232
234
233
234
235
236
236
236
242
238
242
241
245
243
246
245
246
246
251
252
251
254
256
252
256
254
260
256
259
259
263
261
262
262
264
266
269
271
268
268
270
271
274
276
275
277
278
276
280
282
280
283
283
286
284
286
287
289
292
288
294
291
292
295
296
299
296
296
299
301
299
304
301
306
305
309
306
308
312
313
311
310
311
314
317
316
318
320
318
318
321
320
323
322
324
327
326
326
329
330
333
331
332
332
336
339
339
338
339
340
339
341
344
345
343
347
348
347
350
349
354
355
354
356
357
359
360
357
361
362
362
361
361
362
368
368
368
368
367
370
369
374
376
372
373
377
377
376
380
378
382
381
384
383
386
385
389
387
390
392
391
392
391
395
393
396
395
399
398
400
401
402
402
403
406
406
405
409
409
408
413
410
415
413
416
418
420
421
420
423
421
425
426
424
428
427
426
427
430
430
429
433
436
434
434
434
436
439
440
438
440
442
445
446
447
445
445
451
452
452
451
451
451
454
456
454
460
457
461
458
459
461
465
464
467
468
467
470
468
469
474
473
476
475
477
476
475
476
479
480
482
481
481
484
484
488
486
489
488
491
489
490
492
497
496
494
500
500
497
498
503
503
505
502
507
506
505
508
510
509
509
515
511
513
516
518
516
516
517
519
519
521
526
526
527
527
527
531
531
533
533
533
533
533
537
537
538
539
538
539
539
540
541
547
548
549
548
549
551
548
550
552
551
555
556
557
557
559
558
562
563
561
565
562
567
566
566
567
567
570
573
572
573
575
578
579
578
580
578
582
584
584
584
582
584
587
585
588
591
588
589
595
593
597
594
595
595
596
599
600
603
605
603
603
606
606
606
606
609
611
611
610
611
616
618
615
616
619
622
621
619
621
622
623
628
625
625
631
631
632
632
633
635
634
634
639
639
638
642
640
644
642
645
646
644
645
645
649
647
653
649
652
656
652
653
657
656
661
658
663
660
661
661
663
664
668
669
671
667
670
670
673
672
673
677
674
675
676
678
678
682
681
686
682
685
685
690
689
687
693
694
693
692
694
693
694
697
700
701
700
702
703
705
704
703
704
710
706
707
712
712
715
712
717
715
718
719
717
721
720
719
720
724
724
726
728
729
727
727
730
734
733
734
736
734
739
740
740
742
740
741
742
745
747
746
744
750
746
751
748
751
