751
751
750
747
748
746
748
743
742
741
744
739
740
740
741
735
737
733
736
731
733
730
729
731
731
725
726
723
722
725
721
722
719
721
719
718
715
716
714
712
711
713
712
708
709
706
706
705
706
703
705
702
699
698
701
699
695
694
693
696
690
689
688
688
686
688
686
688
687
682
684
680
683
682
680
680
678
675
673
676
672
671
670
671
666
665
667
666
663
664
663
659
663
657
657
660
654
655
654
654
654
653
649
649
646
650
647
647
646
646
643
644
641
641
639
640
638
633
635
634
630
634
628
632
627
629
627
627
626
624
623
622
620
617
617
619
616
613
613
613
611
612
610
610
606
608
605
607
602
606
603
603
602
602
596
599
595
598
597
591
592
589
588
591
589
587
585
584
587
581
585
579
579
579
576
575
578
577
575
572
575
572
568
571
571
568
567
564
562
564
562
561
562
560
559
555
556
557
555
554
555
549
549
552
550
549
549
544
545
545
540
542
542
541
541
536
539
538
532
536
533
529
530
530
530
527
529
525
526
525
522
521
521
521
521
515
515
513
516
512
514
509
512
511
507
506
508
503
502
504
500
500
503
501
497
497
498
498
497
496
490
491
493
492
489
489
486
483
483
486
480
480
480
481
479
480
478
473
472
474
474
469
469
470
469
469
466
464
462
466
461
460
459
460
460
458
454
455
453
456
453
454
452
447
446
448
448
448
447
441
442
439
443
439
436
438
436
438
432
431
433
429
430
431
429
426
429
423
426
422
422
422
420
418
419
416
415
418
415
415
415
411
409
409
407
409
408
407
406
403
403
401
402
398
400
396
394
395
394
392
392
391
388
391
389
385
385
388
383
382
383
383
382
382
381
376
379
374
377
374
374
374
373
371
366
365
366
365
364
364
363
360
358
358
356
355
357
358
353
352
354
351
348
350
349
350
349
347
346
346
344
343
341
340
340
335
336
333
333
335
332
333
328
332
329
325
325
326
322
322
323
324
319
318
317
320
319
317
313
311
313
310
311
312
308
307
306
303
305
302
300
300
302
298
299
297
295
295
295
292
295
292
292
289
286
285
286
284
284
281
283
283
280
278
281
279
277
277
275
276
271
274
272
268
268
268
268
267
265
265
263
259
259
261
258
257
258
255
252
255
252
254
252
251
250
246
244
243
242
245
241
244
243
239
241
236
239
238
235
236
230
234
229
229
231
229
227
225
227
223
224
220
223
222
219
217
215
214
216
212
214
214
212
207
206
206
206
208
205
201
204
203
201
202
196
199
199
195
193
195
194
190
190
191
190
190
187
187
182
183
182
180
181
179
176
175
178
173
172
171
174
172
169
168
171
170
165
163
162
164
161
159
158
162
157
156
155
158
155
155
154
150
148
149
147
148
148
145
143
143
145
141
143
139
141
140
138
134
136
135
131
131
133
131
128
126
125
125
125
122
122
119
120
120
118
120
115
114
117
112
113
112
109
110
110
108
106
103
103
106
104
99
98
98
101
96
99
94
92
94
94
90
89
87
89
90
87
84
82
85
85
80
78
79
81
78
74
77
74
75
73
70
69
70
71
67
67
65
66
65
64
61
60
61
57
56
54
58
53
51
53
50
53
49
51
48
44
44
44
46
42
39
43
37
38
38
39
38
34
32
31
32
30
29
26
26
28
28
25
23
24
22
22
18
17
15
19
14
15
14
15
14
11
7
11
8
9
3
2
3
0
6
6
5
6
7
7
7
11
13
15
14
13
16
19
15
18
21
21
21
23
22
27
26
25
29
31
27
30
34
30
33
32
33
39
36
39
40
41
39
41
42
44
44
47
46
46
51
53
51
55
51
54
56
55
59
58
62
63
63
65
66
64
63
65
66
69
69
73
70
73
76
74
77
75
80
79
78
82
83
81
82
86
84
84
90
89
91
90
93
94
95
92
98
95
98
96
99
103
101
102
102
107
104
109
105
111
108
113
113
112
114
117
117
115
116
120
122
118
124
122
125
125
123
128
128
130
131
128
133
131
131
134
134
138
137
141
140
139
143
145
146
146
145
148
148
148
150
149
154
151
153
157
154
154
159
158
162
159
163
162
164
163
165
169
167
168
167
173
172
172
171
173
177
177
177
176
182
179
183
182
182
183
184
188
188
187
192
189
189
191
191
195
193
195
195
197
198
198
204
202
206
207
208
204
205
207
209
211
210
212
211
213
217
215
216
218
220
218
219
220
223
227
225
226
229
229
231
232
230
234
232
233
236
238
240
237
240
239
243
244
245
243
243
249
248
251
249
249
250
254
252
252
258
259
258
258
261
261
263
260
265
267
264
264
269
271
270
273
273
273
274
276
278
278
277
281
277
279
281
284
286
283
285
286
290
291
291
288
289
295
292
293
296
297
299
300
302
300
304
301
306
302
305
304
305
306
309
310
309
311
313
313
315
316
316
321
322
319
324
323
323
323
325
324
330
326
327
331
329
331
333
337
333
337
339
336
340
343
340
344
346
344
347
347
349
346
352
349
352
353
351
354
354
359
357
357
361
362
362
363
364
362
363
369
370
371
369
368
371
371
376
372
374
374
376
378
381
380
379
383
383
382
386
384
390
387
388
388
390
390
395
397
394
395
400
398
397
401
402
403
404
405
406
406
406
411
410
410
410
413
414
414
414
419
416
416
417
419
424
425
422
422
425
424
426
428
430
430
429
432
431
435
436
437
440
439
441
443
441
442
444
442
448
446
449
446
447
449
450
453
452
454
456
456
458
461
458
463
462
465
466
464
466
465
470
466
472
468
471
473
471
472
477
478
480
480
482
481
480
485
481
483
488
484
486
491
492
489
491
493
492
494
493
495
498
496
499
503
501
505
503
506
507
509
509
507
511
511
513
515
514
512
516
514
518
520
521
522
523
521
526
522
526
525
527
530
528
530
533
532
532
533
538
537
539
539
538
541
539
541
541
547
547
546
547
549
552
553
549
554
551
556
558
557
556
560
559
559
561
563
566
567
566
566
568
569
568
570
571
571
574
576
578
575
575
576
581
583
583
585
581
582
585
585
585
588
592
593
589
591
592
595
594
595
599
601
599
598
601
601
602
602
608
605
607
609
612
608
611
612
615
615
614
617
616
620
622
622
621
622
621
624
626
624
626
630
629
630
634
635
634
634
633
639
638
638
641
643
640
642
645
646
645
644
648
650
647
653
650
653
656
656
657
659
656
660
662
662
660
661
661
665
665
666
665
671
667
670
671
675
675
677
673
679
676
681
680
682
683
685
686
682
685
685
688
687
688
690
692
690
696
696
694
699
699
701
697
698
704
700
702
703
705
705
707
707
710
713
711
712
715
712
713
718
717
719
718
720
724
724
725
722
724
726
730
727
732
730
734
731
732
732
736
735
737
741
742
739
740
742
741
746
748
749
746
747
750
752
751
