755
754
752
750
749
748
748
748
743
744
744
739
738
738
736
737
738
734
735
731
730
731
731
729
729
727
726
726
724
726
724
723
718
722
721
720
719
715
717
715
714
710
711
712
708
708
704
703
706
702
701
701
700
698
697
700
696
693
693
694
693
692
690
691
690
688
687
688
685
685
683
679
683
677
676
679
676
676
676
675
674
672
672
669
669
667
668
663
663
662
661
660
660
657
658
660
659
654
653
654
651
649
648
652
647
645
644
647
645
645
645
639
641
639
636
636
636
636
635
632
633
631
628
628
629
626
626
625
623
625
623
623
621
618
621
615
617
616
615
616
615
614
608
607
611
605
607
608
605
602
601
602
598
602
597
599
595
594
595
593
592
591
592
590
587
587
587
586
587
583
582
584
580
580
578
576
579
575
575
572
570
572
572
570
570
570
567
566
562
561
564
564
562
561
559
558
556
553
554
556
554
549
549
548
548
550
544
546
543
544
544
540
543
541
536
536
536
538
534
536
532
530
533
530
526
525
529
524
527
521
523
521
521
518
521
517
519
517
516
511
513
512
513
511
507
509
506
505
503
505
504
502
498
500
496
500
496
498
495
492
490
491
493
492
490
486
488
484
483
486
480
483
481
479
477
477
478
473
477
474
473
473
470
472
468
468
464
467
466
463
463
461
463
462
458
456
457
454
452
454
453
453
453
448
448
446
446
446
443
446
443
440
439
438
437
436
436
436
432
435
431
433
432
428
426
425
428
424
425
422
423
424
421
419
419
417
418
413
416
414
410
410
408
412
410
409
407
404
406
404
402
401
402
399
400
398
395
396
392
391
390
389
388
390
388
386
389
387
383
381
381
381
378
379
378
379
375
376
377
374
373
370
371
371
370
366
365
363
366
364
363
362
359
359
359
355
357
357
352
351
352
351
349
348
350
346
347
343
343
346
345
344
343
341
340
340
338
333
333
334
331
331
329
328
327
327
326
325
324
325
325
322
318
321
317
317
317
317
314
315
312
313
308
311
309
308
304
308
303
302
305
302
303
300
297
298
294
295
296
292
292
293
291
292
289
285
284
288
286
282
285
282
278
278
277
275
279
276
277
272
270
270
270
267
268
265
264
264
263
266
264
261
262
260
258
256
259
253
256
256
251
254
252
252
247
246
246
244
244
242
242
243
240
239
239
238
239
236
235
234
231
233
230
227
229
226
227
225
223
221
220
221
220
217
216
220
216
216
212
213
210
210
213
211
208
209
206
208
205
202
205
202
200
202
197
198
196
193
195
195
192
190
191
189
186
186
184
185
182
184
181
180
178
178
176
180
179
176
176
173
173
171
173
168
167
166
166
164
163
163
164
161
158
162
160
159
157
156
154
155
152
154
152
148
149
146
146
144
143
145
142
143
143
138
141
139
134
138
134
131
130
131
132
127
131
129
124
123
125
125
121
123
123
122
120
119
118
117
117
115
112
109
112
107
108
108
107
103
103
102
103
104
103
100
101
97
97
95
97
94
93
89
90
89
89
88
84
87
87
82
83
80
79
77
79
78
78
74
73
75
70
73
69
69
69
69
69
65
67
61
61
59
63
62
59
56
55
53
56
51
50
49
49
50
49
49
47
43
43
42
43
40
39
38
37
35
38
38
34
34
33
32
33
31
29
26
24
24
25
26
23
22
21
18
18
19
17
18
14
16
14
11
10
7
7
6
8
4
4
1
1
4
3
3
6
9
10
9
9
9
12
16
13
15
15
17
21
22
20
19
24
21
27
28
26
25
29
27
29
29
30
36
33
38
39
40
39
42
38
41
40
45
46
43
44
47
48
48
52
49
55
56
57
56
54
60
58
61
62
62
65
65
66
63
65
67
67
72
72
73
70
76
74
76
74
77
81
79
82
84
82
86
85
85
88
89
88
91
88
92
91
93
92
98
95
96
96
97
101
99
103
102
102
104
108
108
110
108
111
114
111
113
115
117
115
117
121
120
119
124
120
123
124
125
125
126
130
130
129
131
135
135
136
133
136
135
141
137
141
143
141
145
145
143
144
147
151
147
152
153
153
155
157
156
155
159
160
159
161
160
161
161
166
168
168
166
169
167
173
169
170
174
177
177
176
177
176
181
182
180
181
185
187
184
187
190
188
190
192
193
193
193
193
196
197
200
198
202
202
203
202
205
206
207
206
206
209
210
210
210
214
212
217
217
218
217
218
220
218
222
225
226
226
223
228
230
226
227
233
233
231
235
235
237
238
239
241
237
243
239
242
242
246
246
244
246
249
251
252
252
253
251
253
255
255
256
256
259
259
259
261
262
265
267
269
270
268
271
269
269
272
276
272
275
278
277
277
277
279
283
284
282
285
288
288
287
289
290
292
291
295
296
294
296
296
296
296
299
300
303
304
303
302
306
306
305
306
308
309
314
310
313
312
318
318
316
320
320
319
321
325
321
322
327
325
326
331
328
328
329
333
333
332
336
339
336
338
339
339
339
340
342
342
344
344
349
349
352
352
354
350
353
354
357
356
359
357
357
359
359
363
361
365
366
364
369
371
372
370
370
373
375
372
378
376
376
379
379
382
381
380
384
385
383
387
388
387
389
392
394
393
396
392
394
396
398
397
397
400
402
402
403
405
405
406
406
410
409
410
411
413
416
412
415
419
419
418
417
422
424
424
424
425
425
428
428
429
429
432
433
433
433
437
437
438
437
441
441
442
443
441
446
445
445
449
445
450
452
450
450
451
451
453
455
455
456
461
457
463
461
465
466
462
468
464
466
466
467
471
473
474
473
472
477
474
479
477
481
481
480
485
483
487
485
485
488
490
489
493
494
490
495
494
495
496
500
499
498
498
504
505
503
507
503
508
505
509
512
511
514
511
516
517
518
514
518
521
522
521
521
522
521
523
528
524
525
527
528
533
533
535
535
537
538
537
535
541
541
541
542
540
546
542
547
546
547
546
550
552
549
555
554
557
556
554
556
561
558
562
559
564
565
563
568
565
565
566
570
570
572
575
573
572
573
575
575
577
581
581
580
585
586
584
583
584
587
587
591
591
594
593
595
594
593
596
600
599
599
598
604
602
603
607
608
605
606
611
610
608
612
610
615
614
617
618
615
618
622
623
624
623
624
626
623
626
629
628
628
633
630
630
633
632
634
634
638
636
639
638
644
641
644
643
646
648
646
647
649
648
653
650
653
657
655
654
657
656
660
663
659
664
664
665
666
669
665
671
667
673
670
673
674
676
673
674
677
676
681
683
683
684
681
684
688
688
688
690
690
690
690
691
694
697
696
698
700
696
698
698
701
701
705
705
705
708
706
711
709
711
712
714
715
713
714
719
718
720
722
720
724
725
726
725
725
729
726
727
729
728
734
734
736
736
737
737
740
737
738
740
741
742
741
747
746
745
747
747
750
749
752
