753
754
751
751
749
750
747
744
745
742
744
742
738
739
736
735
734
737
733
736
733
730
733
727
728
727
729
726
727
721
721
720
720
717
718
720
719
717
715
711
714
711
713
711
706
708
705
703
706
705
705
704
698
701
696
699
698
694
692
692
693
693
693
688
686
688
687
683
683
686
681
682
679
679
678
678
675
678
675
673
672
672
670
670
666
669
668
664
662
666
660
660
659
657
659
655
656
654
657
651
651
653
648
648
648
649
644
645
643
646
644
643
638
640
637
637
638
636
632
632
632
630
628
628
628
629
629
627
626
625
620
624
621
620
618
617
615
615
617
613
614
613
610
612
606
608
604
605
606
602
605
601
600
600
601
597
596
596
593
592
594
594
592
587
590
587
588
585
587
585
580
579
579
582
581
575
574
577
577
571
575
569
573
570
566
568
568
566
564
563
562
560
562
561
558
556
555
553
554
554
554
554
553
549
548
547
548
546
542
545
543
543
541
542
536
540
538
533
532
533
535
533
529
527
527
530
529
526
527
524
520
524
518
520
520
517
515
516
515
512
515
511
508
512
511
510
505
506
503
505
502
501
501
498
499
500
495
496
494
494
492
492
492
489
490
489
487
488
485
481
481
484
480
478
477
475
474
473
477
476
473
472
470
469
471
468
465
467
462
464
462
462
463
457
458
457
454
453
454
451
455
454
453
447
448
447
446
446
443
445
441
440
440
442
438
436
437
438
433
433
431
431
433
430
430
428
429
425
425
424
421
423
420
421
417
419
418
415
412
411
414
414
409
409
409
410
406
407
405
406
404
401
402
399
398
399
394
396
392
392
390
391
389
391
389
385
388
387
382
382
381
382
378
380
376
378
377
378
377
371
375
372
371
369
371
365
365
368
366
365
363
364
359
357
361
359
356
356
355
355
350
353
348
348
349
349
348
343
343
341
340
339
339
337
338
335
337
336
335
336
335
334
329
331
328
325
328
328
322
324
322
320
322
322
321
318
315
318
312
313
313
313
312
307
310
306
307
305
306
305
303
299
299
298
300
298
296
296
296
294
292
290
288
289
291
288
284
288
284
281
280
284
280
279
277
275
275
278
273
274
275
274
273
270
269
269
266
266
265
261
263
264
262
258
261
256
256
256
255
253
254
254
251
251
251
250
248
247
242
243
242
241
242
240
241
236
237
234
233
236
232
231
228
228
229
227
224
224
226
224
224
222
223
217
220
216
215
218
216
213
212
212
213
208
209
205
204
206
207
204
203
203
199
199
200
198
195
194
194
196
193
192
192
188
191
185
188
186
184
185
182
179
178
179
178
175
174
176
175
173
170
172
172
167
171
165
168
168
167
165
164
159
163
159
160
157
158
154
154
151
151
150
149
148
149
147
147
143
147
145
145
142
141
142
136
140
136
135
133
132
133
132
133
130
128
127
126
123
127
124
121
121
122
119
118
119
118
114
117
116
113
114
113
107
110
109
109
104
102
101
103
103
99
102
98
95
97
98
96
96
95
93
89
92
91
89
86
84
86
81
80
82
80
81
80
78
76
77
74
74
71
70
73
71
70
68
69
64
63
63
61
59
63
61
61
60
54
57
56
56
51
51
51
47
49
47
44
47
44
44
45
39
40
39
38
35
39
36
37
33
34
34
28
30
31
27
25
27
24
21
24
20
22
21
21
18
14
15
13
11
12
11
11
10
11
10
8
3
3
3
3
4
3
4
6
5
6
7
12
12
13
12
15
16
16
19
18
20
21
24
24
25
25
23
27
25
26
28
29
34
33
36
35
34
39
38
36
37
40
39
42
44
44
44
45
50
50
50
50
49
53
56
55
56
57
56
56
61
60
63
60
61
63
66
64
65
71
70
70
72
75
75
76
75
74
76
76
82
78
80
83
83
86
83
88
87
90
89
91
93
94
94
94
93
96
96
99
102
98
100
104
106
107
106
107
108
108
107
110
111
110
115
117
114
119
117
116
121
121
121
121
122
125
126
126
126
130
130
130
134
134
134
136
136
137
135
141
138
142
141
140
145
142
148
148
145
150
147
152
149
150
156
152
153
156
157
159
157
158
160
165
163
162
164
169
165
169
168
168
174
174
174
173
177
176
178
180
181
183
180
185
182
182
187
185
188
191
188
192
191
192
193
192
195
199
195
200
198
200
204
204
203
206
207
209
209
211
208
210
213
212
216
217
213
219
219
221
219
219
222
221
225
223
227
224
229
228
227
231
234
231
233
236
237
239
238
241
239
242
244
240
242
243
247
244
246
250
248
248
252
250
251
253
254
255
259
257
261
258
262
264
265
264
265
266
267
271
272
268
272
274
272
275
277
277
280
281
279
283
279
281
284
282
286
289
286
291
292
288
291
295
295
297
296
297
295
297
299
303
303
304
302
307
306
305
310
308
311
311
312
315
316
317
314
318
316
318
322
322
319
324
324
323
326
327
326
329
331
331
334
332
334
333
335
336
338
341
339
338
339
341
345
345
346
349
346
349
351
349
350
354
354
352
356
355
359
361
358
360
364
365
366
362
363
364
367
370
367
369
374
372
374
372
377
377
376
378
382
378
380
381
381
385
383
387
388
388
392
389
394
394
394
397
395
395
397
400
399
403
404
403
404
405
404
408
409
409
408
408
412
412
413
416
415
419
415
420
419
423
423
421
423
422
423
426
427
431
427
430
429
432
434
436
434
437
437
440
438
438
443
443
441
447
448
445
449
451
449
452
453
455
452
453
456
455
459
460
459
459
461
465
462
465
467
467
465
471
471
468
473
475
476
473
473
479
479
479
482
482
483
482
483
485
486
485
485
489
490
490
493
494
496
495
497
496
499
500
497
503
499
505
506
502
503
505
508
507
511
512
511
514
516
517
513
518
520
520
518
520
521
521
523
527
524
524
527
531
530
532
533
533
534
537
536
535
539
538
540
541
542
540
541
542
546
549
545
546
551
549
553
553
555
555
555
555
555
556
560
562
561
561
563
562
563
569
567
569
568
571
574
572
575
572
574
578
578
579
581
581
583
580
581
585
586
586
589
587
590
591
591
595
593
597
598
597
596
601
602
600
602
600
602
605
605
604
610
608
607
610
611
614
616
614
618
616
616
620
621
623
624
625
621
625
624
628
628
626
630
630
630
630
636
636
634
639
636
641
638
641
644
644
642
647
648
647
649
648
650
653
649
654
652
654
656
659
655
658
662
659
660
661
661
667
667
668
669
671
668
668
669
675
671
676
678
676
679
681
682
680
681
681
685
686
687
688
685
690
689
693
690
695
692
696
694
699
697
698
701
698
701
702
704
705
708
706
707
711
712
710
709
715
716
715
713
714
720
718
718
721
719
724
721
727
724
726
725
729
732
729
731
731
735
735
734
736
740
741
740
740
742
740
745
745
747
744
749
748
748
748
749
