752
749
752
748
750
746
747
744
745
744
742
743
740
742
741
740
738
735
732
731
733
731
729
732
730
725
727
723
725
723
724
724
721
717
721
720
718
715
715
712
715
711
713
712
707
707
707
705
704
702
704
702
698
700
701
696
694
694
696
695
693
692
692
690
687
685
684
688
683
683
683
679
680
681
677
677
679
675
677
672
671
671
670
669
670
669
669
667
663
666
663
660
662
660
656
655
656
657
653
656
651
650
652
651
648
648
647
645
647
642
640
642
641
637
636
639
639
638
632
631
631
629
629
628
631
625
626
623
627
626
621
624
622
618
619
618
615
618
614
613
613
613
608
610
610
610
608
608
605
606
601
599
602
598
596
595
596
594
596
593
590
594
592
590
587
587
589
585
586
585
580
579
579
579
581
577
574
574
577
571
572
573
572
572
570
565
569
563
562
562
564
563
560
561
558
555
559
556
554
556
555
551
550
551
548
550
546
547
545
546
543
539
542
541
536
539
534
538
536
534
535
531
532
527
529
529
525
523
526
526
520
523
521
518
517
517
516
513
513
515
514
510
508
508
509
507
505
504
504
505
503
503
500
500
496
500
496
495
494
491
492
494
489
487
488
490
489
483
483
483
482
480
479
477
478
476
475
475
474
476
473
473
470
467
467
467
469
468
465
464
463
461
458
462
458
458
458
453
452
456
454
453
453
448
448
449
444
445
443
446
441
439
443
440
437
436
434
438
436
431
435
430
428
429
427
430
425
423
425
423
421
419
419
419
418
416
415
416
412
412
411
413
412
412
409
409
405
403
404
402
403
402
402
401
397
399
395
394
394
392
394
391
393
387
389
388
387
384
384
381
381
383
382
382
380
376
377
376
376
371
373
373
373
372
370
369
367
366
365
363
365
363
361
359
361
359
355
357
356
352
351
353
350
348
348
350
347
345
345
343
340
344
339
341
338
337
337
337
332
335
334
330
331
329
326
328
329
325
322
325
325
321
320
318
321
315
319
314
315
313
313
309
308
310
310
309
308
307
305
306
305
299
301
298
301
297
298
294
294
294
295
290
292
290
290
290
285
286
283
286
285
279
278
280
279
277
278
273
274
275
271
269
269
269
268
270
269
268
264
265
260
261
263
258
259
255
258
257
256
255
250
253
251
252
250
250
247
248
242
242
241
242
238
237
239
240
236
233
233
231
234
232
229
231
227
225
227
227
222
223
221
220
218
220
218
215
216
217
214
216
210
211
211
209
211
209
207
204
206
201
202
201
203
199
197
199
199
196
192
196
190
193
190
190
191
190
187
185
185
183
180
179
182
178
180
175
174
178
174
173
174
174
172
171
166
167
165
164
165
164
163
161
162
159
156
158
159
157
155
155
151
152
148
150
146
145
149
144
143
146
144
141
138
138
138
138
139
135
133
134
132
131
133
132
129
127
127
126
123
123
124
120
118
119
121
115
114
116
112
116
112
111
112
112
107
108
104
105
106
102
104
104
102
99
99
100
99
93
96
95
90
90
90
87
89
87
84
83
85
81
81
80
82
80
81
79
74
77
73
72
70
69
72
69
69
68
64
65
65
62
65
63
59
59
60
59
57
58
53
54
53
51
52
49
46
45
46
45
42
44
41
42
43
41
36
40
39
35
32
35
35
29
32
30
27
29
27
27
26
23
21
22
19
20
21
15
16
17
13
11
15
10
9
9
10
7
9
8
6
2
5
1
4
8
4
5
9
11
10
14
10
12
12
13
16
18
18
17
19
24
25
25
26
27
25
30
29
28
29
30
31
32
33
35
34
37
37
37
38
41
40
46
45
47
45
46
50
52
52
50
54
51
57
56
58
60
57
61
60
64
62
63
64
65
66
67
70
68
72
70
72
72
74
73
75
79
79
81
81
79
82
82
85
87
89
88
86
90
89
92
94
95
94
93
95
96
101
97
101
100
103
104
106
106
105
106
106
108
108
114
113
113
114
115
115
116
120
117
118
122
124
121
126
127
127
127
126
132
128
132
131
135
132
134
135
137
136
140
139
143
141
146
143
144
149
146
146
147
153
154
152
154
153
153
154
156
158
160
158
160
162
164
166
167
169
169
171
167
171
170
174
176
174
175
174
178
178
180
178
184
180
185
186
183
188
185
191
189
190
190
194
195
195
197
196
199
197
199
202
201
201
201
206
206
208
206
207
207
212
212
210
213
216
215
216
216
216
217
218
223
222
226
225
226
228
226
231
230
232
230
234
236
233
236
235
238
237
238
238
243
241
243
242
243
245
245
248
250
252
250
253
254
253
257
255
260
258
257
258
259
261
263
267
265
265
265
270
272
272
269
273
273
276
277
278
279
280
278
278
282
281
286
285
288
286
290
289
289
290
293
294
295
292
296
294
296
297
299
301
301
304
303
302
307
308
308
308
310
309
310
310
312
315
313
315
317
321
319
323
321
320
324
322
323
329
325
331
329
329
331
334
336
337
334
337
339
338
340
340
342
340
344
347
347
346
349
350
349
352
352
353
354
355
358
359
356
357
360
360
363
364
364
366
368
365
369
367
372
369
369
375
374
377
376
375
378
379
378
381
380
384
382
384
386
386
386
386
390
392
389
390
391
393
393
394
397
400
399
398
400
403
401
406
407
406
405
409
411
412
413
413
413
415
418
416
415
417
422
421
421
420
425
424
424
429
428
426
428
432
431
430
432
435
434
437
438
440
439
443
444
440
442
442
444
447
450
446
449
449
452
453
456
452
453
455
457
460
457
461
461
465
462
462
467
466
468
470
472
473
474
473
472
475
475
476
476
479
478
480
483
484
485
483
488
488
490
490
492
492
492
495
492
494
494
498
500
498
499
503
504
502
504
502
504
505
506
509
510
508
511
511
511
513
518
519
517
519
519
520
524
521
522
522
528
525
528
527
528
529
529
530
533
533
533
538
537
540
539
540
543
540
542
544
545
546
547
547
552
550
551
552
554
555
557
556
555
557
559
559
563
563
565
562
563
565
566
568
570
573
572
571
576
574
578
576
579
576
579
578
583
585
584
586
587
585
589
590
592
589
592
590
596
595
597
596
600
598
602
599
599
601
604
605
606
608
608
606
610
609
610
610
616
616
614
615
618
621
617
618
624
621
622
624
624
625
627
628
627
632
634
634
635
632
635
636
640
640
638
638
643
640
642
645
645
645
645
650
647
650
654
651
651
656
654
658
660
656
659
663
660
660
665
662
664
667
667
666
670
671
669
674
672
677
675
675
679
678
681
683
681
682
685
685
684
684
690
689
691
690
690
690
694
694
693
697
695
698
698
700
704
703
704
702
708
708
707
706
712
713
709
715
714
712
717
717
717
717
718
723
722
720
722
727
727
726
726
728
728
732
733
734
734
732
737
735
740
736
739
743
742
740
741
743
743
747
749
746
752
753
750
