754
753
753
750
751
749
748
748
746
743
742
741
738
741
739
738
738
734
734
736
732
730
731
732
731
730
726
728
723
723
723
724
718
721
717
719
716
715
715
712
710
709
712
710
710
706
709
705
702
703
702
704
699
700
699
700
694
693
696
696
692
692
689
692
688
688
686
688
683
683
685
679
681
680
678
675
674
678
676
674
674
671
668
667
668
667
668
667
665
662
660
660
661
662
659
659
656
656
654
655
650
652
650
647
646
650
647
643
642
641
642
641
641
637
639
638
634
636
632
634
631
634
630
631
626
630
624
628
627
625
621
619
623
617
616
617
615
616
614
616
614
614
613
611
608
609
606
604
607
603
605
599
599
599
597
595
595
596
597
591
592
594
589
587
587
586
586
586
583
583
581
584
583
582
581
580
575
575
572
576
574
570
570
570
569
565
564
563
565
563
563
564
563
558
561
559
556
553
553
552
554
552
548
550
550
547
544
543
543
543
544
541
539
540
539
538
537
534
537
531
530
530
530
531
529
526
527
525
525
524
521
522
521
522
518
519
515
518
517
513
514
509
511
509
511
508
504
505
506
506
503
501
503
498
500
496
495
497
496
494
492
494
492
488
488
489
489
483
485
486
484
482
482
477
478
478
474
473
472
473
472
471
469
470
467
466
466
467
462
463
461
462
462
460
456
460
456
457
453
451
452
449
450
450
450
447
447
445
444
443
443
441
439
441
439
437
436
435
436
436
432
434
430
430
427
426
428
423
424
424
420
422
422
422
420
419
415
415
415
415
412
409
411
409
406
406
409
404
404
403
401
403
402
399
397
397
395
393
393
394
394
393
388
390
388
386
385
388
387
385
383
379
378
381
379
379
377
373
375
372
375
374
373
367
367
368
364
364
366
362
361
363
362
357
360
360
355
358
356
351
352
350
352
351
347
347
346
346
344
342
341
343
343
340
337
335
337
338
333
332
334
333
331
332
328
326
326
325
325
323
323
319
322
318
319
315
314
316
316
312
312
309
309
309
310
305
307
306
302
305
300
299
302
301
300
298
298
294
292
296
294
292
290
290
288
286
289
287
283
283
284
279
283
282
281
277
276
278
273
272
275
273
269
268
269
267
269
265
265
262
260
264
262
262
258
257
259
255
257
256
253
249
250
250
251
248
246
248
246
244
245
243
239
241
237
238
237
238
232
235
233
231
231
227
228
227
224
225
224
226
223
221
221
221
216
219
214
217
212
216
214
212
212
210
210
209
207
206
206
204
200
201
201
197
201
199
198
196
197
196
194
189
191
187
187
189
187
187
184
181
182
179
181
180
181
176
178
175
172
171
172
172
169
168
169
165
168
165
163
165
164
160
159
159
160
155
157
157
156
153
152
149
149
149
149
148
146
144
147
143
141
139
142
142
140
140
137
133
134
135
134
134
133
130
127
128
128
123
122
121
121
120
123
117
119
119
114
117
117
111
113
110
111
108
110
107
105
108
104
104
104
101
98
99
96
98
99
96
92
96
91
93
89
92
86
89
89
87
82
84
85
79
81
77
76
79
77
74
74
73
75
70
70
69
69
65
69
68
66
64
63
60
59
59
60
55
59
57
53
54
52
53
51
47
48
47
45
48
42
44
45
39
43
39
40
35
38
35
37
34
35
33
28
31
26
28
28
24
24
25
25
20
21
21
18
16
19
14
16
11
12
14
10
10
6
6
5
7
5
4
3
4
2
8
8
5
9
10
12
10
15
13
17
18
16
15
21
19
20
24
25
25
26
24
28
25
28
29
33
30
31
33
34
33
38
39
41
41
42
41
44
46
46
46
49
47
51
50
52
49
52
51
55
56
54
56
58
60
63
59
65
61
63
67
65
68
67
69
68
72
75
74
72
78
79
75
77
80
80
80
84
82
84
83
86
85
87
87
92
91
94
94
96
93
98
95
100
102
99
99
101
106
106
103
108
105
108
108
113
109
110
112
116
115
118
116
121
122
122
123
123
121
127
127
126
130
130
132
128
129
134
134
134
137
138
138
140
141
142
143
144
142
142
148
148
150
147
148
153
149
150
151
153
154
158
158
156
161
163
163
163
166
163
164
168
168
166
170
171
173
174
171
172
173
179
178
179
178
180
181
183
184
186
186
188
189
189
189
190
192
193
196
194
195
195
198
201
198
203
203
200
206
202
207
209
208
210
212
209
211
210
211
214
214
215
217
218
222
219
220
220
225
224
225
228
227
230
227
230
229
230
231
234
235
237
237
241
239
241
239
243
241
247
245
247
245
250
252
253
250
253
252
255
253
259
255
257
262
258
263
264
264
266
265
267
265
269
269
268
272
272
276
277
275
275
275
278
279
283
279
280
281
284
288
288
285
290
290
291
292
292
292
292
297
299
295
301
300
303
303
305
305
302
304
307
309
311
311
310
312
315
316
313
318
315
317
318
322
321
322
321
322
324
327
328
325
329
332
329
331
331
332
335
335
335
335
339
342
343
344
342
342
346
345
345
348
348
348
349
353
353
355
355
356
355
359
360
360
359
360
362
363
363
364
366
368
370
371
372
372
372
375
372
378
375
375
378
378
378
382
381
386
387
384
388
386
386
389
388
393
395
394
395
396
399
399
399
398
401
401
401
402
406
406
404
409
409
411
409
413
412
412
416
418
416
417
420
419
418
419
423
421
426
423
424
429
427
429
429
430
432
434
437
436
434
438
439
441
441
441
440
443
445
443
444
447
449
448
448
450
451
452
457
454
457
458
461
461
461
459
463
466
462
466
464
470
471
471
469
472
471
471
477
474
476
480
477
477
481
483
481
483
482
486
484
486
488
491
489
493
494
493
493
497
497
496
499
499
499
500
504
504
507
503
506
507
511
511
508
513
510
514
516
513
519
519
519
518
522
524
521
526
525
523
524
530
529
532
530
534
533
536
537
538
538
537
539
537
540
539
540
545
543
545
547
547
546
550
551
553
551
553
554
555
557
556
561
561
558
560
564
566
567
566
566
566
569
571
571
572
572
571
577
574
578
577
579
580
579
579
580
582
585
583
586
588
591
587
589
592
595
594
596
594
596
596
600
597
602
601
603
605
605
608
608
608
611
609
610
612
614
616
615
616
618
618
618
618
618
620
620
625
626
626
629
626
630
627
631
632
630
635
635
638
635
636
637
637
641
639
645
643
646
648
645
648
648
652
650
652
651
656
655
655
655
655
659
658
661
659
665
662
666
663
667
669
668
669
672
674
674
673
677
675
678
677
676
677
679
682
681
685
687
684
684
688
686
689
690
689
690
691
695
696
698
698
700
701
703
700
705
704
705
706
706
706
709
707
713
710
715
712
713
714
714
716
721
718
722
722
723
725
727
727
728
729
729
727
728
733
730
733
735
735
735
740
739
742
742
740
745
745
745
744
749
750
749
749
748
749
