750
751
753
749
746
745
745
744
743
742
745
739
739
742
738
735
734
735
735
735
733
732
733
729
728
729
725
723
725
725
723
719
722
720
718
718
717
713
717
715
711
710
713
707
706
705
706
705
706
701
702
702
701
700
701
699
694
696
697
692
693
689
688
692
686
690
688
688
683
684
685
681
681
680
680
676
677
675
674
672
673
670
671
672
669
669
666
667
663
665
661
664
661
657
660
658
656
656
654
652
651
654
649
652
647
646
644
646
644
646
640
639
640
641
638
640
636
633
636
632
634
632
632
628
631
627
625
626
626
621
622
622
618
618
621
615
618
614
614
613
612
612
612
610
611
610
606
608
607
602
604
600
602
598
600
595
596
596
594
594
590
590
588
588
588
585
585
587
587
583
583
582
582
579
576
579
576
578
577
573
572
571
572
572
569
567
565
563
565
564
560
561
563
560
561
556
557
553
553
552
555
550
553
551
548
545
548
548
547
541
540
540
540
537
536
535
534
537
534
533
534
531
530
527
526
528
527
526
525
523
521
520
521
522
519
515
518
518
516
513
512
511
511
508
511
506
506
508
507
506
502
499
500
501
498
500
499
497
495
493
495
493
490
490
487
487
489
485
484
486
483
480
479
477
480
480
479
473
473
476
475
469
471
467
469
465
467
467
466
464
464
463
462
457
457
455
456
456
454
451
452
450
450
451
447
449
446
443
446
444
445
442
441
441
436
438
434
434
436
432
432
433
433
431
429
430
428
428
423
422
423
424
421
418
419
417
414
413
416
416
415
413
410
412
410
406
408
403
404
406
403
401
402
397
399
396
394
394
394
395
391
394
388
391
387
385
389
385
383
381
383
383
381
381
377
376
374
373
374
376
373
374
372
372
366
368
366
368
367
361
362
361
358
358
356
355
357
355
354
351
354
352
351
350
351
350
345
346
345
345
345
344
339
337
340
340
337
337
332
331
333
332
328
328
329
326
327
324
324
325
324
319
323
321
321
320
315
315
314
314
314
309
309
309
307
309
307
306
303
302
300
299
303
302
301
297
297
295
295
296
290
291
291
287
286
286
287
287
283
285
284
280
280
278
281
280
276
275
276
272
275
269
269
268
268
265
268
268
263
264
262
263
258
262
258
257
254
257
252
251
255
249
249
250
250
246
244
245
246
246
242
239
238
237
238
237
236
236
237
234
232
232
229
230
227
229
228
228
223
222
224
221
221
219
218
217
219
218
213
213
214
210
213
211
211
209
206
205
204
203
200
202
198
200
196
198
196
195
192
193
192
189
189
191
188
189
189
188
186
184
184
183
180
181
180
178
176
173
172
174
172
172
171
167
167
170
166
167
165
164
163
164
159
162
158
157
156
156
152
155
150
151
151
147
148
146
149
145
143
146
145
143
139
140
137
138
137
138
133
136
132
134
131
132
131
125
129
128
122
123
125
119
123
120
118
118
117
114
113
112
115
109
109
110
107
109
104
104
102
104
101
104
99
98
101
99
95
95
92
95
90
94
90
89
89
85
84
88
86
81
84
81
78
77
80
76
76
75
73
75
72
70
68
69
68
67
64
65
65
65
65
59
62
62
61
57
59
58
54
56
52
50
53
47
46
45
45
47
46
41
40
43
41
41
36
39
36
36
32
34
32
34
33
32
29
28
25
24
26
24
22
20
22
17
21
18
14
18
14
15
10
13
8
7
8
6
6
6
6
1
0
6
6
7
5
10
9
9
8
14
11
16
14
15
14
19
19
18
22
24
22
25
26
25
24
25
28
29
33
30
32
35
37
33
38
38
38
39
40
39
45
43
47
43
45
48
46
50
52
49
51
51
55
58
56
60
61
62
61
60
63
65
62
66
67
66
71
69
68
71
72
73
75
76
78
78
77
82
82
83
82
84
86
83
84
86
87
90
93
91
93
96
93
95
96
96
98
100
100
100
104
101
107
107
108
105
109
108
110
111
111
111
113
118
116
116
116
121
120
121
123
123
124
127
127
126
131
128
132
133
133
133
133
133
138
135
141
138
141
143
142
142
147
146
147
146
149
149
148
151
155
155
155
158
158
157
156
158
163
159
160
162
163
164
166
170
168
169
172
171
170
173
177
177
178
176
181
178
183
183
180
181
182
186
184
189
188
191
192
194
195
192
197
193
197
195
196
200
199
204
205
205
204
203
205
209
206
207
208
214
211
211
216
217
215
220
219
217
220
223
220
226
225
224
229
229
227
231
233
233
235
236
234
237
238
240
241
240
240
242
240
243
246
245
249
249
250
247
249
250
251
256
255
256
259
258
258
260
260
264
263
263
264
264
266
265
269
267
271
274
272
275
272
275
278
277
281
278
280
280
280
284
283
288
289
288
290
290
291
290
290
296
297
298
299
299
298
298
299
303
303
302
302
305
308
305
308
307
313
310
314
311
312
318
318
317
318
319
321
321
322
321
327
326
327
330
331
331
329
330
334
332
337
334
335
339
336
341
342
341
343
344
343
344
348
350
351
347
348
354
353
354
354
353
358
359
359
357
358
360
362
363
364
365
364
369
370
369
370
373
372
376
376
378
378
380
380
379
379
380
380
381
386
387
386
388
387
388
391
393
390
396
395
397
394
400
401
398
400
399
400
406
403
403
409
409
411
412
408
413
415
415
417
414
416
415
416
421
423
419
422
423
426
426
428
430
426
432
432
430
435
432
435
436
436
435
436
437
438
439
441
445
445
443
446
446
449
447
453
452
450
456
452
457
459
458
456
458
460
460
464
465
464
468
466
470
469
468
471
473
473
471
474
475
474
478
477
479
478
479
485
485
486
486
488
489
489
488
490
489
494
494
497
495
495
496
499
498
499
503
504
505
504
508
507
506
506
509
511
509
513
511
515
516
514
519
516
519
521
523
522
522
522
528
526
525
529
530
532
530
532
534
534
533
538
537
540
542
541
543
543
542
544
545
546
550
548
552
551
550
555
555
556
557
554
556
556
562
558
564
564
562
563
568
566
570
570
571
568
574
572
572
577
573
576
580
576
578
578
583
580
583
584
583
586
585
590
591
589
591
591
595
594
595
598
596
599
602
600
600
603
603
604
607
606
605
609
611
613
614
611
615
615
617
619
619
616
620
623
620
620
622
624
627
627
629
627
631
629
634
630
632
636
638
636
639
640
641
640
644
644
644
645
644
649
646
650
651
652
654
651
651
652
658
658
660
659
662
662
662
661
666
665
664
666
668
670
670
672
673
671
674
673
674
679
677
680
681
680
683
680
684
682
685
688
690
691
687
692
689
690
691
697
698
696
698
698
701
698
702
702
704
704
707
708
706
709
709
713
711
711
714
715
716
719
718
720
719
722
724
722
723
727
726
726
728
731
727
729
731
735
731
734
736
736
739
741
738
741
744
742
743
744
744
749
749
748
749
751
754
