755
750
750
751
751
748
744
746
744
742
742
743
743
739
737
736
739
737
732
733
734
731
733
729
731
730
729
727
725
722
725
721
718
718
721
720
717
717
714
711
713
709
712
710
709
709
709
706
706
705
704
699
698
697
699
700
697
694
693
694
695
689
691
689
688
687
689
685
684
684
680
679
683
680
679
675
675
677
673
672
675
673
670
670
669
666
664
665
664
666
662
660
660
659
658
658
659
654
652
652
650
652
653
647
648
645
647
643
642
644
642
643
638
639
640
639
634
638
632
635
630
634
632
630
627
629
626
625
622
623
625
623
621
618
620
618
614
615
617
616
611
612
613
607
608
606
605
607
605
606
603
601
602
602
601
600
595
596
594
591
591
594
592
591
590
585
587
588
584
583
584
579
580
579
580
578
576
577
577
571
571
569
571
571
571
568
569
565
562
564
564
559
563
560
560
556
557
554
553
554
551
551
549
549
550
550
545
545
545
541
545
544
541
538
538
540
538
533
537
534
533
533
529
527
526
529
527
523
526
524
525
519
521
521
518
520
519
515
517
512
513
509
511
510
506
508
505
505
505
501
503
500
499
502
498
496
499
496
496
492
491
490
490
488
491
487
485
485
484
481
484
480
481
482
476
480
476
475
476
472
470
473
472
468
466
467
465
463
462
461
464
462
463
458
459
459
457
453
454
455
452
453
453
447
448
447
447
444
442
446
444
443
440
442
439
436
436
434
436
436
432
432
430
432
427
430
424
425
427
426
424
421
423
420
421
417
416
413
414
416
415
414
412
407
407
406
405
405
406
403
401
399
402
399
400
398
396
397
395
396
392
389
390
391
387
387
388
384
386
386
382
383
379
378
377
380
379
374
374
375
375
372
373
372
366
367
368
368
362
363
360
359
359
358
359
357
358
355
357
353
351
352
350
351
347
347
349
344
343
343
344
343
341
342
338
337
334
336
337
331
332
329
329
327
327
326
329
324
323
323
325
320
323
319
316
319
314
314
314
314
313
313
311
311
309
306
309
305
304
304
300
299
300
300
298
299
294
296
295
291
295
292
291
290
288
290
286
287
284
283
285
283
280
279
280
278
276
277
277
271
272
273
268
271
270
267
266
266
263
264
261
262
263
261
260
259
256
254
257
252
253
254
253
247
246
248
249
248
246
243
244
241
242
237
238
237
235
238
236
235
230
233
229
229
227
226
228
224
222
223
222
220
223
220
219
220
217
216
213
212
210
211
208
211
208
205
206
205
206
201
200
200
198
201
196
199
194
195
196
196
191
189
188
187
189
190
188
186
183
183
181
181
182
181
181
177
177
177
174
175
171
170
172
172
170
169
165
164
162
161
162
161
159
160
161
158
154
154
156
154
155
152
152
150
146
148
148
143
143
141
142
140
138
139
141
138
138
133
135
135
132
133
129
131
129
129
128
125
125
121
125
121
118
117
118
117
115
114
113
111
111
113
109
108
108
110
108
107
106
105
103
102
99
101
100
100
94
98
96
93
90
91
93
92
90
88
89
85
86
83
80
83
82
77
76
80
76
76
77
76
73
74
73
70
69
68
69
66
65
63
65
61
62
62
59
56
55
54
52
53
55
49
52
48
47
45
44
45
47
42
45
39
39
41
40
37
38
38
32
34
31
33
29
29
27
25
25
26
26
21
23
23
18
19
18
20
19
18
14
16
10
14
13
8
7
7
5
8
7
1
2
6
7
5
4
7
7
7
9
10
15
14
14
17
17
20
16
20
23
22
23
23
27
23
28
26
30
29
28
32
34
36
37
34
34
35
36
39
40
41
43
44
46
43
44
47
50
47
48
54
55
51
57
57
57
56
59
59
59
62
61
64
66
67
68
68
66
71
71
69
71
74
76
77
78
77
78
79
80
83
80
84
84
86
85
87
88
91
93
90
95
95
92
97
95
98
97
101
99
102
100
103
102
104
105
107
108
107
110
109
111
113
114
114
114
118
120
118
119
121
123
121
122
124
124
130
127
129
128
133
135
132
132
134
137
136
140
141
141
142
145
145
144
146
148
146
146
151
150
153
155
153
157
155
154
158
157
157
162
163
165
165
164
168
167
167
170
167
170
172
175
176
172
173
179
176
177
177
182
179
181
183
182
187
186
189
187
187
191
193
190
195
195
193
197
196
198
201
202
203
203
204
205
206
209
210
207
209
210
210
210
215
212
214
216
215
219
218
223
224
220
223
225
225
227
230
228
228
229
234
231
232
232
237
234
240
237
241
242
243
243
241
245
246
247
249
249
247
253
253
253
251
253
253
255
256
256
261
261
259
261
261
262
266
268
266
267
267
270
269
271
276
273
274
276
279
281
280
283
281
281
283
285
283
285
289
286
289
290
294
292
294
294
296
297
296
300
299
302
303
300
306
303
304
308
307
309
311
309
311
312
312
313
313
318
316
316
322
322
320
321
321
324
324
326
326
328
332
328
333
335
331
335
338
339
340
338
338
340
342
340
346
346
348
344
346
347
350
348
349
353
352
357
357
359
358
357
362
360
364
365
361
363
364
367
369
366
370
369
374
373
372
373
373
375
378
379
378
383
381
381
384
382
384
388
389
389
392
390
390
392
395
394
393
394
400
401
399
403
400
404
401
405
407
409
409
409
412
413
409
411
411
415
415
418
417
417
420
423
422
420
426
427
428
427
429
430
429
433
430
431
431
432
438
435
437
436
441
443
439
440
445
444
443
448
446
451
450
451
452
455
454
452
456
459
459
459
460
463
460
464
466
467
464
466
465
467
469
468
470
474
471
477
475
474
475
477
480
479
481
480
482
486
485
484
490
491
491
490
493
494
493
495
497
496
499
498
500
500
504
502
504
506
507
506
510
506
508
512
512
512
516
515
515
517
517
516
518
520
524
521
522
523
528
527
530
528
530
530
531
534
533
535
534
535
535
541
539
540
539
545
546
546
545
547
547
547
552
552
549
552
552
553
553
556
559
557
558
561
560
565
563
566
567
564
570
566
571
568
572
574
572
575
577
577
578
579
578
578
581
584
585
586
584
584
587
590
588
591
592
593
592
594
593
595
595
596
600
601
603
604
601
602
605
605
606
611
610
612
614
614
613
614
616
616
616
621
617
620
622
624
625
625
628
629
626
627
629
629
629
635
636
632
638
635
637
641
640
639
639
642
642
642
643
646
650
650
647
651
653
651
656
653
657
654
659
658
660
660
663
661
661
667
667
668
666
670
669
671
670
673
673
675
675
674
676
678
682
679
681
683
684
682
688
687
687
688
692
692
691
690
692
697
696
699
699
700
701
701
704
705
703
706
707
705
709
706
712
709
714
714
716
714
718
718
719
717
717
723
721
722
724
722
723
726
727
729
730
730
729
735
732
732
738
739
740
737
742
742
739
740
741
742
746
745
749
748
747
749
749
