752
749
753
750
749
747
744
746
744
744
745
743
740
741
737
740
737
734
734
733
730
732
733
730
729
729
729
727
722
726
724
721
719
721
719
716
718
715
717
711
715
710
711
708
707
705
705
703
704
704
701
704
699
702
701
700
698
697
692
695
692
690
691
688
686
689
685
684
687
681
684
682
678
680
676
679
674
677
673
672
670
669
669
668
667
670
666
667
667
665
664
664
663
660
660
660
655
653
657
652
655
654
652
652
650
647
648
647
645
644
645
644
639
640
641
640
635
638
634
633
633
633
633
631
627
629
627
624
626
625
624
623
623
620
619
620
616
613
617
612
612
614
613
611
606
608
609
607
603
604
602
600
598
599
596
596
594
593
592
596
591
593
592
587
587
587
585
583
584
583
583
582
583
578
581
579
576
575
577
576
573
569
569
572
571
568
565
568
566
563
565
560
563
559
559
556
557
553
557
552
555
551
553
550
546
547
545
547
546
543
541
540
541
539
539
536
536
538
533
531
531
531
528
531
527
526
529
524
524
523
521
524
519
519
519
516
518
517
514
513
510
511
513
507
507
506
505
504
506
503
505
501
501
500
499
497
498
498
496
493
492
494
492
490
491
487
484
484
485
485
484
484
478
479
477
475
476
475
472
473
472
472
468
470
471
466
468
465
464
463
462
461
459
460
461
459
457
454
454
456
453
451
452
452
447
446
445
444
446
441
440
440
442
437
439
437
435
438
435
435
430
432
429
427
427
429
426
424
422
421
423
419
420
422
421
416
415
415
417
415
415
414
411
411
409
410
404
407
406
402
405
401
399
402
398
400
397
395
397
394
391
394
393
387
389
388
388
387
384
382
380
383
383
377
376
379
378
374
374
372
375
370
371
370
370
366
364
363
363
364
362
363
361
357
357
355
354
356
352
351
353
351
349
347
347
345
349
344
342
342
345
339
342
340
336
340
336
334
336
335
335
334
328
327
330
330
326
325
323
324
320
319
321
321
320
316
317
316
312
311
310
309
308
312
310
305
306
308
302
304
303
303
303
297
296
298
297
298
292
295
293
290
288
289
286
286
284
285
287
281
284
279
279
281
280
275
274
273
277
271
272
269
271
269
267
265
264
268
262
261
262
264
262
260
260
258
258
258
253
254
250
252
250
248
246
247
249
248
247
246
240
239
239
238
237
236
235
233
234
231
233
229
233
227
230
230
229
225
222
221
225
221
219
219
220
218
219
214
212
216
210
214
212
208
208
208
206
204
205
205
200
200
203
200
198
199
198
195
195
192
190
191
190
188
189
187
184
183
186
186
184
184
181
180
176
180
178
174
173
174
172
173
173
169
169
170
166
166
166
165
161
162
162
161
160
159
154
158
155
152
150
151
152
149
149
146
149
145
144
145
140
142
138
141
138
140
137
134
135
132
131
133
131
128
129
127
125
128
123
126
122
121
121
121
117
118
115
113
114
114
113
114
112
108
107
108
106
106
102
103
105
104
100
99
100
100
97
96
96
93
94
94
89
87
91
86
87
84
87
85
83
80
79
81
76
80
74
75
72
76
73
74
70
72
71
66
66
63
65
63
61
62
60
58
57
55
55
56
52
56
51
53
48
50
47
50
47
46
47
44
45
39
40
38
39
37
39
36
35
36
33
33
28
27
27
26
29
26
22
22
20
24
20
19
21
17
16
17
13
14
15
10
12
10
11
7
9
6
4
6
5
2
3
4
6
6
6
11
10
11
13
11
13
18
14
17
16
18
23
24
24
22
27
26
25
28
26
27
30
33
31
36
34
35
37
40
37
39
40
41
42
41
44
45
44
50
51
52
49
50
54
54
52
54
59
59
60
57
62
62
61
65
63
63
65
69
68
71
69
71
70
72
73
76
77
78
79
77
80
83
80
86
87
84
89
88
86
90
92
94
92
91
93
97
94
95
96
98
101
103
101
105
106
108
104
107
108
109
111
113
113
113
117
116
119
120
119
122
120
120
124
122
127
128
129
126
127
128
131
133
133
136
132
133
138
137
139
141
139
142
143
141
145
147
144
145
149
151
149
153
150
152
157
158
158
159
161
160
163
163
163
166
165
163
167
167
166
168
172
174
171
175
175
175
175
178
178
177
179
183
185
185
183
184
188
187
187
190
193
194
192
194
195
193
194
197
198
201
203
200
202
203
204
203
209
205
206
207
211
211
210
213
216
216
214
220
219
220
221
219
222
221
227
228
224
226
227
232
232
234
234
231
234
238
235
239
241
239
242
240
244
242
242
243
247
245
249
251
252
254
252
255
254
255
256
257
257
257
262
263
262
265
266
268
265
267
270
267
271
271
270
273
277
273
279
279
280
278
281
283
284
283
284
283
287
287
289
290
290
292
294
291
297
296
297
295
296
298
299
304
304
306
303
304
309
307
308
312
313
313
311
313
315
314
317
317
319
321
318
320
325
322
322
328
325
325
329
328
329
331
331
336
334
334
334
340
336
339
338
342
341
344
347
346
347
347
347
348
353
353
351
356
354
358
358
359
361
357
360
360
362
361
366
367
365
365
367
370
370
369
373
371
372
376
374
375
379
380
381
384
380
383
383
388
387
385
386
392
388
393
390
394
392
393
399
399
400
400
399
401
401
404
406
407
405
407
410
411
408
414
413
411
412
418
416
420
421
421
420
422
425
426
426
426
425
428
426
431
430
433
435
432
434
438
436
439
436
439
442
442
445
443
443
443
444
450
447
447
452
451
450
456
455
457
458
459
458
457
462
461
465
462
465
466
464
470
466
472
471
473
475
471
473
474
478
475
479
480
483
484
482
481
487
487
488
485
487
488
493
489
491
495
492
495
498
498
500
498
500
502
502
504
502
504
506
505
506
511
510
512
511
511
516
513
517
516
521
518
521
523
524
523
523
523
527
528
527
531
531
534
532
532
535
536
539
537
541
539
538
544
543
542
544
544
545
547
550
551
553
552
550
552
556
558
558
560
560
560
560
561
563
566
567
566
567
568
568
567
571
573
570
575
576
575
578
576
576
578
580
580
585
585
584
585
588
588
587
588
589
594
592
592
592
593
598
600
598
598
598
600
602
606
606
603
607
605
607
608
611
611
613
611
616
618
615
618
620
619
622
623
625
622
622
625
625
625
626
632
630
630
635
636
632
638
637
636
638
637
638
640
643
644
645
644
644
647
647
650
652
651
655
653
652
654
659
660
658
661
659
660
664
661
664
666
667
667
671
672
672
674
674
671
675
675
675
680
679
680
683
682
683
685
687
688
687
690
690
688
693
693
693
695
697
696
697
698
701
697
699
701
705
705
706
705
706
705
710
708
710
714
715
712
715
718
719
715
716
722
722
720
723
723
724
726
728
730
726
732
732
731
732
735
733
733
738
739
739
737
742
744
742
741
746
748
744
745
751
751
750
754
