379
377
375
372
375
375
371
368
367
368
367
368
368
366
366
362
363
361
360
359
360
355
355
352
352
354
352
349
350
346
346
345
347
343
341
340
340
338
340
336
338
334
336
337
333
334
329
330
329
331
328
327
325
322
325
320
323
321
321
317
320
317
314
317
316
313
314
312
311
311
308
305
304
305
302
300
303
303
299
296
300
298
294
295
291
292
289
293
290
291
286
287
285
283
286
285
281
281
278
278
278
279
274
272
276
271
269
270
271
267
270
266
267
265
264
264
259
261
260
257
260
254
256
257
254
252
251
249
249
247
247
244
245
246
244
241
244
243
239
237
239
239
234
237
235
232
229
231
229
231
227
228
226
222
222
220
222
221
219
218
216
217
218
213
213
212
211
210
208
208
209
207
205
204
203
200
199
200
200
197
199
198
196
195
194
194
194
190
192
189
187
188
183
187
181
184
179
181
181
178
180
175
173
174
171
172
174
171
171
169
170
165
167
165
162
161
162
160
158
159
159
157
156
153
156
151
149
150
149
151
146
144
145
142
141
143
140
139
137
137
138
135
136
136
131
135
133
131
129
131
125
126
127
122
123
123
121
119
120
121
120
119
115
115
113
110
113
109
109
107
107
108
107
106
102
105
101
100
99
98
98
96
98
95
95
90
94
89
92
91
86
86
85
87
82
80
82
78
80
76
77
77
78
72
76
70
72
73
72
70
65
68
63
64
64
60
63
61
58
56
55
59
57
56
51
54
52
49
49
49
50
45
47
45
44
41
43
43
39
38
37
38
33
36
36
33
30
30
28
30
27
26
26
23
22
20
22
23
19
21
18
14
18
15
16
14
10
11
7
11
10
9
8
2
3
5
6
4
5
5
8
11
9
12
11
13
12
12
13
19
19
18
21
22
19
20
22
24
26
29
28
30
32
29
32
30
35
34
38
37
40
41
37
41
39
43
46
47
43
49
50
51
51
49
53
51
55
52
55
55
56
56
58
62
59
61
63
65
66
69
65
68
67
73
69
72
72
74
78
78
79
79
77
82
82
80
85
84
87
89
88
89
92
89
93
90
96
97
95
98
99
99
98
103
103
105
106
102
107
107
109
106
109
110
114
111
115
116
116
118
115
118
122
123
122
125
123
127
124
128
130
128
131
131
132
132
136
135
134
136
140
141
137
142
142
141
141
147
144
148
149
151
151
149
149
155
154
156
157
158
155
157
160
163
161
160
163
163
163
164
170
167
169
173
170
173
173
177
175
178
179
181
180
180
184
180
183
184
186
184
189
188
192
190
190
192
195
192
193
199
196
199
200
199
199
202
201
205
205
208
206
209
210
209
214
214
211
217
214
219
220
216
217
219
221
221
222
225
226
225
229
227
229
231
229
234
234
236
233
236
235
236
237
238
244
243
242
242
244
248
245
249
249
253
254
250
254
254
256
257
255
260
261
259
263
265
261
267
267
265
269
269
272
273
269
273
273
272
273
275
276
279
277
278
284
282
285
284
283
288
285
287
289
288
292
292
292
292
297
298
300
297
299
298
303
302
305
304
307
308
307
308
308
313
313
311
312
317
315
314
315
318
319
319
320
325
321
322
324
327
330
329
328
333
329
335
335
334
333
336
340
336
338
339
339
343
342
345
344
345
345
349
347
349
350
351
353
355
355
359
357
359
359
361
360
364
365
363
367
365
368
369
369
369
372
375
376
373
377
374
