376
375
374
372
375
375
370
368
369
371
365
366
363
367
365
363
363
363
360
357
355
357
353
357
353
353
352
353
349
351
350
348
343
346
344
340
343
339
341
340
336
336
334
334
333
335
331
328
328
327
327
329
324
325
323
322
324
318
319
320
315
315
317
315
313
310
309
311
312
310
308
305
304
306
303
305
302
300
298
300
295
296
294
295
294
292
292
291
292
286
290
288
286
283
284
284
280
280
282
281
277
275
274
275
276
272
269
268
270
270
266
266
268
262
266
264
260
263
261
260
257
258
253
252
252
255
254
252
247
249
249
244
247
247
245
241
244
242
240
238
237
235
237
235
236
233
233
233
232
226
228
226
224
223
223
222
220
219
222
220
215
214
214
217
214
211
211
212
207
208
208
205
203
202
202
203
199
200
199
197
196
197
194
197
195
190
194
190
187
187
190
188
185
184
185
180
184
180
179
177
180
175
174
176
173
173
173
169
172
171
169
167
166
165
166
163
164
161
162
160
159
156
155
156
156
153
153
152
149
146
146
148
146
143
144
142
144
143
137
137
139
136
135
134
135
132
133
130
131
128
130
126
124
126
122
125
120
123
120
117
116
117
118
112
116
114
111
112
110
110
105
109
108
106
105
103
101
99
99
97
96
97
98
95
94
95
94
88
91
88
90
89
83
83
81
85
83
83
80
76
77
74
78
74
74
75
70
68
72
70
68
64
66
62
64
61
59
61
57
57
59
58
58
52
53
53
53
53
52
49
49
45
45
43
41
41
40
38
39
39
35
36
33
33
35
32
30
29
30
29
28
24
25
23
24
23
23
22
18
17
20
19
17
17
16
11
11
10
11
10
6
8
6
2
4
2
4
4
4
6
8
7
7
8
11
14
16
16
14
17
19
20
17
23
23
22
22
23
27
29
29
26
30
28
33
31
32
37
36
37
37
38
37
40
43
43
43
45
43
46
48
49
51
49
51
54
52
56
58
54
59
58
60
60
64
63
62
66
63
64
67
71
70
72
71
72
73
74
78
77
78
80
77
82
83
82
82
86
84
85
86
86
87
88
90
94
95
92
94
94
100
100
101
103
101
104
101
105
108
104
110
108
110
109
112
113
115
115
117
114
116
116
117
120
122
123
125
122
124
124
127
128
128
131
131
132
135
137
138
139
137
138
141
140
139
140
145
147
147
149
145
146
151
151
150
154
155
155
157
156
157
158
157
163
160
160
166
166
164
164
170
168
171
168
172
173
171
173
175
176
175
176
177
179
181
180
181
184
185
189
186
191
192
191
190
191
196
192
194
197
199
200
202
203
200
201
204
203
205
205
205
206
208
210
214
214
216
213
216
219
217
221
221
220
222
224
222
222
225
228
229
230
230
229
230
235
234
236
235
238
238
241
242
242
242
242
241
242
248
248
250
246
248
252
254
253
255
257
253
257
259
256
257
259
259
262
265
267
268
265
270
267
270
270
274
272
271
277
276
279
276
281
282
282
281
282
281
287
284
288
288
288
288
289
292
294
292
294
295
297
296
297
299
298
299
302
306
304
304
309
307
308
309
312
310
312
313
312
316
317
315
321
321
322
322
325
322
326
328
327
326
329
332
329
332
335
333
335
335
334
339
337
340
339
339
343
343
342
343
347
348
349
347
351
352
351
353
356
355
357
357
357
359
363
360
365
361
362
367
367
369
366
370
369
374
375
372
372
377
375
