377
379
378
373
374
372
370
373
372
367
368
365
366
363
363
361
363
358
362
356
355
354
357
353
352
353
350
350
348
347
349
346
346
346
343
340
343
342
340
337
336
339
333
334
335
335
330
330
328
327
330
327
325
326
322
325
324
321
318
319
318
319
318
314
316
311
310
308
312
307
305
304
303
306
303
304
304
301
299
296
300
294
294
295
293
291
290
289
292
287
288
286
285
282
286
283
284
278
279
278
278
277
273
272
275
275
271
268
267
266
269
266
266
263
263
263
263
260
259
260
259
258
254
256
253
250
254
252
249
249
246
247
245
247
243
243
240
241
242
240
237
239
235
236
231
233
234
231
232
229
228
228
223
226
224
221
222
218
220
218
216
219
214
216
215
213
214
210
210
206
207
205
206
205
203
205
201
203
199
199
197
198
196
194
193
192
191
191
188
189
188
187
186
184
182
183
180
181
181
177
175
176
175
174
171
174
172
169
168
169
166
169
168
162
163
162
161
163
158
156
159
159
157
157
154
151
150
153
149
148
149
146
148
147
142
141
140
140
142
136
135
136
134
136
133
131
130
131
128
127
127
127
128
125
123
122
120
118
122
116
115
117
115
116
116
115
109
111
108
107
106
104
103
103
105
103
104
101
97
100
95
95
98
96
95
94
93
89
89
91
90
86
88
83
83
80
83
81
79
77
77
78
77
74
76
73
69
70
70
70
70
65
66
66
66
62
63
63
62
60
55
57
57
53
51
54
49
52
47
48
47
46
43
44
44
44
41
42
38
39
36
34
36
36
35
30
30
33
32
30
25
28
28
23
23
23
23
21
22
16
18
16
17
12
14
13
14
10
12
11
7
8
3
2
5
2
4
5
3
8
8
7
12
8
9
15
13
12
17
16
17
18
19
19
24
24
23
26
25
24
28
30
31
30
29
31
31
34
35
35
38
39
40
39
42
41
46
44
48
49
50
46
48
49
50
53
51
55
56
55
56
57
61
59
63
60
65
62
66
69
68
66
72
69
74
74
73
76
75
75
79
78
79
82
84
81
86
87
84
89
90
86
87
92
93
93
95
97
95
97
99
101
98
102
100
101
102
107
104
109
106
109
109
110
109
114
115
113
116
117
118
117
121
123
121
123
125
126
124
126
125
127
129
129
134
133
132
134
137
139
137
137
139
141
143
140
144
142
145
144
149
147
149
153
150
154
153
156
158
154
160
158
160
161
159
163
161
167
166
167
168
168
167
172
171
174
172
174
178
174
175
177
179
183
180
180
183
182
187
185
188
191
191
193
189
192
195
192
195
195
199
201
201
203
204
203
205
204
204
207
205
211
210
212
214
210
214
217
217
215
219
219
221
221
219
223
222
223
223
226
226
227
228
228
233
234
234
237
234
236
238
238
241
243
241
245
245
242
245
249
248
250
249
248
253
254
256
256
254
259
256
258
258
258
262
263
266
265
263
266
265
271
269
273
274
275
276
273
278
275
279
276
279
281
281
281
286
283
286
288
289
289
291
288
291
290
292
297
293
299
295
297
298
300
303
303
306
307
308
308
307
310
312
311
311
310
314
315
318
317
315
316
318
320
322
322
323
326
327
328
325
327
332
330
331
330
331
335
338
338
335
338
342
338
340
342
342
347
348
344
345
349
348
348
354
354
352
357
354
358
357
358
359
361
363
361
366
363
366
367
368
370
372
372
371
373
371
374
373
374
