375
376
376
372
374
372
374
368
370
371
366
368
365
363
364
360
359
360
362
358
360
354
357
354
351
350
349
352
350
347
345
346
347
344
341
340
340
343
339
340
335
338
335
334
335
334
334
331
328
328
327
325
325
327
322
322
323
320
322
316
318
315
315
316
311
315
312
312
309
310
310
306
306
306
305
305
301
303
298
300
295
299
298
294
293
292
293
288
289
290
287
289
284
284
285
284
281
280
277
281
279
275
277
273
274
274
271
270
270
270
265
268
263
263
261
263
264
260
257
259
258
256
257
255
255
254
251
252
248
251
246
246
244
244
245
245
242
238
240
240
235
236
235
235
231
235
233
230
227
231
229
229
226
222
226
220
224
222
222
220
218
219
218
212
211
211
211
211
208
211
209
204
204
207
203
204
203
200
197
196
200
199
194
197
191
191
189
193
190
189
190
188
186
182
184
180
182
181
177
181
175
178
176
172
175
170
169
169
168
168
170
168
163
166
163
163
161
159
157
161
156
159
155
157
152
154
152
151
147
151
147
146
148
147
141
143
142
143
141
137
139
136
134
134
134
130
130
132
132
128
125
124
128
124
121
123
121
120
119
121
115
115
114
115
115
112
109
113
109
109
110
107
105
103
101
105
101
102
101
98
100
98
96
93
91
95
94
92
87
90
88
86
85
85
86
83
82
78
79
79
80
78
77
75
73
74
71
71
67
67
69
66
68
64
64
63
59
62
59
56
56
55
57
55
53
52
53
53
47
46
50
45
46
44
42
44
44
42
40
38
40
34
35
36
34
34
32
30
30
31
27
26
28
24
25
20
23
18
18
16
18
19
15
12
14
15
9
11
8
9
6
7
7
2
2
3
5
2
6
5
7
8
12
13
11
11
11
17
18
14
15
17
18
22
23
23
22
22
25
24
29
29
31
33
29
33
35
33
36
38
37
40
38
42
41
43
41
46
46
46
46
46
47
51
50
50
55
55
56
58
57
61
60
58
63
65
66
64
65
66
65
69
70
70
70
73
74
75
78
74
75
76
82
78
84
85
86
84
84
85
85
89
90
93
90
93
91
93
98
99
96
96
99
98
99
103
104
105
103
104
109
107
112
113
111
110
116
113
117
116
115
120
120
122
119
124
126
123
124
124
130
129
132
133
132
134
134
137
136
139
137
136
140
139
139
144
146
143
144
144
146
147
149
153
152
154
153
155
157
156
155
156
157
158
163
163
166
167
163
167
167
171
171
169
173
171
174
175
178
178
175
181
182
181
179
185
186
184
186
189
186
187
192
192
190
195
196
194
194
198
197
201
199
200
199
200
202
206
206
204
207
210
209
211
211
211
216
213
218
215
220
217
221
219
219
225
226
222
223
228
228
230
231
229
231
231
234
232
233
234
240
236
238
238
244
240
244
246
246
245
248
249
252
249
250
254
252
252
254
258
260
259
262
262
259
261
262
266
264
267
265
267
269
269
270
270
272
276
273
274
275
279
277
281
279
284
282
284
286
287
290
288
289
293
290
291
294
296
298
298
296
296
299
299
302
300
306
307
305
306
306
309
312
308
310
310
312
312
315
316
316
320
321
319
322
323
322
325
324
329
328
329
330
329
332
334
333
334
336
339
337
341
337
343
340
344
346
346
345
349
345
346
352
349
349
351
351
355
356
359
356
358
358
358
361
365
363
362
365
367
368
366
370
369
371
372
374
374
377
379
