379
374
377
375
374
371
373
369
370
367
370
369
367
365
366
360
360
360
357
356
360
357
353
353
351
355
354
348
349
346
345
346
344
347
344
340
344
339
341
336
338
337
335
332
334
333
333
333
331
327
329
328
324
322
321
323
319
321
321
317
319
316
315
312
314
310
312
311
312
306
308
309
306
306
301
304
299
302
301
301
298
295
298
293
292
294
292
290
287
287
288
286
283
286
281
283
280
280
280
279
277
275
276
272
275
273
271
270
267
266
270
269
263
262
261
263
260
258
258
257
256
257
254
253
254
250
250
251
249
246
247
246
244
242
243
244
241
242
239
240
238
235
233
233
233
235
234
229
231
230
227
226
228
224
221
220
224
223
221
216
217
214
218
214
212
215
209
208
210
206
207
207
204
202
204
203
199
202
200
196
199
197
198
194
195
194
194
191
187
191
189
186
187
182
182
181
180
183
181
179
175
177
178
176
172
173
169
170
171
171
170
169
168
162
161
161
159
160
160
160
156
157
153
154
154
152
154
149
147
148
148
149
148
147
146
143
142
142
141
139
137
139
134
136
131
132
130
129
130
127
130
124
128
125
121
122
119
122
120
120
117
117
117
113
115
112
110
109
110
108
108
109
106
102
106
101
99
98
101
97
95
99
98
93
92
91
89
89
92
87
89
86
88
87
86
84
84
78
81
77
80
74
77
77
75
72
74
70
71
66
70
65
67
66
63
64
59
58
62
59
55
59
55
57
52
51
49
52
49
48
45
46
43
45
43
42
43
39
41
38
40
35
34
33
34
31
30
31
27
28
28
24
24
27
23
21
20
19
19
20
17
18
16
17
14
14
13
13
9
9
5
5
3
5
3
5
1
2
6
5
5
6
7
8
14
14
12
17
18
18
16
19
20
21
23
20
24
26
26
27
29
28
28
29
32
33
32
33
38
37
39
36
40
39
43
44
43
43
43
47
45
50
52
49
49
51
52
55
56
54
57
61
59
58
61
61
63
67
68
64
69
67
68
73
70
75
73
72
73
78
78
78
78
82
82
83
81
86
83
86
87
87
89
89
94
92
94
97
95
99
96
101
102
101
99
101
101
102
104
107
107
111
112
108
111
110
112
116
115
117
118
118
119
123
120
125
124
125
126
125
128
130
130
130
131
132
136
135
138
137
136
137
142
139
143
143
144
143
147
146
147
151
150
152
149
150
153
156
153
155
156
156
159
161
159
161
165
165
168
168
166
170
169
169
172
172
174
174
174
176
177
179
181
181
179
181
183
183
187
189
185
186
192
190
190
191
195
193
198
198
196
201
199
200
204
204
202
205
208
204
208
209
207
208
214
213
215
216
218
219
217
217
219
218
220
224
222
225
223
229
227
230
228
232
234
235
234
237
233
238
235
240
239
242
243
241
246
245
247
249
247
247
251
251
251
252
256
255
256
255
258
257
257
259
261
260
266
263
263
264
267
267
271
273
269
272
274
276
273
277
280
281
282
278
281
285
282
285
286
287
287
291
289
292
294
290
293
297
296
296
300
296
301
301
300
303
304
305
308
305
307
308
312
312
313
310
312
313
317
314
315
317
322
319
319
322
324
325
323
328
329
326
327
328
332
332
334
336
336
336
337
339
340
343
344
345
344
345
344
348
346
346
349
349
351
353
354
356
355
355
356
359
362
359
364
360
365
367
367
368
369
368
369
371
370
374
375
372
375
374
