380
377
373
372
375
375
374
373
371
366
365
365
363
367
364
361
360
362
357
358
359
355
356
356
355
350
354
350
352
349
350
346
343
345
344
342
339
339
339
341
340
336
333
337
333
335
330
331
329
328
328
327
323
323
325
325
320
318
317
318
316
315
318
313
314
315
314
313
309
306
310
304
308
302
305
300
304
298
300
300
296
295
296
295
294
295
293
291
291
286
287
289
287
283
283
283
284
281
279
281
279
276
275
272
275
272
270
268
269
268
265
269
266
264
263
260
260
258
257
258
258
258
254
257
254
251
250
250
248
249
245
247
243
242
245
245
242
240
241
241
235
235
234
232
232
233
229
233
231
228
228
224
227
224
226
222
223
223
217
216
216
214
215
216
215
213
211
208
212
211
206
204
205
202
201
200
200
203
201
198
197
198
195
194
191
191
193
190
188
190
187
186
183
186
184
180
181
183
179
180
176
178
177
177
171
173
169
172
172
169
169
169
166
167
161
163
161
159
161
161
156
159
157
157
153
150
151
149
150
147
145
149
144
142
143
143
140
143
138
138
135
136
133
135
131
131
134
132
132
127
126
127
123
123
123
122
124
119
120
119
116
115
118
113
115
112
111
108
112
106
105
105
107
105
103
104
99
100
99
101
97
94
93
97
92
92
89
92
92
90
85
84
83
82
86
81
81
78
79
78
76
77
77
77
75
72
70
68
68
68
68
68
63
62
64
63
64
63
59
56
56
57
56
52
55
53
53
49
47
46
48
47
48
45
43
45
44
43
37
40
40
39
33
32
31
32
32
29
28
26
30
27
24
24
22
21
23
18
20
18
16
17
15
17
11
14
12
8
7
8
10
6
5
2
3
0
6
4
4
8
6
10
7
10
11
12
14
13
18
18
18
16
21
23
23
25
24
26
28
26
26
30
29
31
30
35
36
37
36
38
37
38
40
40
41
40
45
46
46
48
48
50
50
50
54
55
53
55
57
54
55
59
58
61
62
63
63
66
65
65
68
69
71
69
69
73
74
73
73
74
75
79
77
79
80
81
84
84
83
86
87
87
89
91
92
92
96
94
94
94
98
101
97
103
100
103
104
103
108
108
109
109
108
110
114
114
116
115
117
116
120
120
120
119
120
121
122
125
125
127
129
130
127
131
134
134
136
136
136
135
136
137
142
143
141
144
145
147
148
149
147
147
151
152
154
155
152
156
157
158
157
161
157
159
161
161
163
164
166
165
167
170
170
169
174
175
176
175
174
175
175
176
178
182
183
184
182
182
185
185
187
187
188
188
190
193
191
197
197
194
196
199
199
198
200
202
206
202
204
206
206
206
209
209
211
212
211
214
213
219
218
218
221
221
219
222
226
227
223
227
227
227
228
233
229
232
236
234
233
239
239
236
241
243
239
240
241
244
245
246
249
251
247
249
251
250
252
256
255
257
260
258
259
259
262
260
264
265
264
265
267
268
272
271
270
274
276
274
275
279
277
276
280
280
284
285
283
285
286
286
290
290
292
289
293
295
295
292
297
297
299
300
299
299
304
305
306
302
303
308
305
310
309
312
312
313
314
314
313
315
319
316
321
320
323
321
325
327
323
329
330
326
331
332
330
331
334
336
335
336
338
339
340
343
340
342
346
344
343
349
348
347
350
352
352
353
352
353
358
355
358
356
357
358
361
361
364
366
368
367
366
368
367
373
374
374
371
375
377
378
