375
377
373
375
374
372
372
368
371
367
365
368
367
366
366
364
362
362
358
359
358
358
358
356
351
352
350
352
351
348
348
349
346
343
342
341
343
338
341
341
337
336
335
333
335
335
333
329
328
327
327
328
323
325
321
324
319
318
322
317
318
317
318
317
311
315
313
312
311
309
306
304
306
307
303
305
299
300
302
300
295
296
294
297
291
291
292
293
288
286
288
287
287
286
284
281
280
279
278
276
277
277
278
275
273
273
273
269
271
268
269
265
263
265
264
265
260
259
261
257
258
256
254
254
256
254
252
251
249
248
246
247
247
245
243
244
242
243
240
240
240
237
238
237
233
230
230
229
227
229
227
229
227
223
223
221
224
219
222
216
218
217
214
214
216
211
212
209
209
207
208
209
205
204
203
204
203
203
202
197
195
197
197
192
194
191
190
193
187
186
189
187
184
187
183
184
179
183
181
177
180
178
177
176
173
171
171
173
170
171
170
166
168
166
161
161
159
163
158
156
158
159
156
157
156
155
150
151
152
147
145
144
143
147
142
142
139
141
141
139
136
134
135
135
134
134
134
129
131
127
129
128
128
125
125
124
123
118
119
120
118
114
118
115
113
114
109
108
111
110
109
108
103
104
102
104
101
98
97
96
99
99
97
94
96
94
92
89
91
88
88
86
83
84
86
84
79
79
80
76
76
75
77
76
71
73
71
68
67
68
68
64
68
63
66
63
61
60
62
61
55
59
56
56
56
50
52
48
52
46
50
46
46
42
42
45
40
38
37
40
40
37
34
36
36
35
33
28
29
28
25
28
27
27
23
21
24
20
17
21
16
14
18
15
14
11
14
11
7
7
6
7
3
7
4
4
5
6
6
7
6
11
9
12
13
10
15
16
14
14
17
20
18
19
23
20
21
24
26
26
25
28
31
30
33
31
34
33
33
34
38
41
40
41
39
41
45
47
48
49
49
48
50
50
54
55
55
54
58
55
57
60
61
62
63
63
64
62
65
66
69
70
70
71
70
75
74
77
77
76
76
80
80
80
84
84
81
83
86
89
89
91
88
88
93
93
94
93
97
98
99
101
99
102
102
105
102
104
108
109
109
107
107
108
114
115
111
112
115
115
119
121
117
119
121
122
121
126
124
128
130
128
128
128
134
131
136
135
138
138
138
139
140
140
139
143
143
145
148
147
146
150
149
150
149
155
155
153
155
156
155
157
159
159
163
163
164
162
163
169
165
166
170
172
174
171
175
175
177
179
178
181
181
179
182
181
185
184
187
188
188
188
189
190
192
195
196
196
193
197
199
201
200
199
202
203
202
207
204
209
205
211
212
210
209
214
211
214
215
214
217
216
218
221
221
222
226
226
224
224
227
230
229
233
231
231
233
233
235
239
237
239
237
240
243
244
244
242
245
244
245
251
252
251
251
251
256
252
256
256
258
257
262
258
261
263
262
264
265
266
269
266
270
273
269
272
276
273
277
276
276
278
280
281
279
281
285
284
283
284
287
286
287
292
289
290
296
297
293
296
299
298
301
302
299
300
303
304
304
308
307
311
308
310
314
312
313
316
316
319
319
317
322
319
324
325
324
323
328
325
327
330
330
328
333
330
334
334
338
338
337
337
342
340
343
343
342
343
344
344
348
348
347
349
353
351
351
355
353
358
355
357
357
359
362
365
363
362
364
365
367
366
368
373
371
374
376
377
375
375
