375
375
373
373
372
373
369
372
367
370
368
364
366
365
366
360
363
359
359
357
355
355
357
353
355
355
352
353
347
348
350
345
346
347
341
345
343
339
342
340
340
336
338
337
336
331
334
332
330
329
327
329
325
323
323
320
320
321
321
316
320
314
317
314
316
312
313
309
309
309
307
307
303
303
301
300
304
299
298
298
297
299
293
296
292
295
293
289
291
288
289
289
287
287
284
284
279
282
279
279
275
276
276
274
274
275
269
272
272
267
265
266
264
267
264
263
264
261
260
257
259
256
257
257
254
254
251
248
249
248
249
247
245
242
244
242
243
243
238
240
237
234
235
235
232
232
232
231
229
226
229
229
226
225
226
222
222
221
219
217
217
219
216
217
211
210
211
213
209
211
205
205
206
203
206
203
204
201
197
197
196
196
198
192
194
194
191
188
191
186
187
184
188
186
183
185
184
181
180
181
177
178
175
176
174
170
170
169
171
171
165
166
168
164
164
164
160
160
157
158
158
158
156
155
152
152
153
148
149
147
147
145
144
144
146
144
143
139
138
138
137
139
138
136
134
130
133
128
131
127
125
128
125
123
124
123
124
122
118
119
118
114
117
116
116
112
112
110
111
109
108
104
108
103
106
103
102
102
102
97
100
96
96
92
91
94
94
92
89
86
87
87
85
86
85
85
83
79
79
77
79
79
76
73
75
75
73
70
70
67
70
69
68
63
66
60
61
59
58
57
60
56
58
55
55
54
51
48
50
47
50
47
46
42
45
41
42
40
42
41
35
38
37
35
36
31
33
28
28
30
28
26
26
23
26
20
24
19
21
18
18
17
13
12
12
11
12
12
7
11
6
9
3
6
3
2
6
4
5
4
5
7
7
10
13
13
15
16
17
19
15
16
20
19
23
23
26
24
24
24
27
29
28
32
34
31
32
35
38
35
36
41
41
43
44
44
46
44
43
46
49
46
52
53
52
53
56
53
58
59
59
56
57
58
63
62
64
66
66
66
69
69
69
73
70
73
76
77
74
74
80
77
78
78
84
84
83
85
87
85
90
86
87
91
90
93
93
96
96
97
100
98
99
98
104
102
101
103
106
104
105
111
107
109
112
115
112
114
117
116
119
116
118
123
121
121
122
126
125
129
129
131
130
130
134
132
135
134
136
137
137
141
142
138
139
140
143
147
145
149
146
149
151
153
151
153
155
156
157
159
160
156
161
162
159
161
164
163
168
164
167
171
168
171
174
171
174
177
175
174
176
177
181
178
183
183
183
186
188
187
189
187
187
190
192
190
192
193
193
194
196
198
199
201
201
202
202
207
204
204
209
210
209
212
214
212
215
214
214
217
218
217
217
222
223
224
222
222
227
225
229
227
230
229
234
231
236
235
234
238
235
236
237
241
240
242
241
244
246
249
249
250
250
253
253
252
252
255
253
254
257
257
260
263
261
260
261
267
264
265
269
266
269
270
274
272
274
275
275
274
275
276
280
283
279
281
281
284
288
287
290
288
287
293
293
295
296
293
293
298
296
297
301
299
303
303
305
305
303
305
308
308
310
310
311
315
311
315
315
317
317
319
319
318
321
324
323
324
327
325
330
330
327
331
331
331
332
336
333
336
337
336
338
340
342
340
342
343
343
346
349
347
349
349
349
355
353
353
354
356
356
361
357
360
362
363
366
362
368
365
369
367
369
371
371
373
374
377
376
379
