376
377
376
373
372
373
371
370
367
366
366
365
364
364
366
363
361
359
360
360
355
357
356
357
351
350
349
349
352
347
346
345
345
344
346
340
342
343
339
341
337
336
335
333
334
331
331
330
331
326
329
328
324
325
325
323
322
320
322
319
317
316
314
312
311
313
313
311
309
306
309
308
305
305
301
302
304
299
300
296
300
298
295
293
292
291
291
292
288
289
290
285
287
282
283
285
281
280
281
281
277
279
277
272
271
274
272
271
270
271
269
265
268
262
261
261
261
259
262
258
257
257
254
254
255
254
252
250
248
250
245
247
246
245
244
243
239
240
238
236
237
238
235
233
232
233
234
231
228
229
227
225
226
223
225
225
223
219
217
220
219
216
216
216
211
213
209
209
211
209
207
209
203
206
203
204
200
199
202
200
197
195
197
197
192
192
193
191
190
190
186
184
185
183
182
183
183
179
182
178
180
177
175
176
171
172
171
171
171
169
166
165
164
167
162
161
164
162
162
158
157
158
154
153
155
150
151
153
150
151
149
148
146
144
143
143
141
141
137
140
136
137
134
136
133
134
131
128
132
127
127
126
123
125
126
122
124
118
119
120
116
118
115
112
115
114
110
110
108
106
108
108
105
105
105
104
101
99
102
99
97
95
96
96
96
92
94
91
90
86
90
85
84
82
84
80
80
83
78
79
76
78
73
75
76
75
71
73
72
68
70
64
63
67
61
65
60
63
58
60
57
54
54
57
54
53
50
49
51
47
45
49
47
47
45
45
41
39
42
37
39
39
33
36
34
34
33
32
27
29
26
24
25
23
22
20
22
18
20
21
15
19
14
16
14
14
14
9
7
8
6
4
8
5
5
2
4
4
3
9
10
9
7
13
14
15
15
17
13
17
18
17
18
20
22
20
21
22
26
24
29
31
27
32
30
33
32
34
35
35
38
39
42
39
41
45
45
43
47
48
47
48
48
53
49
52
54
55
57
54
56
58
60
63
60
63
64
63
65
69
66
69
69
73
72
74
72
76
77
76
80
76
81
79
83
81
81
87
84
84
88
88
92
88
90
91
94
94
98
95
99
101
99
101
100
105
103
107
107
107
109
107
110
109
110
112
112
117
118
115
118
121
120
123
123
122
121
122
126
124
130
129
128
129
132
132
134
132
136
136
136
140
139
142
142
140
141
145
144
147
148
146
152
149
154
153
156
156
156
159
158
160
160
158
164
161
163
167
163
164
167
169
170
168
174
174
171
173
174
178
180
179
180
178
183
183
184
183
183
186
185
191
189
192
193
192
192
197
196
195
199
199
198
201
201
200
206
206
204
209
206
209
207
213
210
212
216
213
213
215
216
219
218
221
221
224
222
222
227
225
225
231
229
231
233
232
232
237
235
238
237
236
239
240
239
241
241
243
245
247
245
249
249
249
249
250
252
255
255
257
259
259
260
258
264
265
265
266
265
266
270
266
270
273
269
270
272
272
278
275
277
280
282
280
279
283
283
286
284
284
288
289
289
290
291
295
296
293
294
299
300
296
301
301
300
301
303
307
303
305
307
310
311
309
311
310
314
314
315
315
320
318
319
318
320
324
322
322
323
327
329
331
330
328
330
331
336
337
337
336
335
336
339
342
342
345
342
344
343
346
345
350
349
351
351
354
353
354
355
359
356
357
362
361
360
364
366
367
363
366
365
366
371
370
371
375
375
373
377
375
