377
374
377
373
373
372
369
373
371
369
367
369
365
363
366
360
363
361
357
358
360
358
354
353
352
352
354
352
351
351
345
347
346
344
346
341
342
340
339
339
336
337
337
333
335
332
332
333
327
330
327
327
328
322
326
321
319
318
322
316
315
317
313
315
315
311
310
310
311
306
308
309
305
305
302
304
302
299
298
301
298
299
295
292
291
290
289
293
292
287
285
288
285
284
283
284
279
283
281
280
277
278
275
277
276
271
273
271
270
267
270
267
267
262
264
264
263
262
259
256
256
258
254
253
251
252
251
252
250
251
248
245
243
246
244
245
242
241
240
240
236
239
236
235
234
233
229
232
232
226
227
224
228
226
221
224
224
220
217
216
215
214
213
215
212
211
210
210
207
208
205
207
205
203
201
202
203
199
199
199
197
197
193
195
193
192
190
190
192
188
189
184
188
185
185
184
180
183
179
180
179
178
178
173
174
171
169
168
172
171
169
164
165
164
165
160
159
163
160
159
156
154
155
153
153
152
150
149
151
149
148
147
144
145
141
144
142
139
139
141
136
135
136
132
131
133
134
130
129
131
128
128
127
127
123
125
121
118
122
116
119
116
117
114
114
112
111
112
109
109
108
105
106
107
105
105
104
98
102
97
98
99
95
93
91
95
92
91
87
91
85
85
87
87
85
84
84
79
77
78
75
75
73
76
75
73
73
71
70
70
69
67
63
65
65
63
64
63
59
58
58
56
53
55
52
55
52
51
48
51
49
46
47
43
42
41
44
41
38
36
35
37
35
32
33
33
31
31
29
28
27
26
25
24
26
22
19
18
18
18
19
16
13
12
15
15
10
8
8
7
9
8
5
5
5
0
4
4
7
7
7
7
10
11
11
13
13
15
17
16
17
19
20
23
19
24
26
24
25
28
25
31
30
33
31
33
32
34
37
39
40
38
41
38
44
41
42
43
44
44
49
51
48
49
54
55
54
56
55
55
56
56
62
58
59
65
62
65
64
68
69
70
67
69
72
71
71
74
78
76
78
79
77
82
79
82
83
85
85
88
88
88
89
92
89
91
94
94
96
96
95
101
100
99
103
103
105
102
108
106
105
108
109
113
111
110
116
116
117
115
116
120
117
121
123
120
126
127
128
127
127
130
132
131
130
133
131
134
136
136
139
141
139
139
141
140
141
144
144
148
147
150
147
153
154
153
153
157
154
157
160
157
159
160
162
161
164
166
165
166
169
168
169
169
170
172
171
174
175
175
176
178
178
180
180
181
184
187
185
186
188
189
189
188
192
192
191
197
197
199
196
200
201
201
201
203
202
207
206
208
205
206
209
212
212
214
216
217
213
214
218
219
218
219
222
220
225
225
228
225
230
226
230
231
233
235
235
237
237
235
239
240
242
242
239
243
241
247
247
247
249
248
247
251
252
253
254
255
256
257
255
260
258
262
261
263
264
262
264
264
269
268
267
268
274
273
276
275
278
278
276
280
277
278
280
285
282
287
285
285
289
286
289
293
289
294
296
294
294
299
298
301
298
302
303
300
301
302
307
304
306
307
312
310
310
313
313
317
317
317
319
319
320
321
322
321
326
322
327
328
327
330
331
328
331
331
336
333
338
338
339
341
338
339
341
344
346
345
346
349
350
346
347
350
349
355
355
354
354
355
356
361
358
360
364
363
364
365
365
369
368
368
369
368
373
375
375
375
375
375
