378
376
375
374
371
375
370
371
369
369
365
364
366
362
361
361
363
359
361
361
357
359
354
352
355
355
350
353
347
347
350
346
343
342
343
341
341
339
340
338
338
338
335
337
331
332
331
330
330
329
325
328
323
327
326
320
319
321
318
320
315
318
318
316
314
312
309
311
310
309
307
306
305
302
301
300
302
298
300
299
299
295
297
297
294
295
292
290
291
288
286
289
285
287
281
282
284
282
282
277
277
277
273
272
272
275
272
269
267
267
269
265
267
264
264
265
261
260
258
257
259
257
258
252
253
255
249
250
247
248
245
245
245
243
241
244
240
241
240
240
236
237
238
234
232
230
232
232
230
227
229
227
226
227
226
220
220
223
221
221
218
214
216
217
215
215
212
209
212
211
210
209
208
202
206
205
203
203
201
197
195
197
195
192
192
193
193
192
191
191
189
185
183
182
183
182
183
181
179
178
177
176
177
173
174
174
171
170
167
171
170
166
163
163
161
164
159
159
158
157
156
156
156
157
154
154
151
153
147
148
149
144
144
147
145
140
142
138
141
140
135
138
138
133
133
132
130
131
130
131
129
128
126
127
121
123
119
118
121
118
116
119
117
114
116
110
114
112
111
108
109
105
106
105
103
105
99
100
98
99
96
98
97
94
91
93
90
91
92
89
87
85
85
85
81
83
79
83
80
81
78
79
76
77
76
72
70
68
68
69
65
66
67
65
63
64
63
62
57
60
60
59
57
54
54
53
53
48
49
51
49
44
45
46
45
44
43
39
39
36
37
39
34
33
31
33
34
32
29
28
29
28
27
26
22
22
20
23
19
20
16
15
16
14
14
13
9
9
10
10
9
5
6
3
6
4
5
7
3
7
6
6
10
10
12
11
12
13
16
14
20
21
19
22
22
20
22
26
23
29
27
31
32
28
29
32
35
32
38
37
38
38
40
43
40
41
42
44
46
48
50
48
49
52
50
51
51
57
57
55
55
58
60
61
61
63
65
63
68
67
65
67
67
68
70
70
73
75
73
77
79
76
77
78
83
84
84
86
85
89
86
91
92
92
91
92
91
97
95
98
98
96
102
98
102
103
102
103
103
108
110
106
110
109
113
112
113
112
117
117
119
116
122
119
124
123
123
125
128
124
125
131
132
130
129
133
131
137
133
135
136
140
141
141
141
144
146
143
148
149
150
146
150
149
150
152
156
152
157
154
157
156
162
158
162
160
161
163
166
168
166
169
168
168
173
172
175
175
178
177
177
179
178
178
180
180
186
185
188
188
188
191
192
193
192
191
192
195
193
194
200
196
198
202
202
200
206
205
203
208
210
206
209
212
212
210
211
216
214
214
219
221
221
218
221
224
224
223
228
226
227
228
232
228
233
230
232
232
234
237
235
236
239
241
239
242
246
244
243
247
249
246
249
252
251
252
252
255
258
257
258
257
259
259
259
264
265
266
264
265
270
270
270
271
272
275
275
275
277
274
275
276
281
283
279
282
282
283
286
288
288
287
287
289
293
294
294
292
297
296
299
298
302
299
302
303
305
306
304
304
310
307
310
310
310
310
311
313
314
317
316
321
321
322
320
322
323
323
326
326
327
329
330
330
334
333
332
332
334
338
339
341
339
342
340
344
345
347
347
346
350
349
348
352
354
352
354
352
355
354
359
361
362
359
362
363
365
366
367
368
367
368
372
370
370
373
372
377
375
375
