380
376
375
373
371
374
369
368
367
367
367
364
364
366
364
362
362
360
362
360
358
358
357
354
351
351
353
348
347
351
347
344
345
342
342
344
340
343
338
336
335
336
333
336
332
331
332
328
332
327
330
326
323
324
323
320
319
321
322
316
319
314
314
317
315
310
313
309
311
307
310
309
307
302
301
304
302
301
300
299
300
299
293
295
294
290
289
288
289
288
287
287
284
282
281
285
280
281
277
278
277
274
273
272
276
271
273
269
271
270
270
266
268
264
262
264
260
262
259
260
257
257
255
256
255
253
250
253
247
247
247
245
247
245
242
240
242
241
237
236
238
237
237
232
231
234
231
228
229
227
225
225
226
226
224
224
221
220
218
219
215
217
215
213
216
210
211
210
212
207
205
208
206
206
202
202
202
201
197
199
199
198
196
192
191
194
194
189
188
189
190
188
188
187
183
180
180
182
177
177
178
176
173
172
171
171
172
169
167
170
170
169
168
166
163
161
164
159
161
160
155
159
156
154
152
154
154
151
148
150
149
147
143
145
141
143
141
142
140
138
140
137
135
136
133
135
133
130
129
130
127
126
124
127
122
123
124
119
119
117
118
119
113
116
114
112
112
109
112
110
106
108
103
103
104
101
101
99
97
96
95
98
95
96
94
93
90
88
87
86
88
88
87
83
84
82
82
80
77
79
80
78
78
77
71
73
74
70
69
68
70
67
67
66
65
61
59
62
61
59
55
56
55
56
52
55
50
50
51
46
47
44
46
44
45
40
41
41
39
36
39
37
35
32
35
31
30
30
28
27
28
27
25
22
26
20
19
22
21
17
17
17
14
17
14
12
9
13
10
10
9
6
7
2
6
3
2
7
8
5
7
8
12
13
14
14
12
12
14
18
17
20
18
18
23
25
25
23
27
28
29
30
29
33
33
34
34
34
36
39
40
36
41
38
41
45
41
43
46
49
48
47
49
52
52
52
56
53
56
59
56
59
58
63
61
62
63
62
65
68
67
67
67
70
70
70
75
74
76
77
78
81
77
81
84
80
81
83
85
85
87
89
90
93
89
93
95
92
98
99
96
101
101
102
101
103
104
106
106
109
105
111
110
110
110
115
112
113
115
119
118
118
120
121
120
125
122
125
127
125
127
128
127
130
134
134
134
137
134
139
139
138
139
143
141
143
141
147
146
148
149
147
150
148
152
155
155
152
154
156
157
158
160
158
162
160
164
163
167
165
165
171
172
168
171
175
174
175
176
176
178
179
178
181
182
182
181
183
188
188
186
189
189
189
191
195
191
193
193
195
195
199
198
202
200
202
204
206
204
207
207
206
212
211
209
213
213
214
213
218
219
216
220
223
220
220
226
222
223
225
228
229
228
229
234
233
232
235
236
236
235
241
242
243
241
245
244
246
247
249
245
250
249
248
253
252
254
253
256
254
258
258
259
262
260
262
262
267
267
267
267
268
268
271
272
272
271
275
273
279
279
277
280
283
282
281
286
285
288
287
288
289
291
288
289
292
292
295
297
299
299
301
297
302
303
300
304
306
308
307
306
309
310
309
314
310
316
314
317
318
315
320
321
322
320
325
325
323
327
327
325
331
328
328
329
335
335
333
337
335
339
341
338
338
344
340
342
344
345
347
350
346
352
348
350
354
356
353
355
359
359
361
361
361
363
361
361
363
364
367
369
370
370
372
374
375
371
374
377
376
