378
375
378
372
373
370
374
371
369
367
368
367
368
363
365
360
364
358
359
361
357
358
354
356
353
351
349
352
347
348
347
346
346
344
345
345
340
339
341
337
340
339
336
336
335
332
329
329
328
329
329
329
328
326
323
325
324
320
318
317
316
315
314
315
315
310
313
313
307
309
309
308
306
304
301
302
299
298
297
301
296
298
294
294
292
290
294
292
287
291
289
285
287
286
285
282
279
282
282
278
277
276
278
276
275
272
269
269
270
271
267
264
264
262
266
260
260
263
258
261
257
255
254
254
252
253
249
250
252
251
250
245
244
247
245
245
240
240
239
237
238
239
235
232
235
234
232
231
229
229
227
228
228
224
221
220
221
219
219
216
218
214
214
214
214
210
209
213
208
210
210
207
205
207
206
200
200
202
199
200
199
197
193
193
192
193
189
188
189
190
186
184
184
183
182
184
180
180
179
181
176
174
174
176
173
170
170
173
172
170
166
166
166
165
165
160
164
161
158
161
157
158
158
157
153
155
150
150
149
146
146
146
148
142
142
141
141
140
140
141
140
139
137
132
132
134
130
129
131
126
127
128
126
124
124
123
121
121
121
121
115
116
116
115
115
110
110
110
112
106
106
109
103
107
102
102
102
101
101
96
100
96
96
92
91
93
90
93
89
90
89
86
88
87
84
84
79
80
80
77
80
79
78
76
74
70
69
72
71
71
65
66
67
67
64
61
60
59
57
57
60
59
54
57
56
50
49
52
47
46
45
47
44
42
41
43
40
39
37
38
35
36
34
33
36
34
30
30
30
29
27
28
27
24
25
23
19
23
19
19
18
17
14
15
13
13
10
11
7
7
6
5
8
7
3
2
4
4
3
6
5
7
10
12
9
10
14
12
13
17
20
18
21
23
19
25
22
22
27
25
25
26
31
33
29
30
34
37
38
34
37
39
38
39
41
42
42
44
47
48
48
49
47
50
54
55
52
54
53
59
56
56
57
63
62
63
63
67
68
66
65
71
70
71
74
73
71
77
77
78
77
79
77
78
79
82
85
84
85
85
87
86
87
89
94
91
95
97
94
98
99
101
102
103
104
100
104
105
106
107
105
108
107
110
112
111
115
113
116
114
119
119
122
121
123
125
121
124
126
124
127
126
130
132
134
133
136
132
138
138
140
141
139
140
141
140
146
146
147
147
150
146
149
153
151
155
154
153
153
157
156
157
161
159
161
161
164
166
168
164
165
166
170
173
169
175
176
177
173
176
175
178
180
179
184
182
183
184
187
187
190
187
192
189
193
190
191
195
193
197
199
200
198
202
199
204
202
204
206
206
209
206
207
210
209
213
211
214
218
218
215
219
219
221
221
221
226
224
226
226
225
227
230
233
233
230
234
237
233
239
237
241
240
243
240
241
246
246
248
244
247
251
249
251
253
254
254
257
255
255
255
260
257
263
260
260
263
265
264
264
269
267
268
269
269
273
273
276
276
274
278
280
280
281
283
282
282
282
283
289
288
286
290
290
293
293
292
297
295
294
300
296
297
299
300
305
303
305
303
305
308
309
311
308
311
311
311
312
315
315
320
317
321
318
322
323
322
327
323
327
329
331
327
331
333
330
331
334
336
335
339
336
337
342
344
343
342
346
346
344
347
350
351
353
350
355
353
353
357
358
356
360
358
363
362
365
365
364
366
368
367
368
367
369
369
371
372
373
374
379
