378
374
376
377
372
375
370
369
367
370
365
365
364
366
362
362
362
358
358
361
356
357
354
352
353
353
350
351
350
348
347
345
344
345
341
341
339
340
337
336
339
339
333
332
334
333
334
333
329
330
329
325
323
323
321
324
323
321
322
321
316
316
316
313
315
315
309
309
310
307
309
307
308
305
305
301
303
301
300
301
300
298
296
293
295
295
294
292
292
289
286
287
287
282
285
284
281
278
281
276
277
278
273
273
273
273
270
272
269
271
270
267
265
265
266
260
261
258
257
258
258
256
257
253
254
251
254
249
248
251
245
245
247
247
244
243
239
239
239
239
239
236
237
236
234
235
231
231
230
229
228
224
224
227
225
224
221
218
222
219
219
218
215
212
215
214
211
210
209
206
207
206
208
205
206
201
203
203
201
199
195
195
198
193
192
190
190
189
189
186
186
187
188
186
185
180
181
183
178
178
180
174
174
173
174
174
172
169
167
166
170
168
163
163
163
161
161
161
161
156
159
159
156
155
155
152
149
148
147
150
150
146
148
147
146
142
143
138
137
136
139
139
134
134
136
131
131
128
128
130
128
128
125
125
123
121
124
119
117
117
120
116
117
117
113
112
113
109
111
109
110
105
106
106
103
101
103
101
102
96
99
96
94
97
92
91
92
91
91
87
90
88
83
87
84
85
83
80
79
78
76
77
78
73
73
74
72
71
70
66
67
68
67
64
66
62
62
58
60
61
56
54
55
57
55
51
53
49
50
48
50
49
46
44
43
43
40
43
38
36
37
37
38
37
36
35
31
29
29
27
30
25
27
22
21
25
21
23
19
16
16
17
17
12
15
15
10
10
9
10
5
8
8
5
2
1
3
2
6
8
10
11
11
11
14
15
14
14
14
18
17
17
17
20
19
25
26
26
25
27
25
30
29
32
29
34
35
34
34
34
37
37
41
43
39
45
43
46
43
45
48
50
47
48
54
50
52
57
57
59
58
61
62
58
60
62
62
63
64
67
68
67
67
69
70
70
76
76
76
78
80
81
81
78
84
84
83
85
83
88
88
88
90
91
92
94
91
92
95
99
98
97
97
103
102
105
101
102
107
108
107
109
107
109
109
111
112
115
114
119
119
119
117
122
120
120
123
125
126
124
126
131
130
133
132
132
134
137
137
138
137
137
137
140
142
141
143
146
147
148
147
147
152
148
152
150
156
153
157
159
157
160
162
158
164
164
163
166
168
167
166
170
171
172
173
173
174
174
177
178
178
177
179
179
181
185
182
182
183
189
189
188
188
193
189
195
196
195
196
196
195
199
200
199
204
200
205
202
207
207
208
210
207
208
210
215
211
214
214
218
217
218
220
223
223
224
222
224
224
225
229
228
230
228
230
234
236
235
237
234
240
239
239
243
244
240
241
247
247
247
248
249
248
252
254
252
252
254
253
259
258
259
257
258
259
263
264
267
268
268
270
266
270
273
273
270
272
272
276
277
280
277
280
278
279
281
282
285
285
289
290
286
288
289
289
291
295
297
296
296
295
301
300
298
299
303
302
303
305
306
310
308
307
310
314
312
316
316
318
315
319
316
318
323
321
320
323
323
323
329
329
330
331
329
329
332
335
336
334
337
335
339
339
340
344
343
343
344
345
344
349
347
347
350
349
355
355
356
354
354
355
359
361
359
361
363
363
362
364
365
366
370
369
372
373
375
373
374
375
378
