375
374
378
374
372
371
373
373
370
368
368
366
367
367
363
361
364
361
362
359
358
359
354
355
352
352
351
353
350
349
346
348
347
346
345
342
343
339
337
340
337
334
335
332
333
331
330
330
332
330
327
328
324
324
323
325
322
321
321
321
316
319
313
316
313
312
310
313
307
309
305
307
304
302
301
304
302
300
297
301
295
295
294
295
295
294
290
288
291
286
290
287
285
282
285
281
283
279
279
278
279
278
275
273
276
274
271
268
270
268
267
264
265
262
266
261
261
260
259
258
255
257
256
252
255
255
249
253
249
250
249
248
243
247
246
245
239
243
237
239
238
235
234
233
236
232
233
232
231
226
225
227
224
224
221
225
223
219
222
220
216
217
215
216
214
214
210
208
207
210
208
205
207
206
201
205
199
202
202
198
198
196
195
192
194
193
190
193
189
186
187
184
188
183
183
180
182
179
179
180
178
174
175
173
172
170
169
172
169
170
165
165
166
165
162
164
161
158
160
161
157
155
153
157
151
153
150
152
152
148
148
146
147
142
142
140
141
142
138
141
137
135
135
137
131
131
132
131
127
130
128
127
124
123
126
125
120
118
120
116
117
117
117
113
116
113
110
110
110
109
109
104
105
107
102
102
102
101
98
97
98
95
94
95
95
91
89
89
87
87
88
87
83
87
86
81
84
78
77
76
75
77
74
76
71
71
69
73
71
67
67
65
63
67
65
65
62
60
62
60
59
57
55
57
52
53
50
53
50
46
48
46
43
42
44
43
43
39
41
39
35
37
38
37
32
34
32
29
32
29
27
25
25
26
23
24
23
18
20
19
20
17
15
15
13
11
13
12
8
11
10
7
3
2
1
1
6
7
5
8
8
10
8
12
12
14
15
17
16
19
17
20
21
19
21
21
22
22
25
24
29
31
30
29
31
33
32
37
38
39
39
36
37
38
41
43
41
44
45
48
48
49
48
49
54
51
56
55
57
58
58
58
58
62
61
63
66
63
65
64
68
66
71
73
72
73
76
77
78
76
78
81
78
79
79
83
81
84
86
89
85
86
90
89
94
92
95
95
97
99
100
99
100
103
103
103
104
107
105
106
109
110
110
110
111
115
116
116
114
118
116
120
118
120
121
125
126
123
123
126
127
128
127
129
133
135
131
137
136
138
137
140
137
138
141
140
145
145
147
145
148
146
150
152
154
151
152
152
157
154
156
161
162
158
161
163
161
167
163
164
167
166
171
170
173
170
173
177
174
175
175
178
181
179
183
185
184
185
186
185
189
186
190
190
192
191
193
197
196
196
197
198
201
199
204
202
204
203
203
206
209
207
210
210
211
212
212
214
215
214
219
216
218
222
222
223
222
223
227
225
227
230
228
228
231
232
231
234
238
235
237
239
240
239
241
244
246
244
246
247
249
246
252
250
251
254
254
257
258
257
259
256
258
259
264
260
265
263
268
265
268
270
271
271
274
271
274
273
273
275
277
277
281
281
279
281
282
283
283
289
285
286
287
291
291
290
293
297
295
295
295
301
300
298
304
305
305
303
304
306
309
307
309
312
314
314
313
315
314
317
317
319
319
320
322
320
322
323
325
328
327
329
329
332
333
331
332
336
338
339
338
339
337
342
343
341
344
343
345
344
348
349
348
350
349
353
356
355
353
358
355
358
357
362
361
360
366
367
365
365
369
369
368
371
370
373
372
374
375
379
