328
139
4
369
364
82
5
184
71
347
62
116
38
337
49
143
258
28
245
131
293
187
42
110
163
235
31
217
270
233
350
88
43
301
196
30
229
41
15
76
4
210
21
52
113
55
360
310
69
234
15
352
216
171
137
273
121
46
166
285
100
230
78
41
352
355
156
177
189
230
50
215
45
248
146
205
324
200
196
68
208
256
59
152
181
353
9
152
284
4
52
169
259
17
227
48
191
179
75
188
269
101
154
155
320
172
199
126
22
22
339
42
183
274
133
312
80
177
131
146
279
371
359
202
210
290
25
50
69
214
80
192
320
20
334
295
205
316
344
200
10
227
372
124
90
35
53
261
206
40
190
147
347
248
259
77
123
117
164
341
203
82
92
174
9
207
12
305
132
255
138
112
220
71
73
230
253
32
53
302
261
191
36
342
229
0
46
57
227
50
229
28
353
238
341
38
99
325
21
99
18
76
59
6
47
306
302
125
40
28
259
232
284
218
32
340
156
79
9
300
12
311
13
60
272
369
0
251
112
349
374
333
275
338
38
201
127
162
76
157
272
375
75
300
220
82
78
211
283
96
205
183
274
263
264
4
108
127
362
289
286
101
364
173
16
243
79
359
243
240
25
155
38
360
279
328
203
184
117
293
296
253
95
108
337
370
195
336
146
34
58
281
68
53
187
99
221
307
295
239
332
202
240
280
229
137
235
48
363
163
46
294
221
314
355
296
256
319
369
255
373
27
31
229
182
133
39
267
190
74
159
274
104
31
109
331
100
223
76
51
67
262
169
270
240
0
282
169
355
208
82
286
369
73
357
305
26
265
276
336
238
329
297
168
39
206
233
157
9
40
127
114
1
221
210
