89
149
99
41
202
195
300
5
248
335
272
243
68
110
85
146
164
212
358
328
68
256
151
272
165
149
265
28
191
342
96
361
364
175
374
68
85
278
362
375
342
327
342
319
357
354
371
321
236
247
96
14
309
231
103
276
232
216
313
203
95
362
66
45
212
49
134
133
159
233
337
369
330
189
191
214
39
112
9
234
366
88
78
367
347
254
239
141
250
283
41
117
123
331
157
180
16
357
233
173
371
99
259
265
319
20
310
157
341
27
298
263
144
234
131
198
355
232
264
283
169
213
338
104
11
284
320
230
287
280
28
183
51
154
287
43
288
57
45
114
229
360
339
312
63
136
360
321
353
142
148
127
10
336
169
121
67
266
349
30
269
194
250
275
144
33
209
354
127
256
241
364
244
3
296
93
177
163
372
146
339
340
222
370
99
8
161
129
330
184
137
297
100
32
174
183
126
339
66
213
350
162
110
195
164
28
335
86
7
96
288
375
226
94
196
324
17
322
182
329
178
103
5
238
131
46
195
309
102
37
144
71
241
300
96
19
349
211
120
46
255
44
74
267
109
283
299
45
133
170
184
124
355
231
90
139
79
202
344
217
352
212
347
208
287
71
120
220
175
18
286
147
301
70
66
239
332
56
241
206
2
216
214
72
348
137
292
197
207
148
83
18
30
12
256
187
173
153
179
240
221
271
199
180
165
119
49
12
256
367
346
321
210
1
204
275
321
114
179
223
141
221
181
316
173
170
207
108
262
177
345
191
145
172
57
189
265
283
226
263
66
175
264
130
372
160
214
295
174
272
157
19
246
284
132
282
208
297
341
268
89
352
90
285
21
270
122
294
320
131
305
88
162
241
347
