182
3
301
28
311
36
65
10
70
264
51
284
62
192
14
315
297
178
209
81
133
328
74
42
20
77
371
36
224
48
175
145
339
175
164
166
271
282
150
168
246
265
195
129
18
97
286
358
260
53
9
291
231
186
51
189
341
274
211
199
135
352
255
234
130
273
171
299
331
142
114
185
230
5
363
351
261
292
130
213
327
276
202
161
352
264
234
106
288
30
28
157
290
11
263
276
244
251
197
243
239
193
371
62
190
137
307
148
118
106
145
45
357
78
173
218
199
267
261
86
337
195
5
211
343
373
119
288
51
283
295
66
308
13
77
163
186
215
14
52
73
62
332
319
146
104
190
5
44
305
75
323
251
55
164
151
45
46
135
204
271
343
213
202
198
180
57
136
99
318
260
125
167
372
259
99
105
304
154
86
314
11
321
131
331
19
32
319
354
40
126
252
26
51
46
292
269
237
61
188
86
96
306
147
339
44
172
65
209
136
269
306
53
348
141
92
157
155
283
270
58
312
22
270
74
32
73
215
123
151
122
262
247
279
309
194
119
285
14
302
326
51
253
114
326
253
218
165
355
227
140
68
217
188
280
310
246
154
13
13
339
195
175
351
118
30
153
243
66
25
225
132
98
282
320
162
97
304
219
280
144
343
343
153
270
344
290
130
145
189
146
321
42
129
374
295
201
331
86
136
338
1
62
195
41
145
7
155
98
329
296
250
325
64
328
163
5
264
239
79
181
73
196
199
76
121
6
59
283
325
106
255
359
317
34
283
7
126
341
150
211
224
14
206
27
174
337
85
197
87
361
160
205
88
119
37
199
330
134
317
22
263
110
348
324
146
98
363
111
195
304
158
375
351
356
