289
308
322
230
210
216
266
81
31
105
303
71
214
172
15
158
341
104
273
45
322
259
95
121
108
326
49
19
249
332
304
267
200
309
129
302
195
112
247
280
86
254
1
249
124
21
300
20
198
364
135
14
16
305
202
90
118
74
112
210
328
68
339
254
2
209
35
68
37
95
311
20
81
289
249
25
341
8
334
329
74
355
232
112
23
344
253
344
48
202
16
70
190
82
271
191
233
95
374
339
18
48
326
187
11
346
171
366
164
74
305
17
350
21
282
200
249
160
215
152
52
224
210
271
216
83
360
24
216
39
251
153
9
243
211
141
300
124
18
22
330
136
236
78
1
76
35
195
18
144
64
123
30
372
347
266
354
104
213
58
128
16
75
32
235
271
345
165
119
45
85
139
201
285
183
193
129
4
59
136
152
320
45
227
314
337
216
124
18
130
234
319
141
127
286
70
302
328
223
22
133
260
144
102
256
301
142
367
119
207
95
2
343
261
316
243
341
72
259
54
180
167
96
61
175
366
37
37
367
364
302
336
228
30
38
81
188
85
28
96
115
210
342
86
143
370
202
367
114
269
313
366
164
181
296
301
363
177
263
83
39
156
49
248
87
223
170
155
67
331
278
278
302
280
290
113
191
98
145
134
16
76
225
245
3
276
104
177
266
22
63
372
22
90
64
154
35
19
205
286
145
317
372
74
50
375
156
89
319
275
266
175
370
153
125
293
70
78
130
194
315
0
290
26
342
26
84
319
362
38
215
128
298
79
50
221
274
338
95
311
172
216
53
54
89
150
117
286
303
282
333
37
230
22
273
209
306
162
241
243
327
247
88
241
68
34
141
91
146
363
271
304
143
13
303
