106
141
348
46
98
331
2
365
336
39
42
267
64
225
359
35
224
123
6
3
18
111
169
44
204
54
200
180
209
44
368
68
194
28
353
191
61
301
202
71
296
77
70
279
125
177
224
167
145
287
175
199
164
10
154
199
148
141
54
130
305
353
243
320
101
132
222
76
93
344
95
207
249
92
104
144
47
294
324
213
272
270
375
300
281
146
144
151
292
316
227
339
43
174
92
201
109
351
261
117
44
207
191
245
137
291
1
225
281
262
38
192
194
88
283
322
48
239
348
224
186
28
95
136
54
242
51
94
116
176
357
145
276
187
174
141
228
26
265
165
256
1
366
128
317
208
50
205
279
302
107
148
292
101
11
333
22
367
5
306
203
29
326
296
121
298
113
129
201
257
358
18
367
34
174
66
8
287
104
213
368
35
54
369
84
57
284
178
279
58
167
257
330
18
312
42
317
65
263
12
326
290
154
38
49
32
313
43
254
55
217
126
251
333
281
364
129
123
182
362
122
255
298
274
262
41
155
50
153
96
209
102
0
204
87
105
142
125
43
166
16
129
321
143
244
368
192
181
155
335
357
187
286
183
336
365
274
153
196
207
350
163
2
346
304
187
117
314
194
286
262
200
233
262
199
36
296
13
235
350
302
289
67
24
37
181
341
45
296
38
140
125
13
76
245
47
42
247
348
26
216
187
2
179
311
52
49
29
151
337
83
268
105
6
176
81
362
168
54
42
156
69
41
176
216
144
327
36
256
105
161
275
203
245
270
122
170
159
82
142
79
25
120
351
251
252
112
60
44
35
42
1
325
61
74
362
274
149
91
130
197
344
78
190
160
196
137
111
204
324
306
343
348
288
369
