283
224
357
23
284
60
7
228
303
320
134
186
264
355
229
3
199
346
205
1
178
78
175
264
209
308
48
64
95
171
235
6
223
224
138
51
202
326
149
28
203
211
309
162
157
119
134
1
368
204
348
104
213
129
23
66
3
346
283
277
39
92
112
145
373
155
374
369
50
129
141
10
260
76
180
211
190
178
194
244
187
222
300
310
64
7
292
87
368
279
283
261
342
256
290
285
288
51
204
351
7
58
79
44
364
196
7
42
367
317
289
341
336
223
287
45
127
373
244
132
69
91
292
268
89
179
201
357
285
3
30
54
58
275
351
112
56
210
15
125
171
193
5
270
3
350
134
45
277
85
214
74
267
246
314
245
299
22
89
336
142
7
153
319
88
72
127
89
280
31
76
12
235
228
337
214
312
175
36
290
287
271
319
205
99
295
286
202
112
156
120
64
224
33
256
1
352
343
29
134
311
236
133
127
10
163
2
261
59
243
358
302
120
340
31
362
266
352
366
253
133
356
208
322
59
265
344
91
193
366
73
11
23
202
198
192
240
130
174
142
230
217
97
219
224
264
79
240
310
246
295
152
138
196
339
38
58
208
236
67
236
120
309
175
250
355
346
43
60
42
279
155
292
283
112
268
221
103
65
171
294
154
352
63
116
248
51
191
132
268
84
274
40
290
305
7
306
354
117
214
365
202
103
112
261
35
41
163
202
173
224
68
247
355
300
57
257
79
98
53
235
361
221
58
23
188
158
371
353
241
44
336
34
127
201
362
320
37
97
172
208
97
52
342
124
183
194
266
338
318
18
153
69
259
285
301
305
368
73
269
196
253
32
228
330
276
287
319
268
61
233
208
241
321
225
