261
317
347
374
27
290
231
22
3
228
92
54
307
272
137
149
237
170
260
41
286
270
194
252
290
187
110
78
161
136
261
343
199
265
305
371
229
225
361
74
91
20
205
20
31
104
153
112
242
209
303
217
292
297
211
112
21
52
131
56
57
183
131
19
227
243
239
238
213
120
33
333
331
9
363
200
372
280
337
314
122
309
218
313
330
205
276
89
221
198
43
72
342
274
323
226
242
135
269
375
20
308
293
110
73
116
188
211
42
128
106
249
28
150
340
203
321
336
152
22
311
357
320
110
222
304
330
123
171
88
193
210
118
290
289
283
278
177
188
169
345
283
57
359
343
94
29
41
265
20
354
58
182
187
366
178
104
190
232
352
24
127
339
334
118
284
316
173
146
363
178
245
161
270
129
93
260
175
346
220
320
297
220
271
222
329
181
88
220
50
218
341
19
242
176
16
216
152
169
213
234
240
248
155
356
314
188
145
4
114
330
216
178
106
125
59
335
300
310
150
106
146
219
300
162
186
11
320
83
361
255
234
308
108
255
137
142
131
193
134
171
5
164
5
184
253
280
187
250
236
266
188
12
109
131
8
274
226
224
244
104
260
245
186
115
0
47
114
49
275
190
302
317
133
349
259
57
165
230
87
183
200
167
268
275
334
253
337
239
300
365
183
231
21
271
261
35
105
46
352
32
107
280
170
343
109
163
283
239
346
114
267
358
307
260
283
121
139
140
105
178
293
117
55
92
239
15
242
260
159
304
118
96
121
347
102
273
51
87
104
91
211
176
149
24
198
341
156
239
119
114
196
339
224
307
223
360
286
46
169
203
96
265
320
68
252
232
116
158
185
47
271
324
80
89
