218
28
32
367
184
125
115
229
220
280
41
253
125
5
206
85
325
59
375
43
350
338
308
104
344
356
31
221
122
74
93
206
81
302
231
282
302
129
99
239
213
121
283
30
106
370
66
331
244
296
205
191
342
315
57
111
30
209
79
67
28
164
105
363
7
172
257
151
324
109
151
281
216
42
270
355
350
225
221
80
76
84
43
180
183
291
374
258
234
195
342
245
166
197
146
145
48
156
3
155
322
337
89
153
74
43
144
294
205
236
337
127
64
29
82
102
102
34
275
139
283
360
347
26
280
154
93
261
170
38
150
5
189
89
60
23
258
259
374
290
192
362
93
287
323
223
317
153
284
231
227
83
113
216
105
192
349
85
323
234
25
303
365
71
32
228
79
133
153
103
358
25
153
22
123
189
278
109
13
136
298
192
269
194
12
102
202
69
97
146
204
231
319
70
60
196
68
152
343
284
357
89
83
89
290
67
99
189
234
251
160
206
348
267
314
100
84
195
278
271
247
21
41
149
252
295
204
242
202
118
104
299
84
368
12
178
146
70
294
305
7
307
52
140
199
252
221
315
43
261
355
347
44
190
262
61
55
169
302
173
311
72
269
336
254
157
196
99
139
300
295
279
12
265
116
30
132
174
266
112
346
150
146
237
314
20
302
305
236
47
146
208
320
374
112
333
279
316
105
143
151
247
117
298
90
130
311
136
179
359
114
7
242
276
69
67
281
43
73
306
185
353
284
316
241
239
217
263
76
160
215
90
152
27
116
357
299
100
51
208
122
372
232
234
17
31
223
175
195
87
163
37
254
317
113
273
320
337
143
187
68
312
103
324
300
273
99
349
9
352
313
172
138
326
274
