78
274
117
298
262
124
207
185
93
241
206
251
95
89
287
96
240
274
254
281
182
147
128
252
235
358
49
214
182
200
71
89
297
195
254
329
228
245
274
342
254
290
183
83
134
353
276
108
180
156
164
99
121
279
373
62
221
327
228
358
83
363
185
22
92
285
100
262
83
216
285
30
316
210
164
133
306
15
42
18
366
211
325
171
127
373
194
139
265
149
300
329
339
256
65
141
227
358
223
252
364
144
213
93
114
247
87
177
150
145
319
88
175
122
121
39
95
274
62
27
327
75
140
114
368
254
347
335
338
95
128
155
285
306
300
112
169
292
197
334
324
360
45
250
212
74
88
323
206
300
73
22
227
221
122
92
259
255
221
131
30
52
258
89
353
170
135
11
358
239
297
12
40
301
83
230
61
248
117
136
145
204
331
294
271
372
142
181
166
179
262
246
45
93
294
159
28
14
44
274
216
281
256
21
162
140
15
201
51
59
169
286
97
227
201
258
10
259
24
215
239
97
84
226
32
16
251
129
345
192
52
250
185
14
39
91
93
203
51
350
108
23
82
253
217
189
15
140
306
355
314
155
137
248
10
177
39
250
103
136
251
200
10
25
203
46
298
72
325
177
223
8
215
159
99
305
132
56
308
284
338
325
42
23
303
53
183
126
216
345
32
337
79
129
282
179
276
238
184
209
188
22
281
5
123
92
326
109
319
98
235
166
256
267
106
318
125
182
54
75
131
288
248
293
39
39
336
47
117
7
138
136
121
207
138
311
317
316
335
23
147
98
204
51
226
90
167
22
276
85
213
50
266
67
366
154
192
325
206
123
281
337
305
248
366
217
76
312
284
216
316
317
140
99
174
