319
273
0
221
366
276
52
49
206
282
123
356
261
368
122
297
138
352
59
258
203
314
16
303
29
345
230
255
285
290
269
140
368
278
189
371
36
181
104
289
40
368
260
326
236
339
364
105
302
317
46
111
250
309
26
184
25
95
101
314
118
143
350
355
216
94
28
146
250
67
179
48
182
312
353
358
114
342
154
36
106
148
160
342
287
169
69
350
86
44
130
274
185
161
160
181
354
343
122
256
286
128
138
74
172
284
185
14
105
31
205
197
56
352
65
334
60
183
187
19
369
48
55
356
229
292
248
213
44
347
278
68
36
28
85
80
85
78
38
74
177
240
56
27
375
307
38
191
62
4
234
370
316
306
12
135
9
339
342
200
22
118
211
15
302
338
242
301
150
0
193
308
164
66
298
307
87
14
126
23
123
171
92
276
47
14
81
205
201
188
274
73
54
34
74
42
113
362
346
85
368
281
148
82
117
88
105
138
308
93
56
348
281
206
233
132
371
252
80
225
194
353
335
104
122
75
76
106
9
197
326
67
42
77
121
326
63
126
146
17
134
171
16
352
323
213
74
24
333
215
119
44
28
58
87
39
44
313
357
267
208
325
351
275
86
28
86
63
253
101
54
42
97
254
328
334
168
196
53
369
292
269
115
219
13
355
143
113
155
1
5
285
258
124
144
136
14
261
49
105
341
247
308
24
86
370
323
205
132
360
165
276
282
324
157
127
232
50
283
315
312
246
24
333
146
49
144
142
162
294
248
213
358
279
243
34
107
189
363
266
187
348
244
302
42
102
309
18
194
88
312
185
54
257
336
38
286
289
290
252
53
8
138
121
205
84
118
53
204
342
342
235
113
35
300
