79
39
261
195
284
224
136
341
349
93
57
59
244
155
52
349
240
237
340
359
29
138
272
90
112
290
304
156
270
242
33
229
67
242
243
313
130
332
136
348
294
285
137
127
347
259
305
291
72
174
140
11
145
351
52
85
260
353
57
188
233
129
363
267
11
54
174
327
368
283
201
176
120
68
2
143
219
322
349
251
296
42
320
221
342
349
73
188
221
64
321
168
100
168
340
302
248
204
193
243
296
11
365
168
291
339
173
22
256
332
99
60
127
330
133
147
184
115
233
322
347
178
47
191
128
370
322
119
158
114
325
63
351
194
307
18
209
44
371
69
182
255
143
355
87
165
175
296
1
249
284
295
192
178
24
211
47
99
258
284
102
258
357
77
199
243
6
157
216
313
372
156
13
145
237
73
342
44
177
149
310
67
22
201
148
250
80
233
233
33
204
101
170
125
353
274
197
252
1
132
41
336
172
0
301
294
161
134
140
177
164
189
164
256
265
104
329
89
256
337
341
218
73
82
308
128
370
282
41
342
40
81
127
324
251
226
256
218
49
147
32
195
200
120
135
334
261
61
21
169
180
362
247
274
47
254
317
363
357
196
248
187
93
190
241
277
288
260
303
45
6
74
250
334
359
370
274
320
52
82
267
42
186
72
199
201
1
233
83
79
42
140
207
269
42
340
161
229
193
91
271
100
258
341
362
285
30
305
169
350
288
5
118
42
261
294
103
186
61
70
182
170
135
242
108
204
206
26
338
248
365
36
352
334
239
74
280
57
340
95
186
315
274
56
163
361
149
196
246
333
100
231
0
219
256
372
374
193
43
67
346
37
56
354
91
197
187
212
284
351
351
106
155
125
130
