106
263
304
0
33
253
200
371
303
72
223
134
34
133
47
135
3
181
249
170
343
13
100
45
50
372
272
220
43
225
310
327
129
371
242
322
134
113
211
117
232
178
153
160
317
306
127
15
69
5
372
129
189
277
165
42
46
164
160
71
18
23
241
296
255
294
35
22
262
234
142
315
314
134
23
357
307
374
93
236
328
210
256
6
190
350
327
61
271
244
55
155
79
219
180
73
145
147
232
267
251
281
336
138
207
186
151
264
275
55
365
75
34
336
268
295
96
374
173
275
70
360
279
149
8
223
245
151
222
266
192
259
243
120
337
210
82
28
194
353
192
146
294
127
207
154
286
328
111
116
110
144
41
142
335
12
57
235
67
237
101
300
29
351
213
216
53
272
78
262
56
281
4
226
253
8
32
369
79
108
107
310
273
199
238
124
302
97
283
17
290
200
32
10
113
78
177
250
144
155
369
293
157
325
339
279
277
70
70
291
227
32
79
208
182
375
333
317
341
230
365
342
154
103
14
107
295
30
33
369
213
233
53
185
275
164
281
101
41
143
243
153
73
138
1
171
141
184
15
159
104
180
204
366
82
354
234
167
199
248
177
324
245
52
119
220
211
67
114
173
1
96
0
116
68
5
169
134
83
275
130
329
174
104
124
176
272
46
203
43
178
58
346
7
245
273
308
246
62
83
143
118
235
70
15
230
124
98
318
340
352
230
12
66
322
300
88
120
136
45
62
297
145
38
252
58
321
124
348
83
348
267
181
316
182
324
8
74
246
72
329
112
17
286
233
315
326
330
224
47
244
16
76
70
44
89
63
137
306
87
280
102
4
160
203
69
293
120
201
348
331
210
224
356
327
