277
99
156
165
243
346
57
292
125
29
68
109
186
67
117
215
29
156
179
315
330
56
164
272
180
335
272
150
281
309
296
3
290
344
326
90
197
206
46
275
274
297
50
27
184
140
276
154
188
345
122
75
260
261
172
146
282
210
59
275
93
203
217
358
345
220
142
6
112
306
83
95
245
91
107
278
142
341
70
332
2
143
12
135
93
154
218
10
140
72
375
53
193
30
249
144
262
235
372
239
375
124
214
92
150
58
223
4
244
13
111
78
343
158
7
281
163
156
125
204
113
123
170
78
308
356
21
23
338
305
139
72
127
263
60
2
298
261
31
40
329
325
45
314
37
311
281
42
64
265
207
46
23
263
206
162
162
98
298
266
277
127
295
50
25
90
255
228
236
329
359
354
62
304
295
147
321
341
332
264
304
339
116
353
40
163
117
301
188
218
313
232
291
35
221
53
104
177
216
174
228
50
193
119
353
267
266
24
323
210
27
160
193
212
317
344
351
237
336
19
37
160
17
61
256
362
229
195
343
262
311
363
243
46
83
200
19
291
257
123
25
335
364
247
315
152
230
25
97
367
5
314
41
273
36
20
107
23
140
122
108
189
20
226
184
203
375
169
202
78
82
364
243
93
338
285
194
352
221
164
330
12
362
322
274
372
20
284
0
230
125
69
363
315
19
317
322
130
313
264
373
227
212
178
70
178
337
344
313
304
309
283
10
109
365
70
192
283
81
340
298
115
128
324
6
143
296
27
60
57
175
331
168
39
61
199
337
106
63
19
345
59
19
113
278
314
375
321
372
343
280
329
154
133
270
157
205
267
296
352
322
368
267
16
4
16
206
122
125
67
89
43
289
213
279
