182
121
37
281
96
107
206
27
207
151
147
16
86
301
306
142
212
319
249
23
364
200
273
24
200
219
346
25
144
4
80
168
197
355
370
236
156
248
17
340
350
231
202
164
177
30
254
363
207
199
351
59
66
320
191
148
271
90
297
270
222
336
310
62
30
268
35
362
263
4
173
334
68
12
237
367
338
366
277
363
155
364
145
137
121
323
28
41
132
250
155
224
58
197
318
355
161
17
291
197
110
240
103
175
148
174
340
280
348
305
71
102
180
217
60
266
113
2
142
45
190
16
293
0
76
78
305
298
249
172
300
189
20
4
136
121
249
298
166
222
303
48
131
355
16
231
60
107
231
176
311
58
326
152
125
41
253
228
356
191
351
313
166
103
289
254
293
177
330
369
311
289
126
317
283
337
235
25
60
323
124
208
133
136
269
126
44
49
295
280
265
173
139
322
226
142
291
102
112
218
24
33
193
59
136
139
66
136
259
45
58
185
277
90
264
84
350
173
236
346
2
210
277
369
191
38
370
45
191
235
68
86
176
91
301
238
233
185
217
322
112
126
20
314
88
101
272
257
278
89
9
243
193
54
209
47
277
284
353
358
239
202
157
35
130
18
75
203
62
13
42
184
65
291
137
207
313
299
18
352
32
0
306
130
321
24
207
140
161
75
203
359
232
176
306
356
125
53
191
304
196
283
136
309
230
130
145
12
336
173
74
65
81
206
8
302
211
52
349
122
106
236
51
166
4
238
29
70
81
270
222
1
96
347
292
89
278
319
59
349
33
157
5
343
248
141
214
64
308
241
257
306
102
75
197
222
174
198
172
287
228
194
338
227
67
38
191
370
231
246
194
135
8
13
306
