284
299
11
258
10
200
197
27
287
44
322
357
350
307
196
166
309
372
26
149
367
159
284
254
368
332
339
190
6
162
225
240
81
250
57
126
56
261
350
215
322
367
252
295
331
208
368
84
137
211
374
6
111
100
159
371
93
186
264
17
118
70
71
4
198
241
366
298
341
255
228
22
251
147
326
94
99
15
102
183
102
28
161
95
38
337
275
349
146
95
258
373
353
126
276
188
237
64
42
30
153
247
140
43
134
256
146
350
155
345
98
131
252
282
236
188
23
47
336
228
341
175
196
222
367
306
230
116
318
348
318
18
58
156
326
374
258
193
20
354
4
173
49
373
153
168
263
148
335
246
339
220
112
242
256
26
15
47
229
32
68
79
118
178
178
299
257
225
100
88
211
254
191
51
288
161
369
148
272
107
65
220
326
213
97
315
0
12
228
348
82
107
234
324
225
330
33
171
15
41
190
315
286
252
143
128
112
359
366
276
63
10
100
311
86
148
129
98
316
93
340
47
60
343
206
70
332
149
180
367
136
334
34
240
53
54
239
78
176
96
273
352
113
88
300
177
156
121
334
164
132
289
194
170
15
363
183
190
288
359
241
372
13
156
112
40
37
163
138
295
223
36
211
346
331
186
198
175
216
154
69
6
266
352
235
283
366
154
60
291
124
329
235
128
62
249
13
76
370
150
329
21
62
216
63
199
175
241
234
158
348
107
328
20
321
92
80
155
221
168
39
117
261
296
95
229
365
67
6
158
153
243
134
177
216
87
344
250
110
77
78
189
248
336
135
304
369
99
307
231
171
165
107
192
73
331
309
85
237
279
129
92
71
315
229
169
43
296
20
309
217
176
62
108
282
