755
750
752
747
751
749
745
746
745
742
740
744
741
742
741
738
737
733
736
731
732
732
733
731
727
727
725
728
723
725
722
724
720
717
721
719
719
714
713
711
715
712
711
711
709
709
709
706
705
702
703
704
700
700
701
696
694
693
696
692
690
691
692
688
686
690
687
688
683
686
681
679
682
679
678
675
675
677
677
672
671
673
669
670
671
669
664
667
665
665
661
661
660
658
661
658
659
655
652
653
650
653
651
650
648
646
649
647
642
642
644
639
643
637
638
638
639
635
633
636
633
632
633
632
628
625
628
628
625
622
624
623
619
621
617
620
614
613
614
612
615
614
611
612
609
606
609
608
606
605
604
602
603
599
596
598
595
596
597
595
594
591
592
589
589
588
588
584
585
583
584
584
578
577
580
578
575
576
577
576
571
569
569
567
569
569
565
564
565
563
562
560
558
557
558
557
556
553
554
555
550
552
548
548
551
549
548
545
546
542
543
540
541
538
536
535
539
534
535
534
533
531
533
531
526
529
526
523
523
525
524
521
520
518
518
516
515
518
513
515
515
512
513
509
506
510
504
503
503
506
504
499
502
502
500
500
496
495
494
492
493
494
488
487
489
485
489
484
485
482
483
483
482
482
481
479
476
477
475
472
470
470
468
472
471
468
467
463
467
462
463
463
458
457
456
458
458
456
453
456
452
454
448
447
449
449
446
447
444
445
440
439
441
437
437
440
436
436
433
433
434
431
431
429
428
430
429
426
422
423
424
423
418
420
417
418
419
414
415
413
413
412
409
408
408
405
404
405
407
401
402
403
403
400
399
395
395
397
394
394
393
394
389
392
389
388
385
384
384
386
384
381
379
379
378
380
378
376
372
371
375
374
369
370
368
369
366
367
363
362
361
362
362
357
359
356
359
354
357
354
351
353
349
350
347
347
346
346
346
344
343
340
339
342
337
335
337
338
334
332
332
331
328
329
331
330
325
323
327
325
321
323
320
317
321
317
314
314
314
316
313
312
311
312
310
306
306
304
304
303
302
301
298
298
299
295
297
295
297
291
293
292
292
290
286
290
287
283
283
285
280
279
282
277
278
279
279
278
277
273
275
271
271
268
266
268
266
268
267
266
264
263
261
259
259
255
258
256
257
254
253
251
253
249
249
248
246
245
246
242
240
242
241
240
240
239
236
238
232
234
231
229
228
229
230
226
226
226
227
224
224
221
220
217
217
218
218
216
214
215
212
211
208
208
208
207
205
206
203
206
200
202
202
199
201
198
195
194
192
191
195
191
193
188
187
190
184
187
186
183
180
181
179
178
180
175
177
177
175
176
171
173
168
171
169
166
164
165
163
166
160
161
161
157
161
157
157
157
152
154
154
152
148
150
148
147
149
143
147
144
144
141
143
138
137
136
138
138
133
135
131
132
128
129
131
128
128
127
124
122
121
120
119
119
119
115
117
115
114
114
114
109
113
112
107
110
106
103
107
103
101
104
102
102
101
96
98
93
97
93
92
91
90
87
86
85
88
84
86
83
85
81
83
78
77
77
76
76
74
75
72
70
71
67
70
66
69
66
64
66
61
62
61
59
59
60
55
58
56
52
50
54
52
47
50
46
47
47
47
43
43
43
41
42
37
37
38
35
35
32
31
30
32
29
28
28
27
26
22
25
24
23
20
20
19
16
16
18
12
15
12
10
13
11
10
6
7
8
4
3
