753
751
753
747
748
748
744
746
745
741
742
741
740
742
741
736
737
735
732
731
732
730
728
728
729
725
727
727
723
722
720
721
719
720
721
716
716
717
713
716
713
709
712
712
709
707
705
706
707
702
705
703
702
701
700
699
699
698
692
691
693
694
692
687
688
688
688
687
683
683
681
681
681
678
677
675
677
675
677
676
670
669
669
667
671
667
665
665
666
666
662
661
658
658
660
660
654
654
654
651
654
651
650
651
650
649
646
644
647
645
640
642
638
637
638
640
639
634
633
632
633
631
632
630
628
625
627
627
624
625
622
619
619
617
616
620
619
616
612
616
611
609
611
607
606
610
606
605
604
601
603
602
603
599
597
597
598
598
597
593
590
594
592
591
589
585
586
583
582
581
583
584
581
581
577
580
578
577
573
571
570
572
571
568
571
566
569
564
566
564
565
559
562
559
560
560
556
554
556
555
550
553
551
549
548
546
548
546
546
546
545
542
539
540
537
535
539
533
535
532
534
531
530
532
529
530
526
525
527
521
520
520
522
519
520
519
516
515
515
512
514
513
509
510
506
508
504
505
503
501
500
504
498
502
498
495
494
496
497
493
492
491
492
489
490
488
489
485
486
486
482
480
481
478
476
476
479
474
477
474
472
471
473
472
467
469
468
465
462
463
460
459
462
461
461
458
457
458
452
451
453
451
448
451
448
449
447
448
444
446
440
443
438
437
441
438
439
434
436
435
435
431
429
431
428
425
429
423
423
426
425
421
423
421
416
419
418
416
416
414
410
410
408
409
410
407
409
405
406
406
405
403
398
402
400
399
394
395
395
393
391
392
390
390
388
387
388
388
383
382
382
384
378
382
376
379
377
377
374
374
371
373
372
368
369
370
367
368
362
363
365
361
363
361
357
358
357
356
355
352
355
351
349
349
347
347
349
343
345
341
343
344
338
340
341
337
335
334
334
335
330
329
331
332
328
330
326
325
324
321
325
322
321
322
318
318
316
315
314
311
313
311
308
312
308
308
309
307
306
304
301
300
301
301
296
295
297
297
292
292
295
290
293
292
287
285
287
283
283
284
280
279
279
282
278
278
278
276
274
273
273
269
270
271
270
267
269
268
263
262
262
259
259
260
259
259
254
256
253
251
252
254
252
252
247
249
249
245
245
245
240
240
240
241
241
237
236
234
236
235
232
232
233
229
228
225
226
223
224
226
220
219
218
219
219
217
219
215
213
212
213
213
213
210
209
208
205
208
207
204
204
203
199
201
198
198
195
194
193
191
190
190
193
190
190
185
187
186
184
185
183
181
183
178
179
179
177
178
175
174
175
173
171
172
169
170
169
163
164
161
160
159
160
157
156
159
157
155
157
152
155
149
152
148
149
147
148
145
146
142
142
139
141
140
136
140
136
137
135
136
135
129
129
130
130
127
125
128
126
125
121
123
123
120
116
118
117
114
117
111
110
114
113
110
106
110
108
103
104
106
104
99
99
100
101
97
96
96
96
91
91
93
90
88
91
89
88
84
84
81
84
81
82
82
78
75
79
77
72
72
72
73
69
71
68
66
65
67
66
64
60
63
58
62
61
59
58
54
56
54
52
54
49
52
48
49
46
43
43
42
40
41
43
39
38
36
37
33
37
36
32
33
31
30
26
25
24
24
22
26
23
23
20
17
21
15
15
14
12
12
11
9
13
9
7
5
8
4
5
4
