751
751
748
750
747
748
746
744
746
745
740
741
740
739
738
739
739
735
736
734
733
729
733
732
726
726
726
726
722
726
725
720
723
718
717
719
715
717
713
714
713
709
711
710
706
706
708
707
707
702
705
703
698
700
697
697
694
694
697
693
694
691
693
691
690
688
684
685
684
681
680
683
681
682
679
676
674
677
677
674
670
669
672
667
670
670
668
664
663
661
665
661
659
661
659
655
655
656
657
655
654
654
652
650
649
648
647
646
645
643
641
642
640
639
640
638
638
638
636
634
631
629
631
627
629
627
626
623
622
621
620
619
618
619
617
617
617
613
616
612
611
612
611
607
608
608
607
603
604
602
601
601
599
601
596
596
597
593
593
593
593
592
593
588
591
588
589
585
585
585
583
584
579
579
577
578
577
573
574
571
574
570
573
572
569
568
568
565
567
563
565
562
561
559
560
555
559
556
555
552
552
550
549
549
550
549
544
546
542
542
540
542
539
542
541
538
539
535
534
534
533
531
528
529
529
525
524
526
524
521
523
524
520
520
516
518
517
513
513
511
511
514
509
507
506
507
508
505
505
503
502
504
498
500
496
500
495
493
493
491
495
489
491
491
489
485
486
488
482
485
485
484
480
479
476
477
477
478
475
471
475
469
469
472
467
467
468
467
464
466
463
462
459
459
460
460
456
453
455
455
455
450
449
452
448
447
445
446
442
445
442
441
441
438
441
436
439
437
437
433
432
432
432
430
427
425
428
425
424
423
421
419
423
420
417
420
414
417
414
415
414
411
412
412
411
405
408
405
407
406
403
404
402
398
397
398
396
397
393
396
392
394
390
392
389
386
384
383
387
384
384
379
381
382
377
377
379
376
373
375
370
369
373
372
367
369
366
367
365
366
361
363
358
362
357
359
355
353
352
356
352
353
348
347
346
346
345
343
346
342
345
343
339
337
339
335
339
336
332
335
333
332
333
332
326
328
327
326
324
325
321
323
322
317
320
319
319
313
317
313
313
314
313
308
309
305
309
307
306
303
304
302
301
301
300
297
298
295
292
296
294
291
289
288
289
285
284
285
285
284
281
284
279
281
280
279
278
276
276
273
270
274
273
267
270
270
268
263
262
264
262
263
258
258
259
257
257
258
252
255
251
250
251
249
251
245
244
243
246
244
242
242
238
237
241
239
238
237
234
235
234
233
232
229
230
226
227
228
222
224
225
224
221
221
219
215
215
216
217
212
211
212
211
211
207
205
209
205
207
206
201
203
203
200
199
197
199
198
196
191
194
193
188
187
191
187
184
188
182
184
182
180
180
177
176
180
178
173
175
172
175
169
169
168
170
168
164
168
164
163
162
164
158
160
156
155
158
155
154
152
154
150
148
148
149
145
147
148
142
142
145
144
139
141
140
136
136
136
133
134
132
131
130
129
127
128
129
123
122
123
121
120
121
122
121
118
118
117
116
115
110
112
110
108
108
108
108
107
104
102
104
100
100
101
96
100
95
94
92
92
92
92
91
88
88
88
89
85
84
81
85
83
78
81
77
78
78
78
73
75
72
70
68
67
66
66
65
68
63
61
62
64
58
57
57
60
59
57
53
52
54
49
52
50
47
45
44
43
47
44
45
44
39
39
37
38
35
38
33
31
35
34
32
28
27
25
25
28
27
26
21
22
18
18
19
18
19
17
17
14
10
14
12
7
10
9
7
6
2
6
