754
752
748
749
748
746
744
745
742
744
744
739
741
738
741
740
739
736
735
731
731
732
730
727
730
728
729
727
724
721
720
723
718
720
719
720
714
713
712
715
714
713
713
707
709
707
705
704
707
703
702
702
699
699
697
696
695
698
692
696
694
691
689
687
690
690
687
688
684
683
684
680
682
681
681
678
679
678
672
676
675
671
669
672
668
669
668
664
662
662
664
663
659
660
661
658
654
654
657
656
655
654
652
651
647
650
649
644
644
646
641
644
643
639
636
635
635
636
634
635
635
634
629
632
628
628
629
628
625
622
622
623
622
622
618
619
614
615
612
614
614
611
609
610
610
606
604
603
602
605
602
604
601
599
601
595
597
593
592
592
591
590
593
592
590
586
588
584
583
583
584
583
581
578
580
577
579
575
573
576
570
573
573
570
567
567
565
568
564
565
562
560
558
562
556
556
555
555
555
551
550
552
551
551
547
549
548
543
546
546
544
542
540
541
540
537
534
537
532
534
532
531
530
532
527
527
524
528
526
521
523
522
520
521
521
519
515
515
516
511
511
511
511
508
509
505
509
503
502
502
504
502
498
502
498
497
494
494
497
493
494
489
491
492
487
486
485
485
484
486
480
480
479
480
479
480
477
474
477
476
473
470
469
468
468
466
465
464
464
464
461
463
462
459
458
459
457
458
453
452
453
449
450
447
451
445
445
445
446
443
440
443
440
439
437
435
434
438
433
433
430
433
429
432
429
425
429
424
425
424
424
424
419
418
416
416
414
415
417
416
412
411
412
410
406
409
409
406
402
403
400
399
398
400
398
400
399
398
394
393
391
392
392
392
387
385
388
387
385
381
383
384
382
379
377
380
375
375
373
371
372
371
368
370
368
365
367
368
364
363
361
360
358
361
361
360
356
356
352
356
352
350
351
352
347
347
346
345
344
345
341
344
343
340
338
338
335
337
332
336
333
331
330
331
326
326
324
325
326
326
322
322
319
320
319
315
319
317
317
313
314
314
310
311
309
306
306
307
302
301
302
301
299
301
298
297
299
293
296
296
293
290
293
292
288
286
285
285
286
284
281
283
278
280
279
279
277
275
276
275
272
274
268
268
269
269
269
266
265
261
263
260
259
258
256
259
258
256
256
251
253
249
253
250
247
249
247
246
247
241
241
244
240
238
239
236
239
236
237
234
230
229
232
227
229
228
225
227
227
223
223
221
218
217
221
216
219
214
216
214
210
213
208
210
207
210
205
207
205
204
203
202
199
199
201
196
197
196
195
196
192
191
190
191
187
187
186
186
185
184
180
180
182
181
178
176
177
173
173
176
173
170
171
170
170
166
169
166
164
163
163
160
162
162
156
158
155
156
156
156
155
154
149
149
150
146
147
148
142
146
144
141
143
137
136
137
138
136
133
132
131
134
132
132
127
130
128
125
124
123
125
124
120
117
120
120
116
113
114
113
115
110
113
110
110
106
108
104
104
106
102
100
98
99
98
98
96
93
95
92
91
92
92
89
86
90
89
83
85
84
82
83
83
78
78
78
77
76
77
71
73
71
70
72
70
68
65
66
66
63
65
62
58
60
57
56
54
58
56
54
51
52
49
48
47
45
45
47
47
45
40
42
39
38
39
36
34
33
34
34
32
32
31
28
31
25
28
28
27
22
21
23
23
19
16
19
19
15
14
12
14
10
13
9
9
5
8
8
6
2
