755
753
752
752
747
745
749
747
744
746
742
742
738
739
736
740
735
735
737
736
731
734
732
727
731
730
724
727
727
723
723
722
720
719
719
718
719
716
717
711
713
711
710
707
711
707
705
703
702
706
704
700
703
698
696
698
698
695
695
692
690
689
692
690
687
688
687
687
683
682
685
680
680
682
677
676
679
677
675
672
675
672
671
668
669
668
664
665
665
663
664
662
659
660
659
656
655
653
656
654
651
650
652
648
651
649
644
644
645
645
643
639
643
641
637
637
634
638
632
635
633
632
631
631
631
629
627
627
627
623
620
621
618
621
621
615
617
618
614
613
613
611
613
611
608
606
606
606
605
604
602
602
600
601
601
600
595
596
595
596
593
594
591
588
587
588
584
584
587
583
582
580
581
578
581
577
575
576
575
571
571
573
570
571
571
568
564
563
563
564
565
560
559
558
558
560
559
555
555
552
554
549
552
552
551
546
548
543
545
543
542
542
542
541
541
538
539
535
536
531
533
534
530
529
528
527
529
523
524
522
520
522
523
522
517
517
519
515
513
516
513
512
510
511
506
506
508
506
503
502
500
503
501
498
496
500
494
496
495
491
493
494
492
487
486
490
485
485
483
484
484
484
483
480
480
475
477
478
474
471
470
471
472
470
467
466
467
467
467
466
461
463
460
458
458
459
454
454
455
455
451
453
448
450
447
449
444
445
445
444
442
441
441
439
437
439
434
435
434
431
432
432
431
429
430
426
428
425
422
422
422
419
419
421
417
417
419
414
416
415
413
412
410
411
406
406
408
407
403
401
403
402
402
398
399
396
399
398
397
396
395
389
388
390
387
388
385
383
385
382
380
382
382
380
381
379
374
375
376
374
374
374
369
371
367
365
368
368
364
362
363
363
363
360
358
357
354
358
353
354
354
352
350
347
350
349
344
343
343
341
341
343
341
342
337
335
336
337
333
331
335
331
331
331
331
326
326
327
325
324
323
321
322
317
317
320
315
314
316
312
315
314
310
312
308
305
309
306
306
303
304
302
299
299
301
297
296
295
292
293
295
290
291
287
287
288
284
288
282
284
280
281
283
280
279
275
276
274
272
272
274
272
270
267
266
265
265
268
266
265
260
263
261
262
258
255
255
255
255
253
253
249
252
250
250
248
249
244
247
242
244
242
239
238
239
236
237
234
233
235
233
231
232
232
226
226
229
224
223
223
222
222
219
221
216
216
219
217
214
216
215
212
212
209
210
209
207
205
205
202
205
201
202
202
198
196
198
197
192
195
192
192
190
191
187
190
189
184
182
184
183
181
181
180
179
180
178
177
177
176
175
174
170
170
168
167
168
165
164
162
165
160
159
162
161
156
155
157
157
152
154
154
151
150
149
148
149
147
143
146
143
141
138
137
138
137
136
137
137
135
133
129
132
127
129
126
129
124
127
126
123
122
118
117
117
116
114
115
115
116
115
113
110
111
108
109
105
108
106
105
101
99
99
97
101
96
94
98
94
92
95
92
93
91
86
89
88
83
86
84
80
81
80
80
81
77
76
78
74
74
75
74
73
71
68
69
67
67
63
64
63
64
60
61
60
59
56
54
57
51
54
51
51
47
49
50
45
48
45
41
45
41
42
38
40
40
37
35
33
34
31
34
32
32
28
25
27
27
23
24
23
19
19
22
18
17
15
13
16
14
14
10
13
9
6
10
4
6
4
4
