755
754
752
752
746
746
747
744
744
743
745
739
741
739
737
740
736
736
733
733
731
729
733
732
726
727
725
723
725
722
725
724
723
721
718
717
719
714
712
713
711
714
713
710
709
707
706
703
706
706
705
702
700
701
700
698
698
697
692
692
693
691
693
687
690
687
689
686
682
681
682
684
679
677
679
679
674
674
674
671
671
671
671
668
669
666
667
668
666
662
665
659
663
658
660
658
655
653
654
653
652
649
649
652
648
645
648
648
646
642
643
644
640
641
636
638
638
633
633
634
632
631
631
631
631
629
629
625
626
623
624
619
619
620
617
617
616
614
615
611
615
612
609
612
607
610
604
606
603
606
602
603
602
601
600
600
596
595
592
596
594
594
592
589
586
587
586
588
587
586
581
583
580
581
580
575
579
577
576
574
574
572
573
572
569
565
566
567
566
563
564
562
561
557
556
559
556
553
557
552
555
549
552
551
550
546
544
548
543
541
545
543
539
539
541
537
534
534
537
531
534
531
532
528
529
529
524
523
527
523
520
521
520
519
517
516
514
518
512
513
515
514
512
507
507
505
509
507
505
506
503
502
502
498
501
499
498
496
495
495
490
492
491
489
490
486
486
485
485
483
481
482
481
478
480
476
474
477
473
476
473
469
472
470
468
466
466
467
463
463
464
460
459
462
461
458
454
457
456
453
452
452
449
448
446
448
447
445
444
445
441
444
441
441
438
435
436
436
437
435
433
429
432
432
426
428
424
427
422
426
424
420
423
420
420
419
415
418
414
415
413
412
410
412
409
408
404
405
402
403
405
403
403
400
401
395
397
397
394
394
394
392
393
390
386
388
384
386
383
383
383
383
382
379
377
375
377
376
375
371
375
374
369
368
371
368
366
367
365
366
365
364
359
361
358
356
354
357
352
353
350
352
351
350
349
345
345
348
346
346
340
340
341
340
337
336
337
335
334
331
334
331
329
327
331
326
327
325
323
325
322
323
321
321
318
315
319
315
312
311
310
314
309
312
307
306
305
308
307
302
304
299
303
298
298
295
295
297
295
292
295
291
289
287
286
286
288
284
287
284
284
280
279
282
279
280
277
275
273
275
271
270
273
271
267
268
265
268
262
265
262
260
259
262
258
259
255
253
253
251
250
249
251
249
247
245
246
244
246
246
242
242
243
241
241
236
238
236
235
233
231
234
230
228
229
230
225
227
227
221
222
223
220
218
219
219
219
214
217
211
215
214
212
207
206
207
204
208
203
205
202
204
198
197
201
199
196
194
197
194
195
192
190
187
191
185
188
186
184
186
182
183
178
177
179
176
177
176
174
174
175
174
168
172
171
168
169
164
164
164
165
160
159
162
159
157
154
157
154
153
153
150
148
147
146
150
144
146
147
141
144
142
143
142
136
138
136
138
132
132
135
130
132
130
128
126
128
128
123
121
123
119
118
120
120
118
114
118
112
111
110
113
111
112
106
108
104
107
102
102
100
103
101
99
100
97
95
97
93
95
92
90
90
87
86
87
86
85
83
85
81
82
78
79
81
79
76
75
75
71
71
74
70
67
66
68
67
65
63
65
64
64
59
57
59
58
59
54
55
51
51
51
50
52
46
49
49
45
45
44
42
41
42
37
41
35
39
38
35
33
30
29
32
28
27
26
28
24
26
24
20
23
23
18
20
15
18
14
15
12
11
12
8
7
8
10
7
5
6
3
