750
754
753
748
748
749
745
747
745
741
741
739
738
740
740
740
734
734
733
736
730
733
730
728
731
729
727
724
726
726
720
724
721
721
716
715
716
713
714
713
715
709
711
709
710
705
709
703
703
704
704
701
703
698
698
698
697
695
695
693
692
689
693
689
687
689
687
685
686
682
683
682
679
680
681
677
676
673
672
675
675
671
668
670
669
669
665
665
666
662
664
662
663
660
656
658
659
653
654
656
653
649
648
647
649
649
649
645
644
644
645
642
638
639
641
636
637
633
632
631
633
633
628
629
631
625
626
625
623
624
623
622
621
622
619
617
615
616
612
613
613
609
610
609
610
607
604
606
605
604
604
601
599
597
596
600
597
595
597
593
590
590
592
591
589
589
584
586
583
581
580
584
579
581
579
576
574
577
573
576
575
573
571
572
567
568
567
568
562
561
563
562
558
557
560
557
557
558
557
554
550
549
551
551
547
546
544
543
546
541
543
541
540
542
541
540
538
535
532
534
535
532
528
530
530
527
525
525
524
526
525
519
521
522
517
519
519
513
515
511
513
509
510
510
506
510
509
504
503
503
500
499
501
497
497
497
497
498
493
494
493
491
488
492
490
490
485
483
487
486
484
484
481
481
477
478
477
473
475
474
472
471
471
468
470
466
468
465
462
461
465
462
459
458
458
458
457
457
457
454
455
453
453
450
448
446
446
444
445
443
443
443
441
439
437
440
434
434
432
434
430
429
428
431
430
430
426
428
424
422
422
421
420
417
416
415
414
416
415
414
412
411
413
408
408
410
406
406
402
405
400
404
403
402
399
396
395
397
394
396
394
393
392
391
386
389
387
383
382
382
380
382
382
381
381
377
377
375
377
373
374
369
372
367
369
368
367
368
365
362
365
359
361
360
361
356
356
356
355
351
352
349
351
352
351
345
348
343
345
344
345
339
339
340
336
336
335
336
333
331
331
333
329
328
327
328
329
328
324
322
325
320
318
319
317
320
318
317
315
314
315
310
312
308
311
306
306
304
304
306
304
303
301
300
300
295
299
296
292
294
294
290
291
291
289
289
284
288
286
283
280
284
278
280
281
280
277
274
272
272
271
274
271
271
269
266
267
265
264
266
264
264
258
258
257
257
257
258
254
255
254
253
251
248
248
247
245
243
243
246
241
243
238
240
239
239
238
236
234
234
233
232
233
232
231
227
224
223
223
225
222
219
220
219
220
218
219
218
214
213
213
209
212
207
211
209
205
206
207
201
205
204
203
202
199
200
197
196
196
194
190
190
193
190
191
188
187
184
183
186
181
184
180
179
177
178
178
175
176
175
175
174
171
167
166
170
164
166
162
161
163
160
161
162
161
157
155
154
154
155
153
149
153
148
149
149
149
147
142
142
144
144
142
138
139
135
135
134
137
136
132
133
130
131
126
127
125
128
122
122
120
121
119
121
116
118
116
113
112
115
110
112
108
112
110
108
109
108
103
103
102
101
103
101
99
99
99
97
96
92
92
93
91
87
88
89
85
86
86
83
83
79
79
80
80
79
78
73
74
74
72
70
73
71
67
65
64
68
67
66
60
61
59
62
56
58
56
57
54
53
51
53
52
51
46
45
48
48
46
46
40
40
43
39
38
39
34
33
37
31
32
32
32
28
29
27
26
23
26
25
24
24
19
18
20
17
17
18
15
13
14
12
9
11
10
8
7
4
7
3
