755
751
751
750
747
748
747
748
743
744
741
741
742
737
741
737
735
738
732
736
732
731
730
731
726
726
728
727
725
723
722
722
718
720
718
718
718
714
714
713
714
712
712
710
710
710
709
705
702
706
700
703
703
700
696
699
695
695
694
696
694
694
693
691
689
685
688
686
683
684
683
682
681
680
677
676
674
677
673
676
671
673
670
669
667
669
668
668
664
661
660
661
658
657
657
655
657
658
657
653
652
653
652
652
648
650
649
644
646
643
642
642
640
638
637
638
639
635
637
631
635
629
632
630
627
627
626
628
624
625
625
619
622
621
619
615
615
616
615
613
612
610
609
607
608
609
605
605
604
606
604
600
601
599
601
599
599
595
597
593
594
593
590
590
586
585
586
583
587
581
581
579
579
579
576
577
574
578
572
576
575
569
572
571
570
567
568
568
563
565
564
559
558
560
557
560
558
553
557
551
554
551
551
551
551
547
546
548
544
543
541
541
540
539
539
537
536
533
535
534
531
531
533
529
529
526
528
523
524
526
522
521
521
522
520
517
517
516
514
515
510
513
508
511
506
509
509
504
505
502
502
500
501
501
497
500
495
495
492
491
491
494
493
488
486
487
487
488
487
486
482
484
481
478
476
479
477
475
476
473
474
474
470
472
467
470
465
464
464
466
464
459
459
458
459
457
456
454
455
456
454
453
452
449
449
450
446
443
446
441
444
444
443
442
441
438
434
435
434
435
435
429
430
432
429
429
426
425
424
424
420
422
420
418
419
418
417
413
416
415
413
411
410
412
411
405
409
405
404
404
401
402
398
397
398
399
397
393
397
395
391
390
389
391
391
388
384
383
384
385
383
384
383
380
377
380
377
373
372
373
371
372
368
372
368
370
366
366
363
366
364
361
360
357
358
358
359
356
352
354
353
350
352
350
349
345
348
346
345
345
345
341
342
341
338
340
334
336
337
333
332
330
330
327
331
328
326
328
325
326
321
322
321
317
320
316
314
318
315
313
315
309
312
307
309
310
309
305
302
301
302
300
298
297
301
296
295
294
292
294
295
293
289
292
290
290
287
285
286
285
280
284
283
280
280
279
275
273
273
272
275
271
269
271
267
268
268
268
264
265
262
264
263
259
256
257
254
256
253
255
255
249
253
250
250
245
249
248
244
245
244
244
242
237
240
236
236
236
234
231
234
230
230
229
231
228
229
224
227
223
223
220
218
222
216
220
215
214
217
214
211
214
211
207
207
205
207
208
204
202
200
202
201
201
199
197
199
194
196
196
194
190
189
192
186
186
185
186
185
185
185
183
182
181
177
178
176
176
174
171
172
170
172
172
171
169
169
164
167
161
164
164
161
160
161
159
158
154
153
152
152
150
153
148
148
149
146
144
142
142
144
141
140
138
138
138
135
135
132
132
135
129
128
131
130
126
124
123
122
125
121
121
118
122
118
119
119
115
114
115
115
114
113
107
111
109
105
105
107
106
102
102
99
101
97
97
94
95
95
96
92
91
92
90
87
90
86
87
86
86
84
80
79
82
77
76
75
74
73
76
72
74
69
67
67
66
66
68
63
63
65
61
61
62
60
59
59
58
57
51
50
53
51
52
50
46
48
47
43
42
43
41
43
42
36
40
37
38
33
31
30
34
32
28
31
27
25
25
27
21
25
22
21
17
21
15
17
16
15
12
12
10
12
9
10
8
4
3
2
5
