751
750
752
751
747
749
745
746
743
745
744
739
742
739
736
736
735
733
735
732
734
729
733
727
727
725
726
725
722
724
725
723
720
720
721
720
719
713
715
716
715
711
709
709
706
710
709
708
703
701
700
700
701
698
700
700
699
698
693
693
692
692
693
687
690
685
689
684
683
686
685
682
682
680
677
680
675
675
676
675
673
669
669
667
671
666
667
666
665
663
661
660
658
658
660
657
654
656
653
655
652
653
653
650
651
645
646
648
643
642
645
643
638
640
641
636
638
637
637
632
630
633
631
628
626
630
627
628
625
624
622
624
623
620
620
617
619
618
613
611
615
613
612
611
607
607
609
605
604
604
605
603
602
598
601
595
594
595
594
591
595
593
591
589
591
588
587
585
587
581
584
582
581
582
578
577
574
574
574
573
574
569
569
570
567
569
564
568
562
564
560
563
561
558
558
556
556
553
556
554
553
553
551
547
551
548
545
547
545
544
542
542
539
537
541
539
536
538
537
532
531
530
531
527
531
528
525
528
524
526
523
522
518
517
521
520
517
515
515
514
512
514
510
511
511
506
507
508
506
503
505
499
502
500
498
498
498
494
494
491
494
492
488
488
487
490
486
487
484
483
482
480
478
480
478
476
478
478
476
475
472
470
472
470
466
470
465
463
465
463
463
462
459
462
460
456
454
456
453
453
451
454
452
447
449
448
445
447
444
442
444
443
443
440
441
437
437
434
434
431
431
432
433
428
431
425
428
426
426
423
420
420
421
422
420
417
418
417
414
411
412
409
413
409
407
407
404
406
402
405
402
402
400
397
396
395
398
398
395
395
395
392
388
389
386
387
389
387
384
384
382
382
379
381
381
376
379
373
372
376
372
369
372
372
369
368
369
368
365
363
364
360
361
357
358
359
358
354
354
354
350
350
353
347
351
345
348
344
344
344
343
342
338
341
339
338
336
335
334
334
331
330
331
330
327
328
325
326
324
326
323
322
322
319
321
315
318
318
312
316
315
309
309
310
307
306
306
308
303
301
305
300
298
300
300
299
299
298
292
292
291
293
293
288
288
290
286
287
286
285
281
284
278
280
277
276
274
278
273
273
272
271
271
269
270
267
269
267
264
264
265
261
262
259
256
260
258
255
255
254
251
254
250
250
249
246
249
246
247
241
244
239
241
239
241
240
234
236
232
233
235
230
232
228
230
225
227
228
223
221
221
224
223
218
216
220
219
216
213
213
212
211
208
212
208
205
206
206
202
204
203
202
203
198
198
195
196
196
197
195
190
191
191
191
186
185
188
186
185
184
181
184
181
181
181
179
174
176
177
172
174
169
168
168
167
168
167
166
164
161
160
159
160
157
156
157
155
153
152
156
155
149
149
150
148
145
144
144
143
142
142
140
138
140
136
138
136
136
132
133
135
131
132
130
128
126
128
125
123
125
123
122
121
122
121
117
117
118
117
115
114
114
108
108
110
106
106
103
106
101
104
99
101
102
99
95
97
95
95
95
90
89
89
92
90
88
88
88
85
83
83
81
81
81
81
79
75
76
76
76
71
73
70
69
70
65
68
65
62
66
60
60
61
60
57
56
56
54
53
51
51
53
53
49
51
45
45
47
43
42
42
43
43
37
40
36
37
34
36
32
30
31
33
30
27
28
29
24
25
22
24
22
23
19
20
18
19
15
17
11
14
9
12
11
6
8
4
6
6
6
