750
751
750
749
748
750
747
746
747
742
740
741
738
739
736
739
736
738
737
735
731
731
731
729
729
726
727
724
727
725
720
720
723
718
719
718
718
717
717
713
710
709
710
708
709
710
707
708
704
704
702
699
700
699
700
696
694
698
692
694
693
691
688
690
687
687
685
684
686
681
683
682
683
677
676
678
676
676
674
674
674
672
672
670
670
669
666
663
663
662
660
662
662
658
656
657
657
656
653
653
653
652
653
650
649
650
647
646
644
642
644
640
638
637
639
635
635
634
633
632
632
630
631
628
626
628
624
623
625
625
622
624
622
620
621
615
616
618
613
613
613
612
613
609
610
607
604
603
603
601
604
600
603
598
601
599
595
595
597
592
595
592
593
591
590
586
586
583
585
585
581
579
580
580
580
578
575
577
573
571
574
571
573
567
567
565
565
564
567
562
561
559
558
559
561
557
559
554
553
551
554
551
553
549
548
548
548
548
546
543
544
539
538
537
536
539
535
537
536
536
535
533
531
528
531
529
529
527
523
521
523
522
522
519
519
517
519
518
512
514
511
513
508
509
511
508
504
505
507
504
505
504
499
502
501
499
494
494
493
496
494
494
491
490
489
488
489
486
482
481
483
482
479
482
481
480
479
474
473
472
475
471
473
469
466
470
464
468
465
462
464
460
460
461
459
460
456
454
453
456
454
451
448
450
447
447
449
447
447
444
443
439
440
441
440
440
437
434
437
432
432
429
430
430
430
425
425
425
423
426
422
423
421
419
421
416
417
415
417
413
410
409
408
408
408
409
406
404
406
401
401
399
400
401
399
395
398
393
397
396
394
392
388
392
387
389
388
388
382
382
385
382
383
377
379
378
375
373
377
372
371
373
370
367
370
367
369
366
363
362
362
361
359
358
360
356
359
353
357
356
355
350
353
351
351
348
348
347
345
341
345
340
338
341
337
339
338
338
334
336
332
331
330
328
327
328
328
326
326
323
323
324
319
321
316
316
319
315
314
313
310
309
312
310
306
308
304
308
307
303
301
299
300
300
296
298
297
294
294
295
293
292
289
292
290
289
284
284
285
283
284
279
281
279
276
275
279
273
274
271
272
272
268
269
268
270
268
264
266
266
263
263
259
258
257
255
259
257
257
256
252
251
253
249
246
248
247
246
247
244
242
242
243
242
239
236
235
236
232
231
234
234
229
229
228
226
226
223
223
226
223
221
221
221
221
215
216
213
213
215
210
211
208
207
208
210
208
205
203
202
204
200
203
197
200
197
199
194
193
191
193
191
193
188
189
190
184
187
182
182
183
182
181
180
178
179
175
178
175
174
174
174
169
171
171
168
166
163
163
162
165
160
162
157
161
160
156
155
157
151
155
150
151
147
150
150
144
143
147
141
140
142
142
137
138
137
138
133
136
136
135
129
128
128
130
126
127
127
125
122
122
119
118
119
118
120
118
114
112
114
111
110
112
111
107
109
106
108
106
104
101
104
103
97
99
96
97
96
95
94
93
92
93
87
91
85
87
86
83
84
84
83
79
79
80
78
78
78
77
72
70
74
69
70
71
65
66
65
66
64
60
62
58
57
57
56
57
57
57
56
50
54
53
50
48
45
44
46
47
44
44
40
42
42
37
39
35
36
37
35
33
31
32
30
30
26
28
23
26
26
20
24
20
17
16
16
17
17
13
15
13
14
10
12
11
6
7
6
3
5
