753
754
748
752
749
748
748
748
746
746
745
744
741
739
739
738
739
735
734
736
734
730
731
729
731
727
725
728
727
721
722
722
720
721
717
715
714
718
713
712
715
711
710
711
706
710
709
708
706
701
701
702
698
700
700
699
696
695
697
692
690
694
688
687
691
687
685
683
687
686
683
681
679
681
678
678
675
675
676
675
673
672
672
668
668
667
666
667
666
663
665
664
659
662
657
658
654
656
652
654
654
649
652
647
648
650
646
643
647
643
645
640
640
642
637
638
634
635
636
631
633
634
629
630
629
629
627
625
626
626
624
620
618
617
616
618
615
614
613
614
613
610
612
609
609
605
605
605
605
605
603
601
598
599
598
595
598
597
596
594
595
592
593
587
590
588
586
586
586
585
583
580
583
582
580
579
575
577
572
575
573
573
569
571
566
570
568
565
565
563
562
564
563
557
556
556
558
553
552
554
553
550
549
547
546
547
547
543
547
543
543
539
538
542
537
540
538
538
535
534
532
532
533
527
527
526
525
526
523
521
521
523
520
520
520
518
519
517
513
511
510
512
511
511
511
506
507
507
502
503
502
499
502
501
498
500
494
498
496
495
495
489
493
491
486
486
487
485
484
483
484
479
482
478
477
479
476
474
472
472
470
471
473
470
469
466
467
468
467
463
461
459
462
457
460
459
454
455
454
456
455
452
448
447
447
445
448
444
442
443
442
444
441
438
438
436
438
437
436
435
435
433
429
430
431
425
427
428
424
424
425
424
423
421
417
419
418
418
417
416
415
414
408
407
408
410
404
406
403
402
404
402
400
400
399
396
398
393
396
393
395
389
392
392
389
388
385
385
383
381
380
381
382
380
379
376
379
377
377
373
374
369
369
367
367
369
368
366
367
366
365
363
363
361
361
356
358
353
354
353
352
351
348
352
350
348
347
345
347
344
345
343
341
338
341
335
338
333
333
335
334
334
333
331
326
325
329
323
327
324
320
323
320
319
318
316
318
313
313
312
312
312
308
308
307
307
309
306
304
303
300
304
302
299
296
296
299
298
297
294
290
293
293
287
288
289
286
284
287
286
280
284
283
278
276
276
276
275
272
275
274
273
268
269
269
265
269
265
262
264
262
263
259
259
257
257
258
258
252
254
253
251
249
248
251
245
248
245
244
241
240
242
240
237
238
240
237
236
236
231
232
233
231
227
229
230
227
225
227
221
224
222
218
217
219
216
215
214
216
211
211
209
208
207
210
206
208
207
204
202
202
204
198
198
198
196
196
196
194
193
193
194
189
189
187
185
186
187
182
185
183
184
183
177
180
177
176
174
172
173
172
169
170
167
166
165
164
164
162
164
162
161
163
161
157
156
155
157
156
154
150
152
151
151
148
146
148
148
145
143
142
141
140
140
140
136
137
137
135
133
131
134
131
127
126
128
124
127
127
122
124
119
121
117
119
116
117
113
116
115
115
111
113
109
107
107
106
104
103
106
102
104
98
98
99
100
99
95
96
93
90
90
92
89
87
86
85
85
83
85
84
81
82
80
76
80
74
78
73
72
71
69
70
72
66
66
65
68
67
61
60
63
61
58
59
60
58
56
55
51
50
51
52
48
48
49
44
47
45
46
44
43
38
40
36
37
37
38
32
36
35
32
28
29
29
30
29
25
25
22
21
24
19
19
18
16
18
16
16
14
10
11
12
9
7
8
6
5
6
1
