755
750
753
747
751
747
749
748
747
741
740
743
738
737
740
737
736
738
734
734
733
730
731
727
730
729
724
727
722
723
724
724
723
721
718
720
719
717
716
714
713
709
710
712
707
708
708
704
707
702
704
701
700
700
697
696
698
696
693
693
692
691
691
687
690
687
686
687
685
684
685
683
681
678
679
676
677
674
674
673
673
674
668
670
666
665
665
666
662
665
662
661
663
661
659
656
658
656
655
651
653
651
648
652
650
647
644
647
646
643
645
642
638
642
637
636
637
638
636
636
630
633
630
632
628
626
626
626
624
625
621
621
622
621
619
617
615
614
615
611
611
612
612
608
609
607
605
608
604
604
604
603
600
598
597
597
597
595
595
594
593
592
589
589
586
589
588
587
582
586
581
584
579
577
579
575
576
574
577
571
571
572
570
569
569
570
568
568
562
566
562
563
562
561
558
559
558
556
557
554
555
549
548
552
551
546
546
545
542
543
540
542
542
538
541
537
535
536
533
532
535
529
531
532
528
530
528
523
522
525
524
522
518
521
517
516
514
515
515
511
511
514
508
507
509
506
507
506
502
502
501
500
499
501
500
496
499
496
492
491
491
493
488
489
486
488
489
485
486
481
483
482
483
477
478
478
477
478
473
472
473
469
473
470
469
467
465
464
463
466
463
459
459
462
456
455
456
457
452
456
453
453
452
450
448
450
449
445
447
441
445
440
439
439
440
438
437
437
437
435
432
432
431
431
430
428
428
423
422
426
422
422
421
418
421
419
415
418
415
415
415
410
413
407
411
410
404
407
407
403
405
399
398
398
396
395
399
398
393
391
390
394
389
389
387
389
385
387
384
383
384
379
381
377
379
376
378
376
373
374
372
370
371
371
370
365
365
364
367
361
363
361
360
362
360
358
354
358
353
353
351
352
350
347
349
350
344
343
344
341
340
341
338
342
338
335
339
336
332
332
331
331
333
332
331
328
328
327
322
324
325
321
319
322
319
316
317
317
315
312
310
312
310
307
311
310
304
307
302
303
301
301
298
297
297
299
297
296
297
291
295
292
290
290
287
285
286
287
284
285
283
284
279
279
280
275
279
276
276
276
271
271
273
269
268
265
267
267
266
262
261
261
262
261
259
258
256
254
256
253
250
252
250
251
249
246
247
248
247
242
244
239
240
238
238
235
239
238
232
232
233
232
228
230
231
230
224
225
223
223
220
222
221
221
221
218
218
214
217
213
213
213
213
208
211
210
208
204
203
202
203
204
200
201
201
195
194
195
193
192
194
193
188
189
188
186
186
184
185
183
182
183
179
178
176
175
177
178
177
174
171
173
172
171
167
165
166
168
162
166
162
164
161
162
161
158
155
154
154
155
150
154
149
151
147
147
145
145
147
146
145
139
138
139
138
137
138
136
133
133
131
129
131
129
128
128
129
128
122
122
124
120
123
122
116
116
114
113
116
116
113
109
113
112
110
110
108
105
106
101
102
102
103
100
99
98
97
98
92
94
92
89
89
88
87
85
88
86
86
86
82
83
81
79
77
76
79
76
76
72
72
74
70
72
68
65
65
65
65
63
64
61
63
62
61
58
57
57
52
55
54
53
48
51
47
47
49
45
44
45
41
42
43
39
39
38
37
38
33
34
35
29
28
30
30
28
27
24
25
22
21
23
18
19
17
20
14
14
16
12
15
14
11
11
9
9
9
8
3
5
