755
751
749
747
747
748
748
746
745
746
742
740
740
741
738
737
736
737
732
733
731
732
733
729
727
726
727
725
727
725
722
723
720
717
717
720
719
715
713
714
711
709
709
710
710
710
705
705
705
703
705
702
699
697
700
700
695
697
692
695
692
690
692
688
690
688
687
685
682
681
682
679
681
680
681
676
676
678
672
674
671
669
673
670
671
668
664
663
665
666
660
660
662
657
657
658
657
654
655
651
654
651
650
650
649
647
647
647
642
642
642
639
638
640
639
638
638
634
632
636
635
631
632
630
630
625
626
623
625
626
623
620
619
618
617
620
619
616
612
615
613
611
612
607
607
606
609
608
603
604
601
603
599
600
596
599
595
594
592
595
590
591
590
592
590
589
586
587
587
585
584
584
583
578
577
579
577
577
576
572
572
572
570
570
566
567
567
564
562
562
565
562
563
562
560
556
554
556
557
555
551
552
549
552
549
547
549
546
543
541
540
543
540
541
540
538
538
537
535
531
534
533
533
532
528
525
526
523
526
526
521
519
518
520
521
520
517
517
514
511
513
512
511
510
508
506
507
505
505
506
502
501
501
499
498
496
499
497
492
491
494
489
493
491
490
487
489
488
483
485
484
484
483
482
479
476
479
475
473
474
472
474
472
471
470
467
467
467
463
463
460
462
462
457
459
459
455
456
453
452
453
449
448
450
450
450
447
448
443
445
441
439
443
441
441
440
439
433
436
431
432
430
432
432
426
427
426
427
423
425
421
422
420
418
417
420
417
417
415
414
413
410
409
412
407
409
409
405
402
401
400
399
401
402
401
399
397
398
396
393
394
389
392
390
390
388
387
387
385
386
383
380
381
378
379
377
379
378
377
374
371
371
368
371
369
367
369
364
366
363
361
361
361
361
360
357
359
355
356
356
351
349
351
348
350
346
346
345
347
346
342
341
339
341
336
335
339
337
336
331
335
329
328
328
328
327
324
324
326
323
323
320
320
320
317
319
315
317
316
316
310
313
310
309
310
309
304
304
304
301
303
302
302
298
301
297
297
296
294
291
290
293
290
292
288
286
289
286
285
285
284
280
280
278
278
280
279
278
277
273
275
271
269
268
267
269
265
266
265
263
264
261
262
261
258
259
254
256
253
256
250
251
252
249
246
247
246
248
244
244
241
241
242
238
240
236
234
238
232
231
231
233
229
227
229
229
225
224
227
221
223
219
220
222
220
219
218
214
216
211
211
211
212
209
210
208
204
206
206
205
205
202
198
197
198
198
195
198
196
191
190
190
190
189
191
189
189
187
184
184
182
180
180
180
181
179
175
173
174
173
175
173
169
167
168
169
166
165
167
165
162
162
161
160
161
159
155
155
152
152
154
154
148
152
146
148
146
147
143
143
140
142
143
138
139
136
135
135
136
131
130
134
130
128
127
127
124
126
123
125
124
121
119
119
118
116
117
118
116
111
112
111
111
109
109
109
108
107
106
101
103
103
102
98
101
98
96
96
96
94
92
92
88
87
88
85
89
83
82
84
85
81
81
82
78
76
74
76
75
76
71
72
72
72
69
70
64
65
67
64
60
59
59
59
59
56
54
56
56
51
54
52
50
47
47
47
44
45
43
41
43
42
43
40
37
35
34
36
36
35
35
29
32
31
27
25
28
23
25
26
21
23
18
18
21
20
17
15
16
12
10
14
13
12
10
5
6
8
6
1
