753
754
748
747
749
745
747
747
742
743
745
743
739
739
741
738
735
734
734
731
732
730
728
727
729
730
728
723
727
724
721
723
723
717
716
719
717
714
712
713
715
711
711
708
708
707
706
704
703
705
701
701
698
697
700
699
697
694
696
693
692
691
690
688
691
689
684
684
686
683
680
683
680
678
681
675
676
678
674
672
670
674
672
668
669
668
665
668
665
663
661
663
658
659
661
658
657
654
653
653
651
652
653
649
648
647
649
644
644
643
640
644
641
639
637
637
637
638
636
636
634
629
631
627
628
627
628
627
623
625
620
622
619
617
619
615
619
614
613
614
612
610
609
610
608
607
607
605
605
606
605
601
603
601
596
600
597
598
595
592
591
593
593
588
588
590
588
588
586
583
581
582
580
579
580
575
575
578
577
571
574
571
568
570
567
569
568
566
563
563
565
562
563
557
558
556
556
554
556
552
553
549
549
550
549
545
545
548
542
543
541
542
538
541
536
537
538
538
533
532
535
534
533
527
527
530
528
523
523
525
520
523
521
517
517
520
515
518
514
511
515
512
511
509
510
507
508
505
506
501
500
502
498
501
497
498
498
497
492
496
495
491
493
491
490
487
488
488
483
481
485
484
481
481
480
475
477
476
477
476
473
472
472
467
467
465
466
466
466
465
463
462
460
458
458
458
457
458
457
452
451
449
451
452
451
445
447
445
443
445
441
444
438
438
437
438
434
433
435
433
432
434
432
429
429
425
426
425
423
422
424
424
418
419
420
420
415
415
415
415
415
413
409
408
411
406
404
403
402
402
404
404
399
399
396
400
397
393
395
392
390
389
391
390
386
386
386
386
384
385
384
382
378
377
380
379
378
375
372
374
371
374
369
371
370
365
368
367
364
363
361
364
363
360
358
359
355
358
357
351
354
351
350
351
349
349
347
343
345
343
344
344
342
342
338
338
335
336
335
331
334
331
328
330
330
329
329
323
324
321
324
323
323
319
319
318
316
317
313
311
315
313
312
312
308
306
308
308
307
304
304
304
303
302
296
298
296
295
297
291
292
292
289
289
287
287
284
287
284
285
281
281
281
279
281
276
274
274
277
273
275
274
271
268
269
268
265
264
262
264
262
259
262
258
257
260
256
254
254
251
251
251
253
251
250
247
244
243
244
241
242
239
243
237
237
235
235
237
237
231
235
234
228
229
226
226
229
227
223
225
224
222
222
219
217
219
214
218
216
216
215
211
208
209
209
210
208
207
202
206
200
204
198
199
196
195
196
193
193
193
190
194
190
192
187
187
186
186
187
186
182
184
183
179
179
176
179
177
175
174
175
171
170
172
171
165
166
165
164
162
162
159
159
158
156
157
157
154
157
154
153
150
149
147
149
147
146
147
144
142
141
142
140
141
139
137
134
133
132
131
133
132
128
130
127
125
129
124
124
121
123
121
119
122
121
120
117
116
116
116
114
112
109
111
109
110
108
105
102
101
101
101
100
97
96
99
99
96
93
91
95
91
93
90
91
86
84
83
83
82
83
82
81
78
76
80
74
77
73
71
72
70
70
72
67
68
68
67
65
63
65
59
61
59
59
60
56
58
53
53
55
53
52
52
51
49
48
46
47
45
41
40
39
38
39
40
38
38
32
33
35
32
28
27
29
25
24
26
27
21
20
24
23
22
20
16
18
18
16
11
14
12
10
8
9
7
4
5
2
2
