751
754
750
748
750
746
749
743
743
742
744
742
742
740
740
739
735
733
734
731
731
733
733
728
731
727
727
724
724
726
721
724
722
720
716
716
716
716
713
714
714
709
710
710
710
705
705
706
706
706
704
701
703
697
697
698
696
693
694
696
691
692
689
692
689
686
685
685
682
681
683
684
683
680
678
678
676
673
674
672
672
674
670
670
668
669
669
668
665
661
660
659
660
657
661
658
659
653
656
656
654
654
652
649
647
650
644
646
645
641
644
640
638
640
639
635
636
634
636
632
634
629
628
629
630
626
626
626
625
621
624
619
618
617
617
619
614
614
617
616
611
610
613
608
606
610
606
604
607
601
604
601
600
597
598
600
596
598
595
592
592
590
590
591
587
586
589
587
586
583
583
582
581
577
580
579
577
578
577
574
571
572
572
568
568
565
567
565
566
562
563
559
558
557
559
560
555
556
557
556
551
549
548
552
548
545
548
546
545
541
543
539
543
538
538
538
537
536
535
536
535
534
532
530
527
526
525
523
524
525
521
521
520
519
516
519
517
518
516
511
514
513
511
509
508
505
509
503
505
505
503
503
498
500
498
497
498
495
495
495
491
494
488
492
486
487
489
488
482
481
481
484
482
482
477
475
475
474
475
476
475
473
469
471
469
465
469
464
462
465
461
461
462
461
459
456
458
456
457
454
452
453
450
451
448
449
447
446
442
446
444
444
439
441
437
435
438
437
433
432
434
430
429
432
429
430
426
423
424
421
423
419
418
422
419
420
414
415
415
411
411
414
409
407
408
410
408
407
404
404
404
399
398
400
396
396
394
396
394
394
390
389
392
388
388
387
387
384
384
384
385
383
378
380
376
376
374
374
377
372
372
374
371
370
367
370
368
365
366
364
362
361
361
361
361
356
355
358
354
352
354
351
348
347
348
350
345
347
344
341
341
341
341
342
338
336
334
334
333
331
334
330
329
332
330
330
326
327
326
325
320
320
319
322
317
316
314
317
314
315
310
312
308
309
309
309
305
303
307
302
305
302
301
302
296
296
298
294
294
292
293
290
293
287
291
285
287
287
285
283
283
282
279
278
279
275
276
274
277
275
274
269
273
268
268
269
267
265
264
265
260
259
261
261
257
255
257
258
257
251
254
253
252
250
250
248
248
247
243
241
243
243
242
237
239
236
239
233
237
231
235
231
231
230
230
227
228
227
226
221
221
222
219
221
216
218
217
214
213
215
213
210
209
210
207
210
204
207
202
206
204
199
203
198
199
198
196
195
196
194
194
192
188
191
188
185
185
184
185
182
181
182
179
178
177
177
177
176
176
175
172
174
169
168
169
165
168
165
163
162
161
163
160
157
159
159
158
156
155
153
150
151
149
151
151
148
144
148
142
146
143
141
139
138
139
137
134
138
135
136
130
131
132
128
129
128
126
127
125
123
124
122
118
120
119
117
118
116
116
111
111
109
112
112
110
110
106
108
103
103
103
102
99
102
96
97
98
97
95
94
90
89
93
88
89
85
86
85
85
82
81
82
82
81
79
75
75
74
72
72
71
69
72
72
66
68
67
64
66
63
61
61
59
57
61
60
57
55
56
53
53
50
53
47
49
45
45
46
46
43
44
44
42
38
41
40
36
33
33
35
35
31
29
28
31
28
29
24
22
26
20
22
23
17
20
19
14
14
13
16
12
13
12
9
7
8
4
7
5
5
