122
128
122
121
123
130
122
130
123
123
121
128
123
122
122
120
126
130
123
128
124
128
122
126
123
129
123
126
129
127
122
129
124
125
123
129
126
121
123
125
129
130
124
127
124
121
128
127
127
128
125
120
128
127
125
127
128
130
128
130
120
128
126
126
125
128
128
127
123
124
120
122
127
124
120
122
125
130
123
129
120
121
128
123
124
125
126
124
121
123
124
124
125
127
123
123
130
120
128
124
129
126
126
128
129
130
129
120
122
125
120
123
128
124
124
128
124
123
129
129
129
126
122
129
128
120
122
129
122
129
128
124
129
129
121
126
127
121
128
128
123
124
124
129
125
124
123
129
126
120
128
127
130
120
121
125
124
130
121
128
126
122
129
125
127
124
126
129
126
129
124
126
124
130
127
126
130
130
128
126
120
125
127
127
128
130
126
121
125
126
121
125
122
128
126
125
121
121
129
128
129
130
130
122
123
127
127
120
125
130
123
129
129
122
128
129
123
120
125
130
122
125
127
120
121
125
124
130
122
122
127
128
126
124
123
128
123
122
125
130
130
123
126
129
130
121
129
121
125
122
