130
124
121
120
125
128
125
127
124
121
129
127
130
122
120
127
129
125
127
130
121
120
121
126
125
127
121
124
128
127
125
126
126
125
128
127
120
128
125
123
120
125
128
125
128
121
122
128
128
125
121
123
123
125
126
125
127
120
121
129
123
122
122
121
128
125
129
121
125
130
123
124
127
126
129
120
120
120
127
122
120
122
122
125
121
126
121
130
125
123
122
129
124
126
129
126
126
124
125
120
128
126
120
123
123
127
128
129
124
120
123
126
121
125
121
121
130
121
122
129
128
129
128
120
130
121
122
130
124
129
124
128
125
122
123
128
130
130
125
121
120
130
121
120
128
128
128
121
129
122
129
130
128
127
121
122
123
124
127
129
123
130
122
128
122
121
120
130
121
123
129
128
123
127
123
129
124
125
121
128
120
126
125
125
128
127
124
125
127
124
120
122
122
123
130
128
124
130
121
128
128
124
122
127
127
128
129
127
126
129
127
129
128
122
125
129
120
129
130
122
129
129
128
125
122
121
120
126
128
127
121
126
120
121
125
124
121
130
129
130
120
123
126
130
120
129
129
120
121
121
