121
121
123
129
120
122
120
127
120
126
126
130
129
123
122
125
126
125
121
130
122
129
123
125
123
125
126
126
124
125
122
127
124
122
125
129
122
122
122
121
127
130
124
121
126
129
127
127
125
130
124
123
128
127
127
130
124
125
121
127
129
120
130
120
129
129
126
123
126
122
129
121
130
129
121
120
122
122
129
128
127
120
126
124
127
128
126
128
122
129
128
128
128
122
125
124
126
125
130
130
126
124
127
123
129
126
129
129
127
126
123
128
130
121
121
130
124
130
129
125
124
121
124
122
130
128
128
124
122
124
121
120
126
123
125
122
122
124
125
120
121
126
128
124
125
121
124
128
129
125
126
128
127
120
122
123
126
120
122
122
125
130
124
122
130
121
123
120
121
130
128
126
127
130
127
120
128
121
123
123
125
120
125
127
124
126
126
129
127
126
124
121
125
125
120
129
122
121
128
123
128
122
124
120
120
122
120
126
126
124
128
122
129
121
124
123
122
120
129
125
123
126
124
127
129
128
124
120
129
128
125
126
125
121
129
120
126
130
127
120
125
126
124
128
127
124
127
128
127
123
