130
125
127
121
122
126
126
127
121
125
122
126
121
128
121
122
125
127
128
120
123
121
120
129
122
128
129
123
130
121
124
129
121
122
125
129
130
129
125
127
122
130
129
129
128
126
122
124
128
129
125
129
129
126
120
126
122
127
125
130
130
122
125
125
127
127
130
126
124
130
125
121
128
128
127
130
124
128
126
126
126
129
120
122
127
128
124
124
130
128
127
126
129
123
129
124
123
120
121
127
129
121
130
124
125
128
126
129
128
121
123
125
130
126
128
120
125
130
128
126
128
124
128
125
123
130
121
121
122
121
121
123
123
124
130
121
127
120
129
120
121
130
127
129
127
120
128
126
130
125
128
128
129
129
126
124
125
121
124
127
121
128
122
125
128
124
122
122
128
121
130
120
124
122
130
127
124
121
125
127
126
120
125
127
122
127
125
130
121
124
121
129
129
129
128
129
125
120
130
120
129
120
124
124
126
120
123
120
129
128
128
128
123
126
124
128
123
128
121
129
128
120
128
121
122
123
125
121
123
127
123
121
120
120
125
128
127
122
121
129
128
126
128
125
120
128
129
130
122
129
