127
128
124
124
121
130
129
122
127
130
124
121
127
120
124
124
124
130
129
120
121
121
122
124
122
130
124
130
120
127
124
121
122
128
130
130
127
121
128
121
124
123
120
125
124
127
122
128
130
122
124
122
122
130
120
125
121
126
124
125
120
129
123
125
121
122
122
127
128
127
124
125
128
122
126
125
120
121
130
129
129
124
129
128
121
127
130
124
121
125
125
130
122
123
120
121
122
124
129
129
127
122
130
123
127
127
129
120
120
123
130
123
121
129
124
128
126
123
125
120
125
121
120
128
124
128
123
127
123
130
122
123
127
126
126
128
122
121
120
121
122
121
122
129
122
123
126
125
125
124
123
130
129
126
128
126
127
123
130
123
129
122
128
120
129
123
126
121
120
128
130
121
124
130
125
124
129
127
127
129
126
127
122
128
122
125
125
127
124
130
124
124
124
124
123
128
124
122
128
127
128
120
120
128
120
130
121
128
122
124
128
125
126
124
129
124
120
122
125
127
125
122
122
121
129
123
120
120
128
125
124
122
129
121
129
128
130
130
124
122
120
128
125
122
123
125
126
129
129
120
