121
123
129
125
121
125
121
130
123
124
128
127
126
123
124
129
124
124
130
128
127
130
120
121
126
124
121
122
128
127
120
122
125
127
120
128
124
126
130
123
130
127
128
124
129
120
129
125
124
126
120
130
125
122
128
123
128
124
124
128
120
130
125
120
129
122
124
128
128
123
122
130
120
122
121
120
120
120
123
130
124
129
130
124
121
123
123
124
120
128
130
121
128
123
122
124
126
123
129
127
129
121
121
124
127
125
121
125
120
128
123
125
127
129
127
129
129
125
126
122
121
124
123
120
127
122
128
123
120
128
125
120
128
125
124
123
121
121
128
121
122
121
123
130
123
120
124
129
124
130
123
127
128
127
128
130
120
125
125
130
125
124
120
129
123
126
121
130
129
125
130
123
124
130
130
129
126
129
127
122
127
122
130
126
127
122
126
120
127
126
123
124
121
122
122
128
124
130
130
126
120
125
120
126
125
126
125
128
125
124
125
130
122
129
126
129
130
125
130
121
120
130
129
123
123
124
129
126
122
127
121
120
122
121
122
128
129
120
126
123
123
127
121
122
121
128
121
125
128
124
