128
129
124
130
129
127
122
127
121
126
126
121
122
121
126
123
124
128
122
126
123
122
121
126
123
124
129
127
123
123
120
120
121
130
128
122
121
125
125
125
130
121
121
122
127
126
128
130
127
126
130
127
122
121
129
122
123
124
124
130
130
126
124
122
126
120
128
122
126
121
123
120
120
125
130
126
129
124
128
123
120
125
126
128
127
127
124
121
124
127
120
121
121
122
121
122
125
127
128
127
126
120
120
129
122
130
121
129
120
130
127
121
122
129
125
121
127
127
120
124
126
125
129
129
130
120
125
130
122
121
121
125
130
121
121
125
120
120
122
123
122
120
123
129
126
120
123
126
122
130
123
130
127
123
126
127
126
130
122
130
126
122
121
124
128
127
128
125
130
124
128
123
130
128
122
126
124
127
123
122
125
126
128
123
123
125
121
130
128
128
129
128
127
126
120
123
127
124
128
123
130
120
129
123
128
127
126
122
127
123
125
123
127
121
124
130
121
127
125
122
127
126
122
121
124
124
129
120
125
123
129
128
124
120
125
127
123
130
124
121
121
122
124
124
123
125
121
124
126
125
