125
122
122
129
122
121
127
130
124
122
124
123
127
120
120
122
123
124
120
120
130
124
122
121
121
129
126
120
128
126
121
124
120
128
123
123
130
126
122
121
121
124
129
122
128
126
125
122
129
130
125
120
126
122
128
123
126
123
122
124
125
126
130
128
129
126
122
123
126
121
125
129
130
129
129
125
123
129
124
121
127
127
129
125
121
128
130
130
127
121
124
126
125
129
122
122
123
129
130
121
123
129
130
126
121
125
122
120
124
122
130
126
124
128
122
127
124
121
130
127
130
130
121
121
120
120
129
120
126
126
120
127
127
121
126
128
121
129
124
124
126
121
124
124
128
121
128
121
130
124
123
121
130
120
128
121
120
128
126
121
128
120
126
130
121
128
121
125
126
129
123
126
120
130
122
124
121
123
128
125
122
122
129
124
129
121
130
122
126
125
124
128
121
123
126
121
124
123
121
120
128
122
130
126
125
123
126
120
127
130
129
122
127
126
126
126
127
124
128
121
123
122
128
130
125
129
123
123
126
130
129
126
127
124
123
127
130
129
124
120
129
126
127
120
128
126
123
126
124
121
