128
128
124
120
130
120
128
127
127
128
121
129
121
128
126
120
130
129
126
126
130
126
122
120
130
124
128
121
120
126
126
121
129
129
125
125
130
120
127
125
124
121
120
129
121
126
121
124
121
126
123
129
120
125
120
123
128
129
126
130
125
121
125
127
128
120
129
123
126
130
130
124
126
128
124
130
127
127
126
130
124
130
122
121
126
127
126
123
130
126
130
123
129
129
124
122
120
121
130
123
124
127
128
127
129
121
122
121
124
122
125
123
129
122
127
130
128
129
122
123
124
129
122
120
125
121
128
126
126
122
127
124
128
120
127
121
121
122
125
124
123
127
122
130
120
121
122
121
130
122
120
121
121
123
126
128
127
120
126
128
123
130
125
129
129
121
126
129
126
128
126
127
120
128
121
122
124
127
123
123
122
129
130
123
123
120
130
126
126
127
124
124
130
125
130
128
126
127
127
122
129
122
130
123
125
120
126
125
128
121
128
130
121
126
129
121
120
130
129
129
126
124
127
122
121
127
129
129
127
122
122
121
123
125
128
128
128
122
124
120
130
125
129
129
122
128
120
121
127
126
