122
128
129
124
122
129
128
125
130
125
122
126
130
120
125
120
128
124
124
129
125
120
120
128
123
122
123
120
125
127
124
128
130
127
128
129
126
130
127
126
130
128
129
127
130
124
127
130
123
126
124
124
124
125
120
129
130
123
128
130
127
120
128
121
121
120
128
123
126
127
128
125
125
124
121
130
129
129
120
126
126
127
126
130
125
128
124
125
123
127
130
129
125
121
123
123
126
126
124
120
123
123
128
126
123
130
125
129
128
122
130
121
122
120
129
121
120
127
125
123
126
123
120
122
130
126
128
125
127
129
127
126
126
124
126
130
123
125
123
130
125
121
122
128
125
122
123
120
127
123
123
120
126
129
122
126
126
125
127
126
125
122
120
120
120
123
127
123
120
121
130
124
122
129
121
121
126
128
127
120
120
126
126
120
124
123
120
124
129
124
130
127
130
121
126
130
122
122
128
125
126
121
130
126
124
129
128
124
125
122
124
129
122
126
127
128
123
121
127
130
123
126
125
120
130
123
120
121
122
125
120
127
122
121
120
126
128
122
130
124
121
125
124
127
121
122
129
126
128
130
