126
126
127
123
128
128
122
129
123
124
130
123
125
124
130
125
129
124
126
120
130
121
126
125
129
122
127
125
122
130
128
129
125
124
121
122
127
129
125
122
129
121
122
122
127
122
121
126
130
124
128
128
125
126
129
128
121
126
128
130
127
120
128
123
127
123
129
128
121
120
130
122
125
121
128
128
129
128
128
120
121
127
127
128
129
129
130
122
122
130
129
124
122
125
127
127
123
126
126
121
125
121
125
121
128
120
126
120
127
126
120
127
129
125
125
121
120
129
130
127
130
123
120
122
124
121
123
122
128
122
123
126
130
130
128
126
126
130
127
123
121
120
123
121
121
129
121
122
129
126
128
127
120
122
125
127
130
120
122
120
126
122
130
130
129
130
122
126
121
126
122
125
129
129
129
125
124
126
121
121
122
128
127
125
126
121
121
127
128
129
124
130
127
122
126
125
127
127
128
121
130
130
129
129
123
121
120
127
124
130
124
124
123
127
129
124
120
123
127
128
126
127
129
125
126
126
122
124
120
124
123
120
124
122
122
126
128
127
129
129
126
125
120
127
125
128
128
123
120
121
