123
123
121
123
128
129
127
125
121
126
122
129
129
120
123
124
130
128
125
122
130
121
121
121
130
122
125
123
123
130
127
120
125
125
128
126
125
129
124
126
128
129
120
130
120
122
129
128
122
130
125
126
124
128
121
128
130
124
121
124
129
128
122
121
121
123
120
122
124
121
123
122
130
121
130
128
127
126
120
130
127
129
128
126
124
126
122
123
128
124
123
124
125
125
122
122
124
125
125
121
126
128
128
129
123
124
126
125
121
123
127
130
130
122
121
121
127
130
123
129
127
120
127
128
122
125
130
122
125
127
127
124
128
128
122
122
124
122
127
127
121
121
126
125
128
126
129
130
127
128
123
126
125
125
129
122
122
127
122
126
123
125
127
124
121
122
130
128
126
125
121
120
121
129
128
125
120
127
126
126
124
128
127
120
123
123
127
129
127
127
129
127
128
120
124
124
123
124
122
126
129
129
121
130
127
122
126
128
124
130
129
127
123
123
128
124
128
126
126
130
123
122
130
128
130
130
124
127
120
124
125
128
124
123
121
124
122
128
123
120
128
121
126
127
129
125
129
121
126
130
