124
128
127
127
122
125
124
120
122
128
120
127
121
128
125
120
129
120
125
120
129
125
120
120
126
125
122
127
124
122
125
120
130
130
123
126
123
127
129
126
128
123
128
123
130
125
129
124
130
124
121
125
128
122
126
126
127
123
124
127
127
124
125
127
125
125
128
129
130
123
127
124
126
129
130
121
124
127
128
124
128
130
126
128
129
124
130
122
125
120
130
127
120
122
125
121
123
125
128
128
125
126
125
128
130
120
129
128
125
127
127
124
120
121
127
125
127
121
124
126
121
122
126
123
122
129
125
126
120
123
121
128
129
121
126
128
127
121
126
127
126
127
125
124
128
126
124
120
122
127
127
126
122
127
125
126
126
122
124
127
122
123
121
130
125
121
130
126
128
127
124
123
127
120
129
129
125
124
124
128
130
130
123
125
127
128
129
126
123
125
121
121
129
123
127
122
121
123
125
128
120
129
123
130
127
130
125
121
121
129
130
124
124
124
126
125
122
122
128
124
129
120
130
128
127
130
120
121
127
127
121
127
129
122
126
120
125
123
128
121
120
122
121
120
123
123
129
126
128
124
