126
130
127
129
123
124
124
121
123
121
122
125
130
122
129
120
123
127
128
128
125
127
126
124
122
124
126
123
126
128
127
127
126
123
127
128
124
127
129
123
126
122
127
127
126
125
121
129
130
120
129
127
128
128
129
129
129
123
127
127
130
126
130
124
121
129
124
128
120
130
123
128
120
125
128
122
121
123
128
124
126
130
126
129
130
124
120
123
126
127
124
120
121
129
122
120
126
121
126
120
126
121
123
125
127
123
123
127
128
125
123
124
126
127
128
127
120
123
122
120
122
126
129
127
126
120
124
125
130
127
121
127
126
120
120
120
125
120
122
127
122
125
122
121
126
122
123
122
130
129
130
120
123
126
125
125
129
126
129
126
127
126
125
126
130
129
126
123
121
122
130
122
127
122
121
128
126
126
126
129
122
128
127
128
125
122
123
124
129
127
129
128
123
120
123
123
124
122
130
124
124
126
129
122
122
126
127
125
129
122
123
128
127
126
129
124
123
120
122
129
125
120
125
124
127
123
123
121
121
130
130
120
128
122
127
127
130
126
127
129
130
124
129
125
129
127
130
124
120
125
