122
129
125
123
124
125
120
120
124
128
125
121
127
128
122
120
126
122
130
122
123
123
124
125
124
124
126
124
125
122
130
121
125
124
124
122
129
124
127
130
126
130
120
120
121
130
128
126
127
120
123
127
124
128
120
124
129
127
121
121
120
125
125
129
129
126
126
125
128
124
128
125
128
121
127
124
130
121
123
125
125
120
124
120
120
123
129
130
130
122
130
120
122
130
120
122
124
130
124
121
128
123
121
127
122
120
126
126
125
123
120
126
129
130
128
121
128
125
128
120
127
122
120
120
126
120
120
128
123
126
129
128
120
124
122
120
130
129
129
123
122
122
127
121
129
120
120
122
130
121
128
120
123
123
126
125
120
126
128
130
126
128
125
123
124
129
125
120
130
127
126
123
124
124
121
127
125
128
128
122
122
122
124
123
127
130
123
121
122
123
121
120
129
121
120
123
126
124
127
130
127
130
130
124
128
129
120
130
128
120
121
127
124
125
121
125
130
130
130
129
124
128
123
125
124
130
130
124
125
126
127
121
127
126
125
122
130
129
125
126
129
125
129
129
121
129
130
127
121
121
