1380
1374
1377
1377
1373
1370
1370
1372
1372
1368
1367
1368
1365
1367
1365
1360
1361
1360
1360
1360
1359
1358
1356
1357
1353
1350
1349
1348
1351
1349
1350
1347
1345
1343
1341
1343
1339
1340
1340
1340
1339
1335
1336
1334
1336
1330
1331
1328
1330
1328
1330
1324
1323
1324
1322
1325
1323
1318
1317
1318
1318
1319
1313
1316
1316
1314
1311
1312
1311
1309
1307
1305
1305
1303
1303
1300
1304
1298
1302
1296
1297
1295
1296
1295
1293
1293
1289
1293
1292
1290
1288
1287
1284
1284
1286
1285
1281
1278
1282
1276
1277
1278
1276
1276
1273
1272
1269
1272
1272
1271
1265
1268
1268
1267
1263
1260
1264
1258
1257
1259
1256
1257
1254
1254
1252
1255
1249
1250
1251
1249
1245
1245
1246
1243
1241
1242
1242
1240
1238
1239
1238
1239
1233
1237
1233
1232
1232
1230
1230
1226
1228
1226
1223
1222
1225
1223
1220
1222
1222
1217
1218
1218
1215
1213
1212
1210
1209
1211
1207
1206
1205
1206
1206
1206
1206
1200
1202
1202
1202
1198
1196
1198
1197
1195
1193
1195
1189
1191
1189
1186
1186
1188
1187
1186
1185
1185
1181
1183
1177
1179
1175
1177
1176
1177
1173
1172
1171
1171
1169
1171
1168
1168
1163
1162
1163
1165
1163
1161
1161
1160
1160
1159
1154
1157
1156
1153
1149
1152
1151
1151
1148
1146
1148
1147
1142
1143
1142
1141
1141
1136
1135
1135
1136
1136
1132
1133
1131
1130
1130
1129
1127
1125
1128
1124
1125
1122
1122
1120
1121
1116
1115
1118
1115
1113
1113
1114
1110
1108
1109
1106
1109
1105
1108
1106
1106
1103
1099
1099
1098
1099
1099
1097
1098
1094
1093
1093
1093
1091
1088
1091
1086
1086
1084
1084
1081
1083
1083
1083
1077
1081
1076
1077
1078
1073
1073
1072
1071
1073
1067
1068
1070
1064
1068
1063
1062
1061
1064
1061
1062
1056
1055
1057
1054
1053
1053
1052
1052
1051
1047
1049
1047
1048
1045
1046
1041
1042
1044
1039
1042
1038
1036
1035
1037
1037
1035
1035
1033
1029
1027
1027
1028
1027
1027
1026
1021
1025
1023
1021
1019
1017
1017
1016
1013
1017
1016
1015
1009
1009
1010
1007
1007
1008
1003
1004
1006
1003
1002
999
1000
997
1000
994
994
993
992
990
990
988
992
988
986
984
988
986
981
984
981
978
979
976
976
975
975
974
974
972
969
970
970
967
969
965
967
965
966
963
963
960
962
956
959
956
958
955
952
954
952
950
952
951
949
948
944
944
943
943
942
942
939
940
939
937
937
934
935
933
929
933
928
928
925
928
926
925
921
923
919
920
921
921
917
917
913
917
914
914
911
908
908
908
905
908
903
907
906
904
903
901
901
898
898
898
894
895
893
895
892
893
892
889
887
887
886
886
884
882
879
881
878
878
876
878
877
877
871
874
871
872
871
866
869
869
865
866
865
861
863
861
862
861
856
856
853
852
852
854
850
850
850
847
845
845
843
846
846
842
839
842
840
841
840
839
834
834
832
833
831
832
831
831
826
829
825
822
822
823
820
820
821
816
819
818
817
812
816
815
811
809
809
810
807
805
807
804
804
805
803
800
797
799
797
796
797
797
791
791
792
788
790
788
785
784
788
784
786
785
783
780
779
776
775
775
774
776
774
771
771
768
770
770
767
767
768
767
762
761
761
761
757
757
756
757
756
755
755
751
750
751
749
748
747
748
748
747
745
740
739
742
737
739
739
739
735
733
735
732
734
728
732
728
730
727
728
722
725
723
724
718
717
720
715
718
713
712
715
713
710
712
712
711
705
706
704
706
702
700
701
701
700
697
699
699
696
695
691
691
693
690
692
687
685
687
684
682
681
681
684
682
678
680
675
674
678
673
673
675
672
668
668
666
666
665
667
662
665
665
664
661
660
661
655
658
653
657
654
653
651
649
652
648
647
647
646
644
646
640
642
638
642
641
640
637
636
633
635
630
629
631
632
630
629
627
626
623
626
625
621
619
622
616
615
616
613
614
611
613
610
609
610
606
610
607
603
605
605
602
600
602
598
598
597
599
595
593
593
595
591
589
590
590
586
586
583
587
586
583
581
582
582
579
580
578
576
574
576
573
572
569
567
566
569
564
566
566
561
564
560
560
561
560
556
555
553
555
551
552
551
549
552
550
547
546
548
544
543
544
540
543
540
536
538
537
538
532
534
534
530
529
529
527
529
524
526
525
524
525
521
520
522
516
517
515
514
512
515
511
509
511
507
511
509
509
505
505
503
503
499
500
502
498
497
499
498
495
493
494
492
488
488
487
489
486
487
485
485
485
483
480
477
479
476
477
475
472
474
474
474
469
469
466
467
464
467
464
463
462
459
462
459
458
458
455
453
454
455
450
451
453
447
447
448
447
448
443
442
443
441
439
440
440
439
437
436
433
436
433
429
431
430
431
428
427
427
422
424
420
424
420
421
416
416
415
416
416
416
412
411
412
407
407
407
408
403
404
403
400
402
399
397
399
395
397
396
397
391
393
393
390
390
388
385
384
385
385
381
384
382
381
378
381
378
375
374
374
375
370
369
371
370
368
370
365
366
366
363
362
361
362
357
356
358
359
354
352
356
355
349
348
348
350
345
349
348
343
342
345
340
339
338
340
338
336
335
336
334
332
329
330
328
327
327
326
327
323
322
324
324
318
319
321
316
316
317
312
314
312
314
308
307
310
309
307
303
305
303
302
304
302
299
297
300
298
293
294
292
294
290
290
288
290
286
286
286
286
283
282
280
283
281
278
280
279
274
276
272
275
270
272
269
266
269
266
266
265
266
265
259
258
261
261
256
255
256
254
252
252
254
251
249
251
249
245
247
247
245
245
242
239
241
237
237
235
238
232
231
231
232
229
228
227
227
226
226
224
225
223
219
223
217
219
216
216
214
215
212
210
209
211
212
206
210
209
208
202
204
202
200
202
201
198
200
194
198
195
194
194
193
188
188
190
189
186
187
186
185
184
179
183
177
181
177
175
175
176
173
174
174
173
172
166
169
164
163
163
165
165
162
159
159
157
158
154
155
154
151
153
151
153
147
151
150
144
147
144
145
142
140
139
140
138
136
136
135
135
131
130
130
128
128
128
127
127
126
124
121
122
124
118
117
119
117
116
115
115
113
110
110
112
108
106
107
105
107
106
101
101
100
100
100
98
97
99
98
94
96
94
94
92
89
89
89
88
84
85
85
82
80
78
79
77
77
76
77
76
76
70
74
69
70
69
68
66
63
62
61
65
64
61
59
59
56
57
54
52
53
55
49
51
48
46
48
46
45
46
43
45
43
43
42
40
39
35
37
35
35
31
34
31
31
28
30
28
27
26
21
20
20
22
20
19
19
17
13
13
12
13
12
13
8
9
6
8
5
2
1
