1377
1374
1377
1373
1376
1370
1369
1371
1372
1366
1368
1365
1368
1362
1364
1360
1362
1361
1361
1358
1360
1357
1358
1352
1356
1353
1353
1348
1347
1347
1350
1349
1344
1343
1344
1345
1339
1342
1340
1340
1337
1339
1337
1332
1333
1332
1330
1329
1330
1331
1326
1328
1323
1327
1323
1324
1320
1319
1320
1321
1317
1317
1317
1315
1316
1313
1311
1309
1307
1306
1310
1306
1307
1304
1301
1302
1302
1298
1298
1300
1297
1297
1297
1292
1293
1295
1289
1290
1287
1291
1285
1286
1283
1285
1284
1280
1279
1283
1281
1276
1278
1278
1273
1275
1275
1273
1274
1272
1268
1269
1268
1269
1268
1265
1263
1262
1262
1260
1261
1257
1259
1258
1254
1253
1252
1255
1253
1251
1252
1247
1246
1249
1245
1242
1246
1243
1244
1242
1241
1236
1240
1235
1238
1235
1231
1233
1233
1230
1228
1230
1225
1224
1228
1227
1221
1221
1223
1219
1221
1219
1217
1216
1213
1216
1214
1214
1210
1211
1209
1208
1210
1205
1205
1202
1201
1203
1204
1199
1197
1196
1200
1195
1196
1193
1196
1195
1190
1193
1187
1186
1187
1186
1186
1187
1185
1180
1182
1180
1178
1177
1176
1174
1176
1172
1175
1171
1170
1168
1170
1170
1165
1167
1167
1163
1164
1162
1162
1161
1159
1158
1157
1159
1155
1154
1151
1155
1150
1150
1151
1147
1145
1148
1144
1144
1143
1145
1141
1143
1141
1136
1140
1139
1135
1133
1135
1135
1133
1128
1132
1127
1126
1126
1126
1127
1121
1124
1123
1122
1122
1120
1117
1114
1118
1115
1111
1112
1114
1110
1109
1107
1105
1106
1105
1103
1102
1104
1100
1099
1098
1101
1096
1099
1098
1094
1091
1090
1092
1093
1089
1090
1088
1085
1086
1087
1086
1083
1079
1081
1082
1080
1078
1076
1074
1074
1071
1070
1070
1073
1069
1068
1065
1064
1067
1062
1064
1064
1064
1061
1062
1060
1058
1058
1057
1057
1052
1051
1054
1053
1052
1049
1045
1048
1047
1046
1042
1040
1043
1043
1038
1041
1040
1036
1034
1037
1036
1034
1032
1032
1029
1029
1026
1024
1023
1027
1021
1023
1022
1018
1019
1021
1015
1015
1018
1015
1011
1015
1011
1009
1011
1009
1005
1006
1008
1002
1004
1001
1002
1002
999
999
995
995
998
993
991
995
991
989
991
991
986
988
983
987
985
981
982
978
982
981
978
974
975
974
971
974
969
971
970
968
966
968
966
965
964
961
961
961
959
960
958
958
957
952
956
954
954
952
947
950
950
945
944
946
943
941
943
941
939
937
938
938
936
937
932
932
934
933
928
931
930
927
928
922
926
923
924
920
918
916
917
916
918
916
913
911
913
908
909
906
908
909
903
905
905
903
901
903
898
899
899
899
893
896
895
892
889
893
888
890
886
889
885
885
886
880
882
879
880
880
879
876
877
873
872
874
870
869
868
870
868
869
865
864
864
862
862
861
862
856
856
854
856
853
856
852
850
852
851
851
850
847
846
842
845
842
843
842
838
837
838
836
834
837
836
835
832
828
830
829
829
828
825
822
826
824
819
821
820
818
815
817
815
817
814
813
814
813
807
811
810
809
806
804
804
803
799
802
800
800
799
797
797
796
794
791
792
791
788
786
790
789
787
782
786
785
779
778
777
778
779
778
777
777
774
771
770
769
769
771
767
768
768
763
766
761
764
763
760
758
757
754
756
754
755
754
752
752
751
748
749
747
745
742
745
740
742
739
738
736
738
736
733
733
735
730
729
731
732
727
725
725
728
725
724
725
724
722
722
720
719
717
715
714
716
712
714
711
709
709
708
705
707
703
703
704
699
698
700
699
699
698
695
694
696
694
694
693
690
687
689
685
683
685
684
684
680
680
682
679
680
677
674
675
675
674
672
669
668
669
667
668
666
664
665
660
661
659
660
656
656
656
655
657
653
651
650
652
648
647
645
645
647
645
645
640
644
643
637
641
638
636
633
632
636
634
629
633
629
630
627
628
624
622
624
625
624
618
618
621
620
618
613
616
612
610
612
608
608
609
609
609
605
605
605
600
604
598
598
596
600
597
594
595
594
590
589
593
591
589
590
585
583
585
581
585
582
582
578
578
577
576
578
575
574
574
569
570
569
570
568
566
564
565
564
565
560
563
560
557
557
557
556
557
553
550
549
551
552
550
545
547
545
545
546
540
540
541
538
538
537
538
537
534
535
532
529
529
530
526
530
529
524
523
521
525
522
521
519
521
518
517
516
516
514
514
514
511
507
510
508
508
507
502
504
501
500
501
498
500
498
495
493
497
491
495
491
489
487
489
485
488
486
484
484
484
483
481
482
481
478
477
474
473
471
475
471
471
467
471
465
466
464
463
466
465
463
462
457
461
457
456
453
452
453
451
453
448
448
446
448
447
448
447
445
443
441
442
438
436
436
435
436
436
431
434
433
432
432
427
427
429
425
427
422
425
421
419
421
421
418
419
414
417
411
410
414
410
410
408
410
409
405
403
402
401
399
400
397
399
395
397
393
397
394
394
392
389
388
387
390
388
388
382
386
381
381
379
381
380
379
376
375
376
374
375
374
369
371
367
369
365
366
365
361
361
359
360
361
357
360
356
358
353
356
350
351
353
350
347
347
349
345
345
343
340
344
338
337
340
336
334
333
333
331
334
330
331
328
328
329
329
325
323
324
320
321
323
320
320
319
317
314
315
315
312
313
309
311
306
305
305
304
306
301
302
302
300
298
296
299
298
294
295
291
294
293
288
292
288
285
284
287
284
286
281
281
279
277
281
278
274
273
274
275
271
271
271
269
266
268
269
267
263
262
261
262
259
258
256
255
258
254
255
251
254
250
251
250
251
250
249
245
245
246
244
240
238
239
237
237
236
236
237
233
232
234
233
227
229
230
226
224
225
221
221
224
220
217
220
216
214
218
213
215
214
212
210
212
210
208
209
204
207
204
204
204
198
198
198
196
196
197
194
192
191
190
190
188
190
188
185
183
185
184
182
180
183
178
181
179
175
174
175
172
171
171
172
170
167
166
165
163
165
164
164
163
160
158
160
158
157
154
156
155
151
154
149
149
151
147
145
148
145
142
142
144
138
141
139
136
138
133
137
132
134
129
128
132
129
127
126
127
124
121
122
121
119
119
121
119
116
117
116
111
115
114
108
109
107
107
104
105
105
103
102
102
103
99
100
99
98
98
96
93
93
89
88
87
87
87
89
84
86
81
84
82
82
82
79
80
78
74
76
72
73
70
69
67
66
67
68
65
67
62
65
60
58
61
57
58
59
57
55
53
53
52
48
50
46
46
47
44
43
45
40
39
41
39
38
40
38
38
34
35
34
30
32
31
30
27
28
24
24
22
23
22
22
18
19
20
18
17
15
13
14
9
10
9
7
5
8
7
2
6
