1380
1377
1376
1372
1375
1375
1371
1369
1372
1367
1367
1364
1368
1366
1363
1365
1359
1362
1362
1358
1359
1357
1354
1353
1354
1353
1354
1353
1352
1351
1349
1346
1346
1345
1345
1340
1342
1341
1340
1337
1338
1338
1334
1337
1333
1332
1329
1328
1330
1326
1330
1326
1327
1325
1326
1320
1321
1320
1320
1318
1317
1316
1317
1314
1316
1311
1310
1312
1307
1308
1310
1307
1304
1306
1305
1304
1303
1299
1297
1299
1296
1296
1293
1292
1292
1291
1290
1291
1291
1290
1287
1286
1283
1287
1285
1282
1284
1281
1278
1281
1280
1277
1273
1277
1276
1274
1272
1272
1268
1269
1266
1267
1263
1262
1264
1260
1264
1261
1257
1261
1255
1254
1254
1253
1253
1250
1254
1250
1249
1249
1248
1248
1246
1247
1244
1241
1241
1239
1237
1238
1239
1239
1238
1237
1233
1233
1233
1228
1227
1231
1229
1224
1227
1226
1225
1222
1221
1223
1222
1216
1219
1218
1217
1216
1215
1212
1210
1210
1208
1209
1208
1207
1207
1206
1203
1204
1199
1202
1199
1196
1200
1197
1195
1193
1193
1194
1190
1189
1192
1186
1185
1186
1184
1186
1181
1181
1181
1180
1178
1179
1176
1174
1176
1176
1171
1174
1170
1171
1172
1171
1169
1169
1163
1164
1164
1160
1159
1161
1157
1160
1157
1157
1157
1156
1156
1151
1150
1151
1150
1150
1147
1144
1146
1143
1143
1145
1142
1138
1138
1136
1139
1138
1137
1137
1135
1130
1129
1130
1132
1129
1130
1128
1123
1127
1121
1122
1124
1122
1121
1116
1119
1119
1115
1116
1111
1111
1114
1111
1107
1107
1109
1109
1105
1107
1101
1103
1103
1101
1102
1101
1099
1097
1094
1097
1095
1094
1091
1088
1087
1090
1085
1085
1085
1086
1084
1081
1083
1080
1078
1081
1075
1076
1073
1074
1071
1073
1071
1071
1071
1069
1070
1066
1064
1067
1065
1061
1061
1063
1059
1057
1056
1058
1058
1057
1055
1054
1050
1051
1052
1050
1045
1046
1047
1044
1045
1041
1044
1043
1037
1040
1036
1037
1033
1035
1032
1034
1034
1033
1027
1031
1029
1028
1027
1025
1022
1023
1024
1021
1022
1019
1016
1019
1017
1013
1015
1014
1014
1008
1009
1008
1008
1008
1003
1004
1003
1003
1003
1001
1001
996
996
995
995
994
993
991
994
992
987
989
987
985
985
986
981
981
982
980
980
977
979
975
974
975
971
972
972
971
971
971
967
966
964
963
965
963
961
961
961
957
958
955
954
956
953
953
951
950
947
946
945
945
943
945
946
941
943
938
941
941
940
939
935
934
935
934
933
931
930
927
929
926
928
923
926
921
919
921
920
917
920
917
914
915
916
914
912
908
909
906
908
906
908
902
904
902
904
902
902
896
899
895
894
895
896
890
890
891
887
887
890
885
886
886
886
885
883
881
879
877
879
878
875
876
873
874
871
869
869
868
866
864
867
864
862
860
859
859
861
861
855
856
858
857
852
851
854
852
851
849
849
844
848
846
846
843
842
843
840
838
838
835
838
834
836
832
832
830
830
827
826
826
827
822
824
822
820
823
820
819
815
814
814
812
814
810
813
808
809
811
809
807
804
803
801
800
800
800
798
797
798
796
798
797
796
794
791
788
789
790
786
788
788
782
786
783
780
782
781
781
780
774
776
777
775
773
774
770
768
767
769
767
766
763
762
761
762
761
761
759
760
756
756
757
752
751
749
753
748
749
748
747
747
744
741
742
741
740
737
738
739
735
735
737
735
735
730
730
729
730
729
729
724
724
726
723
720
720
721
716
720
716
718
712
713
715
711
710
709
708
708
705
703
707
701
702
701
702
701
698
695
697
695
694
693
694
689
690
689
691
687
689
687
684
683
684
682
682
677
677
680
675
677
676
675
675
674
672
670
666
667
666
664
665
664
665
662
662
658
660
658
654
657
656
652
653
651
650
648
651
650
645
646
647
644
641
639
640
638
638
637
639
638
636
636
631
632
631
632
630
629
626
623
627
621
625
619
622
622
617
617
616
615
613
616
612
610
608
611
606
607
607
608
604
601
604
604
598
600
597
597
594
597
597
592
594
589
589
589
586
587
584
588
582
582
584
579
578
582
578
578
574
574
575
575
574
574
570
572
568
567
565
564
563
565
563
559
562
559
560
555
555
558
555
551
551
554
552
552
551
547
548
546
547
541
543
543
542
537
537
536
539
537
536
536
533
529
533
528
527
527
524
527
525
524
523
521
519
522
516
518
517
516
517
512
514
511
509
511
506
510
507
503
505
503
503
500
498
498
496
496
498
495
493
492
493
493
491
492
490
490
488
486
487
481
484
484
482
477
477
476
475
476
476
472
474
474
469
472
467
467
467
467
466
462
462
461
463
462
457
460
457
458
455
455
451
449
450
449
449
450
445
448
443
442
445
443
440
439
436
440
434
433
432
431
431
431
433
431
429
426
429
427
427
424
424
422
418
421
420
418
417
417
417
415
411
410
409
409
406
407
405
407
403
405
401
400
401
397
400
400
399
394
394
396
390
394
389
389
391
386
388
386
386
381
381
383
381
382
380
375
377
378
374
374
372
370
373
367
366
365
369
367
362
365
362
362
362
360
361
356
359
356
356
353
355
349
349
347
346
347
345
346
342
346
340
343
342
340
336
338
338
333
333
332
335
333
331
332
326
325
326
326
324
324
323
324
322
320
318
319
316
315
313
316
312
311
311
310
308
306
307
305
304
304
305
300
302
299
298
298
295
296
294
291
295
290
293
291
289
290
285
287
283
286
284
282
282
281
280
279
277
274
274
273
273
274
273
267
267
270
266
264
266
266
261
264
261
257
257
260
256
257
253
251
254
251
248
247
250
248
247
244
243
243
244
240
241
240
240
235
239
235
235
235
235
234
231
228
230
228
225
223
223
222
222
219
218
218
220
217
219
215
214
211
210
213
209
210
206
206
204
208
203
203
205
203
198
198
200
195
195
194
195
191
193
193
189
187
188
188
186
184
183
184
185
180
181
178
178
179
175
174
174
175
175
171
169
167
166
169
165
164
163
164
163
159
159
161
161
156
156
154
156
155
151
149
148
150
148
145
147
147
145
145
144
144
143
139
140
136
139
138
137
132
132
130
128
130
127
129
127
127
124
124
120
119
122
119
117
119
117
114
114
111
111
110
110
108
110
108
104
106
107
102
104
104
103
102
101
98
96
95
95
91
92
93
90
90
87
89
85
87
87
85
81
79
81
82
80
77
75
74
76
75
70
74
73
68
68
70
68
66
67
62
62
63
60
57
56
55
58
53
57
51
54
49
51
51
50
50
47
44
44
44
44
41
38
41
39
35
34
38
37
31
31
29
31
32
26
28
24
26
26
25
20
22
20
20
21
16
18
17
15
14
14
13
13
7
11
8
7
6
4
5
