1376
1378
1377
1375
1375
1375
1373
1373
1372
1367
1366
1369
1367
1366
1364
1362
1362
1359
1360
1361
1359
1358
1357
1352
1354
1355
1353
1350
1349
1348
1347
1349
1344
1343
1346
1342
1340
1340
1342
1339
1336
1339
1334
1337
1335
1330
1334
1328
1330
1330
1329
1324
1323
1322
1324
1321
1322
1321
1317
1320
1315
1317
1315
1317
1313
1310
1313
1312
1310
1308
1308
1305
1306
1303
1301
1303
1303
1300
1300
1297
1295
1297
1298
1292
1295
1295
1293
1290
1292
1291
1288
1285
1288
1286
1284
1281
1281
1280
1278
1281
1278
1275
1275
1274
1272
1272
1272
1273
1270
1268
1266
1267
1264
1262
1266
1261
1260
1260
1257
1258
1257
1257
1257
1253
1251
1252
1249
1249
1248
1246
1246
1247
1247
1244
1246
1245
1241
1241
1237
1240
1238
1235
1234
1233
1235
1235
1234
1232
1231
1230
1229
1229
1224
1225
1222
1222
1222
1220
1217
1220
1217
1214
1214
1212
1211
1215
1214
1212
1210
1210
1205
1206
1204
1207
1203
1205
1200
1199
1199
1196
1197
1196
1196
1193
1196
1190
1189
1188
1188
1188
1186
1185
1187
1186
1183
1183
1180
1178
1179
1179
1176
1174
1178
1177
1173
1171
1170
1171
1169
1171
1167
1167
1166
1167
1163
1160
1159
1161
1158
1158
1156
1159
1153
1157
1155
1151
1150
1149
1151
1149
1147
1146
1144
1142
1146
1140
1144
1138
1141
1140
1137
1137
1138
1134
1133
1135
1134
1133
1131
1127
1126
1127
1127
1123
1125
1125
1119
1123
1121
1118
1116
1118
1117
1113
1115
1114
1111
1113
1107
1107
1105
1107
1107
1107
1103
1101
1101
1098
1099
1101
1099
1098
1095
1097
1094
1095
1093
1091
1089
1090
1087
1089
1083
1085
1084
1081
1084
1080
1078
1080
1079
1076
1076
1072
1073
1072
1070
1070
1072
1068
1066
1066
1065
1062
1062
1064
1059
1062
1058
1061
1060
1055
1056
1053
1052
1051
1051
1049
1052
1050
1047
1044
1045
1047
1042
1043
1044
1039
1041
1037
1037
1037
1034
1036
1033
1035
1034
1028
1032
1028
1026
1026
1026
1023
1022
1024
1022
1019
1020
1016
1019
1014
1017
1014
1016
1010
1014
1009
1010
1011
1009
1009
1003
1002
1006
1004
1002
1002
999
999
1000
994
996
997
996
993
992
991
987
986
986
984
985
985
984
981
980
980
977
977
976
979
978
976
975
970
970
968
970
971
968
964
963
964
964
964
960
959
961
961
956
956
955
954
956
953
950
948
947
950
946
945
947
945
942
940
940
942
939
940
937
935
934
936
934
930
933
931
931
931
927
928
927
923
924
925
924
918
918
918
920
916
915
917
911
910
909
913
908
910
909
906
906
902
902
903
903
902
899
899
899
898
896
892
891
892
894
889
887
887
888
884
887
886
881
885
883
883
882
876
879
875
873
873
876
871
874
869
869
870
869
868
864
865
862
862
863
862
859
859
855
858
856
856
854
853
853
853
847
850
847
848
843
844
843
843
841
841
842
841
838
837
834
833
834
831
830
832
829
830
829
824
825
825
823
821
824
820
820
817
819
815
817
812
816
814
814
809
808
808
805
807
803
805
802
804
800
802
802
799
797
798
797
792
795
794
793
792
790
787
789
787
785
784
784
780
782
782
780
781
779
779
775
774
775
775
771
768
770
770
766
767
768
763
764
760
764
760
760
759
759
754
754
757
753
752
751
748
748
749
748
749
748
746
741
741
744
739
742
739
737
735
735
733
736
731
733
728
729
729
727
724
723
723
723
724
724
722
722
718
720
715
716
713
715
713
709
712
710
710
706
705
703
704
703
702
702
699
697
700
695
696
697
695
696
692
689
693
691
690
688
687
687
686
682
683
681
682
677
678
675
679
677
672
675
670
674
672
672
669
668
669
667
663
665
664
662
659
659
658
657
655
658
656
655
650
654
648
647
648
649
648
643
642
644
643
640
643
639
636
636
639
636
637
634
631
634
631
627
631
630
625
627
623
623
621
622
619
620
618
617
618
617
617
612
611
613
612
612
609
607
608
603
604
604
603
601
601
602
598
598
597
598
594
591
594
592
589
589
590
589
587
585
583
584
581
581
579
577
577
575
578
575
574
574
572
570
569
569
570
566
567
564
565
562
564
559
563
558
560
558
559
556
556
551
554
551
550
549
548
548
549
546
544
541
544
540
538
537
540
537
535
533
532
531
534
533
531
529
531
525
529
528
525
526
523
519
522
519
518
519
515
515
514
513
512
512
508
510
506
509
509
507
502
502
502
503
502
498
496
496
495
493
492
495
493
489
488
489
486
485
489
483
485
481
481
479
479
481
479
475
477
475
474
473
474
470
468
469
470
470
467
464
465
466
461
462
459
459
459
456
458
457
453
456
455
451
451
452
446
450
444
446
442
445
444
439
440
442
440
438
439
433
437
433
432
431
432
431
427
430
425
424
425
426
420
423
422
417
419
418
414
418
416
415
415
411
412
409
406
405
406
403
404
402
400
399
398
399
396
396
394
397
397
394
395
394
388
392
389
385
385
386
385
383
384
380
381
381
376
379
378
375
375
371
375
371
373
372
367
368
369
364
367
362
361
363
360
360
361
355
357
358
353
356
351
350
353
347
348
345
346
345
347
341
342
339
342
341
341
339
336
334
335
335
333
334
332
329
328
325
325
328
322
321
321
324
320
321
316
318
317
317
315
316
311
314
308
311
306
308
308
306
306
305
303
300
299
298
299
300
298
294
296
293
294
290
292
292
286
288
288
284
286
286
280
281
279
280
279
280
274
275
274
271
271
271
268
267
269
270
266
265
262
264
264
264
261
260
257
258
256
254
254
252
250
250
251
250
246
246
245
243
244
243
240
241
242
237
236
239
239
234
236
233
231
234
233
229
227
225
227
227
226
226
223
220
218
218
219
215
215
213
212
213
212
213
208
209
210
206
206
208
205
206
204
204
201
202
197
197
199
196
192
192
193
192
192
188
188
185
188
187
184
183
182
179
183
181
181
176
179
176
173
173
172
170
170
169
169
167
168
164
166
165
164
164
158
158
156
160
156
153
154
153
151
149
149
151
147
148
145
145
146
142
141
142
143
138
136
138
135
134
135
131
133
133
133
132
128
128
127
123
126
124
122
122
120
120
117
120
115
115
115
112
110
114
110
108
109
107
107
107
107
106
103
100
103
101
98
96
98
96
96
93
90
89
92
88
86
88
87
87
86
84
84
83
82
80
76
78
75
77
77
73
71
69
72
70
68
70
66
66
63
62
63
62
63
59
59
57
58
56
52
51
54
53
52
51
48
49
47
47
44
45
41
43
43
41
36
35
36
37
32
35
32
34
30
30
28
29
26
27
22
24
25
19
19
17
16
20
19
16
16
12
12
12
13
7
6
9
4
5
6
4
