1377
1375
1376
1377
1371
1372
1369
1368
1367
1370
1368
1365
1367
1364
1366
1363
1362
1363
1360
1358
1360
1358
1355
1356
1351
1351
1351
1353
1351
1348
1349
1347
1346
1346
1344
1345
1342
1342
1340
1338
1337
1339
1338
1333
1335
1334
1330
1331
1330
1331
1330
1324
1324
1324
1324
1320
1324
1321
1319
1321
1319
1315
1317
1317
1314
1312
1314
1309
1309
1309
1308
1305
1308
1304
1301
1300
1299
1299
1302
1298
1298
1294
1296
1295
1296
1295
1289
1291
1289
1287
1288
1288
1286
1282
1283
1284
1284
1282
1280
1279
1277
1274
1278
1276
1271
1270
1274
1271
1268
1269
1269
1268
1266
1264
1264
1263
1264
1263
1257
1259
1256
1254
1254
1256
1254
1250
1253
1248
1247
1249
1247
1244
1243
1245
1241
1242
1244
1243
1241
1240
1239
1238
1235
1236
1236
1235
1229
1232
1227
1231
1227
1226
1225
1223
1225
1220
1222
1221
1222
1216
1217
1214
1214
1216
1216
1210
1212
1212
1207
1211
1210
1209
1204
1207
1206
1201
1202
1200
1198
1197
1198
1194
1197
1192
1196
1193
1192
1192
1187
1187
1190
1186
1184
1184
1181
1182
1182
1183
1179
1177
1178
1177
1174
1175
1173
1175
1169
1171
1171
1169
1170
1168
1163
1163
1165
1161
1161
1159
1160
1157
1157
1159
1158
1153
1156
1155
1154
1151
1152
1147
1145
1144
1146
1143
1145
1145
1140
1142
1137
1139
1135
1139
1134
1134
1133
1132
1134
1130
1129
1130
1126
1128
1127
1123
1122
1122
1121
1123
1119
1116
1119
1118
1113
1117
1111
1113
1114
1109
1109
1108
1110
1108
1107
1102
1101
1104
1102
1100
1102
1098
1100
1095
1096
1097
1094
1090
1091
1089
1092
1088
1090
1088
1083
1086
1084
1083
1083
1082
1082
1081
1076
1079
1075
1074
1073
1070
1070
1070
1070
1071
1069
1065
1063
1063
1066
1065
1061
1061
1059
1060
1058
1057
1055
1055
1053
1054
1051
1051
1051
1047
1045
1044
1047
1046
1043
1044
1043
1040
1037
1036
1038
1034
1037
1036
1031
1033
1034
1028
1030
1028
1026
1024
1026
1022
1023
1020
1021
1019
1020
1017
1017
1019
1016
1012
1014
1011
1010
1010
1011
1008
1009
1005
1006
1003
1001
1005
1001
1000
998
999
999
994
997
995
994
995
992
988
991
987
990
984
986
984
982
980
982
983
978
978
980
974
976
975
973
971
974
969
967
967
965
965
965
962
963
965
959
960
959
956
958
959
957
957
952
955
950
949
949
946
949
946
944
946
945
941
942
938
939
941
938
935
935
937
932
934
932
931
929
929
927
927
925
925
925
924
920
918
917
916
919
918
915
913
913
912
911
911
908
908
910
904
906
906
901
904
899
899
900
899
898
895
896
896
894
892
894
891
891
891
890
889
888
887
886
880
880
879
879
878
879
879
877
874
873
871
872
872
868
866
868
867
865
862
865
864
860
863
858
858
860
854
855
855
851
855
849
851
847
849
849
847
847
842
843
844
841
839
838
836
835
837
833
833
833
832
834
829
831
827
825
825
827
824
825
822
821
818
818
816
815
816
814
814
812
813
812
810
808
809
805
805
807
803
802
805
802
799
798
796
797
798
794
797
792
793
794
790
788
788
785
789
784
787
781
782
783
782
781
777
776
776
775
773
773
774
773
773
768
770
765
765
767
765
763
761
763
758
760
757
757
755
754
755
752
750
752
752
748
747
747
744
746
744
746
743
739
739
741
739
737
738
738
737
733
730
734
733
732
731
725
724
723
725
725
724
719
722
719
720
719
717
718
712
711
713
711
709
709
708
709
709
705
707
704
702
700
698
702
697
700
695
694
695
695
694
690
688
690
690
690
686
685
683
682
684
680
678
681
676
678
679
676
677
673
674
671
670
667
669
667
664
668
665
664
665
659
662
657
660
657
658
657
655
651
653
650
653
651
650
647
645
644
644
644
642
642
643
638
636
636
638
638
632
632
630
632
631
629
626
627
627
623
624
626
623
624
620
619
619
620
614
613
614
613
611
611
611
611
611
610
608
607
604
606
600
599
598
601
601
596
594
594
596
593
591
591
593
589
587
587
585
584
583
581
584
579
580
578
576
575
579
578
572
576
571
572
572
567
566
570
569
568
563
562
564
564
561
560
556
559
559
558
555
554
554
553
552
550
550
550
548
546
545
542
544
541
543
539
537
539
538
537
534
534
531
533
529
529
526
528
525
524
522
525
525
522
519
522
520
520
515
515
514
513
515
510
513
511
506
510
508
503
504
506
500
500
498
499
497
495
499
498
496
495
490
494
490
487
488
489
484
487
487
483
483
481
481
477
476
480
477
478
476
473
475
470
470
471
468
467
468
468
464
466
464
459
463
461
458
460
455
456
455
456
452
450
450
452
451
448
448
445
445
444
443
440
439
441
438
439
435
436
432
431
435
431
431
427
428
430
424
426
425
422
422
421
421
419
420
418
414
414
416
416
411
410
411
411
407
409
407
405
405
401
400
399
400
397
400
399
395
395
393
393
391
394
393
390
388
385
384
386
386
385
385
384
383
377
381
378
378
377
375
376
373
374
373
370
371
365
368
363
363
365
362
363
362
360
360
355
358
354
356
352
354
349
353
350
346
345
344
346
345
343
344
339
339
339
338
339
336
336
337
333
332
329
332
327
331
327
329
328
323
323
320
320
319
320
317
316
314
318
317
315
313
309
312
309
308
310
304
303
306
302
302
303
298
300
297
299
298
297
292
296
292
289
288
289
286
290
285
285
285
282
284
281
279
277
278
278
277
277
274
271
271
272
271
269
270
265
268
267
265
263
263
260
263
258
258
256
256
258
257
253
252
253
248
250
251
246
244
243
245
245
242
239
240
238
240
239
235
233
237
233
232
231
228
232
230
227
226
225
224
222
221
222
220
220
221
215
216
217
217
212
214
209
213
212
207
207
205
205
206
203
203
204
201
202
196
200
198
193
197
194
192
190
190
191
186
188
187
186
184
181
184
182
182
177
180
177
176
173
176
172
172
171
173
171
166
165
165
167
166
162
161
161
158
157
158
160
157
154
154
154
154
153
149
149
151
147
146
148
143
145
143
140
138
139
137
135
137
136
136
135
132
131
133
130
126
127
126
126
127
121
121
124
123
120
116
116
115
116
113
113
111
109
112
109
108
108
106
107
102
102
102
102
98
99
99
98
95
94
93
92
95
91
93
91
91
89
88
87
83
83
84
81
78
80
77
79
79
78
72
74
71
70
71
68
66
67
67
65
66
64
64
60
58
57
60
58
58
57
56
55
52
50
48
52
48
45
46
44
42
45
44
41
38
38
38
40
34
36
36
35
32
34
30
27
28
29
25
24
23
25
24
24
19
22
18
19
17
15
14
14
14
14
9
7
9
5
7
8
6
1
