1375
1377
1375
1372
1372
1372
1372
1372
1367
1370
1367
1368
1368
1363
1365
1361
1360
1359
1359
1361
1356
1359
1355
1353
1353
1350
1352
1353
1347
1348
1345
1344
1348
1343
1346
1341
1343
1343
1339
1336
1335
1339
1333
1333
1335
1331
1330
1330
1330
1327
1328
1326
1325
1322
1326
1325
1319
1321
1321
1317
1315
1317
1318
1312
1316
1310
1311
1312
1309
1307
1308
1304
1303
1303
1303
1300
1301
1298
1297
1297
1300
1297
1295
1294
1293
1294
1294
1291
1288
1291
1290
1286
1285
1287
1285
1280
1283
1280
1279
1280
1277
1274
1278
1273
1271
1272
1274
1272
1267
1271
1267
1269
1268
1267
1261
1264
1263
1259
1257
1260
1257
1256
1254
1255
1256
1252
1253
1251
1248
1246
1249
1244
1248
1247
1245
1244
1242
1239
1240
1236
1240
1235
1233
1232
1236
1235
1231
1231
1230
1230
1227
1226
1223
1226
1223
1221
1222
1221
1217
1219
1217
1216
1216
1215
1213
1211
1209
1209
1207
1209
1205
1206
1203
1202
1206
1205
1200
1203
1200
1200
1200
1199
1197
1197
1192
1192
1189
1193
1189
1191
1189
1184
1187
1184
1183
1183
1180
1183
1177
1179
1177
1174
1174
1172
1176
1172
1173
1169
1171
1170
1165
1167
1163
1165
1161
1161
1163
1159
1160
1159
1160
1156
1155
1152
1156
1153
1153
1150
1149
1150
1149
1144
1146
1147
1143
1144
1143
1141
1139
1139
1138
1138
1133
1134
1132
1135
1130
1128
1130
1131
1127
1127
1123
1127
1123
1121
1124
1122
1122
1117
1117
1115
1113
1116
1116
1112
1114
1108
1107
1110
1108
1106
1105
1106
1102
1103
1099
1103
1097
1098
1099
1094
1097
1094
1092
1092
1091
1093
1088
1089
1090
1084
1084
1083
1085
1080
1084
1079
1081
1077
1075
1078
1074
1075
1071
1071
1074
1072
1070
1070
1069
1065
1064
1065
1063
1062
1063
1061
1061
1058
1056
1055
1058
1056
1051
1053
1053
1048
1050
1051
1047
1045
1048
1045
1041
1041
1044
1041
1040
1038
1038
1034
1037
1036
1032
1031
1029
1028
1031
1028
1027
1029
1028
1023
1023
1020
1023
1019
1022
1016
1017
1014
1018
1017
1015
1015
1012
1009
1010
1007
1005
1004
1004
1004
1002
1005
1000
998
1000
998
996
994
995
995
996
991
991
993
992
986
990
985
986
982
985
980
981
978
980
978
978
979
974
973
976
972
972
970
971
968
967
965
964
966
961
963
960
959
962
959
957
957
955
953
955
955
949
948
949
949
945
947
945
943
945
945
944
938
942
939
939
934
938
937
935
930
931
933
931
930
930
926
925
925
921
923
920
921
922
918
919
914
916
917
916
913
910
908
908
908
909
904
907
905
903
900
899
899
902
897
899
899
898
895
891
895
892
891
888
891
888
886
885
885
884
884
884
883
880
878
876
875
876
876
876
871
871
871
867
867
865
864
866
865
866
863
864
858
861
856
855
858
858
855
854
852
850
848
847
850
846
849
843
847
844
843
839
842
840
837
837
836
833
833
833
833
829
833
830
831
826
827
827
825
823
820
821
818
820
817
820
815
816
813
811
813
809
808
810
810
810
805
808
806
801
802
802
798
801
797
795
795
796
793
795
790
789
788
788
788
790
789
783
786
786
781
779
783
778
779
777
777
773
777
774
775
774
769
771
767
768
767
765
767
766
762
764
760
761
760
758
759
758
756
751
750
753
751
749
747
746
745
748
745
744
744
742
742
741
740
735
736
735
736
736
735
732
730
731
730
729
725
725
724
725
723
721
723
720
721
719
718
717
714
714
712
710
713
709
709
705
707
706
702
705
704
702
698
698
696
697
695
695
692
696
692
691
690
689
691
687
685
686
682
682
681
684
678
677
679
680
675
675
675
676
671
671
673
667
670
665
665
666
666
664
663
661
662
657
660
655
659
658
653
651
650
649
653
648
646
648
649
647
644
643
642
639
642
641
637
636
638
635
636
634
630
632
631
631
631
626
626
628
626
625
623
623
620
621
619
615
614
615
613
611
614
613
612
610
609
607
605
605
602
603
601
599
599
599
597
595
595
593
597
594
592
589
590
592
586
585
589
587
582
585
580
582
581
580
579
579
577
573
574
571
575
569
568
569
568
570
564
567
566
563
564
564
560
557
557
559
557
555
556
553
552
550
550
549
547
550
544
544
543
543
543
540
542
540
541
536
536
538
536
533
534
534
528
529
528
526
524
528
523
522
521
524
521
518
516
516
517
516
512
516
513
514
509
507
507
508
508
505
507
505
503
504
503
499
500
497
494
493
492
493
494
489
489
490
491
489
489
485
484
482
481
481
479
477
481
479
475
473
475
474
470
471
473
472
466
465
467
465
465
461
460
459
460
459
461
459
459
453
454
453
450
451
448
449
446
449
447
443
445
445
442
442
443
438
436
438
435
438
436
431
430
429
430
430
430
425
427
425
425
423
420
424
423
420
417
415
419
417
417
411
413
411
410
408
406
408
407
404
405
403
405
403
400
400
397
396
396
395
393
391
391
392
388
392
387
385
386
385
384
381
382
382
382
381
379
375
374
377
376
373
371
371
371
367
369
368
367
366
364
363
363
362
358
359
356
357
359
357
355
355
350
351
351
347
348
347
345
345
345
342
344
339
339
342
339
339
338
338
334
333
335
334
331
331
326
325
325
328
324
322
320
320
318
321
319
318
315
314
317
314
313
309
309
310
307
307
306
307
302
305
303
304
300
301
300
298
295
294
294
292
292
291
293
287
287
288
286
285
282
284
282
284
280
277
280
276
277
273
273
271
275
273
268
267
268
265
264
265
266
261
263
260
261
257
260
258
259
255
253
253
254
254
248
247
247
247
244
243
247
245
242
239
240
239
241
237
237
233
234
235
233
230
233
231
229
226
224
223
222
222
224
221
221
217
219
218
214
218
215
215
212
212
209
207
210
205
206
203
207
205
200
202
200
200
199
199
195
194
193
196
192
193
191
190
187
186
188
183
187
186
185
183
181
182
178
177
177
177
173
172
171
171
173
172
170
168
168
164
164
161
162
159
163
161
160
156
154
158
152
153
153
154
151
150
147
145
145
148
143
145
143
143
140
140
138
135
137
136
133
136
134
129
129
127
129
130
128
128
125
121
120
124
121
117
116
119
114
117
116
114
114
112
112
110
111
110
108
105
102
101
104
102
98
100
100
95
99
93
95
93
95
90
89
87
89
89
85
83
86
84
81
81
78
79
79
75
75
74
72
75
74
69
68
72
66
69
64
64
64
61
64
62
62
57
61
59
56
53
54
56
54
49
53
50
50
50
49
45
47
45
40
42
43
38
37
38
36
35
34
36
32
30
29
30
31
26
29
27
27
25
22
24
22
22
19
16
14
18
17
13
15
9
12
9
8
9
4
4
3
1
