1376
1376
1377
1373
1375
1375
1369
1371
1367
1371
1368
1367
1367
1364
1365
1361
1364
1362
1360
1356
1355
1358
1354
1356
1352
1350
1350
1350
1348
1351
1345
1345
1344
1344
1345
1343
1344
1338
1337
1341
1339
1338
1336
1332
1336
1334
1330
1333
1328
1327
1327
1327
1325
1323
1326
1320
1320
1320
1319
1321
1319
1316
1314
1317
1312
1312
1313
1308
1311
1310
1305
1304
1308
1307
1304
1301
1301
1303
1297
1296
1300
1299
1293
1293
1295
1291
1291
1292
1288
1289
1285
1288
1283
1287
1284
1284
1280
1282
1280
1278
1280
1279
1273
1277
1274
1273
1269
1269
1270
1267
1267
1264
1266
1267
1264
1264
1259
1258
1262
1257
1257
1257
1253
1254
1256
1252
1250
1253
1247
1250
1246
1249
1246
1244
1241
1241
1243
1240
1242
1240
1235
1237
1237
1235
1231
1230
1230
1233
1230
1226
1228
1226
1228
1222
1226
1225
1221
1223
1221
1216
1219
1219
1217
1214
1211
1213
1211
1211
1209
1208
1206
1208
1207
1204
1203
1202
1204
1202
1200
1198
1196
1197
1196
1195
1191
1191
1194
1192
1189
1190
1185
1184
1188
1186
1184
1181
1180
1178
1179
1181
1177
1175
1173
1175
1176
1175
1174
1171
1171
1170
1166
1166
1163
1163
1161
1163
1163
1158
1158
1160
1156
1159
1156
1155
1154
1153
1150
1149
1148
1147
1146
1144
1147
1145
1144
1140
1140
1139
1142
1136
1136
1135
1138
1134
1133
1131
1129
1131
1129
1129
1125
1126
1128
1125
1124
1120
1122
1121
1119
1116
1120
1117
1115
1115
1116
1114
1114
1113
1108
1111
1105
1109
1103
1107
1105
1103
1101
1099
1102
1098
1095
1096
1098
1094
1095
1092
1094
1093
1087
1086
1087
1089
1088
1083
1083
1081
1081
1082
1079
1078
1077
1078
1074
1073
1074
1073
1069
1072
1067
1070
1070
1064
1064
1064
1066
1062
1060
1060
1061
1061
1056
1058
1058
1054
1052
1054
1049
1053
1047
1051
1045
1045
1046
1044
1041
1044
1040
1038
1041
1039
1037
1037
1037
1034
1034
1035
1031
1031
1027
1026
1029
1029
1025
1024
1024
1021
1019
1018
1020
1020
1020
1014
1015
1017
1013
1011
1014
1011
1007
1010
1008
1009
1005
1002
1001
1000
1002
999
997
997
996
999
995
994
991
990
992
989
987
987
989
988
988
982
981
982
982
980
981
977
975
977
976
977
975
974
973
969
970
967
970
969
965
967
962
962
959
958
961
961
957
957
958
952
956
951
950
952
951
946
949
944
947
946
944
940
943
940
937
936
936
939
934
936
933
935
934
929
927
926
928
927
927
925
923
925
922
923
922
921
916
918
918
912
913
915
914
913
910
911
907
906
907
907
906
904
901
898
902
898
895
898
895
893
896
890
893
889
888
891
887
888
883
885
881
883
881
882
880
880
877
878
878
873
874
873
874
871
869
867
865
869
864
866
863
863
863
863
859
856
857
854
854
857
852
854
849
851
849
848
849
847
848
842
843
842
840
838
838
836
835
838
833
837
834
833
831
828
831
830
830
826
828
825
821
823
819
823
819
820
816
817
817
813
811
814
812
808
809
809
809
809
805
807
802
800
799
801
797
798
798
794
798
797
793
792
790
788
791
791
790
785
787
786
781
780
782
782
780
778
776
777
773
775
772
770
769
768
767
766
769
769
766
766
763
762
760
758
761
759
758
759
755
757
754
754
752
753
752
747
749
747
747
745
743
744
739
743
740
736
740
739
734
733
736
733
734
729
728
730
728
729
726
725
723
720
724
720
718
717
718
714
716
715
716
713
714
709
709
711
710
705
708
702
702
701
703
698
702
700
697
696
695
694
691
695
692
693
691
690
688
689
685
683
681
683
679
678
681
677
680
674
678
677
673
675
674
671
670
668
669
666
664
666
662
660
661
661
661
659
659
655
658
654
655
650
654
651
649
649
650
644
648
642
645
645
644
641
639
641
635
637
634
633
631
633
631
628
629
628
629
629
625
626
622
620
620
621
620
616
620
617
617
614
616
614
612
610
610
611
606
604
604
602
606
603
604
600
601
601
598
598
598
592
591
594
590
588
587
586
590
584
585
584
586
582
583
578
577
577
577
578
573
576
576
574
570
573
571
569
568
568
565
567
566
562
562
560
559
559
555
554
554
553
551
554
551
549
548
549
546
547
547
542
545
545
540
539
538
539
539
536
537
536
534
535
531
529
531
531
529
527
523
527
525
525
524
519
518
518
517
516
515
516
514
512
512
510
508
506
507
506
506
506
506
502
501
498
502
499
499
498
495
496
491
492
494
489
489
488
490
488
483
483
484
485
482
478
480
481
480
479
477
476
474
475
473
469
467
467
469
464
468
464
465
462
462
462
457
461
458
454
456
456
451
455
449
452
448
451
445
445
443
443
443
445
443
440
440
440
435
437
437
436
434
433
434
429
429
431
425
429
428
423
424
425
421
419
420
420
415
414
418
413
415
412
410
412
410
407
408
408
406
406
403
405
400
402
401
396
399
394
393
396
394
395
391
392
388
389
389
386
385
383
381
381
382
378
377
381
380
374
376
372
371
375
374
372
371
371
367
364
366
366
364
363
360
359
361
360
355
355
354
355
354
351
353
352
348
346
345
346
346
347
344
340
340
339
341
338
335
336
338
334
331
332
331
331
331
330
326
324
324
322
325
323
321
321
320
321
318
318
315
315
315
311
314
310
310
308
308
309
305
302
304
301
299
303
299
299
298
296
294
293
291
290
292
293
291
286
287
285
284
286
286
281
284
279
281
278
277
276
274
277
272
273
272
269
267
266
266
268
268
262
266
261
260
258
261
261
256
254
255
255
256
250
254
252
248
250
249
248
248
247
241
243
244
242
241
238
239
234
236
233
232
231
233
228
229
231
226
224
223
226
223
225
222
223
218
219
218
217
213
217
215
211
209
212
208
207
206
208
205
203
204
204
201
200
198
201
196
197
193
197
194
191
192
189
191
187
187
186
183
183
186
180
183
182
182
181
176
177
175
174
172
173
169
168
167
170
165
169
165
165
162
161
163
158
157
161
159
155
153
156
151
155
150
153
147
149
148
145
146
144
141
143
139
143
141
140
135
134
134
134
136
131
132
131
130
128
129
127
124
123
125
123
122
118
118
118
116
117
113
113
111
115
109
110
110
106
105
104
105
106
101
104
104
102
97
101
95
99
93
94
91
94
94
89
90
89
87
87
83
84
84
82
80
81
80
79
80
75
78
74
75
75
69
69
71
69
67
64
65
65
62
62
63
63
59
59
57
57
56
54
54
51
50
52
51
47
50
45
47
42
41
42
40
43
42
39
38
35
38
37
34
34
29
32
32
30
29
26
28
22
25
24
21
19
17
17
15
16
14
13
15
12
9
10
12
6
5
9
7
4
6
