1379
1375
1377
1376
1373
1373
1374
1369
1367
1370
1368
1367
1366
1366
1366
1364
1364
1360
1361
1356
1355
1359
1356
1356
1353
1354
1354
1350
1351
1351
1349
1344
1347
1344
1341
1341
1340
1340
1340
1341
1337
1334
1335
1333
1331
1333
1332
1333
1332
1327
1330
1324
1328
1325
1322
1320
1320
1320
1322
1319
1318
1316
1317
1316
1315
1313
1313
1313
1312
1309
1309
1309
1305
1304
1301
1303
1300
1298
1300
1300
1297
1298
1297
1292
1291
1295
1290
1292
1288
1287
1285
1288
1285
1284
1286
1281
1280
1282
1280
1281
1276
1274
1276
1275
1276
1270
1272
1272
1270
1269
1268
1264
1267
1263
1263
1265
1259
1259
1259
1256
1256
1257
1258
1256
1256
1252
1252
1249
1247
1250
1250
1249
1244
1243
1243
1242
1243
1240
1238
1240
1239
1237
1233
1232
1234
1232
1232
1232
1230
1230
1225
1226
1228
1225
1224
1223
1222
1219
1220
1220
1219
1214
1214
1213
1214
1214
1210
1212
1207
1210
1210
1209
1207
1206
1203
1200
1204
1198
1201
1197
1199
1198
1196
1194
1195
1194
1190
1189
1189
1190
1187
1185
1188
1185
1183
1184
1181
1183
1180
1178
1177
1175
1177
1176
1174
1173
1170
1168
1172
1171
1167
1169
1168
1163
1162
1163
1159
1161
1159
1160
1160
1157
1153
1156
1151
1155
1151
1152
1150
1147
1146
1146
1144
1147
1143
1142
1142
1141
1137
1136
1136
1136
1137
1132
1132
1130
1131
1132
1131
1128
1126
1129
1127
1125
1125
1123
1122
1118
1121
1116
1120
1115
1115
1117
1116
1110
1112
1113
1111
1110
1105
1109
1105
1105
1102
1103
1103
1099
1102
1097
1098
1097
1094
1096
1093
1093
1094
1088
1092
1087
1087
1084
1085
1086
1085
1082
1083
1078
1079
1076
1080
1075
1075
1072
1076
1074
1072
1073
1071
1068
1066
1069
1068
1062
1064
1064
1064
1058
1058
1060
1060
1056
1056
1056
1054
1053
1054
1050
1049
1049
1045
1048
1044
1044
1041
1045
1039
1043
1039
1039
1040
1035
1036
1036
1036
1030
1034
1028
1029
1026
1026
1029
1024
1026
1022
1021
1020
1018
1021
1017
1015
1016
1016
1013
1014
1011
1012
1010
1008
1008
1007
1007
1004
1007
1003
1002
1002
1000
997
998
1000
995
995
997
995
993
991
988
988
988
986
984
983
985
985
985
980
979
977
979
979
977
974
976
971
970
972
968
971
966
967
964
967
962
965
962
964
962
961
956
958
954
958
956
952
953
950
950
947
951
950
947
948
946
945
940
939
943
940
941
935
939
934
937
933
931
931
930
931
926
925
928
923
927
926
920
923
919
917
921
919
916
915
914
916
915
909
913
912
911
905
909
905
906
903
902
900
900
900
901
898
896
894
892
891
893
892
893
888
887
886
886
883
886
883
884
883
880
881
881
877
877
878
873
873
870
870
868
867
868
870
866
868
865
862
864
861
858
862
857
856
859
857
857
856
852
853
850
851
848
847
847
845
845
844
844
840
838
842
837
839
839
834
832
833
834
832
833
827
831
828
827
827
824
821
824
821
823
822
818
819
817
817
816
815
812
810
808
810
811
808
808
805
804
804
804
802
803
799
798
799
796
793
793
792
795
792
791
790
786
785
786
783
787
782
784
781
780
781
781
777
776
778
773
773
770
773
770
772
769
765
764
767
763
762
760
759
762
761
758
759
757
756
757
751
754
751
753
751
747
746
748
747
746
745
745
742
740
737
739
736
734
736
734
734
730
730
732
730
726
725
726
727
727
721
720
724
721
720
716
717
718
713
712
712
712
710
711
712
711
707
705
704
703
702
701
700
702
702
697
697
696
698
696
692
693
693
691
688
690
686
685
683
685
683
682
679
683
677
677
680
677
677
672
676
670
669
668
670
668
668
665
665
666
664
662
661
658
660
658
659
659
655
657
655
652
650
650
649
647
647
646
648
643
644
642
643
642
639
639
636
637
634
634
633
633
631
632
631
631
630
629
623
622
623
625
623
622
618
619
618
615
613
613
612
614
614
608
611
610
609
605
606
602
606
600
603
600
602
600
597
594
594
592
594
590
590
591
589
591
587
589
585
582
582
580
580
578
578
580
579
578
578
577
576
575
570
569
567
570
566
568
566
563
565
564
559
558
561
556
560
556
556
556
556
551
553
551
549
546
548
547
548
546
546
543
539
538
538
536
535
539
533
533
531
534
534
530
530
526
526
525
525
525
526
524
523
520
518
518
520
516
517
514
512
514
514
509
511
506
506
509
503
503
504
502
502
503
501
496
495
496
495
496
493
491
489
489
491
490
487
489
483
483
485
481
482
481
480
481
479
477
473
476
475
470
473
468
472
467
466
467
464
464
462
460
463
459
461
461
460
454
454
452
452
451
449
450
450
448
449
445
448
442
443
445
442
442
440
436
440
437
438
437
431
432
433
433
428
428
429
429
427
427
425
423
422
422
420
420
418
415
413
414
412
414
412
413
409
410
408
404
406
404
404
402
401
403
399
397
397
398
393
393
396
391
392
390
391
389
390
387
388
383
386
384
382
378
379
379
378
379
373
372
371
370
371
370
367
370
368
368
367
364
366
361
362
361
362
359
357
355
355
357
356
353
352
349
349
348
347
344
343
345
345
342
339
343
341
337
335
337
334
333
331
333
331
330
331
331
328
325
327
323
325
321
320
319
320
316
316
316
318
315
311
310
314
310
310
308
309
307
308
304
302
305
303
303
300
301
298
294
296
296
295
290
292
292
291
286
285
286
283
287
284
285
280
283
278
278
280
279
275
276
274
271
271
268
271
271
265
268
267
262
264
260
263
263
261
256
259
255
256
252
256
251
254
251
251
251
247
244
246
244
244
243
239
238
242
236
237
239
238
235
235
234
234
231
231
231
230
228
225
223
226
222
219
222
217
219
217
216
218
217
211
210
212
212
209
208
205
209
204
202
206
205
203
202
198
196
199
194
194
196
191
191
190
192
191
190
185
186
187
186
185
181
183
180
181
177
176
175
176
174
173
174
171
169
171
166
165
168
164
166
164
164
161
162
162
159
158
157
153
153
152
154
154
149
150
148
150
144
146
142
146
140
141
142
139
140
137
137
135
137
131
132
134
128
128
131
130
126
126
123
123
121
124
120
118
116
120
118
116
116
116
111
113
113
108
110
108
104
104
105
103
105
104
99
97
96
98
97
98
96
92
92
89
91
91
87
86
86
87
85
84
81
80
81
80
79
78
74
73
76
71
71
71
71
70
70
67
66
63
63
63
63
60
63
62
60
60
57
53
57
52
52
53
52
50
48
45
49
45
44
41
43
43
38
40
40
35
35
33
36
31
30
32
28
31
30
27
26
24
27
23
22
23
22
20
20
15
18
13
12
15
15
12
9
10
8
7
4
7
7
1
