1378
1379
1374
1376
1375
1371
1373
1369
1372
1367
1366
1369
1364
1364
1365
1365
1359
1362
1360
1360
1359
1357
1355
1352
1355
1350
1349
1351
1351
1346
1349
1347
1348
1344
1344
1341
1343
1340
1337
1340
1338
1338
1335
1336
1332
1334
1332
1328
1327
1328
1325
1324
1323
1322
1326
1325
1324
1322
1318
1321
1318
1314
1315
1313
1316
1310
1311
1312
1312
1308
1308
1307
1307
1305
1301
1302
1304
1300
1300
1298
1300
1297
1297
1295
1295
1291
1290
1293
1287
1288
1289
1284
1285
1282
1283
1280
1284
1282
1277
1279
1277
1278
1273
1276
1275
1270
1273
1271
1270
1269
1268
1267
1268
1266
1261
1260
1261
1261
1259
1257
1257
1256
1254
1254
1254
1250
1251
1249
1248
1246
1245
1245
1245
1247
1244
1244
1241
1239
1242
1239
1236
1239
1237
1233
1232
1234
1231
1228
1230
1231
1230
1226
1224
1226
1222
1220
1223
1219
1219
1219
1219
1216
1215
1214
1211
1212
1211
1210
1208
1209
1205
1206
1203
1207
1203
1205
1200
1201
1198
1196
1197
1198
1198
1197
1193
1190
1193
1189
1187
1186
1186
1186
1184
1182
1185
1185
1179
1182
1178
1180
1175
1176
1173
1173
1173
1174
1169
1168
1172
1167
1170
1168
1166
1165
1161
1162
1160
1161
1162
1157
1160
1158
1154
1157
1153
1155
1149
1148
1148
1148
1149
1146
1143
1143
1144
1142
1140
1143
1138
1141
1135
1137
1135
1137
1136
1135
1134
1131
1131
1126
1125
1129
1124
1122
1121
1120
1119
1122
1122
1121
1115
1114
1116
1112
1114
1112
1112
1111
1111
1106
1108
1106
1108
1106
1105
1100
1103
1100
1101
1100
1098
1098
1095
1093
1094
1093
1089
1090
1092
1090
1089
1084
1087
1086
1081
1084
1083
1079
1079
1078
1076
1074
1077
1074
1073
1070
1072
1071
1070
1070
1069
1065
1067
1062
1066
1060
1060
1059
1060
1056
1055
1059
1054
1056
1054
1054
1054
1050
1052
1049
1047
1048
1043
1042
1045
1041
1044
1043
1038
1036
1038
1036
1033
1035
1034
1032
1034
1030
1028
1030
1026
1026
1026
1024
1024
1024
1021
1020
1017
1019
1018
1015
1016
1012
1014
1011
1012
1010
1007
1007
1010
1008
1006
1005
1004
1001
1001
999
998
998
997
995
998
992
995
990
992
992
992
989
987
987
988
984
985
984
980
980
982
976
979
979
973
976
971
974
971
973
971
970
967
966
967
967
966
965
964
962
960
961
957
958
954
956
954
950
951
951
950
950
947
948
943
946
941
941
943
939
942
939
937
935
934
937
935
931
931
932
928
930
929
929
926
922
923
921
924
921
917
916
916
917
914
917
913
913
911
913
909
906
905
905
908
907
903
904
899
903
900
896
898
897
896
892
892
890
892
892
889
891
888
888
887
883
881
882
879
883
880
878
879
878
874
877
871
871
874
872
869
870
868
869
868
862
861
864
861
862
858
857
860
856
858
855
852
850
852
851
848
849
848
847
845
846
843
843
841
838
840
838
836
839
838
837
833
832
829
833
829
826
828
827
825
824
824
822
822
820
818
818
820
817
817
812
813
815
809
810
811
809
807
808
808
805
803
801
799
800
801
797
798
796
797
796
793
793
793
790
792
786
786
786
785
787
785
784
784
783
782
777
775
777
778
774
774
771
772
768
768
766
767
768
765
766
761
763
759
759
761
761
755
754
757
757
756
754
749
750
750
747
748
747
745
747
743
744
744
739
740
741
735
738
738
735
731
731
729
733
727
730
728
729
725
722
726
723
722
723
720
718
717
714
716
717
715
710
712
713
709
708
705
709
705
704
702
700
702
701
697
699
695
698
695
695
695
690
689
689
689
688
687
684
685
686
686
682
681
682
681
676
680
675
678
675
675
672
669
671
671
669
666
667
665
667
666
665
664
661
660
656
657
654
655
652
654
652
651
650
649
649
650
646
647
644
644
645
640
638
638
636
640
637
635
635
631
634
629
629
629
626
630
629
624
627
625
621
621
618
621
618
618
619
615
615
611
614
613
611
608
611
606
604
603
606
605
600
600
598
602
596
598
594
593
595
596
594
591
588
587
587
587
588
585
582
582
583
583
581
577
581
575
577
573
573
574
571
569
569
567
571
568
567
565
564
562
563
561
563
557
560
560
559
553
556
552
555
550
552
549
549
546
545
543
544
542
541
542
538
542
536
536
535
537
534
533
530
530
530
528
530
527
529
525
525
523
525
522
518
519
521
515
515
518
512
516
513
509
509
507
511
508
507
503
503
504
505
504
500
501
501
498
496
496
493
494
492
489
488
487
490
490
486
488
484
486
482
480
483
478
481
476
476
476
477
475
474
472
473
472
467
469
464
463
467
466
465
464
458
461
461
456
458
457
454
452
450
454
450
450
451
448
448
445
442
443
445
440
439
439
436
436
436
433
433
436
435
432
432
430
427
425
426
427
427
424
424
421
418
417
420
418
416
416
412
416
415
414
411
407
409
410
407
407
406
403
403
404
401
401
399
399
396
397
393
395
394
391
390
390
391
387
387
383
386
382
381
384
379
382
378
377
376
377
373
376
374
373
373
372
371
367
365
365
364
363
364
359
359
357
356
356
358
354
353
355
353
350
350
352
348
347
345
348
345
345
344
339
338
339
339
340
337
336
333
335
333
334
328
328
328
325
329
327
323
322
323
319
319
317
317
318
316
314
315
311
315
311
311
308
310
310
309
307
307
304
303
301
301
298
299
300
294
294
294
291
292
294
293
292
287
285
287
287
283
281
284
283
283
279
278
279
277
277
275
272
275
272
269
268
266
270
265
268
265
263
263
264
263
258
258
260
256
256
252
256
255
252
253
247
250
250
247
244
243
242
243
242
242
238
238
240
235
238
234
235
234
233
232
230
226
225
228
227
225
224
222
224
219
220
217
220
215
216
216
213
214
210
209
212
207
206
206
204
206
201
204
201
202
199
199
199
195
198
196
195
194
192
193
188
187
190
187
185
185
182
184
180
180
182
180
175
176
175
175
171
175
169
173
167
168
168
164
168
163
166
164
163
160
157
157
160
155
154
155
153
153
151
152
147
151
147
144
144
146
146
141
144
141
138
140
136
138
135
135
131
133
133
130
127
126
127
124
127
123
126
124
122
120
119
119
115
114
115
115
114
114
114
112
108
107
105
104
108
106
105
100
101
100
101
101
99
97
98
94
96
90
94
90
88
90
85
87
87
82
83
82
82
82
78
79
80
79
73
74
74
70
72
68
69
69
67
69
68
65
65
65
64
62
60
58
58
57
55
53
53
50
50
52
50
47
46
46
47
46
41
45
44
39
41
37
36
39
38
36
35
35
32
28
32
27
25
26
24
25
22
22
24
23
22
18
17
15
18
14
13
10
9
13
8
11
7
9
5
7
6
