1377
1375
1378
1375
1372
1373
1371
1368
1372
1370
1370
1368
1366
1367
1364
1365
1360
1359
1362
1357
1356
1354
1358
1353
1351
1353
1351
1351
1350
1351
1349
1346
1345
1345
1343
1343
1342
1338
1338
1337
1340
1337
1337
1333
1331
1330
1330
1332
1327
1326
1326
1324
1325
1323
1323
1320
1319
1320
1320
1317
1315
1315
1318
1317
1311
1314
1313
1310
1312
1311
1308
1306
1305
1303
1304
1300
1299
1302
1302
1297
1295
1299
1293
1296
1291
1295
1289
1289
1292
1290
1286
1286
1284
1283
1286
1284
1283
1281
1280
1280
1275
1275
1273
1277
1271
1274
1269
1273
1270
1270
1266
1266
1268
1262
1264
1261
1263
1261
1257
1261
1257
1256
1257
1254
1252
1251
1253
1253
1248
1251
1246
1245
1243
1245
1242
1241
1242
1239
1240
1237
1238
1239
1237
1234
1234
1231
1230
1231
1230
1231
1227
1224
1225
1222
1222
1225
1223
1223
1220
1217
1217
1214
1218
1212
1216
1213
1209
1208
1207
1211
1205
1208
1204
1203
1205
1201
1200
1198
1201
1201
1196
1195
1197
1196
1196
1193
1189
1190
1189
1190
1188
1188
1188
1185
1185
1185
1179
1183
1178
1179
1179
1179
1174
1176
1173
1172
1174
1173
1170
1169
1166
1166
1164
1162
1161
1161
1164
1160
1158
1161
1160
1157
1158
1152
1156
1154
1154
1152
1149
1149
1146
1148
1145
1142
1145
1145
1143
1141
1141
1138
1136
1139
1133
1136
1136
1132
1130
1131
1128
1128
1126
1127
1123
1124
1125
1124
1121
1122
1118
1119
1116
1115
1114
1116
1115
1114
1112
1109
1111
1109
1109
1107
1107
1103
1103
1101
1100
1100
1099
1101
1095
1097
1097
1094
1093
1091
1092
1088
1091
1091
1090
1086
1086
1084
1083
1085
1083
1080
1081
1081
1075
1075
1073
1075
1072
1072
1073
1068
1068
1071
1065
1068
1067
1062
1066
1062
1059
1061
1061
1061
1055
1057
1053
1054
1055
1055
1052
1051
1052
1051
1050
1046
1043
1046
1044
1040
1041
1042
1042
1038
1035
1038
1038
1034
1036
1035
1031
1032
1032
1030
1030
1024
1026
1025
1021
1024
1019
1021
1017
1021
1020
1014
1017
1015
1012
1014
1013
1009
1008
1009
1005
1006
1007
1006
1002
1002
1003
998
998
1000
996
999
996
994
992
993
994
992
990
986
986
989
985
985
982
980
981
979
981
981
976
979
973
976
975
973
971
969
967
967
966
969
967
965
962
960
963
959
961
956
959
956
953
953
954
952
953
950
950
947
950
946
945
947
946
941
942
943
937
938
940
936
936
932
934
933
930
932
927
928
927
925
924
927
924
924
924
923
922
918
916
915
914
912
916
912
912
911
911
908
907
908
908
903
903
905
904
899
898
896
900
898
895
895
891
892
894
893
890
891
885
888
887
882
881
881
884
881
878
878
877
875
877
877
875
872
874
868
871
869
868
865
865
867
865
864
863
860
862
860
860
855
853
852
855
851
851
849
847
847
845
847
847
847
844
844
843
842
841
841
839
836
835
835
835
832
830
828
829
827
827
829
824
822
826
825
824
818
817
820
815
815
813
812
811
810
812
810
812
806
808
809
807
806
804
802
800
800
801
800
798
797
793
795
793
794
790
793
791
790
790
785
788
787
786
782
784
778
781
776
780
779
776
774
772
775
772
769
768
767
765
767
768
765
762
762
760
759
759
758
759
757
756
754
756
752
751
748
748
748
746
749
747
747
744
743
743
743
738
736
737
737
738
732
736
732
730
732
727
728
726
726
724
724
724
725
720
721
721
721
715
715
715
712
712
714
712
709
709
707
706
705
706
703
704
703
700
700
697
697
697
694
693
692
692
695
691
690
688
689
688
686
686
687
684
685
679
679
679
680
675
677
678
673
671
672
671
668
668
668
665
668
667
664
666
661
664
662
660
660
659
657
656
653
655
655
651
648
652
650
649
645
643
643
643
641
643
639
642
641
635
638
637
633
636
632
632
633
627
630
625
629
625
626
626
620
621
620
619
619
620
616
614
616
611
615
614
609
610
610
607
605
608
604
603
601
604
603
597
597
598
597
594
596
592
590
590
591
592
587
587
585
587
584
586
583
582
579
581
579
576
576
574
577
575
571
574
569
570
569
567
567
566
562
566
561
564
560
559
561
559
554
553
557
553
554
553
552
551
548
548
547
548
544
546
540
541
543
542
541
537
539
533
532
534
531
530
529
527
530
530
526
523
527
525
522
521
518
518
518
516
519
515
515
515
511
509
512
511
506
505
505
506
505
505
505
499
502
498
496
499
497
498
495
491
494
491
488
492
486
486
487
484
484
486
483
484
481
480
476
477
475
476
475
471
470
472
471
472
469
466
469
463
466
465
464
460
459
460
458
456
456
458
453
454
450
452
451
448
449
446
448
447
446
443
440
441
442
440
441
435
439
433
436
435
430
432
433
431
430
427
428
423
422
424
424
421
418
421
416
419
415
418
412
413
413
414
411
408
410
406
408
403
407
404
403
403
399
402
397
399
394
395
394
391
393
392
390
389
391
389
384
388
384
384
380
379
379
380
380
378
374
376
373
374
371
369
371
370
367
370
368
368
367
365
364
363
359
358
357
356
355
355
355
352
352
350
350
350
348
348
347
347
342
341
340
343
341
342
339
340
335
337
332
335
332
332
330
329
326
325
328
328
323
324
323
321
323
317
316
316
316
313
317
316
311
313
308
310
307
306
309
307
303
304
303
300
300
297
300
300
295
298
294
296
294
293
290
292
289
288
286
285
287
283
280
284
283
279
278
278
278
278
272
272
271
272
269
267
271
265
264
268
266
264
264
259
260
262
256
260
258
254
257
253
253
253
252
251
251
245
245
247
243
244
241
240
241
241
239
239
236
236
232
236
233
234
232
229
229
230
227
224
225
221
224
219
223
222
217
218
219
217
213
215
213
211
211
211
210
208
207
208
204
202
203
201
199
199
201
196
195
198
194
195
190
190
191
192
189
186
186
185
184
183
180
182
178
181
180
176
177
173
176
172
173
172
168
172
167
168
165
164
162
165
161
164
161
162
156
156
158
156
152
152
150
154
148
150
147
149
148
144
142
145
140
141
138
142
136
136
138
133
133
135
131
131
130
131
130
129
125
126
124
126
124
120
122
121
121
115
117
118
114
113
110
114
110
109
110
109
109
105
102
105
103
99
101
99
101
100
98
94
96
94
93
92
92
88
90
90
86
85
85
86
84
81
78
81
79
80
76
75
77
73
70
74
69
68
67
70
66
65
66
61
62
62
63
59
58
60
59
57
55
53
51
50
53
50
51
48
47
43
47
45
44
43
40
42
38
40
39
35
32
31
31
30
29
28
28
29
25
23
23
23
24
20
18
19
18
17
15
13
14
11
10
10
13
8
8
7
7
8
6
5
