1380
1379
1377
1373
1371
1375
1370
1368
1367
1366
1367
1368
1365
1365
1364
1360
1360
1361
1360
1359
1356
1355
1356
1356
1351
1354
1353
1350
1348
1349
1346
1347
1346
1344
1342
1341
1341
1338
1337
1336
1335
1336
1334
1336
1334
1330
1330
1331
1331
1328
1325
1328
1327
1325
1325
1321
1321
1320
1322
1317
1317
1314
1314
1313
1314
1311
1314
1312
1310
1311
1306
1305
1304
1304
1302
1305
1303
1303
1302
1296
1299
1297
1294
1295
1291
1290
1293
1291
1290
1287
1286
1286
1284
1285
1284
1283
1281
1280
1281
1280
1278
1279
1278
1275
1272
1273
1274
1273
1267
1269
1270
1265
1266
1267
1265
1265
1264
1259
1261
1257
1258
1257
1258
1257
1256
1251
1253
1249
1248
1246
1245
1244
1244
1244
1244
1245
1242
1241
1242
1240
1240
1236
1237
1235
1232
1230
1229
1233
1227
1229
1229
1227
1228
1225
1224
1225
1223
1218
1221
1218
1217
1217
1217
1212
1216
1211
1212
1208
1208
1207
1207
1207
1205
1207
1201
1202
1204
1201
1200
1197
1195
1197
1198
1194
1192
1195
1189
1193
1191
1188
1189
1188
1186
1185
1182
1180
1180
1179
1180
1178
1178
1177
1177
1177
1174
1175
1170
1172
1172
1169
1169
1166
1166
1165
1166
1164
1160
1159
1159
1161
1155
1159
1155
1154
1153
1155
1153
1152
1151
1147
1145
1149
1144
1142
1146
1140
1143
1141
1141
1136
1135
1138
1134
1136
1132
1130
1134
1130
1132
1131
1130
1124
1128
1122
1125
1125
1124
1122
1119
1118
1118
1114
1116
1117
1115
1110
1113
1111
1107
1109
1109
1107
1103
1107
1103
1104
1102
1098
1102
1099
1100
1099
1093
1092
1096
1093
1091
1089
1091
1088
1089
1086
1087
1083
1085
1082
1079
1083
1079
1078
1077
1079
1073
1076
1071
1074
1074
1070
1068
1070
1068
1068
1067
1064
1064
1063
1063
1063
1060
1056
1059
1054
1057
1052
1054
1052
1049
1050
1049
1050
1049
1044
1047
1044
1046
1042
1039
1041
1041
1036
1038
1039
1037
1037
1031
1031
1029
1028
1028
1031
1025
1026
1027
1025
1026
1020
1023
1022
1021
1018
1015
1016
1013
1012
1014
1011
1014
1011
1008
1009
1007
1006
1008
1002
1003
1001
1002
1001
998
1000
996
998
993
995
994
992
989
988
991
987
986
985
983
987
981
982
984
980
979
977
979
979
973
976
976
971
969
970
970
970
969
966
967
964
962
965
960
960
958
961
960
955
958
953
953
954
954
949
948
947
950
948
943
944
941
944
939
940
940
939
938
938
934
935
931
933
930
933
931
929
925
926
926
927
925
925
922
919
917
921
918
915
913
914
916
911
913
912
910
911
907
904
905
902
904
901
899
899
901
901
898
897
898
895
894
891
890
888
887
890
885
889
888
886
881
885
882
878
882
879
876
879
877
874
873
875
872
868
869
869
867
869
868
864
862
865
861
859
859
858
857
856
858
853
851
855
852
851
851
851
849
846
847
843
842
842
839
839
837
839
836
838
835
833
833
835
833
832
832
826
830
827
828
823
823
820
819
820
818
817
816
816
816
814
812
812
812
813
811
809
810
808
807
805
801
801
803
802
797
798
799
799
794
797
791
795
791
790
791
789
788
786
785
786
781
781
779
778
780
781
780
779
773
773
772
773
769
768
769
770
767
766
765
763
765
764
762
762
758
760
759
758
756
756
756
754
749
751
752
751
750
744
743
744
746
742
742
739
737
738
735
737
737
734
731
734
732
728
727
731
729
725
723
726
721
720
720
719
721
716
716
715
714
715
712
713
712
709
710
710
708
708
708
707
706
700
701
698
700
699
699
694
694
692
694
691
692
693
691
688
688
687
686
683
682
684
681
680
682
679
678
675
673
674
673
670
671
669
667
668
666
665
667
664
663
665
662
662
662
656
660
658
656
655
652
650
649
649
651
649
647
645
643
643
645
640
640
642
642
636
636
634
633
636
635
634
634
628
631
629
629
626
626
626
623
621
624
623
621
616
618
616
614
612
613
615
613
609
610
611
609
609
607
602
604
601
600
600
599
600
595
596
595
594
596
593
593
593
592
591
588
585
585
587
585
582
579
581
582
579
577
577
576
573
571
574
569
571
569
570
567
567
567
566
561
562
561
560
558
561
559
557
553
555
551
553
551
553
551
547
547
544
548
544
543
544
541
538
539
538
535
537
536
537
535
535
531
529
528
531
525
528
525
527
522
521
519
519
517
519
518
518
515
514
512
511
513
511
508
510
510
509
505
505
504
504
503
501
499
501
499
498
498
492
493
492
494
491
487
488
488
489
488
484
486
485
480
479
480
480
479
475
476
474
474
472
471
471
467
469
469
468
465
466
465
463
464
458
457
461
460
454
456
457
455
451
452
449
447
450
445
445
447
447
441
445
443
442
437
440
437
439
436
435
436
430
432
428
431
431
425
425
423
427
426
425
421
421
418
418
420
416
417
417
412
411
410
412
411
410
408
404
404
402
404
405
402
400
398
399
396
394
397
393
393
390
390
389
390
387
389
389
384
387
385
382
382
380
380
380
379
378
376
374
376
375
369
373
372
366
367
369
363
365
364
361
360
360
359
361
359
357
354
356
353
353
353
348
350
351
348
347
347
347
346
344
342
341
341
338
335
334
338
337
331
330
334
333
329
328
325
328
325
327
322
320
320
320
319
320
319
319
314
317
311
310
311
313
309
311
308
307
303
303
306
303
304
298
297
298
295
298
297
297
293
290
293
291
288
290
287
287
283
284
286
284
282
280
282
277
277
277
273
274
276
272
271
270
269
268
265
266
264
264
264
261
262
258
261
261
256
254
258
257
256
255
252
253
251
249
248
247
247
245
242
241
241
238
237
241
240
237
234
232
233
230
234
233
230
227
228
229
223
225
222
220
223
221
218
218
215
219
215
217
211
211
212
213
207
211
210
208
207
205
202
204
203
201
200
196
196
197
195
194
194
193
192
193
187
190
186
185
184
184
183
184
183
182
182
177
178
175
174
176
173
174
171
168
171
169
170
169
168
167
162
163
160
162
161
160
160
154
154
155
156
154
152
149
150
150
149
149
146
142
141
144
141
141
141
140
135
139
137
137
133
133
133
131
127
127
130
128
126
126
124
120
122
118
120
121
119
119
117
113
115
114
111
111
107
107
105
108
104
102
102
105
99
100
102
97
99
96
94
92
94
93
92
90
88
87
87
88
86
85
82
81
84
81
80
80
75
78
75
76
72
75
73
71
67
70
69
69
65
65
65
63
62
62
60
60
60
57
54
55
56
51
54
49
49
49
47
48
43
46
41
41
42
39
38
41
40
34
36
35
33
33
32
29
29
28
27
25
24
25
22
24
24
20
18
16
18
14
18
13
13
11
14
9
9
10
10
6
8
7
2
