1377
1379
1374
1375
1373
1371
1370
1371
1367
1368
1368
1367
1368
1362
1366
1364
1360
1363
1362
1360
1356
1359
1358
1353
1355
1354
1353
1352
1349
1346
1347
1348
1348
1345
1346
1340
1342
1339
1339
1339
1338
1339
1335
1334
1333
1331
1330
1332
1330
1327
1327
1329
1324
1324
1325
1320
1324
1321
1318
1316
1317
1316
1318
1314
1316
1311
1314
1310
1308
1308
1308
1306
1306
1304
1301
1302
1300
1299
1297
1297
1299
1294
1294
1295
1293
1294
1291
1288
1290
1286
1287
1284
1287
1282
1286
1284
1279
1279
1278
1279
1280
1278
1275
1275
1271
1270
1272
1272
1267
1269
1269
1264
1267
1266
1264
1261
1261
1259
1261
1258
1257
1255
1257
1252
1256
1253
1252
1250
1249
1250
1247
1248
1245
1245
1241
1242
1243
1238
1241
1241
1236
1236
1233
1232
1234
1232
1234
1228
1228
1229
1225
1227
1228
1223
1224
1225
1222
1218
1217
1220
1215
1217
1213
1213
1215
1210
1214
1213
1211
1210
1207
1204
1207
1202
1202
1201
1203
1201
1201
1199
1195
1197
1198
1196
1191
1194
1193
1192
1189
1187
1188
1184
1183
1186
1185
1182
1179
1183
1177
1177
1177
1177
1177
1177
1174
1172
1173
1173
1167
1170
1170
1168
1165
1162
1162
1161
1163
1163
1158
1156
1158
1159
1155
1152
1156
1155
1152
1153
1151
1151
1146
1149
1148
1144
1145
1144
1143
1138
1139
1141
1135
1135
1136
1137
1134
1134
1130
1131
1129
1127
1126
1127
1128
1125
1122
1120
1123
1120
1119
1118
1116
1116
1117
1117
1111
1110
1109
1113
1109
1110
1108
1107
1108
1106
1104
1105
1099
1101
1102
1098
1095
1096
1098
1095
1095
1090
1090
1088
1091
1089
1087
1086
1086
1087
1081
1082
1080
1078
1079
1076
1079
1079
1073
1075
1075
1072
1069
1071
1070
1069
1069
1066
1065
1066
1061
1064
1063
1062
1057
1058
1055
1056
1055
1053
1054
1054
1049
1050
1047
1046
1046
1049
1045
1043
1043
1043
1044
1043
1042
1037
1036
1037
1037
1037
1031
1030
1033
1029
1030
1027
1025
1027
1026
1027
1021
1025
1021
1023
1022
1019
1015
1019
1013
1016
1011
1011
1013
1012
1012
1007
1005
1005
1003
1005
1002
1003
1004
998
1001
997
995
995
995
997
992
995
994
991
988
989
986
986
983
982
983
983
980
982
979
980
976
977
974
972
972
973
974
970
970
968
967
964
968
965
966
963
962
960
958
959
959
958
957
954
955
951
949
948
947
949
947
948
948
947
945
945
942
943
937
941
939
939
934
935
936
934
933
929
931
931
927
925
927
923
923
924
919
919
921
920
920
914
915
912
914
913
910
913
909
906
905
904
906
902
904
905
903
898
897
901
896
899
894
896
892
895
893
892
892
891
885
886
886
887
883
880
882
878
877
878
876
874
875
875
871
873
873
872
870
866
867
867
866
863
863
863
864
863
857
857
855
854
856
857
853
851
850
851
849
849
845
849
846
845
843
842
843
842
837
839
837
836
837
833
835
835
834
828
832
829
828
827
823
825
826
824
823
823
817
821
816
815
817
812
816
812
813
813
810
810
806
805
806
807
803
802
799
803
797
798
798
794
794
795
792
791
794
790
787
789
786
789
784
784
782
781
779
782
778
779
778
777
776
774
772
773
773
773
770
768
769
768
766
766
765
765
763
762
759
758
755
754
758
757
754
751
752
752
751
746
750
746
746
742
742
745
744
740
738
741
738
735
733
733
731
731
732
732
730
727
725
728
726
725
724
721
724
720
717
716
716
718
714
713
711
710
710
713
709
710
706
705
703
702
706
704
701
701
700
700
697
694
695
697
693
695
694
693
688
686
689
687
688
683
681
684
681
678
682
681
676
679
673
673
676
670
669
669
668
671
667
664
664
664
662
660
661
659
658
659
658
659
653
654
652
655
649
649
649
646
647
647
643
647
646
645
643
642
640
636
636
635
634
635
632
633
630
628
627
626
625
628
623
623
621
625
622
618
618
620
616
618
613
617
611
614
612
610
610
606
605
608
604
606
602
602
600
601
598
597
598
597
595
596
591
592
593
591
589
586
590
587
586
586
585
581
584
579
577
576
579
574
575
575
574
572
574
569
568
571
569
566
567
565
564
564
562
561
558
561
559
555
555
556
551
551
552
550
548
549
550
545
543
545
544
540
544
542
540
536
540
535
533
532
534
531
531
531
527
528
528
527
527
527
522
521
524
523
521
521
520
519
513
512
516
515
510
512
512
511
507
509
505
504
506
500
502
500
500
500
496
495
498
492
495
492
491
491
491
486
489
489
484
487
483
485
479
478
478
476
476
476
473
477
473
470
469
472
470
470
467
469
463
466
464
461
462
460
462
459
455
456
455
452
451
450
454
452
447
446
447
447
444
443
441
440
441
443
439
437
440
438
438
433
433
431
430
430
428
428
430
429
428
422
421
423
423
423
422
419
416
415
417
416
415
413
413
413
411
410
405
409
404
405
404
400
400
401
402
398
396
399
398
394
393
390
390
388
390
387
386
388
387
386
382
380
379
378
378
381
380
374
378
373
376
375
373
372
367
369
369
364
366
366
361
364
360
360
361
357
359
356
356
354
356
350
349
352
351
351
345
349
348
345
346
340
343
340
340
340
339
338
336
336
331
332
334
332
332
329
328
328
326
327
322
320
323
320
320
316
315
319
318
317
315
311
314
308
311
311
307
308
306
303
302
302
300
299
298
300
296
297
296
296
291
291
290
292
288
290
288
286
285
287
283
282
281
280
278
278
277
276
276
277
271
270
269
268
271
270
270
264
264
266
262
260
262
262
258
258
259
255
256
254
256
250
250
253
248
249
247
245
244
246
243
243
239
240
241
239
238
236
237
236
235
231
231
232
228
229
227
229
224
226
221
224
223
223
218
216
216
218
214
212
212
215
210
210
207
209
206
209
205
205
201
203
204
199
200
201
199
197
196
195
193
194
192
189
191
187
187
186
186
187
183
181
184
183
179
181
178
176
174
177
171
175
173
169
169
170
167
165
167
164
165
165
160
163
158
159
155
157
155
153
152
152
154
151
149
149
147
145
147
147
144
145
142
138
137
140
136
139
138
132
132
130
132
133
130
130
130
127
127
126
122
120
119
122
120
117
120
115
113
114
115
115
113
109
112
109
105
108
103
102
101
101
100
99
97
96
96
95
98
92
91
90
90
88
89
88
90
89
86
86
82
83
80
79
78
81
80
79
73
72
74
74
70
68
72
67
66
69
68
65
61
61
63
58
60
61
60
58
54
53
53
50
49
50
48
51
46
46
44
45
42
44
43
43
38
37
35
34
35
34
31
31
32
29
31
29
30
29
24
25
22
24
22
22
17
19
18
17
17
14
14
10
13
8
11
10
8
6
5
2
2
