1378
1379
1375
1374
1375
1374
1374
1370
1368
1366
1367
1367
1364
1363
1364
1365
1360
1358
1357
1361
1355
1359
1354
1352
1353
1351
1351
1351
1347
1346
1350
1348
1345
1345
1341
1344
1342
1340
1337
1336
1339
1334
1335
1332
1335
1332
1333
1330
1327
1328
1328
1324
1328
1327
1322
1325
1324
1318
1321
1316
1316
1315
1317
1316
1311
1312
1309
1310
1309
1310
1309
1304
1305
1305
1303
1300
1301
1302
1302
1299
1300
1296
1298
1294
1295
1294
1292
1293
1288
1289
1286
1289
1283
1284
1285
1281
1282
1283
1282
1280
1276
1279
1274
1272
1272
1270
1272
1272
1269
1269
1269
1268
1268
1266
1265
1261
1264
1258
1261
1260
1255
1258
1257
1252
1253
1252
1253
1248
1250
1250
1247
1247
1248
1243
1242
1244
1241
1241
1239
1241
1235
1235
1238
1237
1233
1234
1231
1232
1231
1227
1225
1227
1227
1225
1226
1220
1223
1222
1217
1218
1220
1214
1218
1217
1211
1213
1211
1213
1210
1209
1205
1205
1208
1207
1201
1200
1204
1201
1202
1200
1197
1197
1197
1197
1193
1190
1192
1190
1187
1188
1189
1189
1186
1183
1182
1183
1184
1181
1179
1177
1178
1176
1175
1172
1174
1175
1170
1171
1168
1169
1167
1167
1163
1164
1163
1161
1159
1158
1161
1157
1155
1156
1153
1152
1156
1155
1151
1151
1151
1146
1149
1146
1148
1143
1142
1142
1142
1139
1137
1137
1139
1135
1134
1133
1135
1133
1134
1130
1127
1128
1128
1129
1128
1127
1124
1122
1124
1120
1121
1118
1116
1114
1115
1112
1115
1114
1113
1111
1107
1107
1107
1109
1106
1102
1105
1103
1101
1101
1101
1098
1098
1096
1093
1097
1091
1090
1092
1088
1092
1087
1086
1085
1088
1086
1084
1085
1084
1080
1081
1076
1077
1076
1078
1076
1071
1072
1073
1073
1070
1070
1070
1068
1066
1067
1062
1063
1061
1061
1057
1058
1059
1056
1057
1056
1052
1052
1049
1048
1049
1050
1045
1047
1047
1043
1045
1044
1039
1043
1041
1041
1040
1034
1034
1034
1031
1031
1030
1031
1028
1031
1025
1029
1026
1025
1021
1022
1024
1023
1018
1016
1017
1019
1014
1016
1016
1015
1014
1013
1009
1007
1005
1004
1007
1006
1003
1003
1001
1000
1002
1001
997
997
998
997
995
995
994
988
990
990
990
986
983
985
986
982
979
980
980
979
977
977
973
973
974
975
969
970
972
967
967
968
963
962
963
964
963
958
962
959
959
956
956
953
952
954
949
951
947
949
947
947
947
947
945
940
941
938
942
939
937
939
935
935
932
932
929
930
928
929
928
924
926
925
923
924
924
921
922
917
915
918
918
912
914
914
912
909
909
908
909
907
904
904
905
902
904
898
897
897
896
898
896
896
891
890
894
891
890
891
890
884
883
882
881
881
881
881
879
878
876
875
878
877
873
872
874
869
870
867
870
869
865
864
862
864
864
858
861
858
859
856
856
856
852
850
849
849
851
851
847
844
848
843
846
844
841
842
838
836
839
838
833
832
831
830
834
829
832
826
825
826
827
827
821
825
823
821
817
820
819
819
816
816
815
812
813
808
811
807
806
804
803
802
801
802
804
799
802
799
795
795
798
795
791
794
794
789
787
790
786
787
785
786
781
781
781
778
781
781
780
776
778
773
776
770
769
773
767
766
769
766
763
764
766
760
759
761
762
757
755
757
753
754
751
752
750
753
747
748
745
748
746
746
742
740
739
739
739
740
739
738
737
733
733
734
730
730
729
731
730
725
725
726
724
725
721
723
717
717
716
714
713
712
712
715
710
712
709
710
706
707
706
705
704
700
700
703
701
697
699
696
693
694
692
691
694
688
688
688
685
685
685
686
686
681
679
683
679
679
677
674
673
673
674
673
673
673
672
670
670
668
667
663
664
660
661
661
659
656
655
655
654
655
654
653
653
652
650
651
648
647
644
645
644
645
643
642
638
641
635
635
635
633
634
634
631
631
632
628
626
624
627
625
626
624
623
623
622
618
619
616
613
615
614
613
611
611
608
611
607
608
607
602
602
605
601
603
598
597
597
599
598
592
596
591
593
589
588
590
589
586
585
582
585
585
580
583
577
580
576
575
577
572
571
571
571
569
567
566
569
565
564
563
561
562
562
561
561
559
556
558
553
557
552
550
553
550
547
547
546
547
545
544
541
542
544
539
538
539
536
534
533
532
531
535
534
530
532
530
527
527
524
526
521
525
524
523
519
516
519
518
518
513
512
515
511
513
507
509
510
506
506
505
504
503
501
499
502
497
499
494
496
496
496
490
493
488
487
488
489
485
483
486
483
481
481
481
482
480
477
475
477
472
471
470
472
471
468
471
465
467
468
464
465
463
463
462
457
461
459
459
454
457
451
453
449
452
449
446
447
447
444
444
446
445
442
441
439
439
436
437
434
436
433
430
430
429
428
426
430
428
426
423
422
420
421
423
418
418
417
414
413
416
411
410
411
409
408
410
405
407
408
402
402
403
400
400
401
398
398
398
398
397
395
391
390
389
392
391
390
385
388
387
384
384
383
378
380
378
378
379
373
377
374
374
373
368
369
367
367
369
365
367
362
360
364
359
358
359
359
357
355
352
356
353
353
348
349
348
350
345
345
344
342
340
341
342
339
337
339
339
337
335
332
335
329
332
327
326
328
329
327
327
322
320
321
318
322
316
318
317
318
317
312
315
312
313
311
309
306
305
305
306
305
304
302
298
297
296
299
294
294
293
293
294
293
292
290
289
287
286
283
282
283
285
281
280
280
281
278
275
276
274
271
274
269
268
271
269
270
269
266
265
261
260
260
261
262
261
256
257
256
257
251
254
250
251
252
249
247
248
248
247
243
241
242
243
241
237
240
238
237
237
231
230
229
230
228
228
225
228
224
226
221
220
224
221
221
221
218
217
214
214
216
213
213
209
210
210
208
206
204
203
205
205
203
198
200
199
196
199
198
193
191
193
189
193
188
187
186
189
183
186
182
180
179
179
179
179
180
177
175
174
175
170
169
168
170
171
166
166
165
167
162
163
159
159
157
158
158
154
155
156
154
150
151
153
148
147
150
144
147
146
146
144
144
138
142
141
139
134
136
133
131
130
130
131
132
126
128
126
128
122
123
123
120
118
122
121
118
116
117
115
111
114
113
111
112
108
109
105
107
105
106
105
99
102
97
96
100
95
95
92
92
90
91
92
87
91
88
84
83
84
85
80
79
78
80
79
79
76
76
75
71
70
71
70
67
70
68
66
66
62
62
63
60
62
58
60
58
56
55
54
55
52
50
53
51
46
47
49
47
43
41
43
40
42
42
41
36
38
36
37
31
34
29
28
27
31
26
27
25
24
24
23
22
19
18
20
18
14
17
16
14
12
10
10
9
8
7
7
3
2
4
