1376
1375
1376
1373
1372
1375
1372
1373
1369
1370
1367
1364
1366
1362
1366
1363
1363
1362
1359
1358
1357
1359
1356
1356
1353
1351
1351
1348
1348
1347
1346
1345
1348
1343
1341
1342
1342
1341
1340
1340
1337
1338
1333
1333
1336
1330
1329
1328
1332
1331
1329
1324
1325
1323
1322
1321
1320
1320
1321
1319
1318
1319
1316
1313
1315
1310
1312
1313
1311
1307
1309
1304
1303
1305
1302
1303
1299
1298
1299
1300
1296
1298
1295
1296
1294
1293
1290
1289
1292
1291
1285
1284
1285
1283
1283
1280
1281
1282
1279
1280
1278
1275
1273
1274
1274
1273
1270
1269
1270
1268
1268
1267
1267
1265
1264
1262
1262
1261
1258
1257
1259
1259
1255
1256
1255
1255
1249
1251
1250
1251
1245
1247
1246
1245
1243
1244
1239
1240
1239
1236
1236
1239
1233
1235
1236
1231
1231
1233
1229
1231
1229
1228
1225
1226
1226
1224
1220
1220
1217
1221
1218
1217
1218
1216
1215
1215
1209
1208
1208
1211
1209
1208
1207
1207
1202
1203
1199
1199
1198
1197
1200
1194
1194
1194
1195
1192
1189
1188
1188
1187
1188
1188
1187
1185
1183
1184
1179
1180
1178
1177
1179
1177
1178
1175
1172
1173
1169
1172
1169
1168
1165
1164
1165
1167
1165
1160
1160
1161
1162
1161
1157
1157
1153
1153
1156
1153
1154
1151
1151
1150
1150
1144
1145
1143
1142
1143
1144
1140
1141
1138
1136
1137
1136
1132
1131
1130
1130
1131
1132
1127
1130
1128
1124
1125
1126
1125
1120
1118
1118
1117
1115
1117
1114
1112
1111
1115
1110
1108
1109
1111
1110
1107
1107
1107
1102
1101
1102
1098
1100
1098
1099
1094
1098
1097
1091
1090
1092
1089
1087
1086
1090
1085
1083
1087
1082
1082
1082
1080
1080
1079
1075
1076
1075
1074
1071
1074
1073
1072
1069
1070
1069
1069
1068
1062
1062
1062
1060
1062
1057
1061
1057
1057
1056
1052
1051
1055
1053
1048
1047
1047
1048
1047
1046
1042
1046
1042
1044
1041
1041
1040
1036
1039
1033
1032
1031
1035
1032
1028
1029
1027
1030
1025
1027
1022
1023
1020
1019
1022
1019
1017
1016
1014
1013
1016
1016
1015
1014
1010
1011
1007
1008
1009
1006
1005
1002
1000
1002
1000
1000
1000
998
994
997
995
995
990
992
993
991
991
985
989
983
987
983
980
980
980
977
981
977
977
977
975
974
975
973
968
970
967
965
967
967
963
961
963
960
961
958
958
956
954
956
952
955
950
949
949
949
948
945
947
943
945
945
941
940
941
942
938
940
937
937
935
933
935
934
931
930
928
928
927
928
927
923
921
921
923
919
919
920
918
913
916
913
912
910
912
910
906
906
904
903
905
905
903
899
901
897
897
900
896
898
895
894
892
894
889
887
889
889
889
886
883
886
882
879
883
881
879
878
875
876
877
876
871
870
873
869
870
868
865
867
867
864
862
863
862
862
858
858
859
854
857
855
851
853
853
851
849
849
848
843
847
843
844
843
838
841
838
837
834
836
836
831
831
833
829
832
831
829
827
825
827
823
821
823
821
817
817
815
818
816
815
814
811
811
812
808
808
807
809
807
805
805
804
803
798
801
798
795
799
795
795
792
795
792
789
790
788
787
787
786
787
782
783
782
781
781
779
778
779
775
777
772
772
769
768
771
770
767
769
765
764
766
761
761
758
759
758
757
758
754
756
755
755
754
749
749
748
747
749
746
745
743
745
740
742
737
741
738
736
733
737
734
733
729
728
732
731
725
724
727
723
725
721
720
722
720
716
715
715
714
717
713
715
710
710
707
710
707
708
704
705
701
705
701
700
701
698
696
695
696
697
691
690
692
691
688
690
688
689
684
682
686
681
679
681
677
677
676
679
674
672
673
673
674
669
670
668
667
668
667
666
665
661
661
658
657
658
655
659
654
655
656
653
653
649
650
650
650
648
645
646
643
644
644
638
640
638
636
638
637
633
631
630
629
632
631
627
628
628
628
626
621
623
622
619
619
621
615
614
616
615
615
611
612
613
612
606
607
609
603
607
605
600
602
600
602
597
598
597
594
597
595
593
591
593
591
590
590
588
587
586
584
580
580
580
578
581
578
579
578
574
572
573
572
572
568
567
567
568
563
566
564
564
560
559
557
559
557
559
558
557
551
555
553
549
551
547
549
546
548
544
542
543
540
538
539
536
537
537
533
535
531
531
532
530
529
528
525
525
523
524
526
520
524
521
520
520
516
517
517
516
515
511
512
509
507
510
507
504
504
503
502
501
499
502
501
497
500
497
495
492
493
491
494
491
492
489
489
488
488
486
482
481
480
478
482
478
475
479
478
472
472
473
471
471
467
467
469
465
467
462
466
460
462
459
457
461
457
454
458
454
456
452
451
449
451
446
447
449
448
445
443
444
439
442
437
437
436
439
436
434
431
434
429
433
430
426
427
428
425
426
425
425
420
421
419
417
415
416
416
415
416
411
412
412
410
411
410
408
405
402
405
402
402
402
400
397
398
398
393
394
393
394
391
389
389
387
385
384
383
382
381
384
384
383
381
380
375
377
378
374
372
370
369
368
367
366
365
364
363
362
366
365
363
363
360
356
358
354
356
352
351
354
349
353
347
349
348
348
344
342
344
341
344
341
337
339
340
337
337
334
331
331
331
332
330
328
327
329
326
324
326
325
323
322
321
318
317
314
316
314
315
313
309
309
309
307
308
307
306
306
306
300
303
303
302
299
295
299
297
297
291
293
291
288
292
287
287
288
283
287
285
284
284
279
278
281
275
278
274
277
272
271
270
270
270
266
269
269
263
265
266
264
260
261
262
256
258
258
256
256
256
254
249
253
247
248
246
244
247
247
244
242
242
240
242
240
236
239
235
234
234
231
230
229
229
227
228
226
223
227
223
220
222
219
218
218
219
217
217
217
213
212
210
211
209
206
205
208
206
202
203
203
203
198
197
196
200
198
198
193
191
194
192
191
190
187
185
185
187
185
182
185
180
181
180
176
179
174
178
172
175
175
170
171
172
169
168
164
168
162
165
164
162
160
161
158
159
156
156
152
153
152
151
148
151
147
145
144
145
146
144
140
141
140
140
139
140
138
134
136
132
135
133
132
131
129
125
125
128
122
126
120
123
119
122
117
118
119
113
117
111
111
109
113
111
111
109
107
105
106
105
102
103
102
98
96
96
98
94
97
91
93
91
90
90
87
88
84
83
82
82
80
84
78
82
79
77
78
77
73
75
70
72
73
68
66
70
66
63
62
65
60
64
59
60
59
58
58
57
53
54
50
52
51
52
51
47
46
44
44
42
45
41
41
37
40
37
34
35
33
36
30
29
32
28
27
25
25
27
27
26
22
21
19
20
16
20
19
15
12
14
14
10
12
10
11
10
7
6
6
3
