1379
1378
1373
1377
1375
1375
1373
1371
1369
1367
1370
1367
1363
1366
1363
1361
1360
1363
1362
1358
1358
1357
1357
1354
1354
1355
1351
1353
1348
1346
1345
1349
1343
1343
1344
1344
1343
1341
1338
1337
1340
1337
1336
1333
1335
1333
1329
1333
1331
1329
1328
1325
1328
1327
1321
1322
1323
1323
1322
1316
1319
1317
1317
1314
1315
1314
1311
1313
1309
1309
1310
1305
1304
1307
1305
1302
1301
1303
1302
1298
1298
1295
1297
1297
1291
1292
1289
1293
1288
1288
1285
1287
1286
1282
1286
1282
1283
1278
1281
1277
1276
1277
1273
1276
1274
1274
1273
1271
1268
1266
1270
1267
1267
1262
1264
1265
1263
1261
1262
1256
1255
1256
1257
1257
1255
1254
1253
1253
1248
1247
1245
1246
1243
1244
1241
1243
1240
1240
1238
1236
1238
1237
1235
1232
1236
1232
1232
1232
1231
1228
1230
1229
1224
1227
1226
1222
1224
1221
1218
1219
1215
1218
1215
1213
1214
1214
1210
1208
1209
1208
1209
1208
1205
1202
1201
1200
1203
1203
1200
1198
1199
1194
1194
1195
1193
1190
1192
1192
1187
1188
1186
1186
1184
1185
1185
1180
1184
1179
1177
1181
1176
1179
1173
1173
1175
1174
1169
1170
1170
1171
1168
1165
1168
1165
1163
1162
1160
1159
1160
1156
1160
1155
1153
1153
1152
1154
1151
1153
1149
1151
1150
1148
1143
1147
1146
1140
1144
1143
1137
1137
1136
1137
1138
1133
1132
1133
1132
1128
1127
1130
1125
1125
1123
1126
1123
1125
1121
1120
1122
1119
1117
1119
1115
1117
1116
1112
1109
1113
1110
1111
1107
1109
1106
1104
1105
1103
1101
1098
1102
1100
1095
1094
1094
1093
1091
1091
1092
1091
1091
1088
1086
1086
1086
1086
1086
1082
1084
1083
1082
1077
1076
1075
1075
1077
1074
1070
1074
1072
1068
1071
1066
1069
1067
1064
1063
1064
1062
1059
1062
1059
1055
1058
1053
1056
1054
1055
1049
1049
1047
1048
1048
1047
1048
1045
1045
1045
1039
1041
1037
1036
1038
1038
1033
1036
1031
1030
1032
1031
1032
1031
1026
1025
1026
1027
1021
1021
1020
1020
1022
1021
1018
1017
1013
1017
1013
1013
1010
1011
1012
1011
1007
1009
1008
1003
1004
1004
1003
999
1001
996
998
994
993
994
993
993
989
988
987
986
987
985
985
984
981
983
979
978
982
976
975
978
976
975
973
971
969
970
971
968
965
965
965
964
962
964
963
961
960
956
959
956
956
954
955
951
951
950
947
951
948
946
948
947
946
944
940
942
939
941
940
935
935
934
935
933
934
933
927
928
928
929
928
927
923
925
922
922
920
918
920
916
914
917
912
910
912
913
907
909
907
907
906
902
902
901
902
900
901
897
898
898
894
897
891
893
889
891
890
888
886
888
887
886
881
880
882
882
882
880
879
878
874
875
874
870
869
869
869
868
868
866
864
865
865
861
862
861
859
861
855
854
858
852
856
855
849
849
851
850
848
849
844
842
843
841
840
841
840
836
837
834
837
834
832
832
831
828
832
829
826
825
824
824
826
824
823
819
818
816
815
818
813
812
811
815
813
812
810
808
806
809
805
803
804
805
803
803
802
797
799
797
793
795
793
790
790
791
787
786
786
788
784
782
783
784
782
781
778
776
778
776
774
777
771
771
773
768
771
769
770
764
767
764
763
761
763
760
757
761
756
754
758
752
754
755
751
749
747
751
747
744
744
743
741
740
739
739
738
740
740
739
735
736
735
734
733
731
732
730
727
724
728
722
723
721
722
722
717
720
717
718
718
714
714
710
712
710
712
706
707
708
703
707
705
705
701
703
698
701
698
694
696
694
691
692
694
692
690
686
689
686
684
687
686
681
682
681
682
677
680
677
678
675
671
670
671
672
668
667
665
668
666
663
663
662
662
663
657
661
660
656
655
652
656
652
650
651
649
648
648
647
646
643
642
644
644
641
637
636
636
637
634
632
634
630
633
631
628
627
627
629
625
627
624
625
622
622
620
621
616
615
615
616
616
615
609
610
607
608
610
609
607
602
604
602
601
600
599
596
600
596
594
592
594
595
589
592
588
588
587
586
587
583
582
580
584
579
580
577
575
577
577
573
574
575
570
570
571
570
567
566
565
562
565
561
559
559
562
557
556
559
556
556
554
550
551
548
549
550
546
548
544
543
542
544
542
542
539
541
535
535
536
535
531
530
534
532
531
528
528
527
527
524
524
520
524
520
522
519
517
516
513
513
514
512
509
512
508
509
505
505
503
502
506
500
500
498
501
496
497
499
496
492
492
490
493
488
490
489
487
488
488
484
481
482
484
481
480
478
478
478
476
475
471
470
472
470
469
469
465
467
465
464
463
465
462
460
459
457
460
456
453
455
455
453
454
449
448
449
447
449
443
443
446
443
443
440
441
438
435
439
437
436
434
432
430
430
431
431
430
426
428
427
425
422
419
421
419
419
417
414
418
414
415
414
412
413
411
411
410
406
405
407
403
402
399
400
402
398
398
394
395
395
392
395
391
393
391
387
389
384
383
386
383
385
381
378
377
378
379
376
375
372
376
373
370
373
369
370
365
368
363
367
365
361
364
358
358
359
360
358
353
352
354
350
349
349
349
351
347
346
347
345
342
343
340
343
337
336
338
339
333
333
332
332
331
328
332
327
325
328
327
324
322
323
324
320
322
320
319
314
314
316
311
311
309
313
307
310
310
304
306
306
305
302
302
298
301
298
295
295
294
295
291
291
291
290
292
290
285
285
287
282
286
280
281
279
280
280
278
277
273
277
275
275
270
270
268
267
267
267
263
266
262
260
264
263
260
261
255
255
256
255
253
250
249
248
252
247
248
244
247
242
243
242
244
239
237
238
235
238
235
237
234
235
234
231
228
227
229
227
224
224
222
222
222
219
219
221
217
217
215
214
212
214
209
211
210
209
210
205
208
202
202
200
202
203
197
201
195
195
197
192
193
193
191
189
189
186
185
186
183
183
185
180
179
181
182
176
178
177
177
176
173
171
170
172
167
168
169
168
164
165
162
161
159
158
160
158
159
158
158
157
155
155
153
150
148
148
149
148
145
147
141
142
139
140
137
138
136
139
134
133
136
135
129
131
130
130
130
124
124
126
125
125
120
121
120
116
116
115
116
112
115
114
109
112
112
110
108
108
106
107
104
105
104
100
98
97
96
96
98
92
96
90
91
91
88
89
89
86
88
82
86
84
84
83
80
78
75
77
78
72
75
73
70
71
70
71
66
67
66
64
64
60
59
59
62
58
59
59
53
57
56
55
51
49
47
49
49
46
45
43
43
42
44
38
37
36
37
38
34
35
35
30
29
28
27
30
28
29
25
24
24
25
24
21
19
17
15
19
15
16
14
11
10
13
11
7
8
6
8
2
5
