4
6
7
4
6
8
10
10
11
10
15
16
15
14
19
18
19
21
23
24
25
24
26
28
28
26
30
31
28
34
33
35
35
33
39
36
38
37
38
43
45
45
45
46
45
49
46
51
50
50
53
52
54
53
59
56
58
58
59
61
60
63
64
64
69
70
70
72
68
74
73
71
75
77
77
79
80
80
81
79
81
85
86
83
89
90
87
92
88
91
95
96
92
96
96
97
99
102
99
102
104
104
103
105
105
109
108
107
112
113
115
111
115
116
117
118
116
118
118
119
121
126
126
123
127
130
129
132
128
133
134
135
136
138
136
136
141
139
141
143
142
146
147
143
145
149
147
147
149
149
155
152
156
158
155
158
161
157
162
164
162
162
167
166
164
170
171
168
170
174
174
174
174
175
179
175
178
181
183
182
183
181
185
186
189
185
190
189
192
190
192
195
196
196
194
198
200
201
199
204
203
202
202
203
204
206
209
208
209
210
211
213
212
216
216
215
221
217
221
224
222
221
224
226
224
227
226
231
232
233
232
233
235
237
235
240
237
240
243
242
242
241
247
245
248
247
246
249
250
250
255
252
257
257
254
260
261
261
261
259
261
262
262
263
266
265
271
272
271
271
270
273
276
277
274
279
280
277
283
284
280
286
282
286
284
288
291
291
290
292
290
292
293
296
297
299
301
302
300
304
301
302
306
306
305
305
308
308
308
311
313
314
315
316
316
319
319
318
318
321
320
321
326
324
329
328
326
332
331
331
331
331
336
336
335
337
338
338
343
343
342
344
343
348
346
348
348
351
348
352
350
354
354
353
356
356
361
359
363
360
364
366
367
364
364
369
368
370
368
374
371
373
372
378
378
377
376
381
378
381
385
383
384
384
384
385
390
387
392
389
390
391
392
394
395
399
396
398
402
400
401
406
406
408
409
408
406
411
411
410
413
411
413
415
414
415
421
420
423
421
420
421
423
427
429
428
430
427
433
430
435
434
433
437
435
438
440
439
442
440
440
444
443
447
444
450
446
450
450
449
454
454
457
458
456
455
458
458
458
464
464
461
466
466
468
467
471
470
472
472
472
474
473
476
478
480
481
477
479
479
483
485
485
483
486
485
487
490
488
493
491
496
496
494
499
498
497
501
502
502
