2
6
2
3
4
7
6
9
10
9
13
13
12
15
19
16
16
18
23
20
23
23
24
28
29
25
27
32
31
32
34
35
36
34
37
36
37
38
42
41
44
46
46
44
46
48
46
52
52
50
53
51
56
56
55
58
58
60
61
63
60
63
66
67
64
69
67
68
68
70
70
72
77
77
74
75
76
80
82
83
83
84
87
83
87
90
89
92
92
90
92
94
97
94
96
97
100
98
100
101
101
103
105
105
108
105
107
107
108
113
114
114
112
118
114
115
121
120
120
124
121
121
127
126
126
129
126
127
129
131
135
133
134
135
137
139
141
140
138
140
142
141
144
145
145
145
151
147
149
152
150
153
152
154
159
156
156
158
160
163
161
163
163
166
165
167
169
172
168
170
170
174
173
174
174
179
178
182
182
182
185
185
186
187
184
187
190
189
189
194
195
195
195
195
198
200
197
198
203
203
201
204
204
203
207
205
206
209
211
209
211
215
213
217
219
219
220
219
223
219
222
225
227
228
225
225
228
229
232
234
235
235
237
238
236
236
239
242
238
239
245
245
247
244
244
246
246
248
249
251
253
251
252
254
254
258
261
258
260
263
262
261
266
266
264
270
271
268
271
269
271
271
272
278
275
280
280
282
281
279
282
283
282
283
287
286
286
289
288
290
295
291
295
294
299
297
299
297
298
302
302
304
306
307
308
305
306
310
309
313
311
314
316
316
316
316
319
321
323
322
324
325
325
328
324
325
327
331
332
333
335
334
335
337
334
338
338
340
343
343
342
342
346
346
349
350
351
350
352
352
351
355
356
353
359
360
359
360
361
360
360
363
362
366
368
365
366
369
373
369
374
376
372
373
378
377
377
377
383
384
383
383
384
385
388
386
390
388
392
390
392
391
393
394
394
396
399
398
403
402
400
401
404
407
406
409
406
408
410
410
413
415
414
415
418
419
418
419
418
422
425
423
426
426
429
427
426
427
431
430
430
433
435
433
436
439
438
440
443
443
444
442
447
447
448
449
449
448
450
453
450
451
453
456
459
458
458
458
459
459
460
463
462
466
468
466
468
468
468
472
470
473
475
476
478
475
481
480
481
484
483
484
485
484
484
488
486
492
492
494
494
494
493
494
499
500
500
497
498
503
