2
2
6
6
7
9
11
10
10
11
11
14
17
14
19
16
16
22
20
23
24
26
23
26
28
25
29
28
28
32
30
33
33
34
38
39
40
42
41
44
41
43
47
45
47
46
48
50
51
50
51
56
57
57
56
56
56
60
60
61
63
66
62
63
68
65
71
71
73
69
72
71
72
74
78
76
76
77
83
79
81
86
87
88
89
87
86
91
88
93
90
95
94
96
96
100
97
101
98
99
103
103
107
106
106
110
109
111
112
114
113
114
116
115
115
119
121
119
120
123
123
124
126
124
124
129
130
132
133
131
130
133
136
134
138
138
139
139
140
142
145
146
143
147
148
148
149
150
150
152
155
153
154
156
154
156
158
160
163
161
162
164
163
168
166
170
169
169
173
173
170
172
175
175
179
175
180
178
182
179
180
184
184
188
187
190
189
190
191
191
190
195
197
195
195
195
196
198
198
202
203
205
203
206
207
205
211
208
211
209
213
211
217
218
216
216
220
222
219
220
224
223
226
224
225
228
231
228
231
234
231
231
232
238
239
237
239
241
239
242
243
244
247
244
248
250
246
252
251
254
251
254
254
256
255
256
258
261
258
263
264
261
264
263
265
266
269
271
273
271
272
271
274
274
279
276
277
281
280
283
284
282
287
288
289
287
289
287
288
294
294
295
293
296
299
296
298
302
302
303
300
306
306
305
308
308
310
312
309
312
311
313
316
317
315
320
321
320
320
322
322
322
327
324
324
328
327
330
332
334
330
334
336
337
339
336
337
337
339
339
342
343
344
347
345
350
348
350
351
349
350
354
355
358
354
356
358
358
358
360
363
362
363
363
367
370
371
370
368
374
372
373
375
375
378
377
378
378
378
381
382
381
384
385
385
385
386
389
391
392
392
396
396
396
394
396
399
397
403
402
403
403
403
408
404
405
408
412
411
414
410
414
413
417
415
417
419
421
423
419
425
422
423
424
427
428
429
429
429
434
432
433
433
438
434
437
438
437
441
442
445
442
443
447
444
450
446
448
448
453
452
451
455
458
459
460
456
460
463
460
463
462
464
467
464
470
467
468
472
472
473
471
477
476
475
479
479
478
483
481
484
483
485
488
487
486
486
487
490
491
494
493
494
496
496
499
497
500
500
501
