1
1
7
8
4
6
11
8
11
14
14
12
14
17
14
15
19
21
18
23
23
25
26
26
25
29
27
31
30
32
33
32
35
33
36
35
38
38
40
43
44
46
44
45
49
46
46
49
50
51
54
52
52
58
59
60
56
60
63
62
62
61
62
68
66
69
71
72
72
69
75
72
77
78
75
78
77
80
79
82
82
81
83
85
86
87
86
91
90
94
94
91
96
96
99
97
99
100
101
104
103
104
102
104
107
110
109
107
111
109
113
112
114
118
114
115
120
121
120
119
124
126
127
128
124
126
131
128
128
133
134
136
134
138
136
135
137
138
139
144
142
145
143
144
144
150
147
148
149
154
153
156
153
158
155
158
157
157
159
163
164
162
164
165
168
165
166
167
171
171
173
171
177
176
178
175
178
178
178
180
180
185
186
185
187
190
190
191
192
191
193
191
194
193
194
200
199
200
200
199
204
202
203
207
204
205
206
208
210
214
210
211
212
213
215
219
219
218
220
221
225
224
223
225
225
228
231
229
231
231
230
235
235
237
238
238
241
238
241
240
243
244
244
248
247
248
246
252
251
250
255
254
253
257
259
258
256
259
262
261
263
265
263
267
268
265
269
272
269
272
272
273
277
277
279
280
280
278
280
280
280
284
287
283
286
289
289
289
289
294
291
296
294
296
298
300
296
301
301
302
305
302
303
303
309
310
308
310
310
310
315
314
316
318
319
319
317
321
319
322
322
325
325
327
325
327
326
332
331
330
333
333
337
337
334
339
339
340
342
343
342
344
346
343
348
347
347
350
352
352
355
356
356
354
354
358
358
357
361
362
362
362
366
367
369
370
368
367
368
369
374
371
376
373
374
379
381
382
379
382
382
384
384
384
385
389
391
387
388
391
391
391
394
396
397
396
398
398
399
401
405
406
403
406
406
405
408
409
413
413
414
416
412
417
415
418
420
422
418
421
421
421
424
425
429
429
429
427
431
431
431
434
435
436
439
440
437
440
440
442
443
446
446
445
446
446
449
450
453
454
450
452
452
454
454
456
461
458
463
460
462
465
464
468
465
467
467
470
470
469
473
474
472
473
475
479
476
478
481
484
480
484
486
483
488
485
490
489
492
490
494
491
494
493
498
498
501
499
503
504
