2
3
7
5
9
6
6
7
10
9
14
12
13
18
14
18
17
17
18
23
23
26
23
26
28
30
28
31
31
33
34
34
34
33
39
40
39
41
40
42
41
41
46
43
47
50
47
49
52
53
54
52
56
57
58
59
59
59
63
62
60
66
62
64
67
69
66
67
68
70
72
74
73
77
78
76
77
79
79
81
85
84
84
85
86
85
88
89
92
90
90
92
96
98
94
95
101
98
103
104
105
104
102
108
109
105
110
107
113
112
112
116
115
113
119
120
120
118
119
122
124
124
125
128
125
129
128
130
131
129
133
135
136
136
138
136
136
138
140
140
142
146
143
148
148
150
150
152
150
154
152
152
156
153
159
156
157
162
161
161
162
165
164
165
167
167
170
171
172
169
170
174
174
174
177
175
179
177
183
179
183
184
186
188
187
185
188
187
193
190
195
192
193
194
199
199
200
197
199
200
204
206
202
208
204
206
207
209
211
214
211
211
212
217
219
220
216
222
221
220
224
224
223
227
226
228
227
230
230
230
232
232
232
236
238
235
237
240
240
241
240
245
244
243
244
245
250
250
248
249
250
256
255
256
254
257
260
258
258
262
265
266
263
268
267
266
266
269
271
272
275
271
273
277
279
275
278
278
280
283
283
285
285
284
286
290
289
288
293
294
291
292
296
293
294
299
298
298
301
300
302
305
307
307
305
308
307
311
310
314
310
311
314
317
317
318
316
322
318
322
320
322
327
326
326
325
329
329
333
329
333
334
332
337
338
340
338
342
343
340
344
345
343
346
349
350
347
350
348
353
355
351
355
356
357
358
361
357
361
363
363
361
365
366
367
365
370
370
371
372
373
373
373
376
379
380
376
377
382
381
382
381
384
386
384
387
386
391
392
391
394
392
392
396
397
399
397
401
401
399
400
403
406
407
409
410
409
408
408
410
412
414
415
414
417
416
419
420
419
423
420
426
427
427
427
427
426
429
428
434
434
436
435
436
434
440
439
439
443
440
440
442
442
448
449
450
451
449
450
450
455
453
456
455
454
460
458
459
459
464
461
464
463
467
464
469
471
471
472
472
474
472
473
478
475
476
477
481
483
483
482
484
485
488
487
485
488
490
491
492
494
496
494
493
498
499
500
502
500
499
