4
4
2
4
7
6
9
8
13
13
13
16
14
15
18
17
19
18
18
20
25
21
22
28
27
28
29
31
31
34
34
32
32
38
35
35
39
38
39
39
42
42
44
44
44
46
47
52
50
51
52
54
53
54
54
59
61
60
58
60
62
65
65
63
64
70
71
72
69
74
75
73
72
76
74
80
81
78
82
82
83
86
82
88
89
89
86
90
93
94
91
92
93
97
95
99
97
98
101
103
102
105
102
107
106
109
110
110
108
113
113
112
112
113
119
117
116
122
123
122
124
121
126
125
127
129
129
127
132
133
132
132
132
133
137
135
138
142
142
139
140
145
142
144
146
146
151
149
152
150
151
156
153
158
157
159
160
158
158
160
160
164
164
168
168
166
167
170
168
174
170
176
175
178
175
178
176
178
179
179
180
181
186
188
188
185
187
188
188
194
191
191
193
194
196
196
196
200
198
201
200
204
205
205
207
209
206
209
208
213
210
211
214
216
216
217
221
217
222
223
225
226
225
225
227
230
230
227
230
230
232
231
237
235
238
236
238
241
240
244
245
242
244
248
248
248
249
251
252
254
255
255
253
257
255
258
258
260
263
262
260
263
267
267
265
265
271
272
272
272
270
271
276
273
276
276
276
278
278
283
282
285
286
285
284
285
290
287
291
290
295
296
297
296
298
299
296
297
300
299
305
304
305
305
304
307
309
310
308
314
310
313
312
313
316
316
319
319
318
324
325
321
324
328
326
329
326
329
330
333
333
332
337
336
337
339
340
338
339
343
344
341
347
343
344
350
348
351
352
350
354
351
353
357
356
356
357
360
361
360
362
362
364
368
364
365
366
372
373
371
370
373
374
376
378
375
381
377
379
382
383
386
384
385
387
387
388
387
390
389
391
396
394
397
399
399
401
397
398
399
404
404
405
408
404
407
408
410
410
413
414
415
414
415
416
420
417
422
419
424
425
423
423
426
425
430
430
427
432
429
433
436
434
438
437
439
436
440
441
439
443
442
447
448
449
445
449
449
453
452
450
451
454
456
455
458
461
461
462
461
464
461
464
465
468
470
467
470
470
471
471
473
472
477
476
477
476
477
483
484
484
482
484
487
484
486
486
487
493
490
491
494
495
494
496
495
500
502
502
501
