1
4
5
8
4
6
6
10
10
12
11
14
14
18
18
15
18
21
18
22
22
25
27
28
26
27
26
28
33
32
30
31
32
33
35
40
37
38
39
40
45
45
42
47
48
45
50
49
50
53
53
51
55
55
54
60
61
61
61
59
64
61
65
66
67
70
69
70
71
73
70
76
74
76
76
77
78
77
82
84
80
86
83
86
89
86
88
88
90
92
94
93
96
95
97
96
97
100
101
101
101
106
106
104
104
107
106
108
112
110
110
111
116
113
114
118
119
118
123
122
125
125
127
128
125
127
131
127
133
130
135
133
132
138
138
140
139
138
143
144
145
141
143
144
144
146
151
150
152
150
153
152
157
153
159
155
156
157
158
160
160
161
163
166
168
167
171
169
172
170
173
174
172
174
174
179
181
179
183
183
184
183
187
183
188
186
189
187
191
194
191
191
193
194
194
198
199
201
202
204
201
206
205
207
209
208
207
211
212
209
215
212
215
213
216
217
221
222
221
223
220
222
222
227
227
226
229
228
232
230
235
233
236
235
235
238
236
238
238
242
243
242
246
244
246
247
249
250
250
252
253
255
253
255
258
259
256
258
260
260
260
265
266
266
264
267
271
270
272
274
273
271
274
277
274
275
278
281
278
282
281
286
287
285
285
286
286
290
292
293
292
295
293
297
295
298
299
297
303
303
303
302
307
304
308
307
307
307
308
312
312
312
317
318
319
319
319
320
322
319
320
325
327
324
328
326
326
332
333
330
335
333
336
336
339
335
340
342
342
341
342
346
345
348
349
347
351
350
351
354
355
351
356
353
359
355
356
359
359
361
365
366
366
365
368
369
366
368
371
372
372
375
374
376
376
377
376
379
382
381
381
383
383
384
385
385
387
388
388
392
394
393
395
395
399
395
396
398
402
400
400
405
402
406
404
409
411
412
409
410
414
411
416
416
417
419
420
418
423
421
423
423
426
427
425
430
429
429
428
429
430
431
432
438
435
438
436
441
441
439
442
441
445
443
444
448
447
450
453
450
451
456
452
453
454
459
457
459
462
460
460
465
462
464
465
467
470
471
469
469
472
471
476
473
478
478
479
482
479
484
480
483
487
485
489
490
487
492
491
490
490
493
493
495
494
498
500
501
503
499
