5
5
3
6
6
9
6
8
9
12
15
12
13
17
18
15
21
19
21
19
25
22
23
23
27
29
26
27
29
31
30
32
37
37
38
38
37
41
40
42
43
45
46
44
46
45
50
48
52
49
53
51
52
54
58
57
60
60
63
61
60
63
65
66
67
65
70
68
69
74
74
71
77
75
75
78
80
79
83
82
81
83
86
85
87
90
87
91
92
93
90
96
95
96
95
99
97
100
101
104
104
102
105
106
106
106
107
112
111
111
113
116
115
115
114
119
117
121
118
122
123
126
122
127
128
130
128
129
130
132
132
133
136
137
134
136
139
138
141
140
142
142
145
147
147
150
151
147
151
151
152
154
153
155
154
155
161
157
163
164
163
163
162
165
169
166
170
170
168
173
172
176
172
176
175
180
179
177
183
181
180
185
187
184
189
186
189
189
188
189
193
191
193
196
196
197
196
202
201
204
202
202
205
208
206
206
209
212
213
212
214
215
217
213
217
217
220
220
222
221
221
221
223
223
228
230
230
229
231
234
233
234
233
238
234
238
239
240
240
241
241
244
247
245
248
249
250
249
253
250
255
255
257
258
256
259
260
258
258
262
262
264
266
268
266
268
266
268
272
269
275
276
273
278
279
279
279
278
283
279
282
282
286
286
284
285
290
288
289
289
294
295
297
296
296
300
297
299
302
303
300
304
306
308
307
308
311
308
312
312
312
315
317
314
316
317
321
317
320
319
323
321
326
323
327
325
330
330
333
334
330
331
335
334
338
336
337
339
341
343
341
341
347
347
344
346
350
350
349
350
355
352
353
358
354
356
360
362
358
362
364
361
367
367
367
365
369
372
369
369
372
374
375
373
375
378
376
381
383
381
384
381
384
386
384
388
386
390
389
391
390
394
397
395
395
399
401
399
400
404
401
405
402
404
408
409
407
410
412
410
415
412
415
417
414
419
416
420
418
422
423
425
426
425
424
430
430
428
429
429
435
431
435
438
435
439
438
440
443
441
442
445
444
444
445
447
449
450
448
450
451
455
455
456
455
458
457
460
462
462
464
463
464
464
466
466
471
471
473
471
473
472
476
475
478
480
477
477
481
482
484
486
483
484
488
485
491
492
493
494
495
495
492
498
495
498
497
501
498
500
