4
1
5
7
6
10
11
10
12
12
13
15
12
13
14
20
17
17
19
19
25
24
22
28
27
28
28
28
31
29
31
34
33
34
37
36
38
37
40
44
41
42
45
43
47
50
47
50
52
53
55
51
56
53
58
57
56
59
63
61
60
62
66
66
64
70
66
71
73
69
71
71
74
78
75
77
77
78
83
81
82
85
83
86
89
88
90
90
91
93
91
95
97
98
96
95
100
98
101
104
103
101
105
108
108
106
107
112
112
111
112
113
112
113
115
120
117
120
121
124
120
126
126
127
125
126
128
132
131
134
135
131
137
133
138
136
138
142
139
139
140
144
142
148
146
146
150
147
151
154
154
156
154
155
157
155
157
160
162
164
162
162
162
168
168
169
171
171
171
173
174
173
173
177
176
175
177
177
182
180
182
182
185
184
184
187
189
191
193
191
191
193
196
197
198
199
199
201
200
201
200
204
207
206
209
205
210
210
209
212
214
216
217
214
218
218
217
220
220
223
220
223
225
223
225
226
228
231
230
229
233
236
233
234
234
235
241
242
243
243
242
245
243
243
249
246
251
249
249
252
250
255
252
258
258
257
260
257
262
261
260
266
263
264
269
268
269
268
268
273
273
271
275
278
275
275
278
279
280
282
282
284
285
288
284
288
287
287
292
290
294
292
297
297
295
299
298
298
298
303
301
306
307
306
308
306
308
312
312
310
312
312
312
316
314
317
316
322
322
319
321
322
326
324
325
326
328
331
331
329
331
336
334
334
339
335
337
341
339
342
341
343
347
344
344
349
349
347
348
351
353
352
356
358
356
360
356
359
362
364
362
365
364
367
365
365
366
372
371
371
371
372
374
376
375
379
380
380
383
380
380
385
384
387
389
390
388
391
390
393
394
392
392
394
396
397
399
398
403
400
402
404
402
403
408
408
406
410
408
414
415
414
412
418
414
420
420
421
422
422
421
426
425
425
425
425
426
427
430
433
433
431
433
434
436
440
438
442
440
443
444
444
446
447
448
449
446
451
451
450
455
452
453
453
458
457
456
461
461
460
462
465
462
463
465
468
467
468
473
471
474
473
472
476
475
480
477
479
483
483
485
484
485
485
486
487
487
492
493
494
493
494
496
497
495
499
498
502
503
499
