1
2
3
7
5
7
8
11
10
13
12
15
17
13
14
20
21
19
20
21
22
23
25
28
25
30
30
31
32
32
35
31
33
37
35
37
37
39
42
40
43
45
45
44
46
49
46
50
53
54
52
51
56
56
59
60
57
60
60
61
63
64
66
66
67
70
69
69
73
71
73
72
72
73
78
78
80
82
81
80
84
82
83
86
84
85
87
90
92
94
94
91
96
97
99
100
100
97
98
101
100
103
104
106
109
108
106
110
110
113
110
111
113
115
115
119
119
119
120
123
122
122
127
126
124
130
130
130
128
134
130
134
135
135
135
139
141
140
139
141
145
144
143
144
145
149
150
148
151
151
151
152
156
155
155
157
161
162
161
164
162
164
164
168
169
165
169
172
173
174
171
175
176
178
176
177
181
181
178
181
184
181
187
186
186
189
191
190
192
191
192
196
197
197
199
200
200
200
202
202
202
203
206
204
209
208
208
211
208
209
212
212
213
213
214
220
220
220
219
223
220
226
225
223
228
226
227
228
228
231
235
231
232
236
235
237
239
238
242
244
242
245
245
248
245
248
250
250
249
251
254
253
256
258
259
255
261
260
258
263
262
262
266
267
268
266
270
271
270
272
270
276
276
276
275
275
280
278
280
279
285
282
286
285
284
288
287
288
290
290
290
291
293
294
295
298
300
302
298
299
304
305
307
303
308
310
309
310
311
311
312
311
312
314
318
319
320
320
323
323
321
322
322
323
326
329
328
328
330
331
331
335
333
337
334
338
339
338
343
342
341
344
344
345
347
350
348
347
348
352
353
351
352
357
357
355
357
357
362
359
362
363
362
363
365
367
370
367
371
374
371
376
373
374
376
378
381
382
378
380
384
383
384
383
388
387
387
388
392
391
392
395
397
396
399
395
401
397
403
404
405
402
403
405
407
408
409
409
409
414
413
414
413
418
415
419
417
421
423
421
421
422
427
428
428
427
426
427
433
432
432
434
435
438
439
438
436
437
440
442
443
443
442
445
444
450
448
452
449
452
454
452
456
454
458
455
457
461
463
464
464
463
464
466
469
466
469
471
471
474
471
475
472
478
476
478
481
479
478
480
480
482
484
488
485
489
491
487
488
493
494
494
494
497
495
498
498
501
503
504
