1
3
6
8
8
8
9
11
8
10
10
14
12
16
18
19
16
18
23
22
25
25
24
27
26
30
31
28
31
32
34
35
34
36
35
36
37
39
41
39
44
43
47
46
47
49
51
48
51
52
51
51
55
56
58
56
61
57
58
60
62
64
63
66
64
70
68
68
70
71
72
74
73
77
76
76
81
78
83
81
82
82
86
87
89
89
87
88
93
89
92
96
95
98
99
95
97
99
101
103
101
101
105
107
108
105
109
111
108
112
114
116
112
117
117
118
121
120
119
124
122
124
124
127
126
126
128
131
129
134
131
131
136
133
136
138
137
142
143
142
143
144
146
146
149
146
151
150
148
152
155
155
156
154
159
155
160
161
161
164
165
162
162
164
166
169
170
168
173
174
172
175
174
174
179
179
178
177
183
180
184
183
182
183
188
189
188
190
189
192
195
191
197
193
194
197
199
200
199
204
205
204
203
208
208
210
210
212
208
214
212
215
214
213
217
215
219
222
221
219
223
222
223
227
226
230
226
232
231
231
232
231
232
236
239
237
240
241
238
243
242
245
245
248
248
250
246
251
251
251
255
253
254
256
258
257
257
257
260
261
264
263
263
263
265
270
269
269
271
274
274
273
273
273
277
280
280
277
281
279
284
281
287
286
289
287
286
291
292
292
295
294
292
294
294
300
298
299
299
302
305
304
307
303
309
307
309
307
310
314
312
316
313
318
315
316
321
322
323
323
322
321
326
328
325
328
329
328
333
331
332
333
337
334
337
336
339
337
341
344
342
341
347
347
348
348
350
348
350
350
351
355
352
357
359
359
357
361
358
359
362
364
363
368
365
366
371
368
372
372
370
374
376
376
375
375
381
377
379
384
380
385
386
386
389
386
391
389
391
390
393
395
394
397
398
399
399
399
399
400
404
405
407
408
407
405
406
411
412
414
410
416
413
418
419
415
420
422
419
422
424
424
423
428
429
427
429
427
431
432
434
431
437
436
437
438
440
440
442
442
444
441
442
445
447
447
449
451
451
452
450
455
457
453
459
457
458
459
462
461
460
464
464
467
465
469
469
468
469
474
474
471
474
475
476
478
479
479
479
482
484
486
485
483
489
487
486
490
491
494
495
495
492
495
497
500
496
500
498
503
