4
3
5
4
4
9
10
12
9
14
10
15
12
18
14
19
18
18
22
24
25
21
24
25
25
25
29
29
30
32
32
35
37
34
34
39
39
37
40
42
43
44
42
47
47
45
50
47
52
51
50
55
56
54
59
59
56
61
62
63
64
63
65
63
64
68
67
67
72
74
74
72
74
74
76
78
79
78
82
81
81
86
84
88
87
87
91
91
89
91
92
94
92
98
95
96
101
97
98
103
105
105
106
107
105
105
111
110
110
114
115
116
115
117
115
117
121
117
118
121
121
125
122
127
127
125
128
129
128
134
135
133
136
137
137
137
138
142
143
143
142
145
142
146
149
145
150
149
151
151
151
151
156
155
154
156
157
157
158
161
161
163
163
168
168
165
168
171
169
174
171
173
177
178
176
177
181
182
180
181
181
185
183
185
187
186
189
189
192
194
194
192
196
193
198
196
200
201
202
200
204
205
204
206
204
208
210
207
211
213
211
212
215
218
218
217
216
218
222
224
222
224
223
228
228
226
229
231
232
231
233
234
235
237
239
239
239
241
241
242
240
245
246
243
245
250
249
251
253
249
250
254
257
253
257
255
256
259
261
263
261
263
267
268
265
267
270
268
272
270
272
273
276
274
275
278
279
280
278
279
285
281
282
285
284
285
289
290
289
294
293
294
292
298
298
298
297
301
299
299
303
301
305
308
308
305
311
312
308
314
310
312
314
315
317
319
318
318
320
322
324
324
323
325
327
328
327
330
332
333
334
333
336
334
337
337
339
339
340
342
340
341
343
345
345
348
346
349
348
351
352
352
355
358
357
357
360
361
359
360
361
362
363
368
367
369
366
370
369
373
371
372
372
376
377
380
377
379
382
380
385
383
387
387
388
388
388
389
389
392
394
396
392
395
394
400
400
401
403
400
402
405
404
404
407
405
408
409
413
411
413
416
413
416
417
416
420
421
422
420
420
423
425
424
424
430
430
432
431
430
433
436
435
433
439
439
439
437
443
443
443
445
443
444
449
450
447
448
449
451
451
452
456
456
455
455
461
457
462
459
463
465
463
466
467
470
467
472
468
473
473
474
476
476
474
476
480
481
482
480
485
482
487
487
489
490
486
487
488
491
490
495
492
495
498
497
500
502
499
503
