0
3
7
7
7
6
6
10
9
10
15
12
14
17
17
19
16
22
20
19
24
26
26
24
25
29
28
32
30
34
31
36
34
37
35
37
36
39
39
40
43
45
43
45
45
46
46
47
50
49
55
54
53
53
58
59
59
61
60
61
64
65
62
63
67
67
71
68
68
72
71
75
74
78
75
80
77
82
83
82
83
81
84
87
84
85
86
91
89
91
90
94
93
96
94
95
100
100
103
104
105
106
106
105
107
108
109
110
108
111
110
111
115
116
119
118
117
120
120
122
125
124
126
125
129
128
126
128
128
131
133
135
137
134
135
139
138
138
142
142
144
142
142
145
144
145
151
151
148
152
154
156
154
158
156
158
157
158
161
161
162
163
165
168
169
170
170
171
170
170
173
173
177
177
177
175
178
178
178
181
181
184
183
185
188
190
191
192
189
189
191
193
192
195
198
200
199
199
200
204
205
204
207
204
206
210
209
208
209
214
212
215
212
216
217
215
221
219
222
219
221
221
225
226
228
230
226
231
233
234
233
235
237
235
239
240
238
239
239
242
245
246
246
246
248
246
246
250
249
251
255
252
257
253
259
256
256
258
261
261
264
263
265
264
266
266
266
268
268
274
271
271
276
275
279
278
276
280
278
281
284
283
284
286
289
285
286
287
293
294
295
293
296
294
296
295
300
297
299
301
305
303
302
308
305
308
306
309
309
313
312
315
314
314
318
318
316
322
320
319
321
321
327
323
324
325
327
327
329
332
333
334
337
336
338
340
339
340
338
344
340
344
343
345
347
345
349
352
351
349
351
355
355
355
358
360
357
359
360
359
362
365
366
364
368
368
368
371
373
370
370
375
373
374
375
377
381
377
381
380
385
383
383
387
387
388
386
391
391
389
394
391
394
396
399
397
399
399
403
399
404
403
407
405
408
405
411
412
408
414
410
415
413
415
419
415
419
420
422
421
423
421
427
424
428
430
431
429
430
432
432
433
437
436
435
436
438
442
438
441
442
441
442
445
449
448
448
452
448
449
451
455
453
457
456
459
459
459
462
461
463
462
467
463
465
467
466
470
471
473
471
476
476
477
475
476
476
478
482
484
484
484
483
484
487
486
491
487
492
493
493
496
496
494
494
498
496
498
499
500
