4
2
2
6
9
8
8
9
10
9
10
13
12
13
19
17
20
17
20
24
20
23
23
28
25
26
30
32
29
31
30
31
34
37
38
37
40
38
43
40
44
45
43
43
48
48
47
49
48
51
55
53
53
56
54
60
60
60
60
60
63
62
65
63
64
68
68
71
72
74
70
76
75
75
75
75
79
81
83
84
83
81
85
86
85
87
91
90
88
94
95
96
94
96
95
98
101
100
100
101
100
103
107
104
106
108
109
112
111
114
112
116
113
113
117
120
120
118
123
121
120
125
125
123
126
125
127
128
131
134
131
133
134
137
135
135
139
137
140
140
141
144
143
146
149
147
147
149
149
149
153
151
153
156
158
157
159
162
161
159
160
163
167
168
169
168
167
171
170
169
171
171
173
176
174
178
178
180
183
181
184
184
186
183
186
190
189
191
188
194
191
193
193
196
197
195
201
198
203
202
200
203
205
208
208
209
207
212
208
212
212
213
215
218
218
216
216
222
218
222
225
223
224
224
229
227
231
231
230
230
235
236
236
234
234
237
241
237
239
244
243
246
243
246
249
246
246
249
253
250
251
253
252
256
258
255
261
259
263
259
264
263
262
268
265
270
269
267
269
269
271
271
277
273
278
277
280
278
280
280
283
286
287
284
288
286
290
291
290
294
294
292
293
294
297
297
301
298
301
302
302
302
305
305
304
307
311
310
312
314
314
314
312
318
317
316
317
320
323
322
320
324
326
326
329
329
326
328
333
329
332
331
332
338
334
335
339
338
339
343
344
345
343
348
346
345
346
348
351
351
355
353
355
353
354
358
359
361
361
364
363
363
367
363
366
367
371
368
373
373
373
371
374
374
377
376
379
379
383
382
382
381
382
388
389
390
386
391
393
394
391
391
395
398
397
395
398
401
400
402
401
405
406
403
405
406
409
409
412
414
414
414
415
418
415
415
419
420
421
423
424
423
427
426
425
429
426
432
429
431
435
434
437
436
435
440
440
438
442
439
441
441
446
445
448
445
450
451
448
452
455
451
456
456
457
457
457
459
463
460
464
461
467
468
469
465
470
469
472
472
473
471
472
477
477
475
476
478
480
481
483
485
482
487
486
490
491
491
490
494
495
493
492
493
494
500
496
499
498
500
