4
1
7
4
8
6
10
7
9
10
10
12
13
17
16
20
16
22
18
19
25
21
23
26
26
29
27
27
29
34
32
35
36
36
38
37
41
39
42
41
40
43
44
43
45
48
51
47
50
50
50
55
55
56
54
60
61
57
58
60
65
62
63
68
69
69
68
69
70
69
72
72
76
73
77
76
79
79
83
83
82
85
85
83
86
90
89
89
89
93
90
93
97
93
95
96
99
100
103
104
101
101
105
104
104
107
110
112
110
111
113
114
113
116
117
118
119
117
118
122
125
122
126
123
125
127
126
131
131
131
131
136
137
134
136
135
137
137
142
141
142
146
144
148
146
147
148
148
149
151
150
152
154
156
156
158
157
162
159
160
160
164
165
164
167
170
166
172
171
171
173
171
174
178
176
176
176
180
183
180
185
181
184
185
185
185
191
192
190
191
193
194
195
193
194
197
200
202
203
200
203
204
203
207
204
206
209
211
209
214
214
216
215
215
218
220
219
217
219
222
222
222
222
227
227
229
231
228
230
233
235
234
234
235
234
237
238
238
239
242
243
244
243
247
245
245
246
248
248
254
253
251
256
256
258
260
260
262
259
260
261
264
264
264
265
265
268
270
273
270
272
271
275
276
276
277
279
277
280
283
282
286
284
283
284
285
286
289
293
289
291
293
296
298
299
296
296
302
300
304
305
304
305
305
308
308
308
307
312
312
310
313
314
313
318
320
317
317
323
321
323
326
326
327
329
330
327
327
331
329
330
336
334
337
339
340
338
337
341
340
345
344
343
348
347
349
347
350
351
350
355
351
356
358
357
355
356
361
358
363
365
363
365
365
369
366
368
369
370
370
375
376
372
376
375
380
378
380
378
379
382
386
383
387
386
386
391
387
388
394
391
391
395
394
398
397
398
399
402
404
400
405
402
404
409
409
408
412
410
409
410
411
417
417
418
419
421
421
419
422
420
423
422
428
429
427
426
431
431
432
434
434
437
433
439
436
436
441
439
441
441
444
446
447
446
448
447
449
449
452
453
454
452
453
455
456
456
459
459
461
461
465
464
465
465
469
470
472
468
473
471
474
475
475
477
478
478
478
481
481
480
483
485
486
488
489
488
488
490
489
492
495
492
497
495
500
501
501
500
502
