0.0002131938934326172
0.000507513682047526
0.0007296085357666015
0.0010676383972167969
0.001244354248046875
0.0018352826436360678
0.002000792821248372
0.002499516805013021
0.0024469693501790366
0.0029317061106363933
0.00386961301167806
0.00448444684346517
0.005365228652954102
0.00411823590596517
0.005028168360392253
0.000924571355184
0.00175457000732
0.00314987500509
0.00429682731628
0.00573026339213
0.00668400128682
0.00812865893046
0.00976371765137
0.0113344669342
0.011588716507
0.0146121660868
0.0184328397115
0.0222359498342
0.0209482510885
0.0225248813629
0.000953070322673
0.00175685882568
0.00327154795329
0.00423072179159
0.0053328037262
0.00672534306844
0.00868295033773
0.0109401226044
0.0109457174937
0.0115649859111
0.014257367452
0.0164569377899
0.0181608200073
0.0218548138936
0.019707663854
