8.792877197265625e-05
0.00019410451253255208
0.00025436083475748695
0.00037096341451009116
0.00044741630554199217
0.0005599180857340495
0.0006139278411865234
0.0007417996724446615
0.0007723331451416016
0.0009877681732177734
0.0009604295094807943
0.0012293815612792968
0.0013803799947102865
0.0011816024780273438
0.0014447371164957683
0.000195423762004
0.00036826133728
0.000533819198608
0.000671180089315
0.000849803288778
0.000960397720337
0.00112673441569
0.0013548374176
0.0015965461731
0.00165605545044
0.00203512509664
0.0022036075592
0.00275591214498
0.00274976094564
0.00294857025146
0.000205246607463
0.00034384727478
0.000523106257121
0.000632365544637
0.000892416636149
0.000954882303874
0.00119624137878
0.0013768196106
0.00156366030375
0.00167808532715
0.00200055440267
0.00193115870158
0.00227924982707
0.00247783660889
0.00251297950745
