0.00017266273498535157
0.0004088242848714193
0.0006194114685058594
0.0008998870849609375
0.00103913942972819
0.0014472643534342447
0.0016810894012451172
0.002046569188435872
0.0020845413208007814
0.0024593194325764974
0.0027390480041503905
0.0038244883219401044
0.004223028818766276
0.0034559885660807293
0.004169352849324544
0.000970681508382
0.00207419395447
0.00383218129476
0.00477361679077
0.00598100026449
0.00745712916056
0.00900440216064
0.0107970714569
0.012628587087
0.0125032424927
0.016410557429
0.0189222653707
0.0220117886861
0.021439743042
0.02368516922
0.00102402369181
0.00200543403625
0.00368432998657
0.00459197362264
0.00578525861104
0.00743192036947
0.00935765902201
0.0128261089325
0.0120596885681
0.0126468499502
0.0156756718953
0.0175502936045
0.0192907810211
0.0220740159353
0.0212651252747
