630
629
627
627
625
620
624
622
618
620
617
614
616
613
616
610
613
609
608
611
609
607
606
606
604
601
604
603
602
599
596
596
598
596
592
592
592
588
590
586
586
586
584
584
585
583
581
583
581
580
575
579
577
573
571
574
572
573
567
567
566
568
568
567
563
561
564
563
561
557
558
555
556
554
553
554
550
549
548
549
550
546
545
547
546
542
541
542
537
538
538
538
536
534
532
532
531
530
529
528
527
525
525
527
525
525
521
522
519
518
515
516
516
512
512
511
514
508
509
506
510
505
503
503
503
503
502
502
498
498
497
495
497
496
495
493
493
491
491
489
489
487
486
487
483
483
483
479
477
476
475
478
478
475
473
472
470
469
472
467
470
467
463
466
461
462
461
461
457
456
458
459
456
455
455
454
450
449
448
450
447
447
447
445
446
444
439
443
437
440
438
436
437
437
433
432
433
429
431
431
428
425
425
425
422
424
421
423
422
417
420
417
414
416
412
411
413
408
408
411
410
408
404
407
403
403
403
401
402
400
398
399
396
394
396
395
394
391
391
389
385
389
388
384
384
384
380
383
377
376
378
378
373
374
371
373
370
372
372
370
366
366
365
366
366
364
362
363
358
360
358
358
356
354
356
352
349
349
348
346
348
344
345
343
344
345
343
340
338
340
339
335
334
334
333
330
331
331
328
328
326
327
325
323
323
321
324
318
318
318
319
314
314
316
311
310
310
311
312
307
306
305
308
303
303
301
302
301
299
301
297
297
296
294
291
294
293
291
287
290
287
289
286
286
281
282
279
279
279
277
279
274
274
274
276
274
272
271
268
267
268
264
265
264
263
261
261
259
258
257
256
257
256
253
256
253
249
251
248
248
248
245
246
243
241
240
244
238
238
237
235
237
236
235
231
232
231
228
227
227
228
226
226
225
225
220
222
220
217
219
219
217
213
213
211
213
212
213
210
207
209
204
208
204
206
200
201
200
200
198
200
198
193
195
191
195
191
192
191
188
185
187
186
187
185
183
180
181
181
179
178
177
173
172
173
174
171
171
168
171
169
169
168
164
161
160
160
159
157
157
157
156
154
156
156
154
150
152
152
147
150
146
147
143
142
141
140
138
138
140
140
139
134
135
135
131
129
131
131
126
130
124
128
126
121
121
122
122
117
120
117
115
118
114
116
113
109
111
109
108
110
109
105
102
106
105
104
98
99
98
95
96
98
94
91
95
91
89
88
90
87
89
87
85
83
84
81
81
77
81
75
79
77
77
74
75
71
72
69
69
68
67
65
64
61
65
63
61
58
59
55
59
57
53
56
54
49
48
52
48
46
48
46
47
45
41
44
40
41
36
36
36
36
35
34
31
32
32
32
30
25
27
23
25
25
20
21
19
20
16
20
18
17
15
11
10
12
9
11
6
7
8
8
6
5
