627
625
623
626
621
620
624
618
617
619
618
616
618
614
612
611
614
610
609
610
606
607
608
603
606
601
601
599
599
598
597
599
597
594
594
595
594
588
589
587
587
586
583
583
585
581
580
579
579
581
578
576
575
577
571
571
569
571
572
570
569
567
565
565
566
563
559
558
560
558
559
559
557
552
551
551
550
553
551
551
549
549
548
543
544
541
542
538
541
537
535
536
533
532
535
530
531
528
531
526
530
527
528
522
521
520
522
523
522
518
517
516
514
515
514
514
513
513
511
511
506
508
504
502
506
502
503
499
500
498
499
495
497
493
496
495
490
492
487
490
489
488
485
486
485
482
484
479
482
477
480
479
478
477
473
470
474
470
470
468
468
465
467
466
461
461
462
462
459
456
455
456
457
455
454
450
454
452
451
446
445
447
447
443
446
443
441
440
442
438
439
437
437
433
435
430
429
430
430
428
425
428
426
427
426
422
422
421
421
417
417
414
418
414
416
412
414
412
408
410
407
408
405
403
401
401
399
399
402
397
400
398
396
397
392
393
393
392
390
386
389
388
385
387
382
381
384
379
378
377
375
375
373
375
374
375
371
368
368
367
368
364
366
363
365
360
359
360
359
360
359
356
356
357
354
354
352
349
348
349
348
349
347
344
346
340
343
340
342
338
340
336
335
333
333
331
331
333
331
328
328
329
327
326
326
320
324
321
321
318
320
317
314
316
314
311
314
312
311
308
310
306
307
303
303
302
300
299
300
298
297
295
293
295
293
294
289
288
289
291
286
285
285
286
285
280
282
281
278
280
278
274
273
274
275
270
273
271
271
270
265
268
264
267
265
261
259
263
257
258
258
258
256
257
253
252
250
253
252
250
250
249
243
242
242
242
244
240
240
236
238
239
237
234
236
231
234
228
229
230
228
227
228
225
223
221
221
222
218
216
215
217
217
216
211
210
214
211
207
207
206
206
206
202
205
201
201
198
197
198
195
195
193
196
191
195
194
193
187
186
188
186
188
183
185
183
180
181
180
177
180
179
177
174
171
170
169
170
169
166
168
169
168
166
162
161
161
162
158
161
155
158
156
152
156
151
152
148
149
150
145
146
146
147
143
145
141
139
138
140
136
137
136
134
132
131
130
132
129
127
129
128
123
122
125
123
122
122
117
120
117
119
115
113
114
112
110
111
110
108
108
104
104
107
101
103
102
100
98
101
97
94
93
94
91
90
90
93
90
88
89
85
84
83
83
82
81
79
77
79
78
75
74
72
71
74
72
71
70
69
69
64
67
64
61
63
61
63
61
57
56
59
54
53
55
55
53
52
47
46
47
48
45
45
41
44
40
41
42
41
36
36
37
36
36
33
32
31
31
28
27
25
24
26
26
25
24
21
20
17
19
14
13
16
15
13
10
8
9
10
10
5
3
6
3
