625
625
625
625
623
622
623
618
622
616
620
618
615
615
613
611
609
609
609
606
607
609
607
603
602
602
604
603
598
601
595
598
593
597
591
590
593
592
591
591
588
588
588
587
582
583
579
580
577
581
578
579
575
575
576
572
571
571
568
566
565
566
563
566
565
564
559
559
559
560
556
558
553
557
551
553
554
550
551
550
546
546
545
542
545
541
542
541
538
540
540
537
538
537
531
531
530
531
531
527
525
525
524
525
522
522
519
519
522
516
515
516
513
513
514
512
513
510
507
508
510
505
508
506
504
502
499
503
499
498
498
497
493
494
491
494
492
490
490
487
490
485
488
482
482
485
481
480
477
481
479
477
474
473
474
474
469
470
469
471
470
466
467
464
466
462
462
463
457
460
460
458
455
452
451
455
449
452
450
450
450
445
446
443
444
444
443
438
437
439
436
436
436
435
436
433
430
430
429
428
426
428
423
423
421
425
420
420
417
420
420
417
416
417
412
413
413
409
409
410
409
408
405
405
404
401
399
400
399
401
395
396
397
395
392
393
394
391
388
389
389
387
383
387
386
381
382
378
382
379
377
374
378
377
376
375
373
370
371
369
370
365
363
367
361
362
361
362
361
359
357
359
354
357
353
353
353
352
351
350
349
346
343
345
346
345
341
342
341
338
336
336
336
334
334
333
329
333
330
330
330
325
328
326
325
321
320
321
321
318
320
317
315
315
315
310
311
313
310
310
307
304
303
306
303
304
299
303
301
297
298
296
294
296
296
294
294
288
292
288
286
289
286
282
281
281
283
280
282
281
279
279
278
275
275
273
270
271
269
271
270
264
266
264
264
261
263
258
257
257
256
255
255
252
253
252
250
250
249
249
247
245
248
245
242
245
239
242
238
236
240
236
234
233
234
231
234
230
229
230
228
225
225
224
222
220
220
223
222
220
215
215
216
217
215
213
214
211
212
207
206
208
207
206
206
200
203
198
197
200
200
199
196
197
195
193
190
193
192
186
185
185
186
185
186
183
181
178
177
181
178
177
177
172
173
174
169
172
172
168
170
164
168
166
162
163
162
159
157
156
157
154
157
153
153
155
149
151
152
151
148
145
148
142
146
144
144
140
142
136
139
136
138
132
132
132
130
133
132
128
127
128
127
125
124
122
119
122
122
119
117
114
113
117
111
112
111
110
109
110
110
106
103
106
103
101
103
99
101
99
98
94
98
92
92
94
94
93
92
91
88
89
84
84
83
82
79
83
78
81
77
79
78
73
75
75
71
73
67
68
69
66
64
67
64
63
59
61
60
56
57
58
53
54
55
50
51
50
48
46
50
45
45
46
44
40
39
40
42
40
37
38
36
37
33
35
29
31
31
31
29
24
23
27
22
20
22
21
20
18
19
14
14
14
11
13
14
13
11
9
5
6
4
4
3
