630
625
623
623
625
625
620
619
619
620
617
617
616
615
612
613
614
611
607
611
608
607
605
606
601
603
601
602
602
601
597
599
597
597
591
595
592
589
591
586
590
585
587
582
585
581
581
581
577
580
578
574
573
573
576
574
574
573
569
571
570
569
568
563
566
562
560
563
558
559
558
555
557
554
554
554
549
552
552
551
548
547
545
545
544
540
541
539
539
537
539
538
537
532
536
535
531
528
532
526
529
529
528
522
522
522
522
521
519
516
520
514
517
513
516
513
512
510
510
511
507
505
505
507
505
502
500
498
497
499
497
499
498
497
495
490
490
493
490
486
486
485
485
483
483
484
482
483
481
479
476
477
476
477
471
472
469
468
470
466
466
469
467
465
464
461
459
461
457
461
455
455
455
455
453
455
451
448
448
448
445
446
446
442
444
443
444
440
438
440
440
438
433
436
431
433
429
430
432
426
427
428
424
426
426
423
424
421
421
421
415
416
416
413
416
415
413
413
412
407
408
407
404
407
405
401
399
398
400
401
396
395
396
396
393
390
394
392
387
387
388
384
387
385
384
381
380
383
382
376
376
375
377
372
372
373
373
371
370
368
369
366
367
366
361
363
364
363
358
356
355
355
355
356
354
351
352
351
349
346
349
345
346
343
341
342
342
342
338
336
336
337
338
335
333
334
333
332
330
331
327
327
325
323
325
323
322
323
319
316
317
318
313
315
314
315
314
313
308
310
310
304
306
303
306
303
302
301
300
297
295
297
295
293
293
294
289
292
287
290
288
284
288
282
281
281
283
279
281
276
275
276
278
273
275
271
274
270
270
267
269
266
268
262
265
263
260
261
262
261
255
255
253
254
256
250
250
249
251
251
248
247
244
244
244
244
240
242
240
241
239
236
236
236
233
233
233
231
232
230
226
228
225
227
226
223
223
221
221
220
217
215
216
212
216
214
212
210
207
207
208
207
208
204
204
200
199
201
201
198
198
199
194
196
192
192
193
191
190
191
189
185
187
182
184
182
183
180
180
177
179
174
173
173
174
170
172
173
171
171
168
164
167
162
161
162
164
161
158
158
160
156
154
152
156
154
152
149
147
151
146
147
143
143
144
140
140
143
141
138
138
138
137
134
132
134
129
128
128
130
128
126
128
124
122
122
120
119
118
116
118
117
116
113
111
112
111
113
111
110
110
109
107
102
101
105
103
103
100
99
95
98
96
92
93
94
90
89
89
86
85
87
83
83
83
81
80
79
78
81
78
74
75
72
75
75
74
71
72
68
66
67
66
64
63
61
62
61
61
58
57
58
56
57
53
52
51
50
48
47
45
47
46
44
41
43
44
43
41
36
38
35
34
37
36
34
29
30
32
31
28
27
27
25
21
20
20
21
20
19
20
19
13
16
16
11
14
11
7
8
7
4
8
7
4
