630
627
624
626
623
622
624
619
617
617
616
617
616
616
615
612
609
611
607
611
606
606
604
603
604
604
604
603
598
601
599
599
598
594
593
594
594
593
587
589
586
586
583
582
585
582
582
579
580
577
579
576
576
572
575
574
571
573
568
566
570
564
566
563
561
564
562
561
559
558
559
559
557
556
556
553
551
552
548
549
547
545
545
542
546
540
539
538
537
536
537
534
536
535
536
532
532
529
529
526
525
525
527
523
523
520
522
521
518
518
519
514
513
515
512
511
514
513
508
508
507
508
504
505
503
501
500
499
501
497
496
499
493
496
494
490
494
490
491
488
486
486
484
482
486
485
482
483
477
479
480
478
477
473
471
475
469
472
471
466
469
467
463
465
464
460
461
458
461
458
458
458
458
456
454
452
454
451
447
447
447
445
445
447
443
440
442
441
438
439
440
437
437
434
433
430
433
430
431
431
430
425
423
423
425
422
423
420
417
419
418
417
413
417
416
413
414
409
412
406
405
405
408
405
402
401
402
399
397
397
395
399
393
392
393
395
391
391
387
386
388
389
388
384
385
383
379
379
377
376
376
379
377
373
374
374
374
373
372
367
369
366
366
365
366
363
361
358
358
361
355
356
358
354
352
351
351
350
349
348
350
345
344
347
342
344
339
340
338
340
335
337
334
336
335
331
331
330
328
329
329
325
323
322
325
321
324
321
320
316
319
315
315
316
313
311
314
313
311
308
308
306
305
302
301
301
303
303
297
297
300
298
297
297
296
294
293
290
287
289
290
288
286
287
286
282
279
283
279
277
278
276
273
272
271
271
271
270
272
267
266
267
267
266
261
263
263
259
258
257
259
256
255
257
255
250
251
248
251
249
249
249
245
245
246
242
240
243
237
240
237
238
235
233
236
232
230
230
228
230
227
228
225
222
222
220
224
221
218
220
217
215
216
212
212
213
213
208
208
208
207
209
205
203
202
201
200
203
201
200
196
197
193
192
191
194
190
189
192
187
190
185
183
185
186
183
179
180
181
176
175
175
177
177
171
174
169
173
170
166
167
164
167
165
165
162
159
163
158
161
157
154
154
155
156
150
152
151
152
150
145
144
145
147
142
142
142
142
137
138
139
134
137
135
133
135
129
131
130
131
128
126
126
123
124
123
122
122
120
118
119
116
115
114
116
112
114
113
112
106
105
107
105
106
102
101
99
103
97
96
95
94
95
94
93
91
92
90
91
86
88
87
83
85
83
85
79
78
78
81
80
74
75
77
75
70
71
73
70
71
68
64
66
67
61
65
63
63
57
59
55
56
57
53
53
52
49
53
52
49
48
47
44
43
45
42
42
38
37
41
39
34
38
36
36
32
34
28
29
31
30
29
25
23
24
21
23
20
19
17
16
14
17
17
15
13
12
10
10
11
8
5
6
4
3
