628
629
628
626
621
624
621
621
620
620
619
616
613
616
616
611
609
609
609
608
607
609
605
605
605
602
601
598
600
597
599
598
597
595
592
592
591
593
587
591
589
589
587
582
584
581
583
578
582
581
578
575
577
575
572
572
570
573
571
568
567
564
567
563
563
565
563
560
558
556
556
559
557
556
556
550
550
548
547
547
545
547
548
545
545
540
544
541
541
539
536
535
533
532
533
530
529
530
530
526
527
525
527
527
522
521
522
518
522
521
519
518
516
515
514
515
510
513
509
506
508
505
505
506
503
505
501
503
502
500
499
494
496
494
495
490
490
491
489
487
485
486
488
487
484
484
483
482
478
481
480
478
474
474
472
471
470
473
471
467
465
466
465
463
462
465
459
458
462
457
458
454
456
457
454
454
449
453
451
446
450
446
448
442
441
444
444
440
442
439
440
439
437
437
435
434
431
432
432
429
427
428
425
423
421
423
423
420
420
418
415
416
417
417
412
412
410
410
411
409
409
404
408
406
402
404
402
400
402
398
398
397
393
396
391
392
390
388
392
388
389
387
387
384
384
380
382
383
379
377
379
376
375
376
375
375
369
368
367
370
368
364
367
362
365
360
361
361
359
360
355
354
356
352
356
351
349
353
347
348
350
347
343
346
345
341
343
338
340
338
337
338
335
337
333
335
333
333
332
329
330
329
323
323
322
323
321
323
318
319
319
315
314
315
312
310
309
311
311
307
310
304
307
304
306
303
303
302
300
301
296
296
294
294
292
293
292
292
289
290
288
286
284
283
285
283
282
279
282
276
279
279
276
272
273
275
269
270
267
270
266
269
265
265
261
263
264
261
258
256
260
258
254
255
255
255
253
251
247
250
250
248
248
245
241
245
239
238
238
239
239
238
234
233
235
233
232
228
227
230
228
228
225
224
222
222
219
222
220
217
215
214
217
213
213
212
210
213
209
207
206
205
207
207
204
201
199
203
201
197
195
199
195
194
195
195
194
191
192
191
186
186
183
186
181
184
181
183
182
180
180
178
178
174
171
171
169
169
168
168
167
166
167
167
162
161
163
163
157
161
155
158
153
154
154
155
153
150
148
146
147
146
144
147
143
144
144
143
137
140
136
139
133
135
133
132
130
129
129
129
128
128
124
125
123
122
122
121
118
116
120
117
115
115
113
110
111
108
111
111
110
109
106
103
104
102
101
100
100
100
95
97
98
95
95
90
94
89
87
88
89
85
83
83
85
85
82
80
81
81
75
79
77
72
74
70
72
69
67
68
67
69
64
65
65
64
60
60
60
60
56
55
55
53
55
51
51
51
47
46
47
46
46
44
42
44
42
39
39
41
36
34
35
33
36
33
34
29
30
26
25
25
25
23
22
22
24
19
17
19
18
17
18
15
11
13
14
11
11
8
10
7
8
5
4
