628
629
628
625
623
621
621
619
617
617
615
619
616
613
614
615
611
612
611
611
607
607
604
606
604
600
602
598
599
596
600
597
594
594
594
591
593
588
587
591
590
587
586
586
581
583
584
579
579
576
578
579
573
576
571
573
569
570
569
567
568
564
566
565
566
560
563
560
560
558
560
557
553
552
555
552
553
550
549
548
546
548
548
542
545
544
540
541
538
537
536
537
538
537
534
533
533
532
530
528
528
525
525
526
523
523
524
519
522
517
519
517
518
512
515
511
509
511
510
507
506
509
507
503
506
503
501
501
499
501
498
496
498
493
494
492
489
491
491
491
490
487
483
487
483
482
480
480
482
479
477
478
476
476
474
473
472
473
472
469
466
466
468
466
466
465
464
461
458
459
458
456
458
456
455
450
449
448
448
450
447
447
448
445
442
440
441
440
439
441
435
434
433
434
431
433
430
433
431
431
426
425
423
427
422
421
419
422
421
417
417
417
415
417
415
414
409
408
408
408
408
408
403
407
402
401
404
403
401
396
395
394
394
396
394
395
390
393
387
391
389
388
387
386
382
382
384
382
381
378
380
376
374
372
371
371
371
372
372
366
368
366
363
365
365
365
364
360
362
361
357
359
353
357
354
351
350
348
350
347
349
344
346
347
346
344
342
339
339
336
335
336
333
335
335
333
329
332
328
327
327
326
328
324
321
324
324
321
318
321
319
317
318
312
311
314
310
309
307
306
309
305
305
304
305
302
304
303
301
301
300
299
297
292
294
290
289
289
290
291
287
284
283
287
284
285
280
279
281
279
276
275
276
274
276
274
272
272
272
269
266
265
264
266
261
262
263
259
260
260
259
254
258
253
252
252
254
249
252
248
247
248
247
243
246
240
241
241
240
239
237
238
235
235
235
230
229
232
228
231
229
228
225
225
226
225
220
219
218
220
219
214
218
214
215
213
211
209
207
210
207
209
208
206
201
205
202
200
200
198
197
195
198
196
196
192
192
189
187
186
186
184
184
186
185
180
181
181
179
179
176
175
173
177
174
171
173
169
172
166
165
164
163
163
164
162
164
162
160
159
159
157
154
156
151
153
154
148
152
150
148
145
143
145
143
141
140
142
140
139
137
136
136
135
136
131
131
133
127
128
127
125
124
123
121
122
123
118
118
117
120
114
114
112
113
113
109
111
110
111
109
107
107
104
105
104
99
102
100
97
95
99
96
92
94
93
91
90
91
87
85
87
85
85
84
82
81
82
81
81
76
75
74
76
71
73
74
73
70
68
66
64
63
66
65
64
60
62
60
56
57
59
54
57
51
53
52
53
51
47
48
45
45
42
46
42
42
41
42
39
39
37
37
33
32
30
32
28
30
31
28
24
26
25
24
23
22
22
19
21
20
14
13
17
15
10
12
9
10
10
10
5
4
7
5
