629
626
628
624
621
622
619
623
618
618
617
616
613
612
611
611
611
611
609
610
607
605
606
605
605
601
599
602
597
600
598
595
596
594
594
594
589
591
589
591
588
586
585
582
581
580
579
582
582
579
576
575
577
575
574
575
570
569
571
566
566
565
563
566
564
561
559
562
562
556
559
555
555
556
555
551
552
553
549
548
545
549
547
544
546
543
541
538
539
541
539
538
535
532
532
534
532
528
531
527
526
526
523
527
526
522
521
518
519
516
520
516
518
513
516
511
509
513
508
508
505
508
507
507
501
500
504
499
500
501
495
496
495
496
492
490
491
488
489
490
489
488
487
484
486
483
479
481
480
477
478
477
475
475
472
470
471
473
469
470
465
468
468
466
464
463
464
461
460
460
459
454
458
454
452
450
454
451
450
449
447
446
446
442
443
441
443
443
437
440
435
436
436
436
434
435
431
431
429
427
427
429
428
423
425
423
420
422
417
416
419
417
413
415
414
413
409
413
408
411
406
404
403
402
405
402
404
402
401
401
399
399
393
397
395
390
394
393
388
389
388
385
386
382
384
385
384
383
380
381
376
374
377
374
376
371
371
373
370
368
365
368
368
367
363
365
361
358
357
359
356
357
353
354
353
352
350
352
352
350
345
346
343
344
342
343
343
338
342
338
340
338
336
332
333
335
333
333
331
329
326
325
325
324
322
321
319
320
321
319
318
318
314
316
313
313
309
309
308
306
308
306
304
302
303
302
301
298
301
301
296
297
297
297
296
295
292
292
289
291
286
287
287
287
285
285
281
278
279
281
278
277
278
276
273
272
271
272
271
266
265
266
265
267
265
263
264
263
258
256
257
258
257
255
254
254
252
253
249
251
247
244
245
245
245
244
239
241
242
237
237
236
238
233
232
232
234
232
230
230
229
224
224
222
225
225
222
218
217
221
216
216
216
215
211
212
211
208
212
209
205
206
204
205
201
204
204
198
198
198
196
198
198
197
191
193
189
189
191
187
186
189
183
182
182
183
181
178
180
178
177
178
173
175
176
172
170
168
169
171
167
166
167
163
162
164
161
161
158
161
158
156
157
157
155
155
152
151
150
146
145
148
144
143
145
140
143
143
137
137
137
138
133
136
132
132
134
133
132
131
128
128
126
126
126
125
119
123
120
116
116
114
117
112
111
112
110
111
109
107
110
109
106
106
103
105
103
98
100
98
96
97
96
95
94
90
94
89
92
87
86
85
84
82
82
80
83
83
82
77
75
79
76
72
74
74
73
73
71
71
69
65
67
63
63
60
64
63
59
61
58
56
54
57
52
51
53
53
52
48
47
47
44
47
46
42
41
41
40
40
38
35
38
36
34
30
30
33
31
30
30
25
24
26
24
22
23
21
20
20
15
14
15
16
11
13
14
12
10
11
5
8
4
7
5
