627
629
625
623
626
623
621
621
617
618
616
614
618
612
613
611
610
611
607
607
607
605
606
606
605
603
604
600
597
600
598
599
597
594
596
592
592
588
590
586
589
586
585
584
586
580
582
578
581
576
576
576
574
576
574
575
570
569
567
567
570
569
568
565
562
562
560
561
561
557
556
558
554
554
552
550
550
552
552
546
547
549
548
544
541
544
542
539
541
541
539
539
533
537
535
531
534
528
528
528
526
528
527
526
521
524
522
519
522
516
520
517
517
515
514
511
513
513
510
510
506
509
507
502
506
500
501
498
501
498
497
497
496
494
493
495
490
488
487
489
487
486
487
483
483
481
482
478
481
478
475
479
473
475
476
470
470
470
471
471
466
466
464
462
464
465
462
461
458
460
460
456
456
454
451
454
450
453
448
446
450
444
443
442
443
440
443
440
438
439
436
437
437
435
433
434
431
428
430
426
429
427
426
423
425
423
419
419
419
418
419
416
417
416
411
412
410
411
411
411
405
406
404
402
406
400
402
398
399
400
400
394
393
397
396
393
390
388
392
391
386
389
383
387
383
385
383
380
381
376
379
376
374
376
372
373
371
368
372
369
367
369
367
366
362
364
362
361
361
357
356
356
357
352
351
353
353
350
351
350
346
344
343
346
343
343
341
343
342
339
340
335
337
335
333
334
330
328
329
330
328
329
323
322
323
324
322
321
321
317
316
317
316
317
314
310
313
311
312
308
310
308
304
306
302
305
299
300
297
298
296
294
294
294
296
294
294
291
289
288
288
289
283
286
281
282
280
283
280
276
279
277
273
272
271
274
273
273
270
268
265
265
265
264
262
264
263
262
258
256
260
254
257
255
252
253
253
250
252
249
246
246
244
247
242
243
244
242
242
237
237
235
235
233
232
231
231
229
229
228
225
228
226
227
226
224
222
220
219
220
219
218
215
212
215
213
210
211
209
206
208
208
208
205
206
200
199
199
197
198
196
195
194
194
191
195
191
189
188
191
185
185
188
187
186
181
183
181
179
178
175
177
177
174
172
174
171
171
170
171
168
164
165
162
166
162
160
162
157
159
155
159
158
156
151
151
152
150
149
146
150
146
147
146
144
141
142
143
138
141
136
135
138
136
132
131
132
133
127
130
125
125
125
126
126
122
124
122
122
118
119
117
114
114
112
114
114
110
107
110
108
109
105
106
101
103
100
102
101
101
100
96
93
95
95
91
93
93
88
90
89
85
85
84
81
82
84
82
77
80
77
77
74
75
74
70
72
71
68
67
65
65
64
67
66
63
60
62
61
58
58
59
57
57
52
52
54
52
50
47
47
46
46
42
46
40
42
42
38
40
35
39
35
35
31
31
29
33
28
28
27
27
25
23
23
20
19
23
22
19
18
15
13
14
15
10
14
11
9
7
5
6
7
6
1
