628
626
627
626
626
623
619
618
620
616
619
615
618
616
614
614
612
608
608
608
610
609
604
605
605
604
600
602
601
597
598
597
593
597
592
594
594
590
587
591
585
588
588
585
583
581
584
583
579
580
578
577
576
572
575
570
572
572
568
571
568
564
568
565
565
560
560
563
557
561
557
557
557
553
552
551
550
550
552
550
549
547
546
547
546
545
544
539
541
539
535
536
533
534
533
531
531
529
528
530
529
529
525
522
526
520
519
520
517
519
516
517
514
513
514
511
513
508
512
508
509
507
508
502
505
501
504
503
500
498
495
499
496
493
496
490
494
489
489
488
487
484
484
482
486
483
479
482
482
476
477
476
478
474
475
473
469
472
472
467
468
465
468
465
466
463
462
460
457
459
460
459
457
453
454
452
454
452
450
451
446
448
448
442
443
445
440
441
437
440
436
434
434
435
433
435
430
431
428
429
429
425
424
426
421
421
421
418
418
417
416
414
418
412
416
410
412
408
411
409
407
408
408
406
401
402
403
399
401
397
398
396
396
394
393
393
392
393
391
388
389
384
384
385
384
380
380
378
378
376
379
378
378
374
375
371
374
369
371
368
369
367
364
364
366
361
360
360
360
358
360
355
357
352
355
351
349
348
349
350
348
345
345
343
345
342
341
342
340
340
337
335
337
333
333
333
329
328
329
327
330
325
325
326
323
324
322
321
321
319
316
318
313
317
311
311
310
309
307
309
308
309
305
306
301
301
302
302
301
298
297
294
294
292
291
290
293
290
292
291
290
287
285
283
284
284
284
281
277
278
275
276
274
273
274
274
272
270
267
266
269
268
267
265
262
261
260
262
262
257
257
258
258
252
255
254
252
252
249
249
247
247
246
246
246
240
240
240
242
239
235
237
233
237
235
232
230
230
227
227
230
226
226
226
225
223
221
219
221
218
219
217
216
212
215
213
210
210
210
209
207
208
208
204
205
203
199
202
200
197
198
196
193
194
192
191
192
191
188
189
185
185
184
187
184
182
181
178
182
178
178
177
174
177
176
175
171
169
169
168
169
168
164
167
164
163
164
160
158
161
155
158
156
156
155
151
151
148
148
148
147
145
148
147
146
142
142
142
142
138
135
135
133
135
131
130
129
133
128
126
126
129
125
126
125
121
122
122
119
119
120
119
116
113
116
114
114
111
107
108
106
109
108
102
103
102
100
101
102
101
95
97
93
93
91
90
92
89
89
91
88
84
86
84
86
84
84
83
78
77
78
76
77
73
74
73
69
73
67
66
68
66
67
64
64
65
62
61
59
60
56
54
58
57
53
50
50
51
47
49
47
46
48
46
42
43
43
43
39
39
39
36
34
32
32
31
31
32
32
27
27
25
28
26
25
21
21
20
19
20
18
15
16
13
11
11
11
11
7
10
10
7
4
5
4
