630
626
627
625
626
620
619
623
620
617
618
617
614
614
614
612
611
610
610
610
609
607
607
607
603
601
602
598
602
601
597
594
595
597
596
592
589
593
587
589
589
589
585
582
583
581
584
579
578
580
576
576
575
573
574
571
569
570
569
566
565
565
564
563
561
563
562
562
562
556
560
554
558
553
552
552
552
550
552
550
547
547
544
543
543
543
539
542
539
538
536
538
538
533
531
530
529
533
527
527
526
526
527
525
524
525
520
523
522
517
519
516
516
516
514
513
510
508
509
511
506
506
507
502
503
502
499
502
502
500
497
497
495
497
492
495
494
488
488
488
488
489
483
483
484
482
481
481
478
480
480
477
475
473
473
475
470
468
467
469
470
468
467
464
466
465
461
458
460
459
456
454
455
457
456
451
452
448
449
446
446
448
444
444
442
441
440
440
441
439
439
437
437
435
435
432
432
429
429
427
429
427
423
426
424
423
419
418
419
421
418
418
417
415
414
414
411
411
410
411
407
407
405
405
405
405
399
400
398
400
397
396
393
394
395
393
390
390
390
388
385
385
383
387
381
380
382
381
380
381
376
377
374
375
375
374
373
370
370
371
369
364
365
364
364
361
360
358
358
361
355
359
353
356
351
350
353
352
352
348
348
346
344
345
345
340
343
340
341
341
335
337
336
333
332
334
332
332
329
326
325
326
327
326
322
320
323
323
322
316
320
318
315
312
313
312
310
310
310
306
310
305
303
306
306
300
300
298
300
298
297
297
295
292
293
292
294
288
289
291
290
284
287
284
284
283
282
282
280
281
280
275
273
275
274
275
269
269
267
268
265
264
267
265
265
260
261
258
261
259
260
254
257
257
251
250
251
250
248
250
247
248
246
242
246
245
242
239
237
236
240
237
238
232
236
235
234
233
232
231
229
228
224
226
221
221
222
223
222
220
216
215
215
217
211
215
210
210
208
207
205
206
206
203
205
205
202
201
197
198
198
198
195
194
195
195
190
191
191
188
187
185
186
183
183
182
180
179
180
181
180
177
177
176
176
172
172
171
168
167
168
166
168
167
165
164
159
158
157
160
158
156
153
153
151
153
153
148
147
148
150
149
147
146
141
140
142
143
138
140
137
135
136
135
131
132
133
128
130
128
125
127
125
126
125
123
124
118
120
118
116
114
113
117
112
111
110
112
107
109
105
107
108
106
106
100
100
103
99
98
99
97
96
92
91
95
89
88
91
88
86
84
85
82
83
84
83
80
82
81
79
78
73
74
73
75
71
71
67
69
69
66
65
62
61
61
60
62
60
57
55
56
53
57
55
54
52
53
52
51
46
45
44
45
43
44
40
41
38
39
38
35
37
32
35
33
30
30
29
30
29
24
23
23
25
21
21
23
20
19
20
14
17
17
13
12
13
9
12
7
5
7
5
4
6
