629
629
628
624
622
620
621
622
620
619
617
619
614
615
614
611
612
610
607
609
605
608
608
602
601
602
602
600
601
598
596
595
595
597
594
590
591
589
591
590
587
584
587
585
585
582
582
581
582
578
580
574
575
572
575
573
573
569
572
569
568
567
565
563
562
563
564
560
562
559
560
558
553
553
555
552
553
553
552
548
546
549
544
542
544
545
539
541
542
539
540
539
535
537
532
532
530
530
528
527
525
527
525
527
522
525
520
521
519
516
518
517
513
512
514
510
512
508
511
510
507
508
505
503
502
503
502
501
501
497
496
495
496
495
492
495
491
491
491
486
489
486
484
486
482
482
482
481
482
478
475
474
473
476
476
475
473
468
469
467
468
465
463
467
465
462
463
458
462
456
455
454
458
456
455
451
451
449
448
451
447
447
445
447
446
442
444
441
442
438
440
434
435
432
435
431
430
429
430
431
429
425
428
425
422
425
424
420
422
416
416
415
415
417
414
410
411
411
412
408
405
406
405
406
404
401
403
401
397
399
396
399
393
392
392
391
391
388
388
391
388
388
387
387
382
384
381
378
379
377
376
375
377
374
374
373
374
373
367
366
369
366
363
366
362
361
360
358
362
357
358
357
358
357
356
350
350
353
350
347
348
344
345
342
346
342
343
341
340
339
339
335
338
332
332
330
332
333
332
328
330
326
326
323
326
324
321
320
319
317
320
314
315
316
312
315
310
311
307
311
307
308
304
306
305
302
301
301
297
300
295
299
294
296
294
290
294
293
292
291
289
284
284
285
286
283
280
281
277
281
277
278
277
275
274
272
272
272
271
271
267
267
263
263
264
260
260
258
262
256
257
259
258
252
252
255
249
249
248
250
245
247
247
244
245
241
241
242
237
238
239
237
234
237
236
233
231
233
231
227
229
227
225
223
222
225
223
222
220
217
219
218
215
214
216
211
213
213
212
210
210
209
203
205
205
201
200
202
197
199
198
199
194
197
196
190
189
190
188
190
189
184
187
185
184
180
179
181
181
176
176
174
177
172
174
172
170
169
169
169
166
166
168
162
164
161
159
163
162
158
158
154
153
155
151
152
152
150
152
149
147
147
145
144
143
142
141
142
137
136
135
137
136
132
136
135
134
130
127
131
127
127
125
125
121
125
120
123
119
119
118
118
116
114
113
113
112
108
108
109
106
106
104
103
103
100
104
101
97
99
98
98
94
97
94
90
94
92
89
89
88
87
88
87
82
82
83
81
80
81
76
76
77
74
76
72
73
72
71
71
69
64
64
64
66
63
61
61
60
58
58
55
54
52
51
55
54
48
52
51
48
46
46
44
42
42
40
42
39
36
39
37
36
37
36
31
29
28
32
29
27
25
25
22
22
23
22
22
22
19
20
17
17
15
14
10
10
12
7
9
8
4
8
4
5
