629
627
627
626
624
621
619
621
617
621
619
619
617
613
615
611
610
613
610
607
605
607
607
606
606
604
601
601
598
600
595
599
598
596
594
594
592
592
587
589
589
584
583
586
584
584
580
583
577
578
575
578
576
572
576
571
571
569
570
569
570
568
568
566
562
562
562
559
560
557
559
559
558
556
551
553
551
548
547
547
546
546
544
543
543
541
543
540
540
540
537
536
536
535
533
535
531
529
531
530
527
525
526
525
522
520
519
519
519
517
519
518
518
514
514
513
509
513
510
506
509
506
503
502
501
500
504
502
498
499
499
496
493
496
495
490
489
490
492
486
487
488
486
483
482
484
484
478
481
480
478
474
477
473
473
475
469
472
470
469
469
466
464
466
466
462
459
460
457
461
457
458
455
454
455
450
453
452
448
451
447
445
445
446
444
444
441
438
437
440
440
437
433
434
433
430
433
430
429
431
428
428
427
425
426
421
421
423
422
419
418
416
416
416
416
412
412
413
411
407
405
404
404
402
406
402
401
400
402
401
400
394
398
396
393
394
393
389
391
386
389
385
384
384
382
382
381
381
381
376
379
379
375
374
372
375
369
369
367
366
370
368
363
364
363
362
363
360
357
360
356
359
356
356
351
354
352
353
350
346
347
347
347
346
345
343
339
343
338
339
337
334
335
337
333
330
332
331
330
327
328
324
328
323
324
325
320
322
320
316
315
317
316
315
316
312
310
309
312
310
309
308
304
305
301
300
301
303
298
300
299
299
297
295
292
290
289
290
288
287
288
287
284
287
281
283
280
279
279
277
279
274
276
276
276
274
273
268
270
271
269
269
265
265
261
262
264
258
262
257
259
256
256
254
255
255
251
253
251
250
249
244
244
243
242
240
239
240
239
241
235
239
237
235
234
233
233
233
231
231
230
226
228
223
226
221
219
221
219
216
218
215
216
216
212
212
213
210
209
209
208
209
204
207
206
202
200
200
200
201
199
199
196
192
191
193
191
188
190
187
187
186
185
187
184
180
184
179
179
179
177
176
176
173
171
174
173
168
167
167
170
167
165
167
165
162
159
163
159
157
157
159
157
157
155
155
153
152
148
151
148
149
147
142
146
142
142
139
138
140
138
137
133
135
131
131
134
129
129
127
127
124
125
124
126
122
122
122
118
118
115
115
116
115
114
112
114
111
111
106
106
105
108
107
101
104
103
101
100
100
97
99
94
96
95
90
91
92
88
89
85
89
83
83
81
84
84
81
77
81
78
75
76
73
75
71
70
73
70
68
68
66
66
62
65
64
60
63
58
58
59
55
57
56
52
53
49
50
48
48
49
49
43
46
45
45
44
42
41
40
36
38
37
37
31
31
30
32
29
29
30
24
28
27
25
22
20
18
19
21
19
17
15
15
11
12
14
13
8
10
5
5
4
5
4
