628
627
625
622
624
623
624
618
617
619
617
616
617
613
612
615
614
610
610
610
607
608
606
606
603
603
599
601
599
600
596
597
597
592
591
592
593
590
589
589
586
586
587
586
581
585
581
578
577
581
577
576
573
574
576
570
572
568
570
569
566
567
563
562
562
560
564
558
559
558
555
556
556
557
555
555
554
553
550
551
546
544
545
542
542
545
544
538
539
537
539
535
536
536
532
532
529
533
530
528
528
528
527
522
526
520
519
522
517
518
519
514
513
515
514
512
514
512
508
506
506
505
507
505
506
504
501
499
498
500
496
496
496
495
494
494
493
488
487
487
488
489
484
485
486
481
484
482
478
481
475
478
475
472
473
474
472
468
470
467
467
468
464
466
466
460
460
459
460
458
458
456
458
456
455
453
451
450
448
447
447
446
448
443
446
445
443
440
439
440
435
436
435
433
436
431
434
432
431
426
430
425
425
422
423
421
420
422
418
416
419
415
414
416
413
413
414
411
412
409
406
406
403
403
404
400
403
400
402
399
399
394
394
392
392
393
389
391
387
390
387
389
386
386
382
382
383
379
379
379
376
376
377
376
375
372
370
373
370
370
366
369
366
362
363
362
360
362
360
360
355
355
355
352
356
350
352
348
352
349
345
344
347
344
343
341
344
340
340
340
335
339
335
335
332
332
332
331
331
328
329
328
328
324
324
325
324
318
322
318
315
318
316
315
314
310
311
311
307
310
305
306
303
306
302
305
304
301
302
296
295
299
297
294
292
295
294
291
289
287
288
287
288
283
283
284
282
278
278
279
279
278
276
277
274
275
272
270
268
266
267
264
264
263
265
263
261
262
259
256
259
256
258
255
253
253
249
249
248
246
247
246
248
245
244
245
242
242
239
238
238
237
238
232
232
235
232
233
231
231
226
225
228
222
225
225
219
220
220
218
220
214
217
213
216
215
211
209
209
207
209
208
206
204
202
205
202
203
201
201
196
195
198
195
194
190
189
189
188
187
185
185
187
186
181
185
180
179
177
177
178
176
174
173
172
170
171
168
169
169
166
165
165
165
166
162
161
158
158
160
159
158
158
157
155
152
154
148
150
146
145
146
144
145
145
140
139
142
141
137
135
139
135
136
132
130
131
130
132
130
125
129
123
123
121
123
123
120
118
121
116
116
113
114
116
111
111
113
109
106
105
109
106
104
106
103
103
103
102
100
96
99
98
97
91
92
93
90
89
91
85
84
87
87
81
80
79
82
80
78
80
74
74
75
76
74
73
70
72
69
67
69
68
62
65
63
63
59
60
61
58
56
54
56
51
55
54
52
49
48
45
49
44
45
44
42
44
38
41
37
39
35
34
33
35
30
32
28
31
31
25
29
26
25
26
23
23
21
22
17
19
19
17
16
13
13
10
11
9
10
9
4
8
4
6
