627
628
626
626
625
624
624
620
622
620
620
614
615
613
612
610
612
610
608
607
610
606
606
606
602
600
599
603
602
599
596
599
594
596
593
591
592
593
592
589
586
584
587
583
585
585
580
583
579
576
577
575
574
574
572
571
574
573
571
570
570
568
565
566
564
563
561
563
557
560
559
555
558
555
552
551
554
551
548
547
547
549
544
546
544
541
543
541
538
539
536
539
536
534
536
530
530
528
531
529
528
524
525
526
525
523
524
520
521
516
519
519
513
515
513
515
509
509
512
508
508
506
506
507
506
505
503
502
499
497
498
499
495
493
496
491
490
491
487
491
490
487
488
485
481
480
479
483
479
478
476
479
478
473
473
470
472
470
472
469
469
464
465
463
466
462
459
459
457
460
459
458
455
454
454
450
453
449
450
450
450
447
445
445
444
443
439
441
437
439
439
438
434
434
436
430
431
433
431
427
426
425
425
427
424
424
419
419
422
421
420
414
416
414
413
413
409
408
407
409
405
405
406
406
406
400
401
399
397
400
398
396
394
392
394
390
390
393
388
388
390
386
386
383
381
385
383
379
380
380
376
379
376
375
376
373
373
372
372
371
365
367
367
367
361
362
362
359
360
359
357
358
354
354
353
355
354
352
351
351
346
346
347
347
343
341
342
341
340
337
339
337
334
336
334
332
330
328
331
326
329
328
326
323
321
325
320
323
320
316
319
316
317
317
314
311
310
308
312
308
305
304
306
305
303
303
299
300
301
299
298
296
298
292
295
294
289
291
289
288
288
286
284
283
284
285
282
279
280
280
278
274
276
275
272
270
270
270
271
270
269
264
267
265
266
264
262
262
257
257
259
254
256
257
256
250
254
253
249
250
247
247
243
243
244
244
241
238
237
237
240
234
237
236
235
231
232
228
230
229
229
229
228
225
222
220
222
222
220
218
220
219
218
214
211
214
209
211
212
209
210
206
205
206
206
204
201
201
202
197
200
198
193
196
191
193
191
188
189
189
188
184
184
184
183
180
184
182
177
178
175
179
177
176
172
174
172
169
172
171
165
164
164
166
162
162
163
158
158
160
157
155
154
155
152
154
149
151
151
146
146
148
143
142
146
144
144
141
138
136
136
135
135
135
134
133
129
131
127
127
129
127
126
126
124
122
120
122
120
119
120
118
117
113
115
114
111
113
111
107
106
108
104
107
104
103
100
99
98
99
98
96
95
96
92
95
92
90
92
88
89
87
84
82
86
83
82
79
81
78
79
78
74
75
76
72
73
72
70
71
65
69
63
67
63
62
60
59
58
61
60
57
57
53
52
52
49
48
52
47
47
49
43
44
43
41
44
39
42
41
36
36
38
36
36
31
33
33
28
29
25
24
28
26
25
21
19
23
22
16
19
15
16
13
16
10
9
12
7
6
7
6
8
2
5
