738
981
339
964
750
311
28
609
624
435
886
185
27
549
299
301
811
559
592
316
77
734
952
726
247
288
184
142
989
717
593
280
187
556
261
51
394
429
980
174
318
192
606
466
995
591
223
364
105
802
562
462
988
901
965
355
135
838
449
259
347
820
336
670
143
744
270
53
5
447
43
967
810
779
829
148
273
781
478
244
690
862
303
27
994
975
928
673
586
576
391
912
766
159
815
16
735
903
852
935
120
674
127
626
191
922
442
363
987
328
510
560
88
113
294
478
895
363
168
746
542
887
375
260
755
68
976
388
815
880
79
140
48
723
968
316
629
540
162
484
275
65
194
971
110
175
396
334
827
438
887
204
792
794
554
537
370
390
309
177
550
146
788
247
11
874
439
41
493
436
370
149
449
243
616
415
267
706
855
680
693
455
122
812
615
719
267
622
706
515
898
667
835
314
952
553
453
371
322
487
352
267
524
74
788
581
515
593
778
84
616
941
508
33
565
547
966
547
614
64
39
833
409
674
430
727
484
272
222
51
761
370
290
106
281
347
636
322
345
855
717
186
751
412
898
946
105
247
512
808
751
127
881
875
977
595
240
256
685
347
615
580
14
442
910
690
355
633
198
408
524
548
547
61
175
239
986
342
280
382
576
760
131
152
934
552
822
215
874
57
44
409
576
570
340
4
645
83
655
2
12
56
599
381
670
673
503
838
303
543
699
258
737
142
697
3
54
458
216
29
623
666
34
597
19
69
262
59
443
271
295
440
289
714
212
7
399
685
714
210
643
1000
517
361
338
626
911
136
234
466
599
904
54
627
307
458
431
247
414
122
66
188
595
526
515
211
447
149
143
654
913
901
918
859
704
113
412
710
295
33
100
876
427
78
877
92
263
373
746
668
550
830
806
611
281
304
816
197
68
334
656
687
880
515
900
791
861
513
322
646
247
311
946
684
85
418
621
761
330
965
81
914
179
857
825
187
878
77
423
560
325
969
776
803
793
577
918
96
843
236
680
79
878
585
658
413
250
780
985
392
322
325
235
865
548
561
980
137
785
105
530
971
316
493
3
854
507
219
153
378
21
632
820
340
930
39
765
306
516
606
791
182
34
373
291
213
124
421
748
142
46
533
324
813
928
983
944
563
277
423
724
651
770
353
349
291
931
23
859
803
761
655
332
13
45
325
901
125
523
28
6
448
710
1
286
852
106
458
941
392
607
631
208
342
922
105
202
287
968
893
675
649
617
507
618
565
735
71
214
818
794
545
284
658
849
432
526
621
350
73
581
847
797
604
777
667
122
317
519
763
593
256
729
194
417
449
321
682
938
499
326
554
56
819
502
282
901
740
40
642
329
933
912
679
336
939
671
265
901
893
617
519
440
843
330
315
714
229
943
763
126
762
914
154
632
218
375
796
496
420
267
468
506
873
894
288
179
314
183
218
205
322
357
847
557
899
378
889
815
481
469
782
298
839
602
307
340
11
280
53
903
975
303
905
19
238
187
396
851
550
139
231
205
659
687
649
49
298
454
870
975
404
293
977
512
300
170
595
656
145
807
207
978
59
625
952
463
43
999
960
451
193
644
95
887
703
715
826
767
752
346
513
96
525
834
505
271
25
612
951
575
280
170
913
428
188
385
429
305
499
790
661
672
182
735
869
697
877
944
581
69
978
432
590
762
83
949
573
269
539
325
788
415
177
260
937
78
745
950
108
654
723
897
714
128
988
487
609
176
797
767
882
869
597
490
429
285
188
255
452
659
352
266
145
745
719
223
311
92
595
808
818
434
148
114
480
911
13
542
857
606
293
116
945
49
268
512
470
842
178
381
496
396
601
198
65
173
298
239
593
88
162
201
247
127
923
950
316
49
579
886
755
233
596
177
944
88
975
465
555
88
567
62
915
553
837
418
603
615
532
828
554
567
46
607
357
877
26
778
114
98
771
54
283
31
521
790
822
887
225
354
948
684
441
952
480
416
183
799
832
789
75
922
585
810
344
856
955
430
751
329
180
929
87
417
963
32
550
613
494
842
457
151
885
248
644
213
452
59
682
542
714
91
185
813
220
342
249
347
972
351
39
323
373
208
311
242
689
91
955
14
16
59
308
240
226
291
421
5
496
708
16
201
163
232
275
457
101
246
829
791
495
582
522
809
79
746
452
831
259
866
891
796
661
629
228
377
299
775
391
904
112
717
371
307
530
96
691
726
543
943
439
456
154
35
750
237
150
604
97
997
479
393
829
758
151
262
666
924
779
916
662
744
447
291
184
741
411
701
511
