130
144
111
379
616
980
668
327
210
232
591
206
808
156
981
45
194
663
434
150
198
201
77
612
188
709
590
138
532
92
822
997
440
131
572
413
393
318
29
724
441
853
892
921
885
919
478
39
684
338
235
9
245
732
579
751
611
962
213
783
421
928
568
273
28
213
289
993
45
142
545
385
584
423
978
918
347
555
377
261
395
664
68
363
245
658
884
956
877
628
833
5
694
914
42
866
427
906
505
320
479
292
767
338
971
838
638
713
452
987
126
304
195
0
108
379
314
807
578
12
167
231
905
208
29
633
137
351
246
554
607
160
87
795
306
933
498
66
227
934
475
665
832
741
319
988
28
908
607
733
879
495
788
67
578
470
399
979
797
451
773
411
566
17
824
421
525
767
540
928
221
762
613
23
773
826
487
228
983
134
791
404
362
266
300
966
709
960
866
590
782
978
499
525
144
832
742
279
876
115
2
17
206
304
714
280
930
237
483
163
460
178
279
211
383
856
582
573
473
194
788
970
162
853
557
651
700
394
666
612
588
317
380
244
423
862
344
117
692
366
167
483
98
76
894
521
138
620
347
630
645
591
830
597
452
682
954
861
258
613
597
610
87
392
959
206
433
196
441
255
270
271
464
120
624
531
107
95
577
884
528
232
967
230
324
754
245
362
788
816
667
740
91
372
164
402
307
638
256
297
244
378
75
156
903
853
927
235
837
355
215
829
771
43
664
729
906
413
851
28
225
281
402
201
521
312
959
160
177
804
733
917
568
999
642
138
395
778
36
314
578
603
402
312
333
238
635
908
193
599
169
502
688
527
341
239
423
971
273
818
183
838
815
119
813
113
52
548
310
800
5
450
581
267
203
610
891
470
271
164
149
688
297
897
562
763
804
107
52
693
567
209
358
194
910
188
439
437
793
580
61
199
501
26
842
707
415
93
677
987
450
205
683
245
831
153
858
361
106
256
128
76
479
256
130
770
892
102
315
193
22
577
446
63
44
201
226
295
996
198
125
919
264
259
670
358
313
985
154
164
604
673
881
93
648
58
554
147
681
177
82
124
463
722
783
992
782
255
534
585
262
346
997
553
730
44
390
543
386
760
756
536
816
395
912
991
901
876
732
81
839
991
279
605
21
727
280
586
388
49
357
684
47
606
783
816
295
926
178
636
820
646
121
36
298
242
746
218
700
991
457
314
272
621
384
835
784
599
354
473
913
612
154
668
174
899
428
567
73
812
389
546
788
734
146
564
760
101
186
154
901
293
112
260
541
349
141
15
881
350
421
436
911
186
591
769
415
906
333
403
115
500
915
309
456
775
425
166
377
995
966
355
164
943
945
931
573
941
2
252
971
577
458
60
24
417
743
154
995
459
312
505
250
435
817
495
861
322
499
267
343
487
758
500
287
291
994
910
766
768
892
709
438
455
797
316
365
418
554
892
116
143
189
750
422
278
373
417
83
269
524
87
564
628
751
254
17
701
824
400
810
194
495
45
496
253
331
906
906
135
269
604
739
563
657
510
607
506
194
192
356
422
29
962
906
109
774
893
40
360
584
538
631
403
494
751
629
987
740
951
401
915
184
427
253
120
48
226
77
570
519
286
2
176
736
521
42
707
742
865
477
731
289
615
670
407
462
188
828
214
403
876
616
966
548
125
220
561
676
237
723
721
368
815
69
998
811
108
600
295
488
476
199
703
668
708
96
270
561
854
328
795
784
78
782
510
944
844
324
882
547
351
858
552
69
853
838
428
833
59
893
632
864
728
934
323
147
366
706
119
523
501
524
56
122
290
920
424
33
853
717
35
931
338
469
848
538
892
616
992
965
388
413
463
304
942
916
618
442
207
884
53
331
136
484
129
895
276
986
317
699
175
645
814
129
474
205
615
998
867
219
308
924
896
539
861
43
266
375
987
109
515
852
684
962
779
13
523
850
245
44
441
351
129
105
987
930
861
508
968
974
70
249
540
986
943
787
921
433
81
895
465
897
643
718
344
145
355
882
704
92
144
397
486
231
38
390
348
746
262
180
287
835
344
546
214
973
485
231
780
564
892
187
19
197
535
49
465
405
921
313
356
266
829
297
621
368
615
500
508
636
237
790
638
430
719
618
159
333
779
652
414
685
225
625
245
627
998
83
517
476
190
1
625
747
776
662
556
753
121
338
285
842
311
960
713
17
918
18
466
477
54
874
99
391
186
417
355
767
780
857
650
928
378
736
810
730
370
903
177
632
702
227
930
959
474
9
302
926
175
575
442
512
889
259
144
678
51
651
368
