650
710
488
384
729
874
3
674
455
80
858
311
20
548
160
438
904
801
393
298
184
42
293
842
377
459
997
510
901
387
190
859
189
236
710
263
123
420
156
851
365
860
114
999
947
658
149
775
693
366
296
250
915
859
217
52
711
232
488
278
720
455
107
791
822
304
210
790
762
957
663
848
954
649
38
247
96
120
405
701
835
599
814
175
654
907
891
433
770
349
449
69
799
964
33
187
667
100
612
39
424
814
63
836
901
893
725
512
831
882
55
837
818
197
642
381
614
656
394
587
987
434
43
642
844
562
193
953
672
698
727
42
725
83
224
444
144
803
807
294
986
504
157
182
656
337
482
409
758
627
273
503
380
383
123
926
100
324
26
150
261
49
704
59
973
160
811
473
106
799
30
148
583
278
320
731
950
424
995
802
834
445
295
909
689
418
578
552
95
487
406
78
445
462
77
859
475
491
528
476
154
584
106
757
309
547
14
975
699
981
165
604
792
447
232
860
191
328
209
455
735
829
832
783
563
374
432
195
681
498
925
251
521
784
692
236
968
154
174
697
139
580
530
548
529
142
399
498
280
794
840
839
289
943
671
989
752
726
237
947
942
70
889
399
661
142
564
519
851
368
793
652
55
964
537
721
219
235
975
958
427
341
729
264
121
580
556
716
476
914
974
51
362
973
712
246
214
174
739
986
289
4
708
217
166
607
717
269
172
262
382
229
809
257
419
60
706
995
233
865
924
753
676
49
749
527
287
609
397
440
59
799
191
917
844
582
410
106
422
243
841
14
540
165
161
689
322
805
898
720
577
411
464
977
570
979
260
84
57
340
515
487
770
476
544
60
336
792
726
448
123
583
284
54
323
924
362
102
165
233
800
977
932
189
853
439
660
898
362
667
814
637
312
732
890
880
500
520
6
351
208
233
996
1000
652
73
992
629
68
157
716
186
60
190
591
716
919
327
395
107
330
629
78
416
313
652
154
252
915
839
112
251
135
476
532
692
255
535
551
909
390
236
568
205
183
641
569
116
884
245
828
633
915
266
857
239
603
788
813
760
8
596
535
331
394
562
815
340
382
967
102
102
304
475
476
364
78
565
572
264
995
686
330
428
745
832
187
656
173
33
188
69
366
994
87
118
259
597
543
311
61
770
736
782
926
633
296
458
625
330
656
393
704
10
72
158
756
723
370
967
735
538
421
886
75
145
474
746
396
869
372
706
590
0
569
794
180
767
934
805
862
607
839
686
378
216
705
849
110
42
201
446
648
545
71
901
752
116
981
475
257
771
266
426
703
118
954
411
582
322
50
872
787
702
412
833
606
257
328
746
797
751
401
926
974
692
264
271
483
955
117
664
327
679
927
266
575
232
411
486
781
321
595
975
139
903
436
245
716
996
337
222
790
87
640
455
843
999
211
599
601
38
127
911
971
653
1
610
104
682
914
918
384
374
343
268
637
217
94
307
885
640
618
593
370
856
866
576
537
278
511
982
48
146
347
693
31
722
110
508
144
459
343
39
172
474
619
468
558
932
776
976
507
719
732
565
967
776
454
478
136
64
911
364
335
459
508
942
86
608
431
281
935
509
919
991
950
165
462
831
755
240
558
778
262
277
163
343
629
893
844
655
691
367
129
332
133
44
132
613
470
82
911
282
142
211
222
449
181
235
920
380
918
468
852
790
165
487
534
213
381
413
29
318
481
146
6
610
92
764
253
618
962
462
782
918
785
139
233
187
844
98
405
322
333
428
524
539
744
165
56
735
920
688
376
112
341
651
65
366
150
737
644
901
319
286
83
377
565
771
551
436
454
868
770
651
466
366
535
811
351
827
65
376
155
701
202
138
541
978
507
555
162
370
424
528
247
136
803
997
550
157
251
630
476
202
610
745
922
280
939
673
662
424
251
570
773
333
417
35
840
924
577
826
556
954
388
835
479
316
815
414
981
339
835
770
394
885
381
988
9
902
620
510
259
239
248
635
875
1000
619
226
444
40
883
508
743
948
12
692
757
447
706
972
617
567
490
171
446
942
510
663
406
981
579
789
60
9
90
280
187
397
79
149
847
956
869
541
494
500
173
235
394
31
216
751
536
615
98
65
610
321
166
318
222
986
776
394
192
885
805
250
685
747
406
864
590
398
136
977
432
432
27
514
165
786
27
319
664
783
860
223
626
739
967
820
591
839
437
290
170
963
648
998
738
91
171
499
50
44
586
538
30
172
433
746
877
681
544
892
966
477
88
867
39
444
385
510
908
613
228
348
100
735
215
871
262
0
507
33
