514
86
943
793
645
319
992
491
488
729
197
347
492
637
470
396
887
496
221
103
413
976
665
250
399
768
475
789
496
584
870
150
655
966
527
78
895
79
326
380
928
639
654
786
975
947
258
174
248
334
387
641
982
728
477
636
186
611
598
264
360
647
82
812
820
835
401
462
663
260
36
585
642
231
345
144
28
462
514
12
902
530
89
642
495
153
659
135
535
950
436
164
377
22
824
574
551
759
924
392
473
5
66
471
415
631
909
78
246
409
980
662
889
270
826
14
417
967
721
575
0
44
865
76
782
851
945
497
269
928
969
879
252
347
959
4
876
749
818
738
146
867
747
614
192
647
722
616
708
206
187
767
380
80
785
958
942
605
811
535
5
605
631
168
357
241
239
998
825
512
341
500
118
87
692
110
165
540
758
451
708
398
695
939
247
177
972
85
851
447
82
599
562
659
361
701
76
320
405
932
512
586
153
863
863
300
238
731
838
369
419
811
0
666
130
624
496
20
687
643
660
704
45
17
179
517
400
807
774
963
23
390
959
82
417
432
337
164
913
452
333
642
783
781
51
576
580
135
757
470
429
641
78
845
653
116
378
266
937
640
124
481
394
635
2
860
194
484
815
706
683
145
676
75
614
476
464
116
933
131
956
183
792
595
883
831
182
914
614
44
83
53
321
128
732
293
748
573
33
626
133
858
211
614
364
602
150
202
748
669
529
956
339
7
736
917
679
256
846
894
562
584
257
325
441
267
395
715
677
879
765
171
808
379
969
223
361
279
181
999
862
397
496
205
541
126
261
522
303
496
789
245
856
293
64
992
432
898
349
114
894
776
857
40
499
758
489
627
825
452
332
140
718
97
717
543
29
749
725
986
181
180
964
172
895
818
751
325
682
720
315
370
611
4
834
521
881
205
494
557
23
960
263
799
970
482
261
262
401
333
660
340
742
137
273
732
657
336
20
416
857
911
79
20
80
166
829
327
967
716
566
890
181
489
631
808
409
648
262
229
296
747
104
265
152
655
90
102
985
20
456
460
921
839
771
828
239
220
903
233
703
278
523
844
799
579
394
15
892
154
293
724
501
810
821
718
700
69
751
560
125
466
647
94
152
32
188
292
873
567
474
67
615
202
323
356
46
700
681
598
175
635
165
612
892
86
998
357
217
934
98
96
585
645
875
541
272
720
964
126
780
702
927
296
44
798
691
981
934
763
724
693
898
49
903
697
610
348
436
129
125
239
501
510
779
28
330
493
844
475
302
931
854
387
327
623
109
718
862
925
403
680
739
267
74
940
160
397
495
569
943
398
401
791
301
76
701
258
443
73
605
445
326
319
291
644
759
604
285
602
236
136
911
216
536
168
816
840
853
650
180
766
764
811
238
864
747
715
779
542
555
788
351
690
965
184
573
685
431
654
545
18
730
246
250
449
283
33
886
95
206
934
45
707
22
105
37
970
463
236
380
442
780
274
357
54
251
413
516
224
918
374
495
658
23
32
703
136
853
940
981
867
828
770
605
699
743
860
753
344
276
169
113
120
854
257
637
270
576
611
209
823
129
574
346
330
542
452
212
826
621
786
779
695
515
64
19
910
521
74
364
395
197
861
210
199
372
120
497
89
739
781
426
824
74
809
720
568
259
227
967
418
243
923
818
562
786
954
95
813
979
401
791
510
307
661
853
666
36
857
601
444
831
703
33
846
329
251
756
286
178
953
79
281
23
394
9
102
483
334
217
694
131
157
864
251
550
714
673
514
541
966
89
442
410
638
393
881
692
814
492
324
788
170
249
171
882
971
508
652
284
709
450
460
701
72
744
386
201
303
705
183
33
9
91
352
445
899
424
33
750
562
347
52
175
57
708
132
804
744
10
35
169
735
869
957
291
565
86
49
396
402
253
317
14
696
442
527
734
602
505
512
1000
420
905
47
467
933
827
781
230
111
379
324
243
205
8
564
508
357
723
915
528
439
398
343
484
637
125
835
938
568
270
530
674
887
615
526
706
229
358
333
281
969
636
986
38
915
506
47
332
972
124
641
431
97
762
972
484
365
139
867
117
947
570
244
455
494
905
288
480
386
467
779
8
19
455
516
766
544
59
77
553
776
670
74
710
937
925
255
314
227
228
167
128
711
260
263
288
253
191
953
123
996
978
853
547
584
447
743
836
556
597
994
569
182
924
272
320
705
444
321
83
334
83
95
642
788
838
253
356
963
69
702
164
514
718
756
933
141
586
97
218
853
973
699
218
403
509
832
204
785
863
432
309
360
324
408
332
613
