606
575
201
16
144
241
86
278
208
780
148
999
548
978
740
863
105
919
31
282
587
233
493
631
783
970
598
866
619
595
731
72
464
943
107
97
563
2
84
497
167
605
111
603
964
487
238
89
874
706
132
711
279
866
551
8
975
782
698
628
137
385
4
396
757
307
621
876
64
777
15
297
990
384
979
914
814
776
171
378
498
639
635
705
930
452
775
903
791
798
581
974
56
598
635
336
438
407
340
69
847
53
157
169
351
216
124
273
919
214
382
487
58
479
692
419
626
255
409
797
709
427
193
176
477
598
662
705
332
880
556
944
895
52
491
605
540
373
486
754
824
303
182
760
639
306
187
839
581
787
640
503
608
342
130
4
352
620
634
117
799
625
174
432
574
168
408
829
510
724
511
497
128
123
562
479
639
591
821
534
207
340
305
386
195
628
386
327
370
614
951
618
601
901
128
865
850
283
452
374
528
905
96
468
83
422
839
563
476
434
564
854
688
579
975
156
609
597
309
442
779
587
843
137
282
929
15
616
190
52
637
318
614
403
176
916
847
85
1
316
418
918
945
290
754
171
727
904
749
946
921
280
516
115
943
678
434
455
984
389
344
30
470
816
639
615
330
916
215
724
892
809
516
316
797
849
839
914
773
936
162
41
653
618
787
167
814
348
438
219
312
42
759
518
558
315
503
767
821
477
232
366
369
185
575
279
692
724
951
478
842
738
780
947
285
988
21
694
861
671
66
766
624
565
615
573
697
15
527
696
375
707
442
36
841
982
520
584
594
172
40
778
492
158
406
818
771
712
854
598
470
706
42
168
164
239
185
372
10
208
149
2
687
0
829
898
30
159
460
796
412
63
247
259
128
673
853
29
561
55
356
608
214
940
134
522
636
219
765
586
376
622
104
409
405
944
255
362
547
844
136
233
13
840
36
390
900
893
671
511
928
201
479
508
574
549
221
360
707
944
746
69
170
76
784
885
412
234
668
112
778
919
507
954
796
793
904
569
607
311
657
535
201
760
75
220
605
415
726
697
598
576
54
632
441
381
459
404
926
560
885
494
180
491
419
155
129
389
151
559
239
359
387
445
217
571
321
952
422
165
892
157
518
395
456
82
951
327
640
683
454
616
877
225
417
930
786
228
231
59
138
467
802
165
967
417
377
812
279
333
295
585
895
874
996
425
619
122
344
648
79
735
98
868
412
576
943
711
721
576
541
772
337
589
689
868
871
887
981
594
395
901
805
199
981
948
534
1
869
773
402
688
594
83
949
56
146
993
85
415
647
116
402
272
834
568
868
563
737
931
903
492
181
708
821
450
762
412
978
512
329
631
910
954
847
377
420
103
869
56
415
23
123
50
460
172
676
285
215
445
382
404
635
415
968
367
98
532
629
513
31
159
105
631
528
996
283
447
797
650
650
56
175
470
483
852
857
998
16
614
124
23
794
579
294
319
652
558
451
342
152
594
145
378
200
229
606
802
466
903
196
0
37
564
17
385
711
523
318
332
931
396
571
485
249
802
0
494
511
678
936
403
285
737
355
715
412
227
57
970
929
669
16
193
807
330
526
244
408
389
870
347
582
445
66
138
335
993
133
642
602
293
639
740
449
39
359
790
567
957
343
0
297
921
932
497
9
403
56
751
552
242
497
110
421
33
689
191
417
250
339
594
1000
92
80
615
935
170
242
519
797
34
583
453
774
987
95
330
119
264
562
294
398
727
442
514
164
417
353
801
925
36
738
536
594
658
670
874
242
29
5
974
710
530
318
446
583
277
944
783
371
18
465
79
822
89
741
842
114
824
163
515
131
907
621
781
271
781
993
1000
571
5
391
998
890
434
951
176
765
94
318
5
901
688
916
185
581
11
786
314
8
689
424
791
151
949
333
113
993
639
634
669
438
846
882
836
825
684
914
492
964
945
691
130
735
340
635
117
132
30
692
596
500
382
251
94
887
638
887
970
699
352
667
439
499
773
490
697
670
1000
486
215
994
546
985
99
606
650
569
591
421
56
481
424
968
879
101
783
932
484
622
707
201
144
325
283
515
580
8
790
426
239
868
378
754
905
696
945
267
328
243
334
716
794
739
594
759
560
645
781
597
13
616
645
734
13
671
761
143
561
244
352
713
71
811
486
154
362
976
57
836
422
572
100
823
272
119
724
377
913
178
385
852
322
280
978
596
155
993
475
789
369
294
9
735
700
524
577
567
63
32
615
962
476
354
105
117
931
880
452
206
779
665
479
296
741
164
964
611
66
406
202
744
86
644
186
424
414
493
730
