686
485
166
822
637
960
997
217
25
610
45
932
528
496
660
716
65
842
348
822
726
945
329
240
464
872
937
709
892
560
364
605
33
493
480
67
885
346
813
723
434
15
169
715
318
653
138
319
85
458
125
96
240
66
147
881
219
414
780
484
808
571
484
163
447
679
585
79
317
209
402
239
270
277
115
180
408
507
855
528
79
758
888
356
604
560
517
311
978
980
652
5
948
741
795
740
405
520
223
843
5
392
444
221
86
693
341
161
871
415
818
754
475
4
13
789
824
158
975
809
916
363
150
303
229
1000
865
461
406
166
692
772
776
174
522
495
977
479
662
715
585
463
463
322
703
427
320
985
5
741
12
38
175
691
727
526
199
85
337
487
818
969
45
605
328
45
836
370
728
671
62
678
680
692
547
302
17
452
275
910
457
42
688
90
201
778
160
691
290
141
106
192
905
361
457
283
658
510
62
707
159
386
231
945
783
103
855
371
45
92
291
280
392
544
909
797
244
344
834
764
953
252
753
462
508
491
653
105
959
343
133
508
89
787
519
435
483
200
989
79
844
223
506
893
0
455
797
365
830
558
866
684
225
761
162
11
361
8
635
677
625
326
715
327
761
460
684
363
85
807
858
553
256
178
877
938
957
522
691
224
237
1
250
697
601
125
342
871
418
368
106
748
801
264
243
816
39
76
511
536
337
425
906
700
987
516
986
274
837
305
349
563
410
606
160
921
974
268
331
169
271
886
863
264
386
936
214
143
174
24
59
920
42
855
207
192
477
492
145
211
946
401
754
940
279
868
935
742
144
548
153
889
76
492
746
206
525
591
571
328
268
695
838
880
205
565
796
195
272
532
792
957
65
453
781
122
36
816
333
484
768
793
739
187
304
534
292
257
195
985
369
795
305
155
96
616
415
721
812
365
95
859
683
58
317
378
896
705
821
42
299
788
77
23
556
976
38
724
290
75
988
141
162
304
488
413
594
114
315
329
194
344
521
316
390
387
318
115
603
416
923
775
873
953
91
630
232
203
699
732
132
337
56
332
233
250
958
971
586
370
776
679
336
502
525
445
885
614
865
119
510
205
303
88
449
471
588
754
459
600
664
864
374
188
440
821
228
625
257
374
950
282
399
173
802
455
387
247
396
375
500
798
148
335
181
787
31
628
731
891
275
801
459
569
378
731
754
171
164
80
815
335
709
214
69
621
379
622
944
50
40
689
931
596
553
364
123
707
293
736
719
370
162
612
358
347
975
465
124
598
377
820
932
866
425
999
446
294
277
495
843
567
891
925
754
537
895
959
99
57
505
848
737
747
328
451
598
316
298
567
845
504
430
194
994
385
943
893
556
527
483
727
533
730
642
480
311
642
36
250
385
726
90
349
511
879
798
368
852
177
818
7
700
791
199
487
529
485
11
379
512
409
394
600
7
705
743
896
275
652
469
25
695
155
919
786
465
132
337
954
16
104
361
382
186
640
796
105
916
73
879
847
876
109
682
766
608
81
904
23
970
869
497
57
821
437
609
954
545
367
827
595
737
90
202
409
485
997
656
144
402
21
397
895
667
924
179
385
267
22
290
237
623
931
302
60
31
262
538
593
492
707
617
588
170
303
459
949
799
430
141
234
97
485
382
775
375
350
815
773
57
365
493
168
46
868
394
410
552
509
702
902
477
495
887
945
177
458
189
474
594
761
613
285
746
693
245
519
481
32
950
839
149
342
379
44
822
596
265
526
227
411
883
272
923
810
436
919
146
630
137
169
717
101
262
227
613
525
912
446
729
512
371
597
52
126
64
240
725
676
439
77
412
494
31
184
351
969
745
515
994
200
788
245
695
541
143
98
676
844
123
647
869
691
537
648
631
328
710
730
185
25
3
326
478
345
320
807
929
190
861
757
692
81
628
840
504
204
324
470
712
770
12
284
1
422
147
166
654
153
723
34
998
85
384
120
601
882
659
920
120
511
40
107
253
133
623
140
564
779
121
833
211
126
361
875
900
495
446
702
917
239
292
75
87
741
261
521
341
25
379
858
182
118
65
586
605
798
445
441
484
242
859
170
46
422
254
516
552
141
920
642
519
864
137
371
215
939
761
742
545
70
408
543
480
698
995
579
352
96
477
473
172
371
592
104
156
22
532
476
384
960
547
800
3
580
264
1000
898
875
618
299
355
860
901
516
534
594
774
492
36
892
699
112
49
265
254
729
219
408
615
919
468
792
498
671
417
978
317
263
641
50
643
583
185
581
665
540
570
339
55
144
785
182
993
694
315
879
252
2
