768
144
994
577
521
218
384
208
799
190
411
94
575
84
143
890
751
80
421
748
945
50
321
246
937
778
835
93
368
786
165
176
345
244
659
494
847
746
29
220
623
504
788
314
728
759
539
120
953
591
499
52
819
238
610
373
629
211
569
598
633
35
835
506
846
46
303
617
261
32
666
423
161
960
0
125
69
832
241
502
219
832
568
310
373
785
786
50
735
171
439
423
716
851
555
223
754
181
771
405
734
562
227
459
999
229
222
200
972
929
509
290
207
409
224
449
279
88
411
504
874
349
871
935
428
270
475
6
637
438
717
91
167
588
342
499
802
41
36
142
523
345
499
544
803
396
804
673
458
968
860
915
896
861
115
982
994
570
208
952
323
20
958
929
229
461
337
940
102
327
549
814
621
146
15
816
764
485
735
299
999
162
429
271
816
954
200
242
152
934
976
615
422
459
494
618
400
9
580
980
459
502
829
551
779
220
555
486
617
882
84
418
779
446
459
46
356
255
326
886
891
701
991
243
194
15
694
743
740
581
102
592
74
923
244
908
124
806
466
484
182
340
435
141
488
866
377
893
120
533
314
42
726
929
584
649
795
287
890
742
520
836
291
219
264
497
88
903
192
443
705
3
35
121
752
983
454
494
127
60
430
230
798
206
762
453
668
729
259
125
970
348
609
59
161
566
697
83
9
324
84
311
853
14
703
102
419
601
890
872
239
481
240
802
288
102
1000
120
327
642
821
621
105
871
178
434
19
583
916
197
618
784
326
154
426
20
469
610
604
78
288
619
189
932
962
528
870
258
525
519
86
550
740
49
263
257
986
901
782
462
716
825
147
890
550
603
186
984
133
6
306
341
359
747
922
510
35
700
489
53
502
443
504
251
869
300
54
457
936
121
892
374
688
523
897
255
629
747
325
723
771
210
993
614
965
185
698
268
187
430
117
361
427
678
654
455
80
996
768
689
281
747
622
962
533
641
286
387
450
847
359
48
673
298
790
499
480
769
222
50
270
256
879
367
203
594
79
796
71
630
746
708
354
641
796
458
377
78
711
237
659
389
799
395
880
507
363
479
293
311
82
495
107
699
801
545
668
138
21
177
577
398
603
157
473
20
210
438
854
75
457
410
863
544
835
794
470
600
203
761
753
32
891
826
998
428
587
117
644
696
381
920
27
493
283
304
175
263
716
346
755
29
257
993
754
773
548
134
542
921
449
457
21
772
122
31
314
324
499
11
497
649
64
470
363
391
264
162
40
134
607
501
877
856
415
912
345
704
726
781
805
458
123
910
195
718
538
872
650
649
391
580
95
145
680
277
271
797
593
136
43
277
282
555
85
490
121
279
459
667
592
945
203
958
744
55
302
774
270
194
60
810
718
464
710
45
235
823
801
329
601
723
105
586
574
247
459
981
850
632
45
620
229
894
795
297
745
753
474
784
532
958
17
196
684
292
3
131
586
268
421
449
610
760
833
241
499
687
530
601
593
738
995
362
753
27
89
479
122
253
649
715
983
952
854
967
324
185
729
341
297
399
342
765
815
823
721
22
971
322
598
339
639
186
317
459
185
850
307
669
894
945
848
462
76
232
218
654
849
658
81
342
782
892
292
21
174
722
735
269
706
305
679
186
111
502
192
204
845
491
244
637
63
792
547
879
520
115
400
843
334
649
708
721
390
280
595
914
855
557
883
776
576
147
607
307
897
653
223
85
872
892
849
337
58
385
611
488
411
349
391
548
183
694
429
677
677
287
54
267
576
364
720
683
708
744
385
619
60
124
683
595
633
443
381
963
631
976
387
711
579
521
274
992
984
648
22
264
525
195
753
430
754
261
715
535
990
631
117
757
40
238
908
670
92
250
149
57
76
754
376
549
484
410
145
33
340
14
420
286
648
290
77
597
950
222
612
73
243
644
50
103
513
865
213
692
388
812
119
484
78
180
955
284
731
528
996
85
333
655
300
187
546
11
600
82
930
326
97
955
75
165
868
606
466
627
125
841
796
402
238
717
548
594
895
208
595
851
376
241
192
729
2
231
123
451
680
458
998
582
193
653
66
614
838
466
505
357
822
619
625
420
450
997
325
910
135
483
20
23
849
193
294
624
776
500
3
427
531
820
912
21
208
410
437
735
338
939
204
171
414
194
593
285
936
403
316
619
1
365
455
242
286
294
835
655
676
287
980
858
621
607
956
726
802
45
198
675
110
447
201
109
771
799
156
746
392
253
217
65
536
949
602
539
121
983
697
54
111
945
779
822
330
646
478
492
97
997
999
845
