425
694
232
159
326
146
373
257
927
933
646
216
288
809
833
34
572
811
875
175
556
572
424
619
172
209
576
776
84
444
775
582
699
40
128
266
563
197
343
574
749
209
352
605
304
78
902
528
972
240
293
660
427
40
986
748
665
58
655
820
741
400
581
561
82
317
362
55
278
5
988
920
38
2
534
996
573
989
869
441
318
103
523
876
466
941
96
978
258
27
566
941
257
297
163
814
83
27
872
222
233
65
804
609
359
673
98
761
750
750
255
880
874
152
223
169
421
544
436
454
550
451
765
843
452
407
793
685
259
61
918
289
518
730
170
853
274
106
856
473
512
689
474
23
135
875
449
868
222
390
180
849
892
588
326
885
9
689
989
507
898
913
724
256
361
31
814
875
413
215
939
366
4
141
946
610
89
652
735
546
528
789
924
260
208
3
893
524
775
728
0
683
46
298
798
636
80
469
671
282
563
555
626
222
777
437
906
33
618
97
527
91
61
908
774
802
584
77
206
282
601
128
535
737
65
546
274
300
914
767
611
26
876
784
233
682
359
754
728
344
993
383
335
502
463
445
762
985
718
962
305
118
595
202
920
668
129
161
812
823
258
280
765
873
751
113
69
426
142
97
343
357
733
163
963
984
302
600
515
607
200
960
442
854
669
364
62
201
549
733
756
514
103
574
665
418
980
627
627
351
686
944
990
24
71
978
71
931
534
899
797
82
939
593
394
572
477
882
68
993
445
653
632
136
313
782
890
536
465
74
406
121
523
980
28
337
569
783
714
38
59
89
989
407
147
629
311
445
439
454
718
799
4
733
910
895
930
665
387
382
419
418
401
787
386
955
896
946
584
71
268
93
991
219
925
520
304
50
796
453
852
749
965
355
867
455
579
342
429
969
553
99
996
986
530
996
969
241
557
859
890
133
56
465
430
96
847
689
727
864
622
666
577
182
840
56
774
263
208
55
726
492
792
625
525
499
190
424
536
804
761
394
120
61
550
966
420
736
680
489
427
338
556
894
49
396
501
724
401
41
283
71
442
799
483
136
916
209
955
198
26
464
870
590
247
882
12
949
255
787
273
189
819
385
211
256
439
588
511
133
4
642
952
845
361
283
496
583
197
557
25
841
711
800
58
680
140
517
742
938
728
809
433
623
732
444
738
37
294
22
87
225
515
30
23
591
635
180
709
731
832
313
511
338
775
999
445
622
444
828
579
943
866
510
90
465
378
377
852
986
756
364
273
257
83
133
58
632
870
320
978
636
736
840
815
427
547
458
94
257
496
637
544
96
911
832
755
908
281
733
399
406
627
61
162
180
759
491
883
175
472
629
542
157
422
597
837
922
53
243
338
445
41
806
598
853
505
1
985
440
784
39
141
847
430
817
268
263
459
363
937
334
182
251
277
404
469
687
982
866
599
540
71
569
922
336
557
967
471
758
62
562
100
768
990
483
769
32
585
918
662
259
864
854
236
425
873
991
227
586
529
387
210
51
552
449
495
604
417
702
933
284
621
938
71
215
429
960
352
73
344
999
498
947
765
905
651
929
189
111
691
217
425
699
369
423
631
170
69
630
463
385
376
79
753
808
384
951
11
986
943
552
791
361
979
381
252
351
245
1
628
5
753
250
389
163
563
885
39
153
32
643
154
680
942
565
180
634
673
659
191
439
520
760
271
710
705
926
924
14
156
36
613
789
668
929
261
142
279
953
716
174
507
606
127
137
219
68
805
932
320
621
864
310
940
673
525
508
356
126
754
550
222
669
970
912
360
877
998
326
444
733
918
932
396
251
578
913
307
814
759
576
202
847
979
391
770
372
796
273
331
364
588
911
611
548
805
80
425
891
634
980
695
0
769
150
820
829
238
525
916
948
281
152
370
219
937
437
568
493
626
97
419
466
438
442
853
392
413
151
306
145
190
664
847
717
782
462
605
446
40
414
479
546
489
667
507
630
268
857
923
412
649
145
833
288
555
529
942
124
897
22
360
675
121
937
412
501
376
267
826
988
818
980
944
100
761
336
313
342
385
854
273
973
699
312
326
339
761
956
486
688
552
790
259
267
885
489
996
770
949
617
289
494
969
930
758
30
126
30
238
297
65
280
575
14
687
726
637
898
556
781
290
667
154
595
354
256
160
230
758
534
490
450
207
49
941
546
209
689
861
743
186
486
994
820
257
843
326
615
222
718
478
486
353
877
390
666
8
957
249
400
785
433
721
79
79
9
61
732
382
828
151
366
54
813
834
137
186
589
736
658
978
490
148
497
496
36
437
922
