857
910
330
198
782
470
834
165
692
802
467
825
744
39
373
894
383
18
417
639
501
552
87
151
700
768
854
381
982
932
420
405
503
197
770
1
470
985
813
627
669
809
997
609
305
226
23
195
373
870
484
61
790
208
134
700
56
569
990
695
143
663
329
731
832
582
10
922
34
305
625
301
717
251
891
582
411
732
471
741
979
662
982
860
430
101
428
552
872
819
586
758
430
736
452
846
171
855
303
798
296
284
266
816
103
125
632
979
913
579
538
129
201
995
181
218
848
117
948
750
108
985
772
220
370
603
916
800
450
212
776
283
581
315
63
499
505
724
170
645
688
823
886
94
856
32
231
441
360
179
768
81
658
769
193
712
809
396
790
81
642
756
634
435
380
614
388
354
361
752
996
157
278
164
840
927
840
259
289
105
819
421
11
868
15
370
639
505
606
292
98
231
567
320
854
518
464
139
198
480
396
886
945
769
301
462
398
636
275
746
249
885
830
752
9
41
708
76
688
189
839
614
242
284
521
627
524
520
409
509
365
568
685
937
247
32
522
133
19
172
960
667
168
947
446
309
932
884
506
302
247
158
665
745
879
729
205
537
74
320
821
85
610
320
369
329
101
634
715
260
500
4
89
429
108
62
161
514
254
218
542
592
909
88
433
348
510
88
474
230
320
994
855
304
98
364
139
604
593
142
635
724
666
89
744
152
710
179
166
848
237
743
816
352
286
88
292
945
752
407
625
99
232
260
799
610
82
43
300
288
819
555
734
0
499
491
903
791
693
197
80
547
516
695
534
583
758
438
722
679
678
689
648
620
288
720
891
229
707
253
695
973
704
872
644
834
600
281
573
85
204
811
396
691
85
368
169
655
202
406
950
394
553
333
212
965
832
356
438
815
883
864
597
342
362
78
204
394
94
161
929
70
815
871
311
689
584
684
108
88
619
237
136
771
976
221
446
659
510
700
918
712
161
881
118
337
589
386
746
634
828
786
662
893
28
885
307
178
248
402
803
595
230
382
332
766
129
541
21
571
165
837
918
49
647
771
85
265
157
572
7
826
38
375
956
312
356
957
199
713
852
847
396
681
453
113
545
920
118
472
791
336
826
903
359
508
45
265
33
824
630
933
346
457
965
981
255
660
171
794
58
10
37
319
283
197
842
868
35
220
484
816
717
654
192
887
246
312
161
525
173
330
177
711
346
589
968
79
944
567
117
621
498
275
443
874
79
848
112
565
733
56
558
749
961
634
998
542
247
877
308
2
341
779
456
315
608
995
573
275
422
143
658
925
933
3
364
462
804
489
869
267
431
76
477
982
662
41
182
940
893
134
301
534
543
505
143
597
388
212
256
591
796
221
585
665
410
101
267
887
457
331
73
631
389
9
533
346
173
27
134
448
621
758
644
29
719
704
423
245
242
552
279
729
77
527
375
833
153
329
212
965
69
407
243
317
308
837
624
168
904
840
732
941
356
892
942
92
223
574
204
618
381
492
529
457
877
856
33
470
46
619
233
979
931
120
120
533
392
618
920
906
351
393
661
637
923
803
367
344
217
162
717
434
159
290
895
42
58
620
232
768
788
845
921
797
293
178
451
294
209
22
686
996
779
531
825
559
195
397
676
829
506
265
955
761
366
997
706
423
798
695
921
914
887
761
252
949
875
281
987
583
938
100
489
531
882
868
558
466
252
286
878
621
257
442
114
497
200
831
442
984
589
291
294
656
706
361
852
189
913
803
731
364
461
797
623
486
172
2
60
602
543
737
892
816
211
237
472
788
134
578
141
997
369
882
671
443
909
586
77
628
139
338
699
775
49
226
916
241
339
257
197
791
819
813
765
974
111
283
342
79
497
917
648
172
311
45
860
791
422
996
618
550
32
220
1
897
739
560
70
345
976
543
310
210
559
139
423
653
425
719
829
211
531
356
571
243
563
642
833
960
290
231
294
645
10
532
91
822
231
109
989
985
923
166
203
206
512
139
864
879
142
372
834
417
701
63
525
81
530
955
701
413
903
549
167
453
360
138
729
289
113
996
204
890
749
771
383
277
251
158
224
700
142
302
8
281
614
169
700
706
387
823
640
877
272
966
84
379
719
463
535
851
854
410
695
497
10
223
555
204
456
969
929
514
827
621
324
734
656
936
392
104
890
211
391
353
268
54
211
736
493
802
847
833
872
708
742
286
616
286
759
870
930
530
657
433
758
148
545
959
203
254
315
207
117
413
67
932
156
685
971
528
614
111
804
91
672
437
525
158
713
86
958
53
165
309
717
214
