841
6
348
558
180
618
533
175
334
92
130
348
45
834
647
271
292
40
743
635
912
66
506
269
916
934
316
685
690
408
495
242
268
2
617
974
59
711
107
66
490
147
416
185
124
945
912
517
541
274
628
789
75
503
950
404
904
733
646
434
307
491
196
612
712
241
186
454
90
709
582
845
100
258
243
110
728
190
590
785
657
113
65
247
448
983
396
181
155
932
408
639
226
594
526
622
94
757
554
89
579
871
594
968
636
692
465
578
873
307
816
188
159
811
194
57
667
691
762
379
190
419
268
366
158
999
321
914
784
278
514
471
800
387
446
36
669
216
904
822
521
731
874
992
965
419
532
198
886
388
572
922
234
105
100
889
943
509
882
818
897
582
353
58
208
667
681
349
134
59
689
904
789
910
197
311
579
31
739
242
884
212
444
487
244
221
247
770
700
542
659
671
466
533
53
717
265
898
599
929
216
868
196
513
26
216
341
373
736
125
129
177
866
855
771
37
65
970
201
138
535
329
329
824
116
507
631
747
646
471
891
945
508
285
182
291
0
159
886
141
804
486
669
14
922
911
613
970
231
362
885
933
104
381
489
277
778
871
466
582
221
80
375
63
802
128
999
938
341
718
278
517
570
520
941
595
253
113
465
343
175
63
210
401
328
807
803
906
300
467
600
465
940
853
261
45
588
774
148
508
872
221
780
209
39
763
272
552
300
122
181
68
216
812
687
189
425
298
986
521
815
296
81
547
357
531
324
489
359
520
909
812
604
633
630
254
169
493
700
60
584
993
119
671
828
267
609
606
256
756
578
151
477
107
901
148
396
790
885
6
591
936
937
914
332
110
571
971
963
78
64
284
40
60
354
333
329
907
268
633
337
659
271
741
524
505
800
422
472
750
882
913
871
330
239
756
97
572
612
3
178
983
143
442
927
442
966
734
481
962
840
109
46
941
943
642
799
963
638
532
928
423
414
408
438
116
253
125
17
790
251
509
692
855
249
489
955
526
971
999
520
708
771
220
121
29
308
562
921
615
707
625
603
273
977
305
610
452
691
249
965
340
269
919
281
310
255
666
61
690
255
424
236
946
565
113
764
591
810
432
131
916
571
774
520
206
245
995
977
829
940
721
952
227
923
554
562
935
583
613
55
213
919
447
638
80
953
734
313
299
607
581
884
677
719
893
692
930
342
120
476
781
441
948
598
928
974
50
41
770
756
842
968
773
182
787
16
213
989
142
822
532
656
327
525
540
173
475
125
653
885
281
681
180
833
656
648
79
967
964
997
688
81
367
222
522
737
936
201
619
708
452
92
352
494
500
385
426
399
397
152
388
811
88
946
828
298
29
772
106
479
221
966
959
829
308
720
518
923
669
531
250
827
477
192
802
127
857
904
544
1
683
286
257
85
607
239
490
950
458
902
549
544
78
504
349
828
126
911
392
108
405
60
984
801
131
477
423
895
636
562
788
283
607
729
136
767
658
643
910
884
465
443
627
690
971
802
709
945
940
446
301
987
224
679
270
166
864
361
392
672
938
845
35
542
341
248
385
663
638
526
786
770
969
304
825
175
863
920
426
235
266
644
65
110
857
481
485
130
96
26
218
630
553
605
398
148
786
787
905
214
95
26
687
45
747
609
973
38
772
421
32
766
938
110
133
359
393
811
299
254
97
831
900
99
326
158
329
985
15
472
885
23
86
39
251
285
601
332
807
980
922
476
823
4
343
203
40
280
672
674
264
63
495
501
349
1
70
383
683
536
678
579
734
980
320
434
558
124
515
149
911
201
806
732
626
357
766
324
21
168
346
706
707
887
388
394
999
923
520
699
945
726
152
537
510
572
690
778
8
831
153
122
739
351
870
10
318
924
72
651
603
214
524
589
329
269
139
252
704
855
528
849
905
42
250
215
407
948
530
1000
464
153
33
102
976
512
130
238
419
433
404
769
261
684
951
935
657
129
540
59
128
251
236
388
669
304
762
47
760
765
318
553
785
749
378
38
870
445
670
681
751
783
883
294
636
813
238
899
121
760
987
414
401
443
567
621
164
322
639
204
240
713
897
111
486
265
606
956
653
221
829
917
973
791
947
884
805
517
768
610
147
168
236
475
270
349
543
578
131
274
242
134
216
107
142
736
488
78
127
31
164
880
396
965
843
13
579
53
67
281
392
197
745
461
395
872
367
378
524
118
424
601
667
814
1
581
442
270
367
609
481
730
572
510
683
295
366
71
471
766
42
554
642
907
48
994
891
79
532
995
191
538
429
457
365
955
952
192
404
