369
590
243
37
419
620
212
455
248
560
696
499
562
153
469
820
141
399
663
18
630
694
453
682
615
328
703
810
654
897
364
840
124
228
675
922
951
231
946
878
98
272
760
897
906
669
327
237
546
124
392
737
362
360
630
465
573
996
341
991
312
355
441
794
922
302
762
815
342
635
650
117
99
778
695
872
690
839
97
763
287
260
691
374
242
907
154
317
684
7
620
35
977
926
148
84
193
433
249
306
632
349
395
209
169
557
996
332
455
576
548
627
829
512
886
614
219
697
659
164
966
1000
340
472
959
851
885
123
983
503
921
90
732
580
51
112
700
336
250
553
946
249
325
492
53
694
277
861
512
891
46
962
454
572
921
133
223
668
418
582
298
283
645
34
111
82
519
144
997
860
856
600
173
7
634
519
26
123
412
657
706
763
190
918
349
645
771
767
613
976
185
680
651
738
746
74
326
189
826
590
392
49
909
844
514
649
339
296
116
397
150
892
52
346
67
680
779
127
777
573
35
515
921
374
201
762
293
239
135
643
418
399
454
841
775
137
820
901
206
902
9
216
85
375
285
331
682
208
42
353
556
64
220
12
220
125
115
206
361
425
840
633
911
729
268
491
494
752
500
965
477
271
201
373
632
47
188
658
470
348
94
985
583
938
324
652
593
369
129
490
409
962
34
348
769
459
249
369
438
86
926
681
686
918
625
818
36
226
378
567
253
331
142
809
456
938
450
730
934
892
632
625
531
269
631
446
449
872
860
717
538
467
50
211
694
434
380
444
153
913
0
726
297
242
618
905
386
260
166
378
535
326
440
834
960
809
483
183
889
721
711
818
344
511
111
708
328
298
54
443
359
585
310
576
864
519
887
234
101
113
996
202
91
525
887
815
754
182
296
819
197
46
179
580
233
672
888
898
56
559
853
742
407
828
549
604
851
403
697
828
578
273
179
703
781
343
952
128
516
458
447
215
266
246
349
783
566
402
668
223
56
740
935
700
614
16
606
720
70
866
571
730
188
567
604
510
267
152
890
533
260
843
123
666
855
519
453
877
3
595
410
429
865
342
319
880
313
353
470
291
548
89
729
568
665
971
967
424
58
220
112
66
967
782
783
824
235
136
389
356
82
388
827
135
894
785
873
989
39
2
832
506
486
656
523
4
901
340
242
93
417
826
303
815
342
716
696
500
504
61
918
116
251
163
957
862
576
284
317
716
622
82
650
736
531
236
644
202
883
782
415
567
851
497
381
294
276
446
359
551
263
813
724
563
749
168
375
700
933
62
396
684
29
270
271
386
242
79
37
424
60
82
372
917
584
345
594
282
875
563
999
826
365
872
60
328
218
884
987
753
503
289
784
445
375
75
575
577
480
849
24
959
832
285
770
730
1000
547
882
167
628
325
563
502
805
866
828
271
524
88
278
607
587
744
177
233
501
495
44
25
855
7
650
611
81
132
23
681
438
265
451
871
222
99
972
177
743
608
84
574
642
880
882
619
959
184
713
705
467
642
733
30
93
341
488
527
174
81
425
953
410
891
209
596
186
546
573
876
636
891
881
819
828
430
691
970
8
788
496
361
845
482
909
153
948
922
511
77
706
656
458
446
392
50
517
519
946
812
898
330
530
54
175
142
654
424
743
113
890
836
588
654
837
608
416
962
432
343
800
329
422
808
996
808
397
545
453
785
623
910
678
114
618
882
217
190
707
895
463
521
505
177
568
972
841
383
72
352
734
967
562
969
865
238
667
44
751
977
12
423
962
631
29
478
16
231
635
57
777
996
933
680
122
840
727
314
128
40
803
521
874
763
864
626
840
187
181
411
858
370
539
394
695
153
850
120
145
26
905
149
25
31
665
780
705
752
842
918
590
538
396
795
661
825
570
107
979
386
745
450
681
515
828
694
889
535
700
550
625
621
508
902
8
518
956
764
995
16
628
218
26
187
724
495
469
524
549
697
238
279
770
991
293
360
954
388
117
898
624
34
797
775
948
953
326
28
272
186
736
579
957
17
634
821
253
805
384
202
393
683
899
20
453
902
820
595
364
10
438
770
301
136
711
588
489
28
732
279
412
500
453
640
809
784
497
45
202
253
963
731
754
316
833
877
237
504
636
598
289
609
734
843
590
929
185
594
35
389
611
295
589
646
193
426
139
68
290
457
362
402
786
739
356
56
396
821
121
177
171
146
960
303
572
481
14
462
151
788
372
913
598
968
294
219
740
992
632
767
221
295
759
394
295
656
805
943
645
527
385
324
125
66
8
140
349
457
152
835
106
709
