601
88
902
403
504
537
75
58
217
604
934
18
555
503
756
278
424
526
936
392
588
906
64
574
783
272
377
702
357
668
700
88
825
462
449
503
769
482
519
177
449
840
458
476
968
360
173
474
406
193
525
503
522
99
7
425
343
320
499
729
330
528
455
247
879
66
345
494
157
543
241
951
314
234
952
580
62
874
503
498
603
379
763
618
613
693
390
987
415
99
590
276
447
166
665
783
747
515
967
747
979
346
366
140
339
126
794
702
64
573
229
206
240
125
372
616
601
560
218
851
868
536
352
879
627
427
281
222
973
503
953
276
637
332
110
655
795
485
752
179
216
39
397
957
496
511
641
183
535
619
84
748
542
789
686
1
482
518
126
464
816
627
318
307
852
783
597
273
574
785
948
21
397
324
425
978
230
484
266
227
263
969
786
431
768
536
606
460
566
333
426
513
506
464
353
282
652
330
681
402
792
257
842
741
98
867
923
732
91
995
290
511
411
230
50
289
457
72
239
779
460
828
498
518
398
145
724
8
927
541
90
584
169
217
21
21
669
322
383
529
769
510
262
518
17
8
946
190
855
744
565
414
178
682
927
121
213
710
150
716
876
964
181
88
336
2
872
183
70
235
804
13
294
535
428
155
230
767
897
279
206
938
880
250
359
392
137
972
772
616
56
845
692
863
598
416
941
354
853
424
328
171
922
335
348
66
346
775
149
682
507
944
836
493
877
266
671
789
150
439
739
663
734
835
796
287
878
966
744
552
730
822
579
696
681
421
581
857
156
68
885
951
767
970
649
443
526
952
73
212
914
863
4
228
540
584
804
108
191
416
0
476
673
446
108
424
120
181
346
265
833
388
995
421
919
84
169
687
66
477
961
429
588
543
573
448
784
100
996
947
882
243
586
668
817
416
450
107
523
811
44
247
854
201
261
218
980
341
934
703
601
12
417
438
738
980
975
256
546
790
341
46
385
822
387
285
423
606
644
130
55
259
538
348
15
441
547
601
192
941
393
356
921
872
719
749
2
220
720
152
362
511
897
951
759
895
651
405
156
583
976
371
317
620
191
567
761
22
966
964
465
458
464
522
706
565
828
578
428
865
454
597
1000
814
887
249
858
483
272
199
214
725
453
376
886
992
101
372
576
36
541
922
602
662
63
310
816
254
911
374
542
674
953
618
764
254
477
640
59
402
187
85
701
765
359
635
475
194
468
683
815
763
616
668
600
907
293
850
229
72
7
305
80
170
794
436
372
250
347
548
793
942
307
366
509
491
177
761
886
198
493
832
299
656
386
737
879
378
98
795
846
644
198
194
685
982
749
932
59
909
252
546
363
8
318
64
379
190
694
565
638
156
304
701
383
408
645
91
76
451
571
167
568
428
515
936
489
761
669
579
807
613
864
327
667
985
921
483
76
73
793
953
615
509
939
144
768
559
530
615
282
988
909
223
336
808
57
844
674
32
815
501
798
488
700
381
519
902
925
407
244
844
182
970
665
654
413
312
978
342
97
622
685
957
240
830
315
912
280
515
744
47
71
516
226
705
458
593
834
637
270
921
458
94
84
60
626
880
889
970
723
746
567
292
160
75
45
375
62
941
175
730
11
191
427
663
785
469
605
561
914
809
91
637
717
335
351
91
583
261
544
158
687
963
696
491
306
354
483
993
329
140
53
755
961
455
130
912
941
183
264
290
562
237
67
228
871
24
881
754
253
75
293
360
863
881
676
650
654
391
41
75
523
941
818
998
67
950
728
72
305
301
731
133
708
840
549
498
96
270
130
387
186
672
625
408
983
893
972
478
597
77
547
316
307
480
886
584
25
614
398
477
457
10
72
657
189
334
439
0
883
455
175
647
396
87
782
932
685
343
679
814
102
362
812
781
452
302
242
40
729
907
765
311
240
240
764
8
564
626
233
616
23
792
706
893
741
410
114
366
523
140
938
909
528
357
918
708
19
970
806
339
887
759
342
633
593
169
79
82
177
52
321
178
599
244
165
855
187
262
714
886
499
65
740
315
287
857
297
398
201
935
729
465
787
176
510
367
649
714
502
4
630
380
675
609
125
865
994
526
677
655
879
817
431
80
407
146
32
421
594
93
808
36
807
365
675
723
983
250
922
125
630
820
891
859
412
505
423
42
431
151
591
230
437
24
535
163
306
195
995
569
691
565
498
445
970
889
428
482
477
69
145
720
374
746
33
293
658
391
222
201
721
139
926
985
578
70
792
852
676
883
372
763
2
238
885
950
406
278
653
762
186
412
439
522
522
75
492
840
