987
541
150
551
78
272
763
902
485
777
454
802
476
845
738
56
463
51
344
389
645
902
519
975
615
698
614
810
346
521
949
204
675
371
172
587
439
867
233
328
318
141
397
706
278
383
507
37
463
976
700
410
48
724
693
220
644
492
471
47
990
427
372
599
896
552
789
974
372
505
510
326
325
637
689
317
257
665
933
783
892
335
885
308
966
773
915
352
328
493
484
250
459
847
110
123
105
973
133
639
331
358
269
333
65
384
146
30
371
784
313
887
436
792
755
769
877
768
402
959
757
852
420
370
432
691
966
767
618
774
930
650
807
497
961
721
104
620
891
957
122
905
16
397
227
579
899
484
326
181
805
823
319
444
231
167
88
126
981
718
601
511
55
355
663
915
314
333
992
832
573
953
218
208
191
606
748
190
337
621
976
970
848
131
529
366
494
703
820
532
467
695
163
109
796
476
847
733
960
751
472
385
780
424
281
430
871
104
964
640
540
244
6
220
914
112
486
719
905
106
735
307
447
810
713
594
635
424
707
598
766
291
747
241
314
45
67
592
902
555
841
947
903
529
256
660
748
966
719
839
323
161
53
947
658
153
234
385
85
939
563
832
525
314
301
893
208
104
127
754
33
750
774
818
998
526
52
332
729
314
899
445
684
405
697
387
645
747
532
163
173
147
13
889
81
368
776
695
702
767
945
112
321
833
513
48
289
100
931
595
34
289
389
782
585
572
765
581
882
674
731
586
574
958
889
713
399
501
892
726
63
402
487
62
294
399
776
610
496
493
904
371
701
394
709
196
56
421
980
148
485
779
353
922
997
858
310
622
486
443
471
397
446
686
710
740
956
637
599
680
518
544
199
382
845
33
698
872
275
420
132
72
663
110
388
512
703
332
771
254
145
262
976
266
142
987
142
753
249
871
625
502
391
688
624
904
942
671
531
276
950
200
772
546
88
916
667
491
949
904
702
8
80
548
503
176
550
954
224
240
730
766
78
320
907
277
720
138
827
301
520
619
412
740
619
65
938
365
959
792
72
87
824
930
7
995
353
750
362
34
202
832
17
956
2
270
881
256
541
204
873
96
644
899
142
42
600
109
277
735
207
226
871
541
177
431
866
902
988
125
518
272
218
911
636
327
766
936
66
26
711
764
654
197
96
182
172
768
964
87
471
296
109
865
970
351
71
627
68
372
338
666
320
279
189
906
227
493
276
726
725
25
62
654
732
307
117
571
805
453
936
56
244
301
600
281
102
59
737
419
915
396
756
31
223
646
838
805
708
145
846
823
295
714
750
29
269
658
98
236
302
708
891
630
267
682
151
47
176
384
81
659
216
103
655
659
8
379
895
106
930
459
552
816
573
6
383
358
358
338
702
625
793
947
617
284
861
767
127
976
628
989
869
730
750
953
860
452
161
389
762
802
330
16
68
258
736
169
286
586
208
41
598
964
754
34
714
736
492
712
259
486
0
903
124
569
147
69
326
213
891
35
630
400
450
662
357
931
873
692
1
56
697
443
229
409
413
116
998
459
958
141
925
842
419
723
30
273
669
165
108
535
245
183
336
651
61
631
695
147
476
130
588
120
200
783
89
327
387
332
603
295
486
414
697
12
407
795
748
701
148
208
5
754
260
504
743
417
629
954
431
779
39
201
290
908
912
607
896
419
981
280
960
86
293
130
465
379
948
524
97
390
907
332
408
139
49
197
816
842
926
671
323
282
95
366
994
325
1
555
799
451
958
801
814
205
631
874
849
819
623
910
54
414
458
188
67
552
356
674
802
447
738
279
379
738
321
285
100
198
738
805
888
658
712
138
705
978
297
54
546
858
476
229
142
818
37
741
52
360
278
971
847
348
938
382
868
256
109
232
894
260
82
567
565
780
827
355
878
831
56
81
386
705
212
233
638
707
115
687
155
633
676
962
235
222
220
390
814
34
955
217
644
244
561
302
555
801
533
119
375
744
267
577
826
764
770
226
226
100
93
610
275
387
45
469
520
770
500
928
664
253
42
35
319
185
114
231
399
953
359
414
580
589
450
646
689
825
550
433
431
20
268
162
601
86
624
350
730
230
790
843
101
368
291
73
804
119
380
729
490
370
214
845
130
668
592
656
883
598
573
177
942
391
829
709
15
97
590
17
157
20
876
105
797
679
246
441
222
451
294
251
460
281
535
883
41
668
453
645
271
278
725
588
361
428
244
2
73
876
898
705
939
203
327
815
963
185
19
518
96
665
246
307
790
289
823
231
810
471
155
281
233
255
187
700
232
664
479
218
