616
502
590
968
902
38
633
823
734
35
688
309
903
260
601
299
980
677
42
377
818
661
620
425
379
237
873
976
532
280
636
254
600
79
428
686
207
8
337
643
162
275
620
311
666
93
326
152
589
812
567
184
171
419
581
522
342
682
988
135
724
331
0
454
567
714
915
187
473
959
34
805
339
557
91
731
731
358
682
735
838
51
149
367
973
880
96
291
469
444
568
698
420
165
488
607
594
408
447
670
668
764
986
429
357
592
491
168
148
359
316
398
102
620
854
737
968
246
520
287
610
15
753
844
869
272
936
433
506
519
289
756
668
89
647
73
951
443
673
580
855
609
194
794
31
811
496
473
853
508
671
62
308
91
833
964
773
544
554
858
113
206
924
577
725
88
843
79
373
417
300
40
641
251
140
620
781
694
324
82
360
324
682
682
802
273
255
148
442
883
787
12
862
993
779
81
205
887
266
537
129
376
287
650
158
297
682
562
209
514
791
415
550
606
516
323
723
429
431
609
919
358
567
657
969
256
930
331
251
961
512
706
834
777
949
861
725
972
327
203
738
346
924
583
457
384
92
989
724
765
298
598
340
943
749
864
291
184
734
514
764
211
67
187
487
587
688
838
869
995
212
459
608
370
17
77
120
614
928
314
241
872
1
142
312
334
825
309
67
881
293
16
2
263
437
31
715
269
270
581
729
540
625
319
916
228
30
847
788
889
140
682
300
77
513
63
365
488
852
181
728
858
800
516
887
601
798
612
372
853
906
110
642
627
90
774
51
820
268
781
790
647
546
380
138
388
503
396
269
950
546
449
592
530
33
567
954
609
45
135
813
428
552
728
820
222
819
530
692
718
787
417
409
49
919
839
432
912
768
150
859
371
944
328
219
305
220
873
895
361
97
953
889
896
88
736
21
896
749
43
663
823
800
172
462
153
942
743
880
229
970
252
607
870
150
898
422
457
836
9
336
185
324
736
389
386
69
704
55
410
201
102
554
962
106
342
385
73
965
109
298
191
410
678
425
679
100
262
103
34
355
618
408
377
228
573
461
252
799
20
137
23
608
846
635
639
763
175
662
301
749
115
790
809
372
955
425
199
498
260
571
884
106
969
862
1000
657
813
803
676
632
67
978
735
944
583
399
511
443
506
795
799
57
398
175
717
73
164
317
767
948
607
186
435
249
180
197
9
790
650
410
433
47
758
73
525
631
750
555
880
601
423
837
848
737
478
672
202
148
351
101
654
168
615
228
484
740
384
337
830
804
169
999
110
312
368
634
188
988
49
716
847
925
979
802
806
892
505
34
39
112
232
827
437
808
91
404
823
48
495
784
927
975
249
437
851
630
225
24
408
477
869
547
679
435
872
394
913
974
709
678
899
610
829
637
963
107
250
578
872
291
858
4
236
978
237
379
955
14
979
952
859
396
566
627
45
27
200
361
339
768
102
756
618
982
499
903
717
428
244
970
417
302
762
423
799
980
580
506
771
252
539
25
878
963
117
866
281
423
944
658
901
761
940
647
919
92
141
909
594
145
948
145
503
457
430
250
854
432
370
408
941
996
178
331
23
525
297
89
206
864
883
828
721
975
881
582
22
930
17
859
305
257
982
379
262
194
567
766
77
474
302
706
820
546
206
686
528
371
140
655
941
346
434
743
711
615
922
891
815
198
942
990
433
938
844
958
313
492
76
235
514
590
686
170
363
855
616
778
298
137
713
857
748
973
1000
476
868
60
595
370
31
362
859
124
596
983
7
605
17
293
744
440
979
977
509
926
409
270
666
496
190
391
758
277
552
830
510
277
291
493
182
233
449
516
918
240
569
38
828
372
63
218
300
301
718
866
519
214
310
714
362
152
455
331
109
483
21
616
793
512
155
277
289
283
606
119
920
680
35
918
546
377
953
813
375
559
3
423
298
828
976
735
118
858
721
654
905
103
560
942
94
883
296
17
858
664
949
597
860
606
76
324
128
149
767
757
345
546
762
886
159
438
994
652
245
969
11
652
623
795
598
33
515
86
780
584
155
843
293
735
414
71
322
329
515
329
27
92
825
54
559
134
409
974
115
39
411
151
82
3
83
541
271
793
970
583
366
853
490
551
229
448
385
840
613
244
258
865
82
51
368
629
106
867
606
427
795
525
577
269
1
861
202
994
453
397
776
128
830
215
742
619
297
113
944
185
22
686
363
574
528
831
46
291
973
576
557
754
89
855
127
617
486
855
615
125
485
3
92
657
246
609
419
712
23
773
637
815
619
525
41
0
673
330
45
3
996
574
93
