620
377
318
65
597
516
506
437
917
474
677
189
45
271
625
419
147
688
569
691
287
53
837
432
159
582
878
791
269
241
850
937
115
451
502
548
225
73
553
12
565
748
745
838
38
0
366
460
946
125
304
382
113
887
348
870
530
781
982
700
285
884
697
683
405
266
83
725
818
893
557
126
425
616
897
786
292
674
961
508
928
307
169
902
633
229
609
961
126
473
326
459
972
345
183
247
483
808
503
666
48
381
649
637
745
981
271
929
918
388
547
772
520
287
563
787
515
655
672
225
24
114
481
215
992
804
836
841
308
463
643
221
838
681
423
319
9
431
858
784
319
93
698
629
540
920
708
719
621
486
830
165
585
398
174
221
258
227
111
32
169
507
262
391
299
912
338
936
49
620
735
313
364
652
100
814
295
422
311
199
128
220
27
838
717
818
234
894
117
585
418
281
594
910
247
249
545
770
195
696
15
857
110
599
737
509
348
935
66
738
912
494
222
194
138
766
64
122
898
605
499
565
122
185
233
372
257
629
213
531
813
233
304
605
389
527
660
810
698
303
422
583
114
364
220
936
349
213
313
200
476
43
666
492
412
1
538
498
786
69
773
618
235
616
476
1000
992
480
602
544
912
575
75
647
92
142
354
747
371
674
118
783
423
140
280
98
994
796
257
470
98
673
238
105
159
673
660
915
628
64
955
383
355
795
814
124
621
938
361
251
32
972
125
157
395
644
45
685
955
17
554
549
637
711
368
468
654
401
790
728
601
993
873
738
618
250
910
907
209
346
380
275
336
317
266
112
720
660
684
332
576
456
413
734
0
890
53
906
668
311
444
580
66
722
508
349
621
727
847
77
602
131
70
766
179
298
95
386
965
909
503
361
287
573
645
915
284
711
483
598
171
679
441
807
743
16
305
667
947
476
115
421
187
267
593
312
486
120
278
966
443
793
963
628
478
381
949
519
502
946
88
861
198
251
489
677
492
632
938
956
389
342
275
657
882
355
82
970
337
38
705
284
819
166
254
908
868
430
707
890
900
473
708
869
912
260
59
799
510
990
479
95
644
598
187
801
442
285
111
986
658
611
770
722
135
437
692
536
489
67
658
436
814
584
368
357
875
394
727
199
413
20
678
261
233
611
452
581
447
181
574
720
638
929
939
707
185
437
733
115
973
743
264
837
72
608
110
141
127
576
227
143
341
518
764
231
22
84
357
11
429
902
881
528
308
689
797
901
53
69
99
240
363
439
510
324
930
539
425
945
393
12
620
668
192
790
484
922
546
633
848
396
224
607
390
247
871
542
874
613
405
532
778
154
490
787
262
510
232
951
399
176
58
282
619
51
934
558
834
567
135
235
255
778
473
781
260
167
948
418
438
855
617
576
731
226
32
610
38
120
814
823
115
722
269
932
802
498
870
237
918
390
22
635
911
433
139
496
827
565
491
848
286
827
332
91
889
603
283
590
118
389
502
355
911
90
604
693
47
774
938
638
851
309
420
21
897
312
637
990
960
883
933
176
852
71
309
115
112
976
226
744
494
955
616
232
660
511
203
232
833
579
527
207
511
309
551
995
181
340
349
224
447
391
994
20
925
269
841
284
112
919
377
211
925
1
366
253
8
74
167
811
127
300
172
960
733
226
654
58
790
906
451
731
652
618
31
390
654
844
602
444
610
162
375
783
0
169
893
872
12
697
752
431
113
771
634
395
745
939
135
924
799
570
263
206
317
618
231
415
283
347
732
673
539
864
358
258
749
92
333
83
555
588
108
584
495
974
544
790
761
18
102
892
5
626
947
773
477
770
547
385
398
948
810
426
663
531
723
587
620
999
227
550
536
224
454
572
127
723
166
130
238
216
202
175
420
282
621
958
611
385
871
949
503
620
567
629
922
116
828
235
849
198
794
433
86
696
883
990
510
161
173
97
613
343
635
234
399
363
24
383
79
243
267
454
394
154
638
974
850
534
756
113
144
106
47
710
776
216
968
352
556
280
990
860
506
918
880
218
84
459
768
50
927
873
424
395
966
666
274
390
700
576
652
65
109
570
451
817
498
226
468
931
253
173
564
123
36
872
312
906
427
153
157
104
564
880
962
478
318
316
350
316
254
247
325
928
565
23
789
217
599
514
676
523
188
875
174
629
189
826
170
224
362
646
980
257
950
559
494
347
460
953
127
273
133
902
885
671
465
149
166
729
605
839
111
878
248
938
975
645
677
465
636
431
962
419
958
206
896
904
930
810
293
866
377
144
445
11
584
56
264
508
673
153
521
576
141
297
