4
5
6
7
6
10
8
12
8
14
11
12
15
18
15
20
16
20
23
22
20
25
24
27
24
25
27
30
33
32
30
32
32
36
38
39
39
37
41
43
45
41
43
44
44
48
47
49
53
51
53
54
56
58
57
57
58
59
59
62
64
61
67
66
69
65
66
70
71
71
71
71
76
74
79
79
81
78
82
80
83
83
84
87
85
88
86
88
90
93
95
96
93
97
97
95
96
100
103
99
103
101
107
103
104
106
111
112
112
112
110
113
116
115
117
120
121
118
123
121
123
126
124
128
126
130
129
128
132
130
131
133
137
133
135
140
138
140
139
143
141
142
142
145
146
146
147
147
152
152
150
151
154
157
157
158
158
158
160
161
164
166
164
168
169
165
171
171
171
169
170
175
175
176
176
175
180
179
179
181
185
184
182
183
186
188
190
188
190
190
193
193
193
193
194
196
199
200
198
201
204
206
204
208
209
208
207
207
208
213
213
214
213
216
217
219
218
220
222
219
222
224
226
225
228
227
229
228
228
234
233
235
235
237
237
237
237
240
240
240
243
246
245
246
246
245
248
252
252
249
