3
2
6
7
7
9
11
8
9
14
11
15
13
18
18
15
16
17
18
23
20
26
23
27
25
25
28
32
28
32
34
31
32
37
37
40
39
37
41
43
41
43
45
43
46
47
47
51
50
49
52
55
52
55
54
57
56
57
61
62
63
65
67
63
69
70
70
69
69
69
74
73
73
77
76
76
76
79
80
79
82
85
85
87
89
86
88
88
88
93
92
91
95
96
95
97
98
98
98
101
100
103
106
104
107
109
106
107
113
114
114
116
112
115
115
116
117
117
119
124
122
122
124
125
129
125
126
129
128
133
134
134
134
133
135
139
141
138
138
144
140
146
146
146
148
149
149
149
151
149
152
155
154
157
159
155
160
161
162
164
164
162
166
167
169
166
168
170
168
170
173
173
172
178
179
175
177
179
179
180
182
184
183
185
185
185
186
192
188
191
195
191
194
198
197
199
200
201
199
200
202
201
204
206
206
205
211
211
208
212
211
214
212
213
216
218
221
217
222
221
221
226
224
224
225
228
229
229
231
232
232
236
234
234
236
235
240
237
242
240
243
243
245
248
247
248
251
249
249
252
