1
2
7
7
8
7
9
7
11
11
11
11
12
13
18
16
17
20
20
19
22
25
26
25
27
29
29
30
28
31
34
31
32
36
38
38
40
42
39
39
44
41
42
47
45
45
48
50
52
54
51
53
54
57
58
60
59
61
63
60
63
65
65
66
68
67
67
68
70
71
73
73
73
77
74
78
81
79
83
84
82
81
87
88
89
85
88
87
90
92
90
94
96
95
98
100
98
98
98
100
101
105
102
107
106
108
106
108
112
110
111
113
113
118
117
119
117
122
120
119
125
123
125
128
126
129
131
129
128
132
135
136
136
133
138
138
136
142
139
142
143
141
144
145
144
149
149
148
148
151
155
154
154
156
155
160
156
157
160
162
164
162
164
164
164
169
169
168
172
169
171
171
177
176
176
178
180
178
183
181
183
186
184
188
185
188
188
188
189
194
192
193
197
197
194
196
196
200
200
203
202
204
204
206
205
205
206
212
210
212
212
212
213
216
215
216
216
220
222
222
222
223
222
224
229
225
229
232
231
231
232
235
237
234
237
236
239
237
241
241
242
243
242
245
244
245
249
248
248
251
