1
2
5
5
9
9
9
11
8
14
10
13
13
16
16
15
18
21
19
22
25
23
25
25
25
30
28
30
28
30
34
33
32
38
34
40
38
37
43
42
42
41
45
43
45
46
48
47
53
54
52
51
55
55
55
56
56
62
63
59
61
63
63
68
65
67
67
67
68
69
70
76
74
78
77
76
76
78
82
81
85
84
84
84
86
89
89
89
89
90
95
94
96
98
97
100
96
99
101
101
105
103
104
105
105
109
107
110
108
111
115
113
115
117
117
119
118
121
121
120
123
122
127
123
125
129
128
131
129
129
130
136
137
133
135
137
137
141
140
144
140
141
144
144
147
146
151
147
153
150
150
156
152
153
157
159
159
162
159
164
164
166
162
166
167
170
168
170
170
171
174
176
173
174
176
176
179
181
178
182
181
185
182
186
186
185
188
189
189
193
191
193
194
194
198
195
198
199
203
200
202
202
206
203
204
208
208
211
213
212
213
212
214
215
216
215
220
217
222
220
225
226
224
228
228
229
231
231
230
234
231
234
234
234
234
236
238
240
238
240
245
243
242
245
247
247
249
249
249
249
