2
1
2
5
6
7
6
9
12
13
11
13
16
18
16
18
18
20
18
20
20
26
25
26
25
29
31
32
29
31
30
36
37
37
34
37
40
38
39
41
45
43
46
43
46
47
47
50
50
49
53
54
56
55
54
57
60
58
60
59
65
66
63
66
67
67
69
71
69
74
73
71
77
77
76
78
80
81
78
79
80
83
83
83
86
88
89
91
89
94
95
93
96
96
94
96
99
99
103
99
103
102
103
105
108
105
106
110
113
109
113
116
114
113
117
115
119
121
120
119
121
121
123
125
126
125
130
128
133
134
132
134
132
138
136
135
136
141
141
144
142
141
146
147
147
146
149
148
150
153
151
154
154
157
155
157
156
161
163
159
161
164
166
166
166
170
168
171
172
174
170
174
177
177
178
176
178
181
178
184
185
181
185
186
186
189
187
187
188
192
192
192
197
196
194
198
199
202
202
204
201
202
207
204
204
210
211
209
208
212
213
212
216
214
219
218
220
217
220
221
225
224
225
223
229
230
228
232
228
232
233
235
237
234
236
239
239
239
241
243
242
245
242
245
245
250
251
247
250
250
