3
1
6
6
4
9
9
8
12
10
15
16
15
17
14
15
18
17
20
22
21
22
26
27
27
25
29
27
29
32
35
36
33
36
38
37
41
39
42
39
43
41
47
45
46
46
47
49
50
51
55
52
53
54
59
60
56
59
62
63
61
66
63
63
67
65
68
67
69
71
70
71
76
75
75
80
79
81
82
79
80
85
86
87
89
90
88
90
92
93
90
95
94
93
95
96
99
98
100
100
104
105
107
106
108
109
109
108
108
114
113
115
112
115
119
120
119
122
123
119
124
126
122
128
126
128
130
127
132
130
135
135
132
136
139
135
136
139
138
144
145
146
145
146
144
148
149
152
149
151
154
152
155
157
155
159
161
159
159
161
164
165
164
163
167
165
167
170
171
170
173
176
172
175
179
176
177
177
183
183
180
183
182
183
188
189
186
190
190
189
193
194
193
193
199
197
200
197
202
200
203
206
204
208
206
208
208
211
212
210
214
213
216
216
215
217
217
219
218
223
220
223
226
223
224
228
228
231
228
229
235
234
235
238
234
239
241
238
241
243
245
245
243
247
246
247
248
252
250
249
