4
1
3
8
5
6
6
12
12
14
14
12
15
16
17
17
19
22
18
22
20
24
24
24
27
25
26
29
31
33
35
32
35
37
39
39
37
39
41
43
45
46
47
48
44
49
48
47
53
53
54
56
57
58
57
58
61
60
60
59
62
64
65
66
65
69
70
70
69
70
70
72
73
75
74
79
80
80
81
80
80
85
83
87
86
86
89
88
93
89
94
91
96
94
98
96
98
100
99
102
103
102
103
104
107
107
109
110
109
109
113
115
112
115
117
117
116
121
118
122
125
125
124
125
124
126
128
127
131
130
134
132
132
133
134
135
138
140
139
141
143
141
143
143
147
148
150
152
149
150
151
155
154
158
158
155
159
158
162
162
162
165
165
167
164
170
171
172
173
173
170
176
174
175
177
176
177
181
183
179
185
183
185
183
185
187
186
189
191
189
195
191
193
196
196
196
201
200
198
201
204
201
206
204
208
209
209
207
212
212
213
216
213
218
216
216
216
217
220
224
223
221
226
223
227
228
231
227
229
231
232
233
235
235
235
239
236
242
240
241
242
245
245
247
247
246
250
251
252
253
