3
2
2
4
8
10
8
8
11
9
14
12
15
15
14
20
20
19
19
21
24
22
27
26
25
30
29
31
30
31
35
31
34
37
39
39
36
40
43
39
41
42
44
46
47
46
46
52
49
50
50
54
55
58
59
58
59
59
60
59
60
61
65
63
64
65
70
71
72
73
75
73
77
73
79
76
79
79
81
80
84
84
86
86
85
85
90
87
88
89
91
91
96
97
94
97
96
101
103
104
104
103
107
105
109
107
106
107
113
114
112
115
112
118
114
115
118
117
121
120
120
125
124
124
128
129
131
128
129
131
133
135
137
137
139
135
141
140
139
142
142
144
143
146
146
145
151
151
152
154
150
155
154
154
154
160
160
157
160
159
165
166
166
167
167
165
167
171
168
173
170
174
175
178
179
180
180
180
178
179
182
185
183
185
184
185
190
191
188
191
190
196
196
197
197
197
201
199
201
199
205
205
202
204
206
209
211
208
211
213
210
216
213
217
218
219
217
219
218
223
221
225
222
226
226
225
228
227
232
230
230
231
233
236
234
239
238
237
238
244
241
244
244
243
248
247
249
252
250
251
