5
5
3
6
9
8
7
12
11
12
15
15
17
14
18
16
19
19
22
22
20
22
26
26
24
29
26
27
30
32
35
33
36
37
39
36
38
39
43
42
40
44
42
47
44
49
49
50
52
49
50
55
52
55
55
57
60
59
62
60
62
62
63
67
64
66
66
69
72
73
73
73
72
76
79
77
76
77
78
79
81
81
86
88
87
86
86
89
91
92
91
94
96
97
99
97
100
100
102
103
102
101
104
105
108
105
107
108
113
110
114
112
116
118
117
116
116
120
122
123
122
124
126
123
127
127
127
132
133
133
134
136
136
135
137
135
137
137
140
141
145
144
144
146
145
150
149
151
149
149
151
152
155
157
155
157
156
158
162
159
164
163
165
165
166
165
169
170
172
171
173
175
175
177
178
176
178
177
179
179
181
183
185
185
186
188
187
189
188
192
195
192
194
198
199
195
197
201
200
203
200
202
203
203
209
210
207
209
212
214
214
213
217
218
217
216
219
218
219
221
224
224
225
228
227
228
230
232
230
231
234
236
235
238
237
236
237
241
243
244
244
246
244
246
245
245
247
252
249
252
