3
1
7
8
8
8
10
10
11
12
12
14
12
14
17
17
19
19
22
23
23
25
25
28
26
28
27
27
31
29
32
33
36
36
37
35
39
39
38
41
43
42
47
44
45
45
46
52
53
52
54
52
52
57
57
60
61
60
59
61
60
62
63
63
66
69
69
72
71
73
71
75
74
76
75
80
76
77
79
80
80
81
82
85
87
87
86
91
91
92
90
96
93
97
96
95
96
100
98
99
100
102
107
108
105
108
106
111
108
111
110
114
117
117
118
119
118
118
118
119
124
124
125
123
125
128
130
132
133
132
135
133
135
138
137
137
137
142
140
140
143
142
145
148
145
148
150
149
152
152
152
156
155
158
158
160
158
161
163
159
162
161
164
166
164
169
168
169
172
173
171
175
175
175
176
178
181
182
180
180
185
183
183
188
187
186
187
189
193
193
194
194
194
195
198
195
198
199
198
200
203
204
202
206
205
208
207
210
209
209
210
215
214
214
214
218
220
222
223
219
225
223
226
225
224
225
231
231
229
234
235
236
232
235
238
236
238
237
240
244
245
245
245
244
246
250
251
247
248
251
