2
1
2
4
6
7
6
7
10
12
14
12
15
14
17
15
19
22
18
23
21
24
26
26
28
26
28
30
28
32
31
31
37
35
38
37
37
42
39
40
44
44
44
47
45
47
47
48
53
52
51
53
54
54
58
60
61
57
63
59
62
64
66
64
64
66
66
69
70
73
71
73
76
77
74
78
77
82
82
79
85
82
86
85
84
85
89
89
91
93
93
96
97
93
97
100
101
98
102
99
102
105
104
104
109
110
108
112
112
112
115
112
117
114
115
119
117
120
118
123
120
123
127
124
128
130
129
127
129
132
134
135
135
134
137
136
139
137
142
144
145
142
144
146
149
146
148
152
153
153
153
154
156
156
154
159
158
161
163
162
163
165
166
167
167
166
171
170
173
170
175
173
176
174
179
176
176
180
182
181
184
183
185
186
185
187
187
190
192
190
190
192
194
193
194
196
201
201
203
202
201
205
202
204
204
208
208
210
208
211
212
216
216
216
214
220
218
218
220
220
223
225
222
226
227
227
227
232
233
232
233
233
236
237
234
238
241
241
241
239
241
244
247
247
248
247
250
247
250
251
