1
2
5
4
9
5
8
7
9
9
14
15
16
17
18
20
20
18
20
24
20
22
26
28
27
26
30
30
30
29
32
36
35
34
36
37
36
37
40
39
41
44
44
45
49
47
51
47
53
54
51
51
53
56
56
59
61
58
62
61
61
63
67
65
65
65
71
68
72
72
71
75
77
73
76
79
81
77
82
80
83
85
83
84
85
88
88
88
88
90
94
93
96
94
97
95
98
100
102
102
104
101
104
106
109
106
106
109
108
109
112
116
117
117
115
115
118
117
121
124
121
122
124
125
128
125
131
129
131
132
134
132
136
134
136
135
140
141
141
139
145
144
144
145
148
148
148
150
149
149
152
152
152
156
156
158
158
159
160
160
162
166
167
163
166
170
168
170
173
170
175
174
174
177
177
177
176
179
180
179
184
181
183
185
187
187
191
187
191
192
194
196
195
197
196
196
197
202
201
199
202
203
207
205
208
207
207
208
208
213
213
213
213
213
217
218
217
221
220
223
223
226
227
228
227
225
226
228
228
231
235
231
234
233
234
239
238
238
243
242
240
241
244
248
247
246
249
252
248
252
