2
2
2
7
6
5
10
12
10
10
15
12
14
16
16
17
20
22
19
22
20
21
25
28
29
30
26
31
30
32
34
36
37
37
39
37
40
37
40
42
43
43
43
47
47
47
49
51
50
49
52
55
57
55
56
56
61
62
59
64
63
66
67
63
65
66
68
72
72
70
70
74
72
74
75
78
79
80
82
79
81
81
83
87
85
85
89
92
93
92
91
94
95
93
97
98
96
99
103
100
100
102
102
108
109
107
110
112
110
110
110
111
115
118
115
120
120
119
121
124
123
124
125
128
124
127
128
131
132
133
132
135
133
135
139
135
136
139
140
139
140
146
144
146
146
150
146
150
151
149
153
153
156
156
158
159
161
162
163
159
165
164
165
166
166
169
170
171
173
172
171
176
175
175
175
179
180
177
183
184
181
182
185
186
186
187
190
191
191
194
193
192
197
194
194
196
198
201
201
202
203
205
207
205
208
209
206
211
213
212
210
211
216
214
216
218
219
218
219
223
220
225
225
227
227
226
231
228
230
231
231
232
235
236
235
237
236
239
243
241
242
243
245
245
249
248
247
250
251
251
