1
2
3
6
7
7
9
11
13
14
12
16
15
13
18
20
19
19
23
24
24
22
26
23
28
29
31
32
33
30
33
34
36
37
34
35
41
42
39
44
44
45
43
43
45
49
48
50
48
54
50
52
53
54
58
55
56
59
61
60
62
65
63
66
64
67
68
68
71
72
75
76
77
76
78
79
76
80
81
84
85
83
83
88
88
90
88
88
93
91
92
95
96
94
96
98
96
101
98
100
104
103
102
107
109
107
111
110
113
113
113
114
113
114
116
116
118
117
121
120
123
126
125
124
129
125
127
129
131
129
130
133
134
133
137
135
140
138
142
142
142
141
146
145
145
146
151
148
151
153
154
154
156
155
158
158
161
159
160
159
164
164
166
167
169
169
169
169
172
169
175
172
177
176
174
178
179
179
182
181
183
182
182
186
187
190
188
188
189
192
195
193
194
195
195
199
198
197
201
203
200
206
202
206
204
208
208
210
208
210
215
211
217
213
217
220
217
218
219
223
225
224
227
226
228
229
228
232
233
229
232
234
232
233
238
239
236
242
241
244
243
241
245
243
246
247
251
248
249
254
