2
5
6
3
7
5
10
8
8
11
11
15
12
16
17
15
19
20
19
20
25
21
24
24
25
25
29
29
29
33
34
35
34
33
36
36
37
39
38
42
44
46
44
48
44
47
47
49
52
51
52
54
56
53
59
60
57
60
63
60
65
61
64
65
69
70
69
72
73
71
75
72
77
75
74
80
81
77
83
82
83
85
84
88
87
87
90
88
90
93
92
95
93
98
98
98
100
99
98
104
104
104
107
107
105
110
111
108
111
113
112
116
114
118
115
116
120
118
122
124
123
124
127
128
124
125
130
131
132
132
135
132
137
137
136
136
139
137
138
143
142
143
147
143
149
146
146
150
149
153
150
152
157
154
156
156
158
161
162
159
162
162
162
167
164
169
168
170
170
170
173
173
174
173
177
175
177
182
182
180
183
183
184
188
184
185
188
189
192
190
190
194
192
193
199
196
200
198
202
203
200
206
206
206
208
205
209
210
213
213
214
214
212
218
217
219
216
217
221
221
221
226
227
225
226
230
231
230
233
231
234
233
234
234
236
235
238
240
242
240
245
245
246
248
249
250
247
247
250
254
