2
3
5
7
8
6
7
7
9
10
10
11
16
13
18
19
17
17
20
19
21
22
26
24
29
28
28
27
33
32
32
35
32
37
35
36
37
38
39
42
40
41
43
46
44
45
51
47
50
49
52
53
52
56
56
58
58
61
62
60
61
63
64
63
67
66
69
68
73
71
73
71
74
75
74
77
79
81
78
82
83
86
84
84
85
85
87
88
90
91
95
96
95
97
99
98
99
102
100
100
102
103
105
107
108
108
109
110
109
113
115
113
116
118
118
116
120
122
121
119
122
121
122
128
124
126
127
132
130
131
130
134
137
133
138
139
140
139
143
140
144
144
147
148
145
149
146
147
151
149
150
153
155
153
157
155
161
158
162
162
161
165
163
164
169
165
169
168
168
173
170
176
176
178
174
178
178
181
182
183
180
183
184
183
185
189
186
188
191
191
191
196
192
194
199
196
200
197
200
203
205
203
205
208
205
206
206
212
212
213
210
215
217
218
214
220
221
221
223
220
222
225
224
225
227
227
231
230
233
234
235
231
234
235
236
240
236
238
239
240
245
246
244
246
245
246
248
251
249
250
253
255
255
256
259
260
260
262
258
259
260
266
265
263
265
269
271
268
269
271
273
274
275
277
276
279
280
281
282
281
285
285
284
287
287
289
289
289
290
292
291
291
293
293
296
299
296
300
303
301
300
303
306
303
309
305
308
308
313
313
313
315
313
315
319
319
320
318
322
320
323
323
324
325
328
328
331
329
328
331
334
335
337
333
338
338
340
338
340
343
342
345
347
345
348
348
350
347
350
354
355
351
356
354
356
360
360
361
360
359
364
363
362
363
366
370
369
368
371
371
370
376
375
377
376
376
379
378
379
380
382
386
387
384
388
390
389
387
389
392
393
394
395
398
398
396
396
398
403
404
403
401
407
406
407
409
409
411
411
412
415
415
414
418
415
415
419
419
423
421
421
423
425
423
424
430
431
428
429
429
432
431
437
436
434
437
436
437
441
443
445
444
447
448
444
450
446
448
452
452
454
455
457
456
459
459
461
461
459
459
464
461
462
465
465
469
468
471
468
471
475
476
477
476
477
477
476
482
482
480
484
481
486
486
487
485
491
487
492
494
492
493
496
496
496
495
497
501
498
499
503
506
506
508
509
508
510
510
511
513
513
511
513
514
517
516
519
517
523
524
525
523
525
526
528
530
526
532
528
530
533
534
532
538
537
538
537
540
541
543
545
546
547
547
546
547
551
551
553
550
555
554
554
555
554
556
558
557
558
562
563
561
567
566
566
569
567
568
569
574
573
575
574
576
574
578
577
578
581
582
580
584
587
585
584
587
586
587
592
594
590
596
594
598
599
599
596
598
598
601
605
602
606
607
607
606
609
607
612
612
611
611
615
614
614
617
618
621
620
620
625
624
625
628
626
626
630
628
632
633
633
631
635
634
637
637
639
638
642
644
643
645
645
643
644
647
648
650
651
651
653
653
653
657
656
655
659
661
661
664
665
662
666
665
667
665
670
671
671
672
673
672
673
675
677
680
680
682
683
684
684
681
683
688
685
685
686
692
691
693
694
696
696
694
696
700
699
698
701
702
704
704
703
704
709
710
710
710
711
712
710
715
716
717
717
715
720
722
718
722
725
722
725
728
727
727
730
730
730
734
730
736
732
733
735
738
739
737
741
742
740
744
744
748
746
749
749
751
751
753
750
754
752
756
759
760
760
758
763
763
764
766
764
767
765
769
769
767
769
770
770
771
775
775
778
775
778
778
781
781
785
785
783
788
786
787
789
787
791
789
791
792
795
793
795
795
796
798
801
803
804
802
805
804
806
809
807
809
808
814
811
811
814
815
819
815
820
817
818
822
825
822
823
826
827
828
831
829
832
834
834
836
832
836
837
839
838
837
841
841
843
844
847
845
847
846
848
848
850
854
855
854
853
853
855
855
859
858
858
862
865
865
862
866
868
865
869
870
871
870
870
876
875
875
874
875
880
878
881
883
884
883
882
883
884
886
890
892
890
893
895
891
897
895
897
898
901
902
900
900
900
904
902
906
908
908
910
909
909
913
913
915
917
917
919
919
918
922
921
920
921
921
924
928
929
927
926
930
931
933
934
935
937
933
937
936
941
939
938
940
945
944
944
943
949
949
951
948
951
953
951
955
956
957
959
958
961
961
963
964
960
965
962
968
964
970
968
971
968
974
971
976
972
973
974
976
979
978
983
982
980
982
987
983
988
990
990
992
991
989
995
991
992
994
999
998
996
1000
1002
1000
