3
1
2
3
9
10
11
7
13
10
10
14
12
14
15
19
19
21
18
24
24
23
27
24
29
26
27
32
28
34
32
33
35
36
39
38
36
37
41
43
44
43
43
45
49
50
51
47
49
51
55
52
54
54
56
55
57
58
60
64
61
61
64
63
65
68
68
71
72
73
75
76
72
76
77
77
81
77
78
80
85
82
87
88
85
88
88
91
92
93
93
96
97
94
99
95
98
102
100
104
104
101
106
107
104
109
108
111
113
112
115
114
114
118
119
115
121
120
119
120
123
125
126
125
129
128
128
132
130
132
133
131
134
138
135
137
141
139
139
144
142
143
142
148
149
145
148
148
152
154
151
156
152
156
158
156
161
158
163
164
163
165
163
163
169
168
169
171
172
173
172
176
174
176
176
175
181
181
178
179
183
184
185
188
185
190
188
192
189
189
190
195
196
195
195
198
196
198
199
200
204
201
203
205
207
207
210
211
212
214
210
211
213
217
219
218
221
219
219
220
223
221
226
225
225
230
231
228
229
231
235
233
236
234
236
240
240
237
239
243
243
243
243
244
249
245
251
248
248
254
251
253
257
256
254
256
261
261
259
260
265
265
264
268
266
269
266
268
273
274
273
272
275
278
277
276
279
281
283
282
284
282
282
286
284
286
287
287
293
291
291
294
296
297
297
296
297
298
302
304
302
306
306
308
306
305
307
310
312
310
315
311
312
313
316
317
318
322
322
324
322
322
325
325
325
328
327
329
330
329
332
332
333
336
336
339
337
339
340
340
342
343
347
344
347
345
346
347
352
353
353
354
357
358
358
356
359
361
360
364
363
366
362
366
368
369
368
367
370
372
371
373
374
378
375
376
381
380
382
382
381
381
386
386
389
389
390
390
390
394
391
393
395
397
396
396
399
397
402
402
401
402
405
408
408
408
410
411
409
413
411
414
417
413
418
417
417
417
420
422
425
423
422
426
425
430
430
427
432
433
430
433
436
434
439
440
440
439
441
439
440
445
443
446
445
450
447
448
453
450
453
452
452
458
454
457
458
461
463
460
461
463
462
464
469
468
466
469
473
470
471
471
472
475
477
477
480
480
481
482
481
486
484
487
488
487
488
492
488
491
491
494
494
494
496
500
500
502
503
499
501
501
507
504
507
508
509
512
509
514
510
514
517
514
517
516
517
520
521
524
524
521
522
527
527
527
528
532
533
531
535
535
532
536
535
537
540
542
540
540
544
541
543
546
545
549
546
552
549
554
553
555
554
556
556
559
559
561
558
559
565
562
564
565
565
569
566
571
570
573
571
571
575
577
579
577
577
578
582
582
580
583
586
586
589
587
591
587
591
592
594
592
595
596
594
597
597
599
602
599
602
601
605
604
605
607
608
610
612
612
614
615
616
614
616
620
620
619
623
621
622
623
624
626
626
629
630
632
629
632
632
633
634
638
638
637
637
642
641
640
641
646
642
648
648
646
650
650
648
654
652
652
656
657
658
660
659
660
663
662
660
665
663
664
666
670
669
669
668
673
672
671
672
677
676
680
679
680
681
683
681
682
682
687
684
688
690
689
688
692
694
696
693
696
697
696
696
701
701
699
704
704
705
704
704
710
706
708
708
713
715
714
714
718
716
717
721
718
718
722
724
722
725
725
729
729
729
729
729
734
730
735
736
736
736
738
736
739
743
742
744
744
747
745
745
747
751
747
749
752
750
756
753
753
756
759
756
759
762
764
763
763
766
767
766
767
770
772
769
769
772
775
773
776
777
778
781
782
783
783
782
786
786
785
787
790
789
787
793
791
792
796
796
796
798
797
801
802
800
802
801
802
806
806
807
806
810
810
808
809
814
814
816
814
817
818
816
821
819
824
820
826
824
824
827
829
829
831
828
832
832
831
835
837
839
836
840
841
841
840
842
841
843
845
846
845
848
849
852
852
850
852
856
855
855
859
856
858
858
863
863
866
862
864
865
869
866
871
869
869
875
872
875
874
879
875
880
879
880
881
884
882
887
887
888
889
889
891
893
889
894
893
895
894
898
897
900
897
899
903
904
904
903
906
908
909
909
907
908
910
911
914
915
916
914
919
919
919
921
923
924
924
922
923
928
930
926
931
933
934
931
936
935
938
939
935
940
942
942
940
940
941
943
945
945
946
948
949
952
951
953
956
953
956
955
957
961
958
963
960
965
962
963
965
965
965
970
972
969
972
972
976
977
973
974
975
980
979
983
983
983
982
985
987
986
990
988
989
993
992
993
995
997
994
997
995
999
1000
999
1003
