5
3
3
7
5
10
8
9
8
12
15
11
15
18
19
20
21
19
22
19
23
26
25
28
28
30
28
28
31
32
35
36
35
38
37
40
39
37
40
43
41
46
43
44
44
45
49
49
53
54
50
51
57
56
59
58
61
57
63
63
62
63
66
67
65
69
69
71
70
69
71
76
77
74
76
80
80
81
82
79
80
86
86
87
87
89
89
87
88
93
90
91
96
97
95
98
101
100
102
101
100
104
105
103
109
109
110
108
109
112
111
116
117
114
118
115
118
122
121
120
124
124
126
125
127
125
131
132
128
134
133
133
132
133
134
138
141
139
139
140
142
141
143
143
147
146
148
148
149
153
153
151
155
154
156
160
158
158
160
164
162
165
163
165
164
170
169
172
173
173
174
175
173
176
179
179
179
180
180
179
180
181
182
185
188
190
188
187
190
194
192
196
192
196
198
196
201
198
200
200
203
203
206
208
208
206
209
211
213
209
214
211
214
216
214
220
221
221
219
224
220
226
223
226
227
227
231
228
230
233
232
233
235
235
239
236
239
239
243
240
240
242
245
248
245
247
246
247
248
250
255
253
256
253
255
260
261
260
259
261
260
263
266
265
266
268
271
269
270
273
272
274
272
278
274
279
277
282
279
282
282
283
283
286
285
290
289
291
288
292
291
295
294
294
298
296
300
302
299
299
305
302
305
304
305
309
310
309
309
311
312
311
317
314
315
319
320
322
318
324
321
325
324
328
327
327
327
327
333
329
331
332
334
335
337
340
340
340
340
343
343
346
347
343
345
348
348
349
348
349
354
351
357
358
357
359
358
357
359
361
362
363
362
363
364
368
367
369
371
369
371
374
374
378
374
377
380
377
382
381
385
385
387
383
389
386
390
389
391
389
391
393
395
395
399
399
396
402
401
399
403
406
403
407
405
408
408
411
412
414
410
412
415
418
418
416
417
421
422
424
424
425
424
428
426
428
427
427
433
433
433
432
434
436
434
435
439
442
440
443
443
441
444
445
447
447
450
451
449
452
451
455
453
456
457
456
458
458
460
461
465
462
463
467
466
468
468
468
473
470
471
471
473
475
475
479
478
479
483
484
483
483
483
486
485
486
486
489
489
490
493
492
495
497
499
497
498
498
498
504
503
506
506
505
507
506
507
509
512
512
510
516
514
513
518
520
521
522
521
521
520
521
527
523
527
527
530
532
529
529
531
535
534
538
536
537
538
542
542
539
540
544
542
545
549
545
549
547
549
553
553
551
552
558
557
558
559
558
558
563
562
563
562
564
567
570
570
569
572
571
574
573
576
577
576
579
577
577
583
581
581
584
587
585
589
586
589
590
589
591
595
591
596
598
595
596
598
598
602
600
603
606
604
605
609
609
607
607
609
609
615
614
614
615
618
616
616
621
623
621
621
625
623
627
625
627
628
629
629
633
630
632
635
634
636
639
637
642
639
639
645
646
647
648
648
646
649
648
650
649
652
651
653
655
654
657
660
662
658
663
661
664
667
666
666
666
668
671
668
674
672
676
677
675
677
676
678
680
681
684
685
682
683
683
689
686
689
689
692
690
695
695
696
696
698
696
697
700
699
704
704
704
702
704
709
706
709
707
708
711
713
714
712
713
719
715
720
718
721
721
723
726
722
728
727
729
728
729
733
732
732
735
736
733
734
738
739
738
742
740
741
742
742
743
744
748
751
749
753
754
750
754
756
758
756
757
757
761
760
761
765
763
767
764
768
768
768
769
773
773
773
772
775
773
775
777
781
781
780
784
782
786
784
785
789
789
786
787
791
789
793
793
795
794
799
795
801
802
803
804
800
804
805
803
808
806
808
812
813
812
812
811
814
817
819
819
819
822
822
820
823
825
825
825
828
825
831
827
833
829
835
832
834
833
837
840
836
841
842
841
845
843
843
847
844
847
849
852
853
852
851
852
856
854
859
856
860
861
862
860
860
861
866
868
869
869
870
869
871
873
870
871
873
873
875
877
881
882
878
879
880
884
886
887
886
886
886
892
889
889
890
893
892
896
898
895
901
897
902
902
905
905
905
907
904
907
906
912
912
914
911
913
915
913
917
918
920
918
919
919
925
922
927
928
928
928
929
927
928
933
934
935
935
938
934
940
936
939
938
942
940
942
943
947
949
945
946
951
953
954
955
952
952
955
959
959
959
958
962
964
963
965
962
965
968
970
966
969
972
970
970
975
977
973
977
980
979
977
983
981
981
986
985
984
989
989
990
992
990
991
995
996
995
996
994
995
1000
997
1000
1003
