2
6
4
7
8
8
6
12
12
13
10
14
14
16
16
16
20
21
21
21
21
24
26
24
29
25
31
27
31
30
35
31
34
33
34
38
40
38
40
40
41
45
44
45
44
45
50
50
49
49
54
53
52
55
57
56
58
57
62
59
62
64
67
68
69
65
66
68
69
70
74
71
74
74
76
76
80
79
83
83
85
85
82
87
88
86
88
90
92
94
92
94
95
97
96
95
98
99
102
104
101
102
102
107
107
105
111
110
108
114
111
111
113
114
116
119
119
122
122
123
120
126
124
127
125
127
127
128
131
129
134
132
132
138
138
140
136
140
141
141
142
141
142
144
147
150
147
151
151
149
152
151
152
155
157
157
156
162
163
161
162
163
167
168
169
168
167
169
173
170
171
174
177
177
174
178
177
177
182
183
183
186
187
187
188
187
188
190
188
192
194
196
195
198
198
198
197
198
200
199
202
202
205
205
205
207
209
211
208
212
212
214
212
213
215
215
220
220
220
219
223
226
222
223
226
228
229
232
232
230
235
235
236
234
237
235
237
241
242
241
243
246
243
245
247
249
250
247
250
251
251
251
257
257
258
256
260
259
262
260
265
264
262
263
267
266
270
269
272
272
274
271
277
273
278
278
276
278
282
279
284
286
287
285
288
285
287
288
288
294
294
292
292
298
297
297
299
301
301
302
302
306
307
308
306
307
311
310
311
312
313
312
317
318
316
316
320
317
321
323
320
324
325
327
327
329
330
327
330
332
330
333
336
337
337
337
336
341
339
341
342
341
343
344
345
345
350
352
349
350
352
355
356
355
359
355
360
357
362
362
364
364
366
365
364
366
368
367
368
372
370
376
375
375
376
377
379
379
381
381
382
385
386
386
384
385
389
390
388
393
391
392
396
393
396
396
396
398
402
404
402
406
406
408
407
405
410
409
409
409
413
414
417
414
416
419
419
420
421
421
421
422
427
428
424
427
431
428
430
429
431
431
436
434
437
436
441
440
441
440
442
444
443
446
445
447
447
452
451
450
451
452
457
455
456
455
458
460
462
459
465
463
465
466
468
470
466
471
472
471
474
475
477
473
479
476
478
478
481
480
480
486
482
486
487
485
490
488
492
493
491
495
494
498
495
500
500
498
503
504
503
506
502
503
507
509
508
508
510
512
510
516
512
517
516
520
518
519
518
523
523
522
523
524
529
529
530
529
529
534
531
531
534
534
539
539
540
537
539
542
545
543
547
544
544
550
551
552
552
549
553
553
557
557
555
559
557
559
559
559
562
566
564
568
567
569
567
570
572
574
575
573
573
577
576
577
578
577
580
580
580
585
585
583
584
587
588
592
591
589
590
596
596
593
599
598
600
597
598
604
605
606
604
606
604
607
609
610
611
610
615
611
616
618
615
615
617
621
621
623
621
622
623
623
626
630
627
630
631
631
633
633
634
634
634
638
638
637
641
644
641
646
644
644
644
647
649
650
649
649
650
653
652
655
658
660
661
660
663
659
664
661
667
665
667
665
668
672
671
672
675
671
677
673
679
679
678
681
678
679
680
681
686
688
685
690
687
687
693
689
691
696
694
696
695
696
701
702
699
704
701
705
704
707
704
710
706
711
713
714
715
712
712
713
719
715
716
717
718
723
723
722
723
728
728
728
726
729
730
731
733
735
735
737
738
735
736
740
740
739
741
743
743
743
744
747
749
750
751
751
750
753
754
758
757
758
757
759
762
759
764
763
762
767
767
770
768
771
769
770
770
773
773
776
776
780
779
778
780
783
784
783
787
784
787
787
791
791
793
793
792
792
792
797
796
798
797
802
802
801
802
804
802
808
809
809
811
807
812
814
813
816
813
813
818
816
819
819
820
819
823
822
827
823
829
827
831
828
828
829
832
836
833
837
839
835
836
837
842
843
845
844
842
848
849
848
846
848
851
851
853
854
857
858
854
856
861
861
862
859
865
861
865
864
866
867
870
869
869
872
874
872
874
877
874
878
879
879
879
883
882
882
886
887
889
886
888
891
891
891
890
894
895
895
894
896
900
898
903
902
900
906
902
903
907
907
910
910
909
912
915
914
916
918
915
916
921
920
921
923
921
926
925
923
926
928
929
932
933
930
935
935
932
935
939
939
941
941
939
944
942
943
942
944
945
950
947
948
950
951
952
956
954
958
959
959
960
957
960
963
962
962
963
965
966
967
969
969
970
970
975
974
973
976
978
978
978
981
981
980
984
981
982
987
986
986
988
987
993
989
992
994
995
998
996
1000
1000
998
1002
1003
