5
5
7
6
8
8
11
10
9
14
12
14
14
15
14
15
21
19
18
24
22
22
24
26
25
27
28
27
29
29
31
33
32
35
37
35
37
40
39
40
44
46
45
45
44
49
49
49
50
49
50
51
53
53
57
58
61
57
58
63
63
66
65
64
69
69
68
67
73
72
71
76
74
74
74
79
77
79
81
79
84
83
86
85
84
86
87
92
89
91
92
93
94
97
94
95
101
100
98
102
103
101
105
103
104
108
111
110
110
111
115
113
115
117
116
117
116
118
121
124
120
126
127
126
124
128
127
128
133
131
131
134
133
133
138
140
136
142
142
143
142
146
142
148
149
145
150
151
152
154
153
155
155
154
159
160
160
160
162
164
161
161
166
167
167
170
167
172
172
171
173
173
173
178
175
180
178
182
180
179
183
184
182
185
189
186
188
191
190
191
190
196
195
195
194
196
199
199
199
203
201
206
204
205
209
209
208
212
212
211
211
211
214
214
219
220
220
217
219
222
222
224
227
227
229
226
231
232
231
230
231
236
234
235
235
239
239
238
241
243
243
241
242
244
246
246
251
247
252
254
252
251
252
258
259
259
261
260
262
259
260
262
263
263
265
265
267
270
269
270
273
274
272
278
277
275
276
277
283
284
282
283
285
285
285
286
291
287
292
290
292
292
293
293
299
297
300
299
301
301
302
305
307
305
307
305
309
310
310
314
310
316
312
315
318
320
318
318
321
319
325
324
326
328
329
326
326
332
330
334
335
336
336
336
338
339
338
337
338
344
345
343
344
345
346
348
346
349
349
352
352
351
353
355
357
359
361
358
359
359
364
361
362
364
364
368
371
368
369
369
373
375
377
377
374
380
380
377
380
380
381
381
384
383
386
385
389
392
388
389
394
395
395
398
396
399
399
402
402
399
401
406
407
403
405
410
411
409
410
410
413
416
417
417
417
420
420
420
423
420
425
425
425
426
427
425
431
428
430
430
431
432
436
434
439
440
437
441
440
440
444
442
446
447
448
445
450
449
450
449
450
456
455
457
455
457
460
459
460
462
461
465
466
463
469
466
467
472
468
472
474
471
474
473
475
479
478
482
479
482
482
484
485
486
488
485
491
490
491
494
495
495
494
495
496
497
497
497
499
500
505
503
506
508
505
507
510
507
512
509
515
515
514
517
519
518
518
518
521
523
525
524
527
527
529
525
528
527
529
531
535
532
535
534
537
537
536
541
541
544
542
545
542
546
547
546
548
550
549
551
550
551
555
558
556
555
558
558
560
561
560
564
565
563
567
569
566
571
573
573
571
574
572
574
577
577
578
577
579
583
583
583
582
583
588
590
587
588
590
590
594
591
597
596
599
598
597
601
603
602
604
606
607
606
609
608
611
608
613
613
610
613
612
615
614
618
621
620
619
620
625
623
627
625
629
630
627
627
628
631
632
636
634
633
634
635
641
641
641
639
641
641
647
647
649
645
649
649
651
652
650
653
654
653
656
656
661
659
660
663
665
662
663
668
669
670
668
670
673
672
674
675
674
678
678
679
676
677
683
679
680
684
686
683
687
688
689
691
688
691
694
696
695
696
695
695
699
700
698
704
705
701
704
707
708
709
706
708
708
711
714
711
716
718
715
715
721
718
721
720
723
723
727
727
729
729
728
727
729
732
733
731
734
735
737
737
741
739
739
741
743
746
746
744
745
750
750
750
748
753
751
751
752
755
759
756
758
758
758
764
764
766
762
764
766
766
767
769
773
773
772
776
773
776
774
777
779
777
782
782
780
786
786
788
787
788
786
791
790
793
792
794
793
793
795
795
799
798
800
801
804
801
806
803
805
807
810
811
812
810
810
816
815
817
816
816
821
820
823
820
824
822
822
823
827
826
830
829
828
830
834
831
837
833
839
836
839
838
842
842
840
845
845
844
848
847
850
848
851
854
854
856
856
858
858
856
861
861
858
863
864
863
867
865
868
870
866
867
872
874
872
874
873
874
878
875
876
878
880
884
885
886
886
884
884
886
888
887
889
894
891
895
892
897
899
896
900
898
903
904
904
903
906
904
907
905
907
907
909
914
912
911
914
918
916
918
921
920
922
922
920
923
925
924
925
930
928
931
932
933
934
936
932
936
937
935
941
942
940
940
940
944
944
945
949
946
947
948
948
953
955
952
952
958
958
956
961
962
962
964
963
964
965
964
965
966
969
969
969
970
970
973
972
978
974
980
977
981
979
984
982
982
986
983
987
985
988
992
991
990
995
994
997
995
998
997
998
997
1003
1004
