5
6
3
8
6
9
11
8
10
12
11
13
15
18
16
19
21
20
20
21
20
21
25
24
26
27
28
28
31
32
33
35
35
33
38
36
37
41
39
39
43
46
45
48
49
49
49
48
48
49
54
56
56
58
57
56
60
61
59
64
60
61
63
66
64
69
68
68
72
70
73
75
75
77
76
76
80
77
80
82
85
82
83
87
84
88
88
90
90
90
93
94
92
95
99
99
99
100
101
100
100
106
107
105
109
105
111
109
109
109
115
112
112
116
115
118
119
121
119
124
124
121
127
126
129
126
131
130
129
130
131
131
132
138
137
138
137
142
140
139
143
144
145
143
148
145
147
147
149
151
152
151
152
154
156
156
161
162
162
164
161
161
164
165
169
168
169
169
172
174
175
175
175
177
179
175
181
182
183
180
184
183
183
187
185
187
191
190
191
189
190
193
194
193
196
199
200
197
199
201
200
206
204
208
209
206
209
207
208
213
212
216
217
217
216
216
220
220
218
221
221
222
224
225
228
229
229
231
229
233
234
234
235
234
238
240
236
237
242
240
243
243
247
244
244
245
249
251
248
251
255
253
255
256
255
259
259
258
261
263
261
264
264
267
268
266
269
271
271
273
273
275
276
273
275
279
279
282
279
281
285
281
284
285
287
286
290
291
293
289
292
292
292
297
296
299
301
299
303
302
303
301
303
305
305
308
309
311
309
312
315
316
313
313
316
316
321
317
319
320
322
323
325
327
324
325
329
327
328
331
331
334
335
334
338
340
340
342
343
342
342
343
346
343
344
347
349
352
353
353
353
352
352
358
355
360
359
357
361
360
361
363
363
367
369
365
367
367
373
373
370
371
376
377
379
375
378
382
379
383
382
385
382
385
385
385
389
387
388
392
390
395
394
393
399
397
399
400
400
399
403
402
404
405
406
410
410
410
409
409
413
416
415
414
414
415
419
422
418
419
425
426
426
423
424
425
426
432
430
433
430
436
434
435
439
440
439
439
440
440
445
443
443
444
445
448
451
449
449
449
455
454
453
457
459
456
456
462
459
461
465
466
464
466
467
468
466
469
469
473
471
475
475
477
474
479
476
482
481
481
485
483
483
487
486
488
488
488
488
490
493
496
494
495
497
497
499
497
499
502
500
502
506
507
508
505
506
512
513
511
512
511
514
513
514
515
516
522
523
520
520
524
522
523
528
526
527
532
529
534
533
535
532
538
536
538
541
539
539
543
543
544
542
546
549
547
549
548
550
549
550
553
556
555
559
560
559
559
560
564
560
566
567
564
567
565
571
567
571
574
572
573
575
577
575
576
578
580
581
582
584
583
582
587
588
588
589
592
590
591
592
591
594
597
599
599
599
597
598
604
605
603
605
605
607
610
609
612
612
613
614
614
615
614
618
615
617
618
620
619
621
625
623
624
629
627
627
627
629
634
631
636
634
637
636
639
638
641
642
639
641
646
644
643
645
649
646
651
653
649
653
653
652
653
659
656
656
660
659
661
663
662
664
663
667
665
669
667
669
673
672
673
677
674
679
677
678
682
680
683
680
686
684
683
684
688
690
687
691
691
695
693
697
696
699
699
700
697
702
704
705
702
705
703
709
707
709
709
709
709
712
711
716
714
718
716
717
717
720
723
722
722
724
724
724
726
731
732
731
730
734
735
737
735
736
738
736
737
740
742
740
746
743
744
746
748
751
750
748
752
752
751
753
753
756
755
756
762
762
761
763
766
765
765
766
770
771
772
768
770
775
773
772
777
775
775
781
780
781
784
785
781
786
786
785
788
790
789
788
790
791
795
792
794
794
800
800
800
802
804
804
805
802
803
808
805
810
810
811
809
814
815
814
818
815
818
816
818
821
822
822
825
823
824
826
828
831
831
829
830
835
831
832
834
839
838
838
840
842
840
843
842
845
845
847
848
851
850
851
851
851
853
852
857
858
859
860
860
859
859
862
866
866
863
866
869
866
869
869
869
873
872
874
873
875
879
877
881
878
883
880
885
886
888
885
890
890
891
890
890
895
896
897
893
895
896
900
900
902
900
904
905
906
907
909
905
909
911
912
910
912
911
916
918
919
920
921
922
919
920
923
925
923
926
924
928
928
929
928
930
933
936
934
934
934
936
941
937
940
944
941
943
945
948
945
945
950
947
953
949
950
952
956
954
955
959
961
957
961
963
965
963
967
963
965
966
971
971
970
970
975
972
975
978
975
975
981
977
983
984
982
983
984
984
987
990
987
990
993
994
992
992
996
997
999
995
1001
998
1000
1004
