1
2
4
8
8
6
7
9
12
9
10
11
14
18
14
18
20
17
18
21
20
22
24
24
26
26
30
30
31
29
30
32
33
35
37
39
39
39
40
39
45
43
45
43
48
49
47
48
53
51
53
52
57
56
54
60
61
57
58
61
61
65
63
67
67
67
68
70
71
74
74
76
73
73
78
77
76
79
82
83
80
81
85
87
87
85
87
90
91
90
91
94
92
93
99
99
100
99
102
100
101
105
107
108
106
108
107
111
108
111
115
114
113
113
119
117
120
122
119
119
120
121
123
124
124
128
128
129
131
133
133
134
137
136
137
135
137
141
143
140
145
143
146
143
144
147
147
148
148
152
153
152
152
158
156
157
156
161
158
160
165
161
162
168
165
170
166
169
169
172
173
171
175
173
178
178
178
177
183
182
180
181
184
185
186
189
188
192
190
194
191
192
193
198
196
197
196
200
203
200
204
206
206
207
204
205
208
212
209
213
214
216
217
215
217
217
218
221
220
222
225
225
222
224
227
227
226
227
233
234
230
234
232
237
236
239
239
242
240
244
243
242
243
245
245
250
246
249
248
250
250
256
255
258
255
256
258
261
261
261
264
261
262
266
267
269
268
272
268
269
272
271
276
273
278
279
279
282
278
281
285
285
285
284
285
289
286
291
289
290
294
294
295
295
299
299
299
297
302
300
301
304
303
306
309
309
310
307
309
309
312
313
317
318
317
315
317
321
319
320
322
325
327
325
325
328
331
331
328
332
332
335
332
337
338
337
337
338
338
344
344
345
347
344
347
350
349
348
350
350
353
356
353
356
359
358
356
362
362
361
365
361
367
367
367
370
370
369
372
369
373
371
376
377
376
379
377
382
381
383
381
384
385
384
387
389
386
388
393
390
394
392
396
396
396
400
398
399
398
402
405
402
403
408
405
407
408
412
408
414
415
413
412
415
415
418
416
421
420
421
425
422
422
426
424
428
427
427
429
430
434
434
433
434
436
435
436
437
441
444
441
442
445
444
445
450
447
449
451
449
451
452
457
456
459
459
461
462
463
459
462
461
466
466
468
469
468
471
472
472
474
473
472
475
475
479
477
481
483
482
485
483
482
487
489
486
487
490
492
490
491
496
495
498
498
495
496
500
503
501
503
505
507
506
507
510
509
509
509
511
515
513
514
514
514
520
521
522
521
519
522
526
523
526
525
528
527
530
528
531
535
536
537
535
539
540
538
541
541
544
543
544
542
547
548
545
546
549
549
549
554
553
555
557
558
558
561
561
563
561
561
565
564
568
565
565
566
568
572
573
574
575
572
573
575
576
578
578
579
579
582
584
583
586
584
589
586
591
592
593
595
594
597
593
594
598
597
602
599
600
602
606
602
608
605
610
607
608
609
614
613
616
614
616
616
616
618
617
618
620
623
624
627
623
624
625
630
629
630
633
631
633
636
635
634
637
639
637
640
644
640
646
642
647
648
647
650
651
650
653
655
652
653
654
654
656
659
657
658
661
661
664
665
664
664
670
668
667
671
673
675
671
674
676
678
679
676
682
678
680
680
681
684
686
685
689
689
692
690
689
694
691
695
696
698
698
696
697
702
704
703
705
707
704
708
707
711
707
711
714
713
712
715
717
715
719
716
722
721
722
720
724
727
727
725
726
727
731
729
733
733
731
736
738
736
737
741
738
741
744
740
744
747
747
745
749
746
747
753
750
752
752
755
757
754
759
756
762
760
762
760
766
764
765
769
769
770
768
770
770
772
773
774
774
779
776
779
778
781
783
782
785
787
786
789
786
790
792
790
791
791
792
792
793
796
798
799
798
801
803
800
804
806
808
808
807
809
809
808
814
810
813
816
815
816
819
819
818
819
824
825
823
826
828
826
830
830
832
833
834
834
833
832
834
839
838
839
841
838
841
840
846
843
846
844
849
848
851
851
849
850
855
854
856
854
860
861
859
862
860
861
865
864
864
865
870
871
869
868
870
871
874
877
876
875
876
877
880
880
879
884
884
887
887
885
887
890
888
892
891
890
892
893
897
899
898
897
901
900
902
901
905
904
903
906
908
911
910
912
912
915
914
917
918
914
915
921
918
919
924
925
924
926
927
925
930
931
928
928
931
931
936
937
934
934
939
937
939
941
940
943
945
944
943
944
945
946
952
948
952
951
955
956
954
954
957
960
957
961
960
960
966
965
963
965
967
970
971
969
970
975
971
976
973
974
975
976
980
979
983
982
984
984
986
986
986
990
991
989
992
994
994
993
995
995
1000
1000
999
1003
1004
