4
6
2
4
5
7
11
9
8
10
12
14
13
13
16
19
16
17
19
23
20
24
25
28
28
27
29
27
33
33
30
34
33
38
35
40
36
38
40
40
41
43
47
44
44
50
49
47
51
50
52
52
56
56
57
59
58
57
61
61
65
61
66
66
68
68
68
68
70
73
72
76
75
73
77
79
80
77
80
84
81
83
86
85
88
86
88
91
89
92
91
93
96
94
96
95
101
100
103
104
102
105
105
107
106
109
110
108
109
112
113
116
114
115
119
116
116
120
118
120
124
122
124
128
126
129
130
132
132
132
132
133
135
136
134
140
141
139
142
139
142
141
144
145
145
147
149
151
149
149
150
155
156
154
155
155
160
161
161
161
164
166
165
167
164
168
170
169
172
174
174
174
174
173
176
179
180
182
183
181
184
182
182
187
189
187
186
187
192
193
191
195
192
193
196
199
199
201
201
202
204
203
204
207
208
208
209
208
213
213
212
211
212
218
214
219
216
221
218
221
225
221
222
228
224
225
226
232
233
232
235
236
234
235
237
240
241
241
242
243
241
244
243
246
247
247
249
250
251
254
254
254
252
257
257
256
257
257
262
261
264
263
265
268
266
265
269
271
270
273
274
271
273
276
274
279
278
281
278
280
285
283
286
285
288
290
286
288
290
293
294
293
292
293
298
297
299
298
301
304
303
306
303
304
304
309
309
311
310
312
311
312
314
314
314
316
319
319
323
324
321
323
327
328
329
329
328
328
332
333
333
331
336
336
335
338
338
338
340
341
341
342
345
345
347
347
349
349
350
349
353
355
354
356
356
358
359
361
358
362
360
362
365
367
369
369
367
369
373
374
370
374
375
378
376
377
381
381
382
379
382
384
383
385
388
389
387
390
389
393
392
395
395
398
395
397
396
402
402
404
402
401
407
405
404
405
409
411
409
410
413
414
415
417
414
419
420
418
419
424
420
424
423
425
429
425
426
432
433
432
432
436
436
434
439
439
441
438
441
443
444
441
442
448
445
447
449
448
448
450
455
452
452
457
457
458
456
457
458
460
463
464
464
465
467
467
469
470
468
469
473
475
477
474
479
477
481
482
479
484
485
485
486
483
489
490
491
491
489
492
492
492
497
495
498
498
501
500
501
499
504
501
504
505
506
509
509
511
512
513
515
512
516
517
517
517
517
520
519
520
520
523
523
523
528
527
530
531
529
532
530
533
534
533
536
538
538
538
539
541
544
543
547
546
544
550
547
547
549
549
553
551
554
558
559
556
558
561
560
561
560
565
563
566
566
565
566
568
572
574
575
572
573
573
577
580
579
580
580
584
585
582
582
584
588
589
589
587
588
590
595
592
594
596
596
599
598
597
599
602
602
603
607
603
609
610
609
610
611
610
611
615
616
617
619
618
619
618
621
623
624
623
625
623
629
628
629
629
633
629
630
636
637
634
639
638
640
637
642
643
642
642
645
643
649
647
647
647
651
651
654
654
653
657
656
657
656
658
658
659
663
666
664
663
666
666
670
669
672
672
671
672
672
676
676
679
681
677
679
682
685
686
684
687
688
688
686
690
692
693
692
694
697
693
698
699
698
702
703
704
700
701
704
706
706
709
711
710
710
712
710
716
716
718
715
719
717
718
719
723
721
722
722
726
729
729
726
730
733
730
733
735
734
737
734
737
739
742
740
744
744
746
743
744
745
750
748
750
750
752
754
755
755
754
755
757
756
760
758
760
760
761
767
767
766
765
767
767
771
773
775
772
772
773
778
777
776
778
779
779
781
786
786
785
789
790
790
788
790
794
790
796
793
798
798
795
801
797
803
802
805
804
807
803
809
805
806
812
808
814
810
814
813
817
815
820
818
821
822
824
822
823
827
826
829
828
830
829
833
832
834
831
832
834
838
838
837
842
843
840
842
845
844
846
849
845
849
850
852
852
854
853
852
856
858
858
856
861
858
859
861
862
866
867
866
868
868
872
869
872
870
875
875
876
874
876
878
882
880
880
882
886
883
888
887
885
891
891
889
891
892
896
896
898
895
896
897
898
900
903
901
903
903
906
908
910
911
907
909
913
913
914
915
915
919
920
919
919
922
922
922
924
927
924
928
927
929
931
929
932
931
934
934
938
934
939
940
938
941
940
942
944
947
945
947
947
948
951
949
950
953
951
953
958
957
958
957
958
958
959
963
964
967
964
969
965
966
967
970
969
972
971
973
975
975
980
981
982
981
983
982
983
985
987
988
989
987
987
991
993
995
991
996
997
996
996
1000
1001
1000
1004
