2
2
6
5
5
6
6
11
9
13
10
14
14
15
14
20
19
20
23
24
25
22
27
28
29
29
27
28
33
31
34
31
37
35
39
35
39
40
38
43
42
45
44
47
44
47
47
51
49
49
54
54
53
55
57
56
60
61
63
62
63
64
67
68
65
66
69
69
70
73
73
73
76
74
78
78
77
81
81
79
85
85
82
88
84
90
90
89
88
91
94
96
93
97
99
98
101
97
99
100
103
103
102
103
109
105
108
107
108
114
115
115
113
115
114
115
121
118
121
119
122
121
125
128
124
130
128
127
130
134
130
134
137
136
135
138
138
139
138
143
141
145
142
148
145
150
149
147
151
149
153
154
152
153
154
157
159
159
158
164
163
162
166
167
165
167
168
171
169
172
175
171
173
177
179
175
181
178
180
180
185
182
187
187
185
188
186
191
189
190
195
196
192
198
196
195
200
200
199
200
200
203
205
206
208
205
208
207
211
212
213
214
213
215
214
217
216
217
219
221
222
223
225
226
228
228
231
228
230
229
233
234
235
234
238
237
240
238
238
243
241
242
247
247
244
245
250
251
249
250
253
252
256
253
255
255
256
259
261
264
265
266
264
264
269
270
269
268
270
274
272
271
273
273
274
276
279
279
283
282
282
281
282
285
288
286
289
292
288
289
290
291
296
293
294
297
296
300
301
299
303
301
303
305
305
309
311
309
312
312
313
314
312
316
314
320
321
319
322
321
321
324
324
324
324
325
327
332
328
333
332
334
335
336
334
340
338
341
341
343
345
341
347
346
349
348
350
348
351
352
351
356
357
354
354
357
359
362
363
362
360
366
365
366
368
369
370
370
368
370
372
371
372
374
378
376
377
377
380
384
381
386
387
384
386
386
387
387
391
392
390
394
394
396
399
400
401
402
403
402
402
403
404
408
408
409
407
408
409
414
415
413
414
418
414
419
418
418
419
419
421
426
422
425
424
426
429
429
431
433
434
435
435
434
436
436
437
439
440
444
440
443
445
444
449
447
448
448
453
454
450
451
455
453
455
456
458
462
462
462
463
461
464
463
468
467
466
469
471
473
470
471
472
478
477
476
478
478
481
480
484
481
483
487
489
489
491
487
488
493
491
495
494
498
498
498
498
497
498
500
500
501
504
506
507
509
508
510
509
510
512
512
513
514
517
517
517
520
522
523
520
521
522
528
525
525
531
527
531
531
531
534
535
534
539
536
537
542
538
542
545
544
543
547
549
550
550
551
551
553
554
551
557
557
557
555
558
557
560
563
562
563
564
565
564
566
569
569
570
574
575
573
577
578
577
580
580
578
582
581
581
585
585
584
585
587
587
589
591
591
593
593
593
594
599
597
596
602
600
602
600
604
607
603
604
609
606
611
608
613
612
612
614
617
619
616
617
617
621
620
621
622
626
627
628
629
628
632
632
632
630
635
635
635
635
636
641
641
641
642
641
641
645
648
644
648
648
649
649
653
652
651
657
655
654
655
656
658
662
660
661
665
662
665
664
667
668
672
672
673
672
674
675
674
676
680
677
677
678
680
683
683
682
686
686
686
689
691
693
690
692
696
695
698
697
697
699
699
702
704
704
704
704
703
704
706
707
710
711
712
712
714
712
716
717
718
718
720
718
723
725
726
723
727
726
730
729
730
733
731
735
732
733
734
738
736
736
741
743
739
743
744
742
744
748
750
748
749
748
754
755
752
755
756
755
756
759
759
763
763
764
762
766
763
769
766
766
771
773
774
773
771
773
777
779
776
776
781
780
782
783
786
786
785
787
788
788
792
788
791
794
792
794
793
797
798
801
801
799
800
804
803
807
806
809
807
808
807
812
811
813
816
816
816
814
815
820
821
819
823
822
825
827
827
826
827
830
832
831
832
830
835
835
835
836
836
837
838
839
844
843
845
842
847
844
846
850
849
850
853
850
852
854
858
854
855
860
860
859
859
864
864
867
864
869
869
867
868
868
869
874
875
876
873
878
879
879
877
878
879
883
883
884
888
889
885
888
891
890
894
890
893
894
896
897
900
897
897
901
901
903
902
903
904
905
908
910
909
908
914
914
914
917
914
915
916
917
920
922
924
922
923
927
923
927
926
929
932
929
934
932
931
936
934
936
937
940
942
940
943
943
946
947
947
945
946
950
949
948
954
952
955
957
956
956
956
957
960
959
963
961
964
965
965
969
967
966
972
972
969
975
972
976
976
976
976
977
977
979
984
981
985
987
983
988
987
986
991
992
992
995
992
995
996
994
995
998
1000
1001
1003
