1
6
5
6
4
9
8
10
9
11
15
15
14
18
17
20
18
20
22
24
21
21
26
23
27
26
27
28
33
34
30
35
35
37
38
40
40
37
41
41
44
43
43
48
47
49
47
51
50
53
53
52
57
54
57
59
57
60
59
59
60
63
64
65
65
70
71
72
73
72
72
73
76
77
74
79
77
78
78
80
81
84
84
83
87
86
88
88
90
92
92
96
92
96
96
97
96
99
98
104
105
105
103
107
106
107
107
109
113
112
114
113
114
117
117
116
118
121
121
124
123
125
126
126
125
129
129
132
133
131
133
135
134
133
135
136
137
138
138
140
144
146
146
148
145
147
150
147
153
149
154
154
157
157
156
156
160
159
163
162
160
161
164
167
169
170
167
170
168
172
173
174
177
177
176
178
181
179
181
179
181
183
185
186
186
186
188
188
191
193
193
195
195
193
195
196
201
202
198
199
201
205
206
206
207
210
207
208
213
209
212
211
214
217
218
215
217
218
221
224
222
225
222
225
225
226
230
232
232
232
232
232
237
234
235
240
240
242
242
240
240
243
247
248
248
247
246
247
248
251
253
256
252
258
255
258
257
258
262
263
262
265
267
263
269
267
268
268
273
274
272
275
274
274
279
276
281
282
278
284
283
281
285
286
285
289
287
289
288
289
295
292
294
297
296
298
296
298
298
303
303
305
305
304
307
308
309
308
311
309
313
315
316
315
318
315
316
321
319
323
322
324
325
326
327
327
329
328
332
333
333
332
337
336
337
340
338
337
339
339
344
343
346
348
346
347
350
348
352
352
350
356
355
355
354
356
359
357
363
364
363
363
363
365
369
369
370
370
370
373
370
375
372
375
378
380
381
378
380
384
381
382
387
384
384
389
386
387
393
390
395
394
394
394
398
397
400
401
398
402
401
403
404
406
409
406
407
411
409
413
411
415
412
415
418
418
417
422
422
422
421
423
423
423
428
428
430
430
428
434
434
434
432
437
434
436
437
440
440
440
444
445
445
446
445
447
447
452
450
450
450
452
452
454
455
458
461
458
463
460
462
464
467
467
466
469
469
472
472
470
472
473
472
477
474
477
477
480
483
481
480
486
482
484
487
485
487
489
489
492
495
495
497
495
495
499
501
499
501
501
501
504
504
503
507
508
510
512
512
513
511
513
515
517
518
517
518
519
518
521
524
524
523
526
524
527
531
527
533
534
530
531
535
535
538
535
539
540
540
542
543
541
542
547
545
546
546
552
550
553
554
553
553
555
556
559
560
558
562
559
565
563
564
567
569
570
570
567
570
574
573
574
573
576
574
577
581
577
579
579
584
582
584
586
585
589
587
588
590
589
593
591
594
594
596
597
599
601
599
599
604
601
605
607
604
605
606
607
610
609
613
616
613
615
614
619
617
622
622
624
624
621
622
628
625
630
627
632
628
633
630
632
637
638
636
636
637
639
641
639
640
643
645
644
644
648
650
650
651
651
655
653
656
658
659
658
661
660
658
664
664
665
667
666
664
666
666
670
673
670
673
673
677
675
678
676
676
677
681
679
684
683
682
686
686
690
690
689
693
694
695
696
695
697
694
698
699
697
702
702
702
701
706
706
704
706
710
707
709
712
714
716
715
713
717
719
716
717
719
724
720
726
723
723
724
727
728
728
732
734
735
734
736
737
738
738
737
740
738
741
742
743
745
745
746
748
749
752
751
750
753
751
755
756
756
755
760
761
758
763
761
763
767
763
769
766
770
767
770
769
774
774
777
776
774
780
780
777
781
784
784
786
785
787
788
789
790
792
788
790
792
791
796
793
795
798
797
802
798
801
803
803
803
808
809
807
806
812
808
809
815
811
814
817
815
815
820
821
820
820
824
826
823
824
829
829
827
827
830
833
835
832
833
836
834
835
837
838
843
839
843
842
842
845
847
845
846
852
852
852
850
855
852
856
854
856
858
861
860
864
862
866
862
868
866
867
867
872
873
871
872
872
877
873
874
878
879
882
883
881
882
886
887
887
888
885
888
887
890
890
890
894
895
898
896
897
900
898
898
903
900
904
906
904
908
910
908
912
909
910
911
913
912
915
916
916
916
922
921
922
920
921
926
925
925
929
931
932
929
932
934
931
935
935
939
935
940
940
939
942
945
944
943
947
947
947
950
947
952
949
952
954
952
955
956
960
959
961
960
962
963
966
967
963
966
967
968
971
970
969
975
971
972
977
979
978
977
977
983
984
985
985
983
985
984
986
987
988
989
990
991
995
993
996
999
995
1000
1001
1000
1000
