0
4
5
5
7
6
11
10
9
12
11
16
15
15
17
15
20
21
19
19
22
25
27
23
26
25
26
30
31
29
31
33
36
36
35
35
37
37
38
39
44
45
44
46
45
49
50
47
50
49
55
55
52
56
57
58
59
60
63
64
60
64
67
64
66
65
66
70
69
74
74
74
76
76
77
80
76
78
80
84
81
84
83
83
87
85
90
89
93
91
95
96
96
94
98
99
99
98
100
99
100
101
105
103
106
107
110
110
111
110
111
116
116
117
116
115
117
117
122
122
121
125
123
128
127
125
126
132
131
132
131
131
137
133
134
135
138
137
141
142
145
142
146
144
149
148
146
152
151
154
152
153
157
157
159
158
157
161
161
164
163
166
164
168
167
168
169
171
168
169
172
176
174
176
178
175
180
178
182
184
185
182
187
184
187
185
187
192
189
189
195
192
193
195
195
200
199
197
201
201
200
203
206
205
204
210
208
210
209
211
211
216
214
215
214
216
217
219
218
222
225
222
225
225
226
229
226
231
228
230
233
234
232
234
237
236
239
242
242
240
240
241
243
245
249
249
247
250
253
252
253
252
253
256
255
259
259
258
259
260
263
262
263
265
265
266
267
270
270
274
272
274
275
275
276
279
281
278
278
282
281
285
287
287
285
290
291
289
291
290
291
296
297
296
297
296
297
301
298
299
301
303
305
308
304
309
306
311
309
311
312
314
315
318
318
318
316
318
321
323
324
325
326
324
328
326
329
327
329
329
331
332
337
334
335
336
337
337
341
342
342
346
345
345
349
345
348
347
353
350
350
354
357
353
359
355
357
358
358
359
364
365
363
368
367
368
366
368
368
372
371
376
373
374
375
378
378
380
380
384
383
385
387
385
387
385
390
392
390
391
392
392
397
396
398
399
398
398
398
402
405
403
403
407
405
408
409
411
412
410
414
411
416
417
418
419
419
418
421
421
423
421
425
428
426
425
430
431
428
432
431
433
433
433
438
435
438
438
442
440
441
445
444
447
446
447
446
448
453
450
450
456
455
456
458
459
459
458
458
461
460
463
467
466
469
469
469
469
472
469
472
473
475
478
475
476
476
477
480
482
481
486
486
486
489
487
487
491
490
489
494
495
493
498
496
495
500
497
499
499
502
503
502
508
505
510
507
510
511
511
512
516
517
518
516
517
520
522
519
520
521
526
523
525
526
530
528
528
532
530
533
532
537
533
534
538
538
537
538
543
544
541
547
546
545
548
551
547
553
554
550
551
557
554
555
559
556
557
563
564
563
566
564
567
566
570
568
569
570
572
573
571
574
576
576
578
576
582
579
583
581
584
583
587
587
585
589
592
590
589
591
591
596
597
595
599
601
599
600
602
600
604
606
608
605
606
610
607
613
611
613
613
614
618
618
616
620
622
623
621
624
625
623
626
624
629
630
629
632
633
633
632
637
636
639
636
637
641
643
640
644
646
643
643
649
648
649
647
651
651
654
656
654
654
655
657
658
659
660
659
663
662
662
666
664
665
666
671
671
671
672
673
677
676
677
677
680
677
680
680
683
685
683
684
686
686
687
692
690
691
691
691
696
693
697
700
696
699
699
703
701
704
706
708
704
707
708
707
711
711
715
714
716
714
714
715
717
717
723
722
724
723
726
727
729
729
731
728
732
729
734
731
733
738
737
737
736
739
741
744
741
745
747
746
747
748
751
748
749
750
754
754
757
755
756
760
761
759
759
764
764
764
767
763
769
766
768
767
768
774
771
773
776
774
777
778
778
778
782
782
784
781
787
787
789
789
788
787
789
789
795
796
792
795
798
795
799
799
801
804
801
802
802
804
808
806
807
811
811
812
812
814
813
816
819
818
816
822
818
819
820
824
825
827
829
828
829
828
828
832
830
835
833
838
839
838
839
837
840
844
842
846
844
845
849
845
851
847
853
851
852
852
852
857
859
856
856
861
858
860
864
861
865
866
865
865
868
871
869
872
871
874
874
874
875
879
879
882
882
880
885
883
886
888
885
885
890
890
891
893
893
892
893
895
899
899
897
898
898
899
904
905
902
906
909
909
907
907
912
909
915
911
916
913
917
919
920
919
921
921
920
922
926
923
925
929
928
931
929
929
930
936
932
934
938
939
938
939
938
941
940
944
947
947
948
945
950
949
948
954
951
956
952
955
959
959
959
961
963
959
965
966
963
966
965
970
967
969
971
974
973
971
973
978
977
980
976
981
981
984
980
983
986
988
989
987
989
991
991
990
994
994
993
993
996
1000
998
999
1003
1003
