2
6
5
3
4
7
10
8
10
9
15
15
15
15
15
15
19
18
23
22
21
24
27
25
29
29
28
31
29
33
32
33
37
36
39
36
40
41
43
39
41
41
46
43
49
45
50
49
48
54
55
53
53
54
58
59
61
59
59
63
65
62
62
64
65
65
70
67
69
74
72
76
72
74
74
80
77
78
82
81
82
81
84
83
86
89
86
91
91
93
92
93
93
93
95
96
97
102
100
102
102
106
107
104
106
107
108
112
111
110
115
116
112
115
115
116
118
122
119
123
123
123
122
126
127
125
131
130
131
133
134
136
132
134
135
136
138
137
140
144
141
146
143
144
145
147
147
151
152
151
155
153
155
158
158
156
159
162
163
163
165
165
167
165
166
169
169
171
169
171
172
175
176
176
178
176
179
180
181
179
180
185
183
185
185
187
186
189
188
191
191
194
193
194
197
200
200
197
203
203
201
202
205
206
207
205
208
209
212
213
215
214
217
213
218
215
221
221
223
222
221
226
222
223
226
229
226
231
229
231
234
234
233
236
236
236
239
240
242
240
243
246
246
244
244
247
248
249
251
252
251
254
256
253
258
258
258
257
262
260
263
261
262
268
265
268
266
271
273
270
271
272
274
274
276
280
277
282
278
281
282
282
286
285
286
286
288
292
288
289
291
296
297
295
298
298
298
301
303
299
302
304
307
304
304
306
310
308
311
314
311
315
316
313
314
317
316
321
322
322
320
324
322
326
325
327
330
327
328
332
335
335
335
337
337
337
338
337
342
343
341
343
343
343
349
345
346
349
351
350
355
352
354
358
359
358
357
357
361
362
361
362
365
364
368
367
367
371
370
370
374
375
375
373
376
375
376
377
380
383
380
382
386
388
385
388
391
390
391
392
392
391
394
398
398
396
397
401
402
404
404
401
407
408
408
409
410
407
411
411
415
416
417
415
416
419
421
417
420
421
423
422
425
423
426
429
431
431
431
431
433
436
437
435
434
439
439
442
443
443
445
446
445
446
445
447
450
451
448
451
455
451
452
454
455
456
458
457
462
459
461
462
463
463
466
468
470
471
472
471
475
475
475
473
477
478
476
482
479
484
485
483
482
488
488
489
491
489
488
493
493
496
493
493
498
496
498
500
498
503
504
505
507
505
508
506
508
507
513
514
511
515
512
515
519
520
519
522
521
523
525
524
524
524
527
527
526
527
532
529
535
534
535
538
537
537
540
537
538
542
542
545
543
546
549
547
551
551
550
550
553
554
556
553
558
560
556
560
558
560
562
566
562
563
567
568
567
571
573
573
570
576
577
578
577
575
581
577
583
582
581
584
587
586
584
589
587
590
589
590
590
593
592
593
597
598
599
602
601
599
602
604
603
604
608
605
610
612
610
609
614
616
612
617
617
615
617
620
621
620
621
622
622
625
625
626
628
632
628
632
630
635
636
633
636
639
636
638
642
643
640
643
646
646
644
645
646
648
649
653
650
652
655
658
657
660
660
660
662
663
664
663
663
666
665
668
666
672
670
673
673
676
673
674
676
676
680
682
683
683
680
685
686
684
689
690
688
690
692
691
692
695
697
698
697
699
701
699
702
699
703
702
705
708
708
708
707
709
711
709
713
713
712
715
716
719
716
717
722
719
725
723
726
727
724
730
731
729
733
734
730
734
734
735
739
736
736
741
743
744
741
743
742
744
747
747
751
747
751
754
750
755
756
757
757
755
760
757
760
759
761
763
764
764
769
765
768
767
768
770
771
775
776
773
775
779
780
780
779
781
783
784
782
784
789
789
791
787
790
792
792
793
794
796
797
797
798
798
798
800
801
806
805
806
807
807
809
811
809
809
815
816
815
817
816
818
820
817
822
823
822
821
824
824
829
830
829
831
829
833
833
831
836
838
835
835
841
842
842
840
842
845
845
848
849
846
848
848
853
851
854
856
855
854
856
858
858
859
863
864
863
862
864
865
867
867
870
869
873
870
870
871
876
875
875
875
879
879
879
884
882
883
887
883
886
889
888
891
890
893
893
892
892
898
897
897
899
900
898
902
902
903
903
905
904
909
910
912
913
911
911
914
912
917
916
918
920
917
919
923
920
922
922
927
928
928
927
927
930
929
933
935
934
933
934
938
936
937
941
941
942
941
946
945
945
946
950
952
949
953
955
954
952
956
955
959
960
960
961
964
963
963
966
966
967
966
966
971
972
974
970
972
977
977
974
975
980
982
979
981
981
985
985
983
986
986
990
992
993
992
990
995
997
996
996
997
998
999
1002
1000
