1
3
6
3
7
9
9
8
13
9
14
12
14
18
15
17
16
19
20
21
25
26
22
25
26
28
31
27
32
31
34
32
34
38
34
38
41
37
42
43
41
43
43
46
47
47
51
49
51
53
50
53
55
56
58
60
59
62
58
62
61
66
63
64
64
66
70
67
69
71
71
76
75
78
74
78
76
79
80
79
81
85
82
88
84
89
89
87
89
90
93
95
95
98
94
97
101
101
100
104
102
106
103
103
107
105
106
108
109
111
111
111
116
114
118
118
119
122
120
122
120
122
127
126
129
128
128
131
128
132
134
135
137
136
137
135
138
142
139
141
142
144
144
146
149
147
149
151
149
150
150
151
153
157
156
157
158
159
161
160
164
166
167
164
169
165
166
171
170
172
175
175
172
178
179
177
179
177
182
182
182
182
184
187
184
187
187
191
192
190
195
192
197
198
199
200
201
199
200
203
200
206
202
208
206
206
206
210
208
213
211
215
214
218
216
219
217
217
222
221
223
226
225
225
224
230
227
230
228
230
235
233
237
233
234
240
239
240
239
242
245
244
243
246
248
248
247
252
252
249
253
252
256
256
254
258
258
258
259
263
262
263
264
264
267
268
270
267
270
269
272
273
275
275
274
277
279
277
280
280
281
285
285
283
286
285
289
289
291
291
295
293
292
293
298
297
298
298
301
300
301
306
303
306
308
307
309
309
310
310
314
316
315
318
315
316
318
320
320
321
321
326
325
328
329
330
330
332
332
331
332
335
334
338
335
340
338
338
338
340
345
344
345
348
348
347
348
351
348
351
354
355
353
355
358
357
361
359
359
364
361
363
363
367
364
369
371
369
371
371
370
376
372
374
376
377
377
379
382
384
381
386
383
384
389
390
391
388
391
389
390
395
394
394
398
395
396
401
398
402
403
404
404
403
406
409
407
408
412
412
413
411
417
414
416
419
418
422
418
419
424
421
424
426
427
425
431
427
428
431
432
433
436
435
434
440
436
440
441
443
441
443
443
446
445
449
448
448
452
450
454
455
454
453
457
458
457
458
460
464
461
463
465
465
469
466
466
470
471
473
472
472
476
473
478
480
480
482
479
479
483
486
484
488
485
486
491
489
488
490
491
495
492
497
495
497
497
497
500
500
501
501
507
505
508
507
509
508
508
509
510
514
514
514
519
517
520
521
518
522
525
526
525
526
527
525
528
530
531
534
534
531
532
538
538
535
539
542
543
539
544
542
542
546
544
546
547
551
550
554
553
555
554
556
554
558
556
562
562
560
565
566
562
565
565
566
568
572
573
569
574
574
574
578
574
575
579
582
579
581
580
584
583
586
588
590
588
587
590
594
590
593
596
597
596
595
596
597
598
599
601
606
605
607
605
606
606
611
611
611
613
616
614
618
616
615
620
619
619
619
623
622
624
626
626
627
627
627
632
630
631
634
632
633
637
637
639
641
642
642
645
644
644
644
644
648
648
651
652
650
655
656
653
655
654
660
657
659
660
664
665
664
666
663
667
670
666
671
670
669
673
676
675
677
677
677
679
680
683
684
680
683
686
685
687
689
688
688
691
692
691
694
697
697
698
696
698
699
701
701
700
706
703
706
704
707
706
712
710
713
714
713
715
714
718
717
720
720
722
723
725
724
726
727
725
726
727
731
732
731
735
734
737
737
739
740
741
742
743
743
740
743
745
745
748
748
749
750
751
752
752
754
756
754
754
757
760
758
760
760
762
761
765
768
767
767
767
767
771
771
772
776
776
776
776
776
778
778
781
781
781
782
786
785
789
785
788
788
790
792
792
794
796
796
795
800
797
797
801
802
805
805
804
805
804
808
809
807
812
814
811
814
817
813
816
817
817
820
818
819
823
821
823
828
828
829
830
829
830
830
835
835
834
837
837
837
839
838
843
843
843
841
847
844
848
849
848
849
848
851
854
853
854
855
858
858
860
861
863
864
863
861
866
867
866
870
869
869
873
869
874
876
877
877
878
876
879
882
879
884
884
883
885
888
887
889
889
891
889
894
891
892
897
896
895
898
899
899
902
899
902
904
905
906
908
907
907
907
911
912
914
916
915
915
918
917
921
921
920
919
925
922
922
923
927
930
929
929
928
929
933
935
932
936
937
935
940
942
942
941
941
945
944
947
946
947
946
949
952
951
951
954
953
953
955
957
957
958
961
961
965
964
966
964
968
969
970
971
972
970
974
975
972
977
977
975
976
982
982
983
984
981
982
983
986
989
987
987
993
989
995
994
992
994
999
998
997
997
1002
1001
