3
4
3
5
8
10
9
9
8
10
11
13
16
17
19
16
20
21
22
22
21
25
24
26
28
28
28
31
33
34
33
32
33
35
34
38
40
40
41
40
44
41
42
44
48
50
48
52
50
50
50
55
57
58
56
60
57
61
59
60
65
66
67
64
65
66
70
70
72
69
74
75
73
73
78
76
77
81
78
79
80
85
86
88
85
90
88
87
91
93
92
94
93
96
97
97
98
97
98
104
105
102
103
103
107
108
107
109
108
111
111
116
116
117
115
115
119
117
121
119
121
124
124
127
126
127
128
128
132
134
134
134
137
135
137
136
140
137
139
139
141
141
146
146
148
149
150
149
150
151
152
152
156
157
154
157
160
161
163
163
163
163
164
163
169
167
168
171
173
170
172
173
175
177
179
180
181
182
183
183
184
185
182
183
186
186
190
189
192
192
191
195
194
195
199
198
196
201
203
201
201
206
207
206
206
206
208
210
212
210
212
211
212
216
218
215
219
222
223
224
224
222
224
226
227
225
229
228
229
230
233
233
233
235
234
236
239
240
243
244
240
244
247
246
247
246
251
252
248
253
251
253
256
253
256
260
256
261
260
264
263
264
266
267
265
265
271
271
272
274
270
275
275
276
276
278
279
277
280
279
285
283
282
285
288
288
287
287
289
290
292
292
296
298
298
297
299
300
301
301
300
306
304
306
304
306
307
307
308
314
312
316
312
315
316
315
320
318
319
320
322
325
325
327
329
329
331
331
331
329
335
332
336
337
335
336
341
339
340
343
344
344
344
344
348
346
349
347
349
352
355
354
355
358
358
356
357
357
360
360
362
363
367
365
368
369
369
370
371
374
370
371
377
376
378
379
378
382
381
383
380
382
386
385
387
390
386
389
388
392
394
394
395
397
398
398
399
401
399
404
403
406
407
406
404
405
409
407
412
409
413
414
414
418
415
418
417
421
420
422
420
423
425
424
429
426
429
430
432
430
432
434
432
437
436
436
441
439
441
444
442
444
442
443
446
450
449
451
450
452
451
455
452
453
458
459
456
457
459
464
461
461
466
465
465
468
468
471
471
473
474
473
477
476
474
478
477
481
479
482
485
484
487
484
486
489
491
490
488
491
491
495
492
493
499
498
501
500
498
503
500
502
505
503
507
509
509
511
508
512
512
513
514
518
517
517
516
517
518
519
525
524
526
527
528
530
531
531
530
532
532
534
532
534
538
538
540
542
542
543
545
546
544
545
549
545
547
549
549
551
552
555
553
555
556
556
560
562
561
561
564
565
566
567
565
570
568
571
568
574
570
574
575
578
574
576
578
582
582
584
580
582
583
587
585
587
591
591
593
591
593
591
595
597
597
599
600
600
602
602
602
604
603
608
606
606
606
607
613
612
614
611
615
614
615
617
617
620
620
621
625
625
627
625
627
629
631
628
631
629
635
631
633
633
638
635
636
638
638
643
642
644
646
646
645
648
646
650
648
651
652
655
657
655
654
658
661
659
659
661
663
666
662
667
669
669
668
672
672
671
673
672
672
674
675
675
678
682
681
683
682
683
686
688
685
688
691
691
689
690
695
696
696
695
694
696
697
700
700
699
700
702
707
704
708
705
711
709
712
711
710
713
716
714
714
720
717
721
719
723
721
724
722
727
728
725
726
728
733
731
730
736
737
737
739
737
736
737
738
739
741
741
744
743
748
748
746
752
752
750
752
755
753
754
758
756
759
760
760
764
760
761
765
765
764
768
766
769
770
770
773
771
776
778
778
775
777
780
782
782
780
781
782
784
785
790
791
792
791
791
791
795
797
793
798
799
797
802
802
804
804
802
802
804
808
806
808
807
809
813
813
813
812
815
815
817
816
817
822
820
825
824
825
828
825
830
831
829
833
831
834
833
834
837
835
840
836
839
843
840
843
844
847
846
844
845
846
851
851
854
853
851
857
854
857
856
860
858
858
862
862
865
865
863
868
868
867
871
869
872
872
875
874
874
877
880
877
877
881
882
884
885
887
888
887
885
889
892
891
893
894
892
896
893
895
899
900
901
902
902
901
903
902
904
905
907
909
907
908
913
910
915
912
916
919
916
920
920
922
922
922
921
927
927
927
927
928
927
928
934
930
934
932
936
938
935
936
939
939
943
943
944
943
946
945
945
947
948
948
952
955
954
953
955
959
959
956
959
958
963
960
962
963
963
966
965
968
972
973
974
975
973
977
974
979
979
980
980
978
983
982
983
987
988
985
985
988
991
993
991
990
991
993
995
997
999
996
1000
1002
1002
