5
2
6
4
7
6
9
11
8
9
15
16
14
15
15
16
16
20
18
22
21
25
27
25
28
26
29
31
33
33
34
32
37
34
34
38
39
42
39
39
42
42
47
48
48
48
50
52
48
52
52
56
53
54
58
56
60
60
63
61
63
65
67
66
68
65
66
72
70
73
71
72
77
73
74
76
81
81
79
84
80
81
86
86
89
90
88
87
93
94
92
96
92
97
96
96
99
99
99
103
103
102
105
107
108
106
106
109
108
113
111
115
114
117
114
118
116
121
121
119
124
126
124
123
126
126
127
127
129
130
133
131
137
135
135
137
136
138
141
144
144
142
146
143
146
146
148
152
149
152
150
154
153
154
155
157
160
158
160
159
160
163
165
165
167
166
169
171
168
172
170
171
177
177
177
177
177
180
183
182
181
184
182
188
189
189
191
191
191
192
193
194
197
195
199
199
200
199
202
204
205
202
207
204
209
210
207
210
212
209
212
215
215
217
218
215
218
221
220
223
222
221
225
227
229
230
227
232
228
232
234
236
234
233
237
235
238
242
238
244
245
242
247
245
246
246
247
252
249
251
254
252
254
258
259
256
257
260
260
262
262
266
266
268
266
269
268
271
268
274
271
271
277
274
274
278
278
278
279
280
285
281
285
286
289
290
289
291
292
294
291
295
293
296
296
300
296
301
301
299
303
303
303
305
305
308
310
310
309
312
312
312
312
316
314
317
320
320
322
320
322
321
323
325
329
328
330
332
333
333
332
336
334
338
336
340
339
341
339
340
341
343
347
348
346
350
351
352
350
349
351
355
356
354
358
360
356
361
359
362
360
364
367
365
366
370
366
368
373
370
373
373
377
374
378
380
380
378
382
381
380
385
382
387
385
390
388
387
392
391
395
392
396
394
398
400
397
399
401
404
405
402
404
407
405
409
409
408
409
414
414
416
414
417
414
416
421
417
419
421
424
423
423
424
428
427
427
431
429
430
435
431
435
435
439
436
436
441
443
441
444
446
443
446
447
447
448
450
453
450
452
454
455
455
458
459
457
459
461
463
460
461
464
464
465
465
467
469
470
473
474
474
475
474
478
479
479
479
479
484
483
483
485
488
486
485
487
490
493
492
491
491
495
498
499
498
501
500
500
504
503
501
505
505
506
506
508
509
512
509
510
515
517
518
515
517
520
518
523
522
523
523
526
528
528
526
529
529
533
534
531
535
533
533
535
537
539
541
540
542
545
545
547
547
544
546
548
548
549
553
554
555
554
556
558
557
556
559
559
563
565
566
566
565
566
569
571
568
571
569
573
571
575
573
579
578
578
581
581
584
583
586
583
586
588
588
586
590
593
592
593
596
594
594
595
598
598
598
600
604
605
602
607
603
609
609
609
608
609
609
611
611
613
614
616
617
617
617
623
620
620
626
625
628
624
628
628
629
633
634
635
634
635
633
635
639
638
638
639
640
641
644
647
647
649
647
648
648
649
654
652
656
655
656
657
657
657
657
658
664
661
662
664
663
668
667
666
672
673
673
675
671
676
677
679
676
677
678
680
680
681
683
682
685
685
689
686
688
691
690
694
695
696
695
697
700
701
699
698
700
702
703
703
708
709
706
711
711
713
713
712
715
712
713
718
716
718
718
718
721
721
722
722
728
724
726
729
731
733
733
733
734
735
735
736
736
738
742
741
743
741
742
743
745
746
747
748
748
749
753
750
752
753
758
754
758
757
760
763
759
760
763
763
768
767
767
768
767
770
769
770
774
777
778
776
775
780
778
783
784
784
785
786
786
786
787
791
791
789
789
794
794
797
793
799
799
798
798
801
802
801
803
804
806
804
810
807
812
812
811
810
815
813
816
818
816
818
818
820
821
823
825
825
826
829
825
829
832
829
832
835
833
833
838
835
838
839
838
838
841
841
844
847
844
844
850
847
852
852
850
851
856
856
857
857
858
856
861
863
861
860
862
866
866
868
870
867
869
872
871
873
874
874
878
879
875
881
881
883
880
884
881
887
885
886
889
887
887
892
889
895
894
895
898
899
898
896
900
902
904
904
902
902
904
905
907
908
909
911
910
911
913
916
918
917
916
918
922
918
922
920
924
927
926
924
927
928
931
933
931
930
933
934
934
934
936
941
939
943
942
941
946
946
944
947
947
947
950
949
953
952
954
952
955
957
958
957
961
960
962
963
964
963
964
968
966
971
969
970
970
973
975
973
975
978
975
978
982
980
984
982
983
987
985
984
990
990
991
988
990
992
992
997
995
996
999
997
998
998
1001
