379
375
377
372
372
372
370
372
372
368
370
368
368
366
363
360
360
360
362
359
358
356
357
356
351
351
349
350
347
346
346
345
347
346
346
341
340
343
337
341
340
334
337
332
331
333
331
328
328
327
330
327
323
327
326
323
323
323
320
319
318
316
317
317
311
314
311
309
310
308
308
307
308
306
304
302
303
298
301
300
295
294
297
296
294
293
292
292
287
287
289
285
285
282
284
285
281
283
278
280
280
279
274
273
272
270
272
273
267
266
265
264
267
263
263
261
264
263
260
256
260
258
257
254
251
251
252
252
249
247
248
245
246
247
241
240
239
242
241
238
239
237
238
237
233
232
232
228
228
226
228
225
224
224
223
220
222
223
220
216
219
216
213
212
212
215
211
213
212
207
210
207
205
202
206
203
199
202
201
198
200
198
198
193
192
194
191
189
192
188
188
186
188
183
186
183
180
183
180
177
176
178
174
172
174
173
170
172
167
166
169
167
166
162
162
164
159
158
157
157
159
154
153
154
152
152
153
152
147
146
147
146
147
146
141
141
142
142
141
140
135
134
135
132
135
130
132
130
131
131
127
126
123
125
125
124
124
119
118
118
118
117
117
112
112
111
111
112
110
111
109
104
106
106
102
103
100
98
101
98
95
97
95
96
92
93
91
93
88
89
88
88
83
82
81
80
83
78
82
77
77
79
77
75
74
73
71
68
72
70
68
65
68
63
63
63
60
60
61
61
57
56
58
53
56
51
54
50
47
47
47
47
45
46
45
40
40
42
37
38
35
37
33
33
36
31
29
28
28
29
26
26
26
25
22
23
21
20
20
21
16
16
14
14
13
14
10
13
11
6
6
9
3
6
6
