377
379
374
372
371
372
370
373
372
368
367
368
364
362
363
363
362
358
360
361
358
359
356
352
355
351
351
348
351
351
346
349
344
345
345
343
342
340
340
339
339
335
335
333
335
330
330
329
329
328
330
324
327
325
326
320
324
320
317
316
319
319
318
315
312
313
314
312
312
310
306
305
305
307
301
303
301
298
300
301
296
296
293
293
294
294
294
290
290
286
285
284
283
282
286
285
280
283
280
276
277
279
275
273
271
271
272
273
270
271
268
266
267
263
265
261
262
259
259
261
259
258
256
255
254
250
254
251
251
250
246
244
244
242
244
240
243
239
239
238
239
234
238
236
232
234
231
228
230
230
227
224
223
226
221
225
223
221
221
219
216
215
213
217
216
213
212
211
210
208
209
209
206
206
201
200
203
201
199
196
197
197
195
193
191
195
190
192
187
191
185
187
187
186
185
183
181
178
179
180
180
175
173
175
175
170
171
171
167
167
165
165
166
164
161
161
162
161
160
159
155
157
157
155
152
150
149
150
149
148
147
148
145
147
146
140
144
143
141
136
136
138
137
137
132
133
130
132
129
128
130
128
128
125
125
120
120
121
117
117
116
116
118
114
114
111
110
112
108
106
110
107
104
103
101
101
99
101
102
99
96
96
95
93
92
94
94
88
89
88
89
89
88
82
85
85
81
83
80
78
75
78
75
72
74
72
73
72
67
67
68
68
64
67
65
61
64
59
62
58
55
55
56
52
53
52
49
49
49
46
48
48
47
43
42
44
43
41
42
39
36
36
35
35
34
34
31
33
30
29
28
24
26
25
26
21
24
20
22
20
16
16
17
17
13
11
9
9
8
7
5
4
8
3
3
