377
379
373
375
375
374
374
370
372
368
367
368
368
362
362
362
362
359
361
356
360
358
358
352
354
354
353
351
352
350
346
344
343
343
341
340
343
343
338
339
335
338
337
335
333
334
332
332
327
327
329
325
325
324
326
322
323
320
322
317
320
316
317
312
316
311
311
311
310
311
307
308
303
307
305
300
303
298
298
297
297
295
296
294
292
293
291
292
292
288
289
284
283
287
281
283
283
279
280
280
278
278
277
275
272
272
272
272
270
267
270
266
267
262
263
264
260
262
261
259
259
258
256
252
253
253
251
248
251
248
250
244
245
245
242
243
243
238
239
240
240
236
234
236
231
231
231
230
230
226
230
224
224
225
226
222
221
223
221
219
220
216
215
213
212
212
211
213
207
208
209
207
204
206
201
201
199
203
198
199
197
194
195
195
196
195
192
191
191
190
189
188
184
182
183
184
179
179
177
181
177
174
178
173
175
173
171
172
169
168
165
165
165
166
163
163
161
163
157
159
156
158
155
152
155
150
153
148
148
148
145
146
147
143
145
144
139
140
140
140
140
135
137
132
133
132
131
131
129
128
128
125
126
124
122
124
119
118
120
117
120
116
114
114
115
114
109
110
108
110
109
104
103
107
105
101
103
100
101
98
95
94
96
94
92
94
91
91
87
91
86
86
87
82
83
80
83
79
81
79
80
78
78
72
72
70
70
72
70
70
69
64
63
64
61
60
59
62
58
60
59
54
55
53
54
51
49
52
49
47
50
48
43
45
45
40
43
38
38
38
35
36
33
34
32
32
32
28
27
31
30
24
26
23
23
23
21
22
19
21
15
19
13
17
14
10
13
9
10
6
6
4
5
3
1
