379
374
377
376
372
373
371
371
370
369
368
367
363
366
361
360
359
363
358
358
359
359
358
354
352
350
352
349
350
350
345
344
347
345
346
340
339
338
339
341
337
338
333
336
335
333
334
330
330
328
325
324
326
323
321
322
319
323
321
317
320
316
315
315
316
315
310
309
307
310
306
309
304
307
303
302
301
300
300
298
300
294
293
297
292
294
292
289
291
289
286
287
286
283
282
285
279
281
281
279
280
279
273
274
272
275
271
270
268
269
267
265
264
266
262
264
260
262
259
257
257
258
254
255
256
250
249
252
249
248
245
246
245
242
244
241
242
243
241
236
237
235
234
237
233
232
234
232
231
229
225
226
226
225
221
222
222
220
219
217
216
219
217
214
212
215
213
209
207
206
205
206
207
202
201
205
200
201
200
199
198
199
194
195
192
195
193
189
191
188
188
187
185
183
185
182
183
183
181
176
178
174
175
174
175
174
170
171
167
167
170
168
163
162
165
160
164
160
157
160
156
159
158
156
152
155
149
151
151
151
147
145
148
144
141
144
139
140
142
137
137
135
135
134
134
132
130
128
132
131
125
127
128
122
121
120
120
119
118
120
120
114
116
116
111
110
114
110
109
109
105
108
105
103
101
105
99
102
101
98
96
99
98
96
92
91
91
89
91
88
86
88
88
82
85
80
81
80
78
79
76
76
76
74
75
74
73
73
72
68
65
65
63
63
63
65
61
59
60
59
55
56
57
55
54
52
53
50
51
51
47
48
47
47
42
45
43
43
42
41
35
34
34
33
34
33
30
30
31
26
28
28
27
25
23
24
21
19
18
20
18
17
15
15
14
14
11
11
10
7
7
8
4
4
2
