377
376
373
375
376
375
372
373
371
368
367
368
366
365
363
363
361
363
362
356
356
359
355
356
353
353
352
350
347
347
349
346
343
343
346
341
344
341
337
341
336
335
338
336
334
331
329
328
330
327
326
324
324
323
326
325
321
319
317
316
319
316
317
313
312
314
310
313
307
307
310
309
307
305
305
305
299
298
299
299
299
295
296
294
296
290
289
289
291
289
287
287
286
285
283
282
284
281
281
280
280
279
274
275
271
274
270
270
270
269
266
265
263
264
265
264
260
258
260
261
260
254
255
254
251
250
250
248
252
249
248
247
244
247
243
240
241
240
238
239
236
239
238
237
232
233
231
228
229
228
230
227
224
227
221
222
222
220
217
221
215
215
215
214
215
211
213
213
211
211
206
208
203
204
204
204
202
199
201
199
197
194
193
193
191
195
193
189
190
186
185
184
185
183
181
185
180
183
177
180
179
177
177
172
174
173
174
171
167
168
170
168
166
163
166
161
162
161
158
157
157
157
157
153
153
153
153
152
151
151
147
148
145
147
146
145
143
141
138
141
137
134
138
134
136
133
134
132
127
131
129
128
126
123
125
121
119
120
119
116
119
117
115
112
111
114
112
112
112
110
109
107
106
106
101
102
104
100
97
99
95
94
98
93
92
93
93
93
91
89
86
89
83
84
86
82
81
78
79
80
77
74
75
74
74
72
73
72
72
67
67
68
64
66
63
60
59
58
61
61
57
56
53
56
52
53
54
51
52
51
47
44
44
46
43
41
42
41
42
40
38
38
35
32
36
34
29
30
31
26
29
26
26
27
22
23
23
23
19
21
19
17
16
13
16
15
9
8
12
6
5
9
7
7
5
