378
376
378
372
376
375
371
371
372
366
367
364
368
366
361
364
364
359
362
359
355
357
355
353
354
355
354
353
352
348
349
345
344
343
346
344
340
339
337
338
338
339
337
334
332
333
331
330
330
326
327
328
327
325
324
323
324
319
321
320
315
316
316
313
314
311
310
309
309
308
308
309
306
307
301
304
302
302
298
298
295
295
293
296
291
293
294
292
292
291
288
289
288
284
282
282
282
283
282
276
278
275
276
277
274
275
270
272
267
267
265
267
264
262
265
261
261
262
261
261
255
256
256
256
256
251
249
253
248
250
248
249
243
242
246
240
239
240
242
241
237
238
233
233
235
234
234
232
230
230
226
224
228
226
225
224
220
219
220
218
218
219
214
215
216
211
211
209
207
208
208
207
208
203
201
201
199
198
197
201
198
198
193
193
192
193
189
193
188
186
190
189
185
184
186
182
182
181
179
180
176
179
176
172
175
171
169
172
167
170
167
165
163
163
164
162
162
160
159
158
155
159
158
155
156
151
153
153
149
151
150
144
147
144
141
141
140
141
137
136
140
135
133
132
133
134
131
132
127
128
128
129
128
126
124
120
121
123
117
120
117
118
113
113
113
113
110
113
112
106
105
109
103
105
104
102
104
102
101
101
96
98
93
92
96
94
94
90
92
87
90
88
88
83
82
82
79
79
79
80
76
78
73
72
72
70
71
72
69
70
69
65
64
66
63
63
60
59
57
56
59
59
56
56
56
51
51
49
52
51
48
47
46
44
42
41
41
42
40
36
36
39
35
35
34
34
34
29
32
31
30
24
24
23
25
25
20
19
20
16
19
18
13
17
16
15
12
13
12
9
5
4
4
6
1
