380
378
378
374
375
375
372
369
369
366
366
367
363
364
363
363
363
363
360
357
356
356
357
352
356
354
350
351
351
348
349
346
343
345
343
341
342
343
337
340
339
337
335
335
333
332
329
331
332
328
330
324
323
323
322
322
321
318
318
317
319
315
316
315
313
313
314
311
310
306
307
305
308
302
306
305
301
303
299
298
299
299
297
296
292
294
290
292
291
290
286
287
286
282
282
281
284
279
281
276
280
279
275
274
271
274
273
271
267
268
269
267
263
267
266
260
264
262
262
258
256
257
256
254
253
253
251
250
252
249
246
248
243
246
244
244
240
242
242
236
235
234
236
236
232
234
229
231
229
226
229
225
227
227
223
220
224
218
218
217
219
218
217
213
211
211
213
212
208
206
207
209
208
207
201
204
204
198
198
196
195
197
197
192
193
193
190
190
192
187
190
189
188
185
186
180
179
179
179
180
179
177
174
175
172
172
170
169
170
170
170
167
163
162
162
162
160
160
159
161
160
158
156
153
154
150
150
152
149
147
145
145
143
144
146
143
142
142
139
139
137
138
137
134
134
132
129
132
129
130
128
128
125
127
121
125
123
118
118
121
118
115
118
116
111
112
114
113
109
108
107
106
107
102
105
104
99
103
102
98
95
98
95
92
96
94
94
91
89
89
90
84
84
86
86
82
80
81
82
81
76
74
73
73
73
74
70
70
69
67
70
67
67
67
63
64
61
58
58
59
58
56
58
56
54
51
50
49
50
48
47
47
44
47
42
41
44
39
38
39
36
39
37
37
35
33
30
30
28
29
26
28
23
24
25
24
22
20
22
21
18
15
16
12
13
13
9
8
7
10
10
6
5
4
5
