379
379
374
373
374
374
369
370
370
370
367
365
366
362
365
365
360
362
358
361
359
359
356
354
355
352
351
353
347
349
347
349
343
345
345
341
344
339
337
339
338
339
337
333
332
331
332
330
328
328
330
328
324
324
323
320
319
318
322
319
316
316
318
312
315
313
313
311
307
311
310
307
307
304
301
300
304
299
297
296
299
294
293
296
293
291
292
293
289
286
289
289
284
287
281
280
281
282
279
278
275
279
276
276
272
270
272
271
271
268
270
265
264
263
266
260
262
262
257
261
258
258
256
256
253
255
249
248
248
248
249
249
244
244
242
243
242
243
240
241
239
238
237
233
235
230
234
229
229
228
230
228
223
226
221
222
219
218
217
220
219
218
214
213
211
214
213
211
212
211
206
209
207
206
203
201
201
200
201
199
196
196
198
193
195
194
189
188
191
190
189
184
185
185
181
180
183
178
181
181
176
174
173
172
172
172
173
171
170
167
165
164
168
163
164
160
160
162
161
159
156
159
157
157
153
155
152
150
151
150
146
149
145
145
146
142
142
140
140
136
140
138
138
135
136
131
130
133
132
127
130
125
124
124
126
123
119
123
118
116
119
119
116
114
114
113
110
113
108
109
109
108
103
104
104
104
101
100
99
99
100
99
93
93
94
90
91
92
87
88
85
88
88
82
81
83
80
83
78
80
80
76
74
76
71
75
74
69
72
67
69
66
68
64
64
60
61
62
60
56
57
54
55
52
55
54
54
51
50
47
46
47
45
43
44
44
39
43
41
40
35
38
36
34
32
34
29
28
30
26
29
25
23
26
23
21
21
20
17
18
18
14
15
12
11
15
13
11
9
7
8
9
6
2
6
