377
377
377
376
373
372
372
373
367
366
367
367
363
364
364
361
363
362
357
358
357
355
353
355
353
352
353
352
349
348
346
348
343
345
344
341
340
343
342
337
338
335
336
337
335
333
334
328
330
326
327
327
324
327
321
325
319
321
318
317
320
314
314
317
315
315
311
313
308
311
305
304
307
306
305
300
303
299
302
300
297
296
294
292
293
295
294
293
289
290
285
287
283
285
284
284
282
282
282
281
275
277
274
272
275
273
272
269
267
269
266
268
267
266
265
260
259
262
258
257
257
258
256
255
251
252
254
253
250
251
248
244
245
245
246
240
239
239
237
238
239
239
238
234
232
232
233
231
229
227
225
227
225
225
223
220
224
218
219
220
215
218
215
215
216
211
214
212
211
210
207
204
205
205
203
202
202
200
202
197
200
199
194
197
195
193
189
192
187
190
185
186
186
185
186
181
180
183
179
181
179
178
174
173
171
172
169
171
172
171
167
164
168
165
163
164
164
159
158
160
158
159
153
155
152
150
151
148
149
149
145
149
144
142
143
145
140
142
137
139
135
139
137
135
134
135
132
131
127
130
130
128
124
126
125
123
122
123
120
121
116
118
118
116
111
111
114
109
107
109
109
108
108
105
106
101
100
103
102
101
95
98
97
92
96
91
89
92
88
87
87
88
87
86
85
82
82
80
78
78
79
76
73
75
74
71
70
71
71
67
69
65
63
63
66
62
63
62
59
57
57
58
54
55
54
54
50
50
47
48
50
46
47
45
43
40
39
40
42
41
38
35
34
36
32
32
31
28
30
30
29
26
28
22
21
20
21
22
21
18
16
19
17
17
13
14
12
10
8
8
7
9
8
2
6
