378
377
377
377
376
373
369
369
367
366
368
364
364
362
362
360
363
361
360
360
358
358
357
352
351
351
352
351
351
346
347
346
344
346
343
345
339
342
337
336
335
338
338
336
331
333
329
330
332
331
329
324
328
327
326
322
321
320
318
318
317
317
315
316
313
311
311
311
311
310
306
305
305
303
304
305
301
302
301
301
300
294
298
296
295
290
294
292
287
291
290
284
285
283
286
282
284
281
278
279
277
275
275
272
276
270
272
271
271
266
268
264
268
265
262
261
260
260
262
256
258
258
255
252
255
255
252
253
251
248
249
249
248
246
241
241
242
240
239
241
237
236
237
237
235
232
234
232
228
227
230
227
226
225
221
221
223
218
219
218
215
217
213
216
211
210
211
211
209
210
207
207
208
207
201
204
201
200
199
201
197
194
198
194
191
194
192
191
192
186
189
185
185
183
184
182
180
180
178
177
179
179
177
172
172
173
172
170
167
171
166
164
166
164
161
164
159
163
158
161
157
158
154
156
156
152
153
152
150
149
148
145
145
146
143
145
140
142
139
139
140
139
134
136
131
131
133
129
129
129
128
127
124
124
122
120
121
120
119
121
120
118
118
116
111
114
109
112
112
106
107
109
107
104
102
105
99
102
101
98
95
99
93
95
92
95
92
93
91
91
87
88
88
85
84
84
80
79
78
80
80
78
78
76
71
71
69
70
68
68
68
64
64
65
62
62
59
63
61
59
59
54
55
53
54
52
53
50
47
51
46
44
46
44
44
40
41
43
42
36
38
35
36
32
32
31
33
28
27
30
30
29
25
26
23
23
24
20
19
16
18
15
13
15
11
15
14
10
7
8
9
8
8
7
2
