380
374
377
376
371
371
373
372
372
366
367
364
367
365
364
363
361
360
357
357
358
356
356
356
352
352
352
352
350
347
350
344
347
345
341
344
342
340
340
340
340
337
337
336
334
335
333
331
327
328
325
329
323
322
322
324
322
319
317
319
317
318
317
315
315
310
312
308
309
309
308
305
304
303
303
305
303
303
297
296
297
297
297
294
292
292
294
293
288
290
289
289
283
284
281
280
283
282
279
277
277
276
275
276
275
275
270
270
272
269
270
267
266
262
264
265
264
258
257
257
260
257
258
257
256
254
250
253
248
250
249
249
245
242
244
244
243
240
237
236
240
234
233
233
234
231
231
231
231
227
230
229
226
222
222
223
222
223
222
217
216
217
216
217
215
212
214
210
207
208
210
204
203
206
204
203
201
202
199
196
199
194
194
192
192
193
192
191
189
188
188
187
186
182
183
185
179
183
178
181
175
178
176
175
172
173
173
170
168
170
170
168
167
165
161
163
162
163
161
157
158
155
157
155
151
154
150
150
147
146
147
147
146
143
144
145
140
143
141
138
138
137
138
137
134
132
132
131
128
131
126
125
126
123
126
121
120
123
121
117
117
115
115
115
115
113
113
111
112
110
108
106
107
104
106
102
103
101
97
97
97
98
95
94
92
90
91
92
92
87
86
85
85
87
82
84
83
82
80
78
77
77
77
72
73
70
72
72
70
66
69
67
66
63
65
60
64
60
59
61
55
54
57
54
51
51
51
50
49
47
49
47
47
42
41
43
41
38
37
36
36
35
38
32
36
31
30
30
31
31
26
25
23
26
24
22
23
20
20
17
18
16
16
12
15
14
13
11
11
9
8
9
7
3
4
