378
375
374
375
376
374
369
371
369
370
370
368
364
364
362
362
362
359
358
359
356
355
354
357
353
351
353
352
348
349
347
344
346
344
343
341
343
342
338
338
337
337
335
336
331
335
329
329
328
331
326
329
323
325
326
324
320
320
322
318
319
314
317
317
315
315
312
313
310
309
307
308
307
306
302
304
304
301
302
297
299
297
298
293
294
291
294
290
290
290
288
284
285
287
281
280
283
280
278
280
279
275
278
272
274
272
272
269
272
268
270
267
265
265
264
263
262
261
260
259
257
258
255
255
251
254
249
252
250
249
249
244
245
245
245
244
240
243
241
236
238
234
238
234
234
235
230
230
229
228
228
228
225
227
225
223
222
218
219
220
215
217
213
217
213
214
209
210
211
207
209
206
206
206
203
202
203
201
197
197
200
197
194
196
196
193
192
189
188
188
190
186
187
184
181
182
184
181
178
178
179
179
178
174
176
170
171
173
170
168
168
165
165
164
166
160
161
160
159
158
159
155
155
154
155
154
152
151
150
151
148
149
143
143
141
141
140
143
138
139
135
138
137
136
135
130
133
129
129
127
126
128
127
124
122
124
121
120
121
118
117
116
118
113
115
110
110
108
109
107
105
107
108
106
105
105
104
101
100
101
100
95
93
92
91
94
89
91
90
90
89
85
87
82
83
83
83
82
82
79
75
79
78
75
76
71
70
71
70
69
66
65
66
62
66
60
59
61
61
58
57
54
58
56
52
51
53
51
50
48
47
44
43
46
41
44
41
40
41
39
36
34
38
33
35
32
30
33
30
29
25
24
24
25
26
22
24
22
19
16
17
19
15
16
15
12
11
11
11
9
7
5
7
7
5
