379
376
374
372
371
374
370
368
368
370
365
368
364
362
364
362
361
359
360
357
355
354
353
352
353
355
353
352
349
347
347
345
344
342
342
342
342
339
341
341
336
337
334
336
336
332
334
333
327
327
327
326
325
323
323
325
319
322
317
321
317
316
314
313
314
310
314
312
308
311
308
306
307
302
302
305
304
301
299
298
296
298
294
297
294
295
290
290
287
290
290
284
284
286
281
283
282
283
280
280
276
278
274
274
275
270
272
271
271
266
266
264
265
267
266
262
261
259
258
259
258
258
257
256
253
251
250
253
247
249
247
248
248
245
242
242
244
240
238
241
240
237
233
233
235
230
232
233
230
228
226
229
227
224
222
224
220
220
219
217
220
215
217
214
211
210
209
213
207
207
207
204
206
202
202
205
203
198
197
198
195
199
196
195
194
195
190
192
187
186
189
188
186
183
184
185
180
179
180
177
180
177
175
176
173
170
170
171
172
167
167
166
165
166
163
165
161
158
157
157
159
156
156
153
154
152
149
151
152
148
149
144
143
144
144
144
144
138
137
140
135
139
136
134
133
130
129
129
127
129
130
129
127
122
124
125
120
119
119
119
115
118
115
117
112
111
111
112
107
107
107
106
108
105
105
100
103
101
98
98
98
97
97
97
92
90
94
88
88
87
86
86
84
83
83
81
83
81
77
81
76
74
73
72
76
71
72
70
67
69
65
67
68
67
63
60
59
63
57
60
57
54
58
52
51
51
50
53
51
48
47
49
48
45
41
45
39
42
42
39
40
34
33
36
35
30
33
29
32
26
28
24
23
22
26
25
21
23
19
19
16
19
13
16
11
13
10
9
8
7
10
6
7
7
2
