379
375
374
377
376
370
373
371
370
367
370
368
363
364
361
365
362
361
358
358
357
359
355
353
355
350
353
348
351
347
347
344
348
344
346
342
341
338
337
339
338
339
337
332
336
331
334
329
330
331
330
325
327
326
326
321
322
320
322
316
319
316
316
314
311
312
312
308
307
311
305
304
304
302
302
303
299
302
300
300
296
299
298
296
295
292
291
289
291
291
287
286
287
284
283
284
280
279
281
280
277
277
275
273
276
270
272
271
272
271
265
269
263
262
262
265
263
259
258
256
258
254
254
254
253
251
254
249
251
247
249
244
247
246
244
240
242
240
241
240
236
237
235
237
236
234
232
233
230
230
228
224
224
226
223
223
223
223
219
218
219
215
216
213
214
212
213
209
207
211
205
205
205
207
204
203
202
201
202
199
199
194
198
192
195
195
193
190
191
190
187
188
187
182
184
182
179
178
178
176
177
179
173
174
176
174
173
173
172
170
167
169
165
164
164
160
163
162
158
159
158
157
157
154
155
155
154
150
147
151
146
148
143
147
145
141
144
138
140
138
136
137
133
136
136
132
133
131
130
130
126
127
127
126
124
123
122
119
122
118
115
117
114
112
111
114
114
110
108
111
107
106
104
102
101
105
100
102
97
99
97
95
93
96
93
95
94
91
88
91
89
87
86
83
86
81
83
78
81
77
80
79
78
74
74
73
70
71
70
66
67
64
67
66
61
63
63
60
62
59
58
54
57
54
53
50
50
49
48
50
46
46
43
45
43
43
41
38
38
36
40
35
38
33
31
33
29
32
28
27
29
28
28
25
23
22
19
18
21
17
19
14
15
17
12
10
12
9
10
11
10
4
6
7
3
