380
375
373
374
376
372
372
370
371
366
370
367
363
365
366
365
360
360
362
361
357
358
356
356
355
355
351
352
349
346
345
347
344
344
341
342
344
340
337
340
337
334
336
333
336
333
334
333
329
327
330
327
325
326
321
324
324
318
320
320
316
318
318
317
311
315
311
312
312
310
308
308
305
302
305
304
299
303
301
299
300
297
294
292
295
293
290
292
292
290
290
288
283
284
282
282
283
278
280
278
279
279
277
277
275
272
273
269
269
266
269
265
268
267
264
265
263
259
257
259
255
257
254
253
251
255
253
250
251
250
247
248
247
247
246
245
241
241
237
241
240
239
234
235
236
233
231
231
232
230
227
229
224
223
222
224
220
220
222
217
217
218
218
214
216
215
211
209
208
207
210
209
206
207
203
204
199
201
199
199
197
194
196
193
192
190
192
189
189
191
188
187
186
187
183
181
181
178
181
181
179
175
176
177
172
172
169
172
171
170
165
166
166
164
166
160
161
158
158
161
155
159
158
156
152
153
150
152
152
147
145
148
147
144
145
140
144
139
140
137
138
135
138
132
132
130
130
129
127
127
129
127
125
126
124
120
120
119
122
117
118
117
117
115
113
114
113
112
110
109
109
105
105
103
106
102
100
101
97
100
100
95
94
96
94
90
90
92
89
91
88
86
85
87
86
83
79
82
79
77
76
78
75
77
71
71
72
72
67
71
67
66
67
67
65
61
60
59
57
57
59
56
53
55
54
50
54
53
49
48
47
48
45
44
44
42
42
41
38
37
36
35
36
33
31
30
33
32
32
30
27
26
23
24
25
21
20
22
21
17
20
18
18
14
14
14
10
10
11
9
5
7
5
7
4
