1125
1129
1128
1126
1124
1124
1119
1122
1121
1121
1119
1114
1116
1116
1112
1111
1113
1112
1107
1109
1108
1107
1104
1103
1101
1104
1104
1101
1099
1096
1095
1095
1093
1097
1092
1095
1089
1088
1090
1091
1089
1089
1087
1085
1083
1083
1080
1078
1077
1079
1080
1078
1077
1076
1073
1075
1074
1073
1068
1071
1069
1066
1063
1063
1061
1064
1063
1058
1060
1056
1058
1056
1056
1057
1056
1051
1051
1050
1049
1051
1050
1046
1043
1045
1042
1040
1039
1041
1037
1036
1039
1037
1037
1036
1036
1035
1030
1029
1028
1029
1025
1028
1023
1026
1023
1022
1019
1022
1020
1020
1016
1017
1015
1014
1014
1010
1010
1013
1009
1009
1008
1006
1006
1007
1002
1002
1004
998
1002
1001
996
994
995
997
992
995
993
992
987
987
986
984
986
987
985
980
983
980
982
976
976
978
975
973
973
971
971
969
971
970
965
966
965
963
961
962
964
958
961
957
957
958
958
954
951
951
952
950
947
951
949
946
946
944
943
941
941
940
941
941
938
939
936
934
932
932
933
931
932
927
928
928
927
923
926
923
922
921
917
920
918
919
913
915
915
915
913
910
909
908
906
906
907
907
904
905
899
899
900
897
895
898
895
897
891
895
892
891
889
890
886
889
888
887
884
883
883
879
881
877
876
875
875
872
873
870
870
871
872
867
865
867
864
862
864
865
862
858
859
857
856
858
857
856
855
853
849
852
848
848
850
849
848
845
841
842
839
842
841
837
838
836
836
832
831
831
830
830
828
827
826
829
824
825
824
820
824
819
820
817
817
816
815
816
812
810
810
813
810
810
807
807
803
806
805
800
800
803
799
796
796
795
796
794
791
793
789
791
790
787
790
788
787
787
784
784
779
781
777
776
775
776
776
774
774
773
774
772
767
769
767
767
763
765
765
760
761
763
758
759
759
756
755
752
753
751
751
750
752
749
750
744
745
744
742
741
744
743
741
739
739
735
737
735
732
734
732
728
731
729
727
724
728
724
726
725
723
720
721
720
715
715
714
716
711
711
714
710
711
709
708
706
708
707
704
704
699
699
701
700
697
699
696
693
693
695
690
690
687
691
688
686
683
687
686
684
683
678
679
677
680
678
674
676
675
671
673
669
671
671
670
666
667
662
666
664
659
661
659
660
660
658
653
653
656
653
653
653
649
651
650
647
645
642
645
645
644
642
641
641
635
636
635
637
632
632
632
631
632
629
627
624
624
623
624
625
619
623
619
616
617
615
613
617
615
611
613
608
612
608
607
605
603
607
602
603
600
601
598
597
596
595
594
593
593
595
589
590
592
591
587
586
585
585
584
580
582
579
580
578
580
576
573
577
571
573
572
573
569
569
567
567
567
566
564
561
561
563
561
558
555
559
557
554
552
552
549
552
549
549
550
546
547
545
541
545
539
542
539
541
535
539
537
535
533
534
531
528
531
526
528
529
528
525
523
524
520
522
517
518
518
519
514
516
511
511
512
513
508
508
507
507
504
507
504
501
504
502
501
501
498
494
493
493
493
492
494
491
489
487
490
485
485
487
483
485
480
480
480
480
480
479
478
474
471
473
472
473
471
471
466
464
466
465
462
464
461
461
458
456
456
455
458
454
455
450
454
450
449
451
447
448
447
446
446
443
441
441
438
439
439
434
434
436
433
433
433
428
430
430
427
428
425
423
422
425
421
418
417
419
417
414
414
415
413
414
413
408
409
409
408
408
407
402
402
404
403
398
402
400
399
395
393
396
394
392
394
390
387
390
390
388
385
383
383
384
384
383
377
378
378
379
377
376
376
373
374
370
368
367
370
364
368
365
361
361
362
358
361
359
356
355
355
357
355
355
351
349
351
346
348
349
345
345
343
343
342
341
342
338
338
334
338
332
335
331
331
329
328
327
326
325
325
325
323
321
321
320
322
321
316
316
314
317
316
312
313
312
311
310
306
308
307
306
302
302
300
301
299
297
300
295
294
294
294
294
290
290
289
288
288
287
284
283
286
281
280
282
279
279
280
278
277
275
272
271
274
269
268
267
269
269
265
263
263
263
260
259
259
260
257
257
254
254
253
252
250
251
250
250
250
249
245
245
243
245
239
243
241
239
238
234
234
236
231
235
233
233
232
227
227
224
227
225
222
220
223
221
222
221
218
219
214
215
213
213
212
208
212
207
208
208
206
206
202
205
201
203
197
201
197
197
198
194
191
191
193
190
187
191
186
189
188
187
184
181
181
183
178
181
178
175
174
176
171
171
171
169
169
168
166
168
166
165
161
165
163
162
157
161
157
158
156
154
152
151
152
152
147
147
146
149
147
146
141
144
139
142
138
138
135
134
136
132
132
135
130
131
129
129
130
126
128
124
124
123
124
120
119
120
119
116
114
114
112
113
114
109
108
107
105
106
103
105
105
102
103
103
100
98
99
95
93
94
92
90
93
89
89
87
87
88
85
85
86
84
80
78
79
77
77
79
74
73
74
75
74
71
72
70
70
66
68
63
62
62
61
60
59
60
60
59
57
54
56
51
50
49
47
47
48
44
46
44
41
43
39
39
42
39
39
38
38
37
33
34
32
28
32
28
29
26
24
26
25
20
19
20
18
20
19
14
15
15
13
11
10
12
11
7
10
5
7
4
6
