1126
1127
1127
1122
1123
1125
1122
1120
1120
1117
1116
1118
1113
1116
1112
1114
1110
1110
1111
1111
1106
1105
1103
1105
1103
1102
1101
1103
1102
1101
1096
1096
1097
1092
1096
1090
1090
1093
1088
1091
1089
1087
1088
1083
1081
1084
1082
1080
1078
1076
1078
1075
1074
1072
1071
1075
1069
1071
1069
1070
1067
1064
1065
1067
1062
1065
1060
1063
1061
1058
1056
1056
1056
1052
1051
1054
1054
1050
1050
1046
1049
1049
1045
1046
1041
1043
1044
1042
1038
1037
1037
1038
1037
1035
1035
1031
1033
1028
1031
1028
1026
1028
1027
1023
1025
1020
1021
1022
1021
1018
1015
1015
1015
1014
1013
1015
1010
1010
1010
1007
1009
1004
1006
1002
1006
1004
1003
998
997
1001
997
996
993
993
993
991
994
990
988
988
986
986
983
984
984
982
980
982
980
980
975
975
976
977
972
975
969
971
968
970
970
964
964
962
961
962
959
961
958
961
957
959
956
953
953
952
950
953
949
947
948
945
944
942
942
941
944
943
937
937
937
937
933
934
935
934
932
929
931
929
929
928
927
925
922
924
920
921
920
917
916
914
917
912
912
914
912
910
907
910
908
905
906
907
905
901
899
901
900
898
897
895
898
893
893
891
891
891
890
889
887
886
887
887
884
883
880
879
882
880
878
875
875
877
873
870
872
870
869
866
867
864
863
867
861
860
864
860
857
857
858
857
857
855
852
855
852
853
852
848
847
848
844
842
841
841
839
842
837
836
835
836
834
837
834
833
829
830
827
828
825
827
823
822
822
820
823
823
818
821
818
815
814
814
816
810
809
808
812
807
807
804
807
802
804
802
799
800
800
799
796
794
798
794
795
791
793
791
792
786
788
785
787
786
781
785
782
780
777
779
779
774
774
772
773
773
774
772
772
771
766
767
764
763
762
761
763
763
759
757
756
754
753
757
755
755
753
748
751
750
747
744
746
747
745
745
744
740
737
739
738
737
733
732
734
732
731
733
729
727
730
724
725
725
721
721
719
719
721
720
717
718
714
717
714
710
710
713
707
707
710
709
706
706
702
703
701
700
698
701
696
695
695
696
696
694
693
691
691
687
689
685
687
687
682
681
683
682
681
681
679
679
676
673
671
674
670
671
671
669
668
666
665
664
663
664
660
663
659
657
657
657
657
653
652
651
652
649
648
649
648
648
647
647
642
640
643
639
642
636
640
635
634
633
633
631
629
632
628
627
630
627
623
625
621
622
624
619
621
619
620
617
616
614
612
613
611
610
609
610
606
608
603
603
604
603
601
599
597
599
598
598
596
592
594
592
592
588
587
591
587
585
587
584
582
581
583
579
579
581
577
574
577
576
574
570
572
570
571
568
566
568
567
562
565
560
563
560
561
560
557
554
556
553
552
554
554
549
549
547
550
549
548
543
546
545
544
539
540
541
540
536
534
533
535
532
534
528
527
527
528
529
527
526
524
523
519
521
517
518
520
517
518
514
515
512
509
513
510
507
510
506
505
504
501
504
504
501
499
496
500
495
497
494
496
494
490
488
492
489
488
489
486
483
485
480
481
480
479
476
480
475
477
473
475
470
470
472
467
466
465
464
465
464
461
462
459
458
457
458
459
457
453
457
451
455
451
453
447
449
446
448
444
446
446
445
441
442
438
436
436
438
438
435
431
435
434
431
429
427
426
426
426
424
423
421
420
418
421
419
420
417
414
414
416
411
411
408
408
406
410
408
404
403
403
404
401
399
399
397
395
397
397
393
394
390
389
391
388
386
389
388
384
382
381
385
383
380
377
380
375
377
373
373
371
372
370
372
367
366
366
368
364
366
364
363
359
359
360
358
356
358
353
357
354
351
353
353
347
349
347
346
347
346
343
340
344
340
339
336
336
334
336
332
334
333
333
330
332
327
330
327
326
327
323
323
323
318
318
316
318
314
315
314
311
312
311
308
308
307
305
304
308
305
304
304
304
301
300
301
296
295
294
297
291
290
290
291
288
290
285
289
286
284
282
281
283
280
279
278
276
276
273
272
272
275
274
272
271
271
265
269
267
266
265
262
261
259
261
256
258
258
258
253
254
250
252
248
247
249
245
247
244
244
243
243
239
239
237
238
236
238
236
235
233
232
229
230
231
230
225
229
224
227
225
224
219
220
218
220
218
218
214
212
213
212
213
210
207
211
205
204
204
202
204
204
202
200
198
199
198
194
195
194
191
195
191
188
192
188
185
188
185
185
185
180
182
182
182
179
175
179
176
172
176
170
173
172
170
170
165
167
163
163
165
164
163
158
160
157
155
158
155
152
156
152
151
149
149
149
148
144
144
143
144
142
139
141
139
141
139
134
135
135
132
133
133
130
127
129
126
129
126
125
122
120
119
123
120
121
116
116
117
114
111
113
114
113
111
109
110
109
103
104
106
104
101
102
100
100
97
99
94
93
94
92
89
91
87
86
87
85
84
87
82
84
79
83
81
79
80
75
77
74
75
73
71
73
67
67
67
64
67
64
66
65
61
59
57
61
60
54
54
54
52
55
53
48
52
51
47
45
45
43
44
45
41
42
42
36
37
34
36
35
32
30
33
31
29
29
26
26
28
24
24
24
22
23
17
16
19
19
13
14
15
15
10
9
11
10
9
7
3
4
3
