1125
1125
1124
1122
1122
1122
1123
1118
1117
1118
1116
1117
1113
1114
1113
1111
1114
1110
1108
1108
1107
1106
1104
1104
1102
1105
1102
1103
1101
1096
1095
1097
1094
1096
1094
1094
1094
1089
1088
1088
1088
1086
1086
1086
1082
1082
1084
1082
1078
1078
1075
1075
1077
1077
1075
1075
1071
1069
1067
1068
1065
1068
1067
1065
1066
1064
1059
1060
1061
1059
1057
1059
1056
1055
1051
1054
1051
1051
1052
1051
1048
1049
1045
1046
1043
1041
1043
1041
1038
1038
1039
1037
1033
1032
1033
1034
1031
1032
1031
1027
1026
1025
1026
1024
1026
1025
1024
1023
1022
1019
1018
1017
1018
1015
1014
1012
1011
1008
1011
1009
1006
1006
1008
1007
1006
1001
1002
1003
997
1001
998
995
995
996
996
992
989
991
992
989
990
986
985
982
982
983
980
983
982
981
975
974
976
973
972
973
972
969
967
968
965
964
964
966
964
963
960
960
958
961
959
955
954
957
954
955
950
951
951
950
946
948
944
944
946
945
939
942
937
936
936
934
937
932
933
935
933
931
931
929
927
925
928
924
926
925
919
918
919
921
915
916
917
913
915
912
912
908
911
909
905
907
908
906
906
901
901
902
901
900
895
894
896
893
892
893
889
893
891
891
888
885
885
886
882
880
880
881
881
881
875
876
875
877
875
871
869
873
872
870
869
864
865
863
863
861
863
859
861
860
858
858
854
857
856
855
851
849
847
851
849
848
847
844
842
844
842
841
841
837
837
838
835
835
831
830
831
830
830
829
828
829
828
825
825
824
824
820
820
818
816
814
814
814
816
812
814
813
811
810
805
807
806
803
803
803
804
802
802
798
797
797
798
797
792
795
794
790
791
786
789
786
786
784
786
781
781
782
780
778
776
776
775
777
775
773
772
772
771
769
767
765
763
764
762
764
759
762
760
759
756
756
757
755
751
754
752
750
751
748
747
745
745
745
744
745
739
742
742
741
740
734
735
734
733
733
731
728
728
731
728
725
727
727
726
722
719
721
717
719
720
715
718
717
714
714
712
711
710
707
709
704
707
704
706
704
704
699
697
696
695
695
694
693
695
690
691
691
690
690
685
686
683
682
685
683
682
680
681
677
675
679
673
676
671
673
673
673
670
670
668
665
667
666
666
663
659
658
661
659
659
659
654
655
655
652
650
653
647
648
650
647
648
644
646
644
639
638
637
637
640
639
633
635
633
633
632
632
628
630
629
627
626
626
621
624
621
620
621
619
618
615
618
617
615
611
612
612
612
609
610
608
606
605
601
605
599
602
600
597
599
596
595
594
595
594
592
589
590
588
589
585
583
587
584
581
584
578
580
580
578
574
574
574
572
574
572
569
572
569
570
566
563
563
566
562
560
563
560
557
556
554
558
552
554
551
551
553
550
549
550
547
548
544
543
545
539
543
540
541
535
535
537
533
533
534
532
531
531
527
530
528
525
524
521
521
521
519
518
521
515
519
513
515
512
512
509
512
511
508
510
505
506
504
502
501
502
501
498
501
496
496
495
492
491
491
490
490
490
489
486
486
487
485
481
480
484
478
481
480
477
475
475
473
474
475
472
471
470
469
467
466
463
465
466
464
462
460
461
461
458
456
458
452
454
451
451
451
451
448
450
445
447
444
446
444
440
441
441
440
438
436
433
437
436
432
432
433
427
428
427
426
428
424
424
422
424
423
419
420
418
419
413
414
416
411
412
408
410
407
405
409
403
406
401
402
399
399
399
399
398
399
397
392
391
390
389
389
389
387
388
385
387
384
383
380
383
378
380
378
375
376
375
373
374
372
371
372
369
366
369
365
367
364
364
363
361
362
358
357
358
359
358
357
352
355
350
349
352
348
346
348
346
343
344
345
342
342
338
337
340
336
334
333
336
330
329
331
331
330
325
325
324
325
326
321
321
319
322
319
320
314
315
312
316
314
314
309
307
309
310
308
305
305
305
302
303
299
297
296
298
298
295
294
293
293
290
293
292
287
290
287
285
284
284
285
282
279
277
278
276
279
273
272
273
274
272
270
268
266
267
266
268
262
261
264
260
261
258
258
257
258
254
257
254
250
253
252
251
249
249
244
246
243
242
241
240
243
242
239
239
237
235
236
233
233
234
233
231
228
225
225
224
223
222
221
224
218
217
216
216
218
213
213
213
214
209
208
210
209
209
205
203
204
202
204
199
203
201
200
195
199
198
192
196
195
192
190
189
188
186
184
183
184
184
180
181
183
179
180
180
175
177
175
176
172
172
171
168
166
166
168
167
163
166
162
162
162
159
156
155
154
157
152
151
153
149
153
152
151
150
146
144
145
143
144
142
142
138
137
138
136
135
134
133
135
130
131
131
126
129
129
124
122
125
125
122
122
121
121
120
115
117
116
116
114
113
109
108
107
109
104
104
103
102
103
99
100
101
100
95
96
98
96
95
90
93
90
92
87
89
84
84
85
83
82
81
83
82
81
80
79
77
77
76
72
74
69
72
67
67
66
67
64
65
64
60
63
61
60
58
55
57
55
53
55
54
50
51
48
45
48
45
47
43
41
39
38
41
36
40
35
37
35
31
34
33
30
27
29
25
24
28
23
24
24
20
21
22
17
16
17
14
14
16
15
9
13
7
7
5
6
6
3
1
