1129
1126
1126
1122
1123
1120
1121
1120
1117
1121
1118
1118
1116
1115
1116
1114
1113
1110
1109
1107
1107
1107
1106
1104
1103
1100
1101
1098
1098
1098
1096
1098
1093
1092
1095
1095
1091
1091
1088
1088
1085
1086
1084
1082
1086
1082
1084
1080
1079
1080
1077
1077
1075
1076
1076
1072
1069
1071
1068
1067
1065
1065
1065
1062
1061
1061
1060
1063
1059
1060
1055
1057
1058
1054
1053
1054
1051
1049
1049
1051
1046
1046
1046
1046
1044
1042
1043
1039
1041
1041
1038
1035
1033
1036
1035
1033
1034
1028
1030
1027
1028
1026
1023
1027
1022
1020
1020
1020
1017
1017
1015
1017
1017
1017
1013
1014
1009
1012
1009
1011
1009
1009
1008
1003
1002
1000
1002
1001
997
998
999
999
993
993
996
992
990
993
990
986
988
984
985
984
982
981
982
983
982
979
977
977
976
975
971
974
969
969
967
971
970
966
967
962
961
965
961
962
961
958
959
958
953
957
951
950
949
950
948
950
950
945
946
946
941
940
940
943
940
936
937
938
933
933
934
931
933
930
928
930
925
925
927
924
926
923
920
922
917
921
915
919
918
916
915
912
912
911
909
908
906
909
906
903
906
903
902
899
900
899
895
895
898
893
893
895
889
891
892
890
887
888
887
885
881
885
883
878
877
879
878
879
873
876
873
873
870
869
869
867
865
866
863
863
862
863
863
861
857
861
860
854
853
852
853
851
852
852
849
850
849
846
847
845
841
845
841
841
840
837
836
834
838
834
832
834
832
829
831
831
830
825
828
822
822
823
824
818
817
819
816
814
814
812
813
812
812
810
812
808
810
806
807
803
801
802
804
801
801
801
797
797
794
792
794
794
794
790
791
786
788
789
786
782
784
781
782
783
780
781
778
777
773
773
773
774
770
773
769
768
767
768
764
764
764
761
764
759
762
760
756
757
753
757
754
751
751
752
752
749
745
748
743
745
741
740
743
742
739
741
740
738
734
736
736
731
730
732
730
727
730
726
725
722
726
724
720
722
719
718
718
717
717
716
713
712
714
711
708
710
708
708
704
704
706
705
703
700
701
700
696
698
693
695
691
694
694
688
690
688
687
687
683
682
686
682
682
679
677
680
676
677
676
674
674
670
672
672
667
671
667
668
668
665
665
663
664
660
657
656
658
655
654
656
651
653
649
652
650
651
645
647
645
644
641
645
641
641
637
641
640
639
635
633
635
635
633
629
627
629
626
626
627
625
626
625
623
620
622
620
618
618
615
612
612
610
612
609
611
609
610
608
603
605
603
605
600
602
602
600
597
595
595
596
591
590
593
588
592
588
585
587
584
584
581
585
582
579
580
579
575
574
574
577
574
575
570
573
571
569
568
567
566
563
562
563
563
558
557
556
558
555
557
556
555
553
550
552
547
549
548
546
546
544
541
545
544
538
539
537
539
538
535
537
532
533
529
531
532
530
526
524
528
525
523
524
521
519
522
520
517
519
513
512
511
515
510
513
512
509
509
506
505
503
502
501
500
498
501
501
500
497
496
492
493
492
494
493
489
488
486
488
483
484
484
485
479
483
479
481
479
477
474
477
476
470
469
469
470
471
465
467
466
462
461
461
462
460
460
456
455
459
453
454
456
455
452
451
450
447
446
445
445
447
446
443
439
438
440
437
439
434
433
433
436
434
431
429
430
431
427
427
427
426
425
425
419
423
417
421
415
419
413
413
416
414
414
409
412
408
406
408
405
402
402
405
401
398
399
401
398
394
393
396
391
393
393
391
388
387
388
385
385
383
384
383
380
380
380
380
378
376
375
374
374
371
370
369
369
369
369
369
364
363
366
365
362
360
358
361
359
357
358
352
352
354
352
351
350
351
345
344
345
344
342
345
342
340
338
341
336
335
333
336
332
332
332
332
330
329
326
327
327
323
325
320
322
323
321
317
319
319
314
316
314
314
309
311
307
308
308
305
304
307
306
305
302
301
299
301
298
298
298
293
292
293
289
289
287
288
287
289
285
285
284
280
279
280
279
278
277
278
273
273
274
275
273
273
267
268
269
264
265
263
265
262
264
259
258
261
257
256
255
252
251
251
252
251
250
249
246
249
244
243
244
240
241
243
240
238
240
239
236
237
236
231
234
230
227
229
227
228
227
225
225
224
222
219
222
216
218
215
217
215
213
214
212
210
210
211
208
207
204
204
204
202
203
202
201
198
196
199
196
193
196
194
189
188
190
188
186
184
184
184
181
180
180
180
182
181
180
177
176
177
176
175
170
171
169
167
167
166
165
162
166
163
164
161
157
158
159
157
158
152
151
153
151
151
147
149
148
148
143
142
144
140
142
140
141
139
137
139
133
132
133
133
131
131
132
129
129
125
126
127
125
124
123
121
119
118
117
117
114
112
115
110
110
112
108
111
107
106
106
102
102
102
100
100
101
96
96
99
98
97
95
94
90
91
89
88
86
88
88
82
83
85
82
78
79
80
80
77
74
72
73
71
71
70
70
69
65
65
68
65
66
65
59
63
59
60
60
56
57
56
55
52
52
51
50
50
46
47
47
45
43
40
44
40
41
36
35
39
34
35
34
34
32
29
31
26
29
25
24
22
25
23
23
18
19
17
20
19
13
13
16
11
10
13
10
10
9
6
4
4
3
