1127
1129
1126
1126
1123
1122
1119
1119
1121
1116
1116
1117
1114
1116
1116
1111
1114
1110
1112
1109
1106
1108
1105
1103
1104
1102
1104
1103
1098
1098
1098
1099
1094
1096
1096
1093
1092
1088
1088
1089
1086
1088
1086
1083
1083
1081
1080
1079
1081
1077
1079
1076
1074
1073
1075
1073
1069
1071
1069
1068
1066
1067
1066
1066
1062
1064
1063
1060
1060
1058
1056
1056
1055
1055
1052
1050
1053
1050
1049
1046
1045
1045
1043
1046
1043
1042
1040
1040
1042
1036
1038
1035
1033
1032
1035
1030
1030
1028
1031
1026
1029
1024
1025
1027
1025
1025
1021
1020
1021
1017
1017
1015
1015
1016
1014
1014
1014
1008
1007
1011
1005
1009
1003
1006
1004
1000
1003
1003
1001
999
999
994
996
992
994
991
991
991
990
990
986
987
984
986
982
985
983
981
979
976
978
977
976
974
972
970
971
971
967
967
968
965
964
967
966
961
962
963
960
961
959
955
956
956
952
950
950
952
949
950
946
949
946
945
945
941
944
939
940
940
939
938
938
936
936
932
931
932
932
928
929
929
925
925
924
925
921
923
919
917
917
919
916
914
911
910
914
910
909
910
905
907
905
905
903
904
901
902
900
900
895
898
898
893
895
892
893
891
888
891
890
885
886
887
886
885
882
879
878
876
875
877
873
876
871
874
874
873
871
869
865
866
864
863
866
865
860
860
860
856
856
856
856
853
853
850
849
852
847
846
850
849
847
845
844
845
842
839
840
840
836
836
838
835
832
830
831
828
830
826
829
827
826
823
823
821
821
820
819
818
818
818
813
817
816
815
811
808
810
810
810
808
805
803
801
800
799
799
801
797
796
797
793
797
793
793
789
789
792
786
786
788
784
782
784
784
784
783
782
777
780
777
775
775
772
775
771
770
769
769
768
764
767
765
764
764
761
758
758
756
757
757
753
753
751
750
750
751
751
748
748
749
746
743
746
744
743
743
739
739
737
735
734
733
732
731
733
729
731
729
726
724
726
726
723
723
720
722
720
719
715
716
717
713
716
710
709
708
710
709
705
705
703
703
703
701
704
703
698
697
696
695
695
697
691
695
692
693
689
689
689
684
683
687
683
685
681
679
680
680
678
678
674
674
676
672
669
669
670
667
665
669
666
667
664
661
659
659
660
659
657
655
653
654
654
655
649
653
652
650
646
644
644
643
641
643
643
643
639
640
635
637
634
636
632
630
629
630
631
626
626
627
626
624
625
624
620
618
617
620
618
619
614
617
616
614
610
611
608
611
608
609
604
605
603
605
601
601
602
600
596
598
598
594
592
593
590
593
590
590
588
589
587
587
583
585
583
583
578
579
577
574
574
573
575
572
573
571
567
567
566
568
568
562
564
563
561
559
561
556
560
554
557
554
552
551
551
553
548
551
549
546
548
542
543
541
543
538
537
541
536
535
536
536
534
533
529
533
527
527
530
524
526
526
526
523
520
520
517
516
519
516
518
515
514
511
514
511
511
510
508
504
508
503
506
503
503
502
498
498
495
498
498
492
496
490
491
489
492
486
489
488
483
484
486
483
484
483
482
477
475
474
478
474
471
470
469
471
472
471
469
468
463
467
462
461
462
459
462
456
459
457
457
453
451
453
449
450
452
447
449
447
446
445
441
442
442
439
439
437
438
434
435
435
433
433
432
432
430
429
430
424
426
424
425
420
424
419
418
419
418
414
417
415
416
413
412
410
408
409
405
406
408
403
402
403
402
400
398
398
398
395
393
396
391
395
392
392
390
388
390
385
386
386
386
385
383
381
381
376
375
375
377
375
372
374
370
373
369
368
369
365
366
366
362
360
359
362
362
358
356
355
356
357
355
351
352
352
351
348
345
345
345
345
346
342
344
342
340
336
338
337
338
333
336
335
331
330
332
330
330
324
328
325
326
324
323
322
320
321
316
317
314
317
313
313
314
308
308
307
306
306
304
307
305
304
300
300
300
300
299
297
295
297
296
291
294
291
290
290
286
288
287
287
282
280
284
278
279
277
279
275
278
275
275
270
271
272
268
267
270
267
265
266
261
264
262
261
258
261
255
254
254
254
256
253
251
249
252
246
250
246
245
247
242
243
239
242
241
237
236
239
238
235
231
230
233
233
227
231
229
226
228
227
225
221
220
221
222
218
218
216
218
214
215
211
213
209
209
210
207
209
207
202
206
202
199
201
199
196
199
196
194
194
193
194
193
190
188
186
185
187
186
183
183
182
180
178
180
177
175
178
176
172
173
172
174
172
171
170
168
165
164
163
164
165
163
159
158
157
157
156
157
157
153
150
150
152
149
146
148
147
146
142
146
145
144
141
139
138
138
138
138
136
134
132
130
129
131
128
129
128
124
123
122
125
121
123
117
117
118
115
118
117
113
112
112
110
112
109
109
104
104
102
103
105
101
98
100
99
96
97
97
92
95
91
91
93
90
86
86
88
88
82
84
82
81
79
80
79
75
74
73
76
75
71
70
71
68
71
65
69
65
63
61
60
64
61
62
58
58
57
55
52
54
54
54
52
50
50
47
46
47
47
42
42
42
40
41
39
40
38
37
32
36
32
29
33
29
28
30
28
27
25
22
20
19
22
19
19
18
15
14
14
14
13
10
8
8
10
6
7
7
7
2
