1125
1124
1124
1124
1122
1122
1122
1118
1119
1119
1120
1118
1115
1116
1113
1115
1113
1109
1107
1109
1107
1106
1108
1107
1102
1100
1100
1098
1097
1100
1097
1094
1093
1096
1091
1094
1092
1090
1088
1087
1085
1086
1088
1083
1081
1082
1079
1081
1081
1081
1078
1077
1076
1073
1072
1070
1073
1071
1068
1070
1066
1065
1064
1066
1066
1065
1061
1059
1058
1059
1059
1057
1054
1054
1054
1050
1049
1048
1050
1046
1047
1044
1046
1046
1042
1045
1039
1038
1038
1041
1039
1034
1036
1033
1033
1033
1034
1031
1032
1028
1027
1025
1024
1023
1026
1024
1023
1023
1020
1016
1016
1019
1017
1014
1012
1012
1009
1010
1007
1008
1005
1006
1007
1004
1003
1002
1004
1001
997
1001
1000
994
998
993
993
990
990
991
991
990
985
987
984
985
984
983
983
983
979
978
978
975
978
976
971
971
971
968
972
968
969
969
968
964
966
961
962
958
961
959
956
957
958
954
953
950
953
952
948
946
950
948
946
943
944
944
942
938
941
939
935
937
935
932
934
935
930
930
928
927
930
926
923
923
921
921
922
919
921
920
919
919
915
914
914
914
909
910
910
908
909
904
907
903
903
905
901
902
897
897
898
898
894
892
892
890
889
890
891
888
889
889
884
886
882
881
881
879
880
876
876
878
875
874
872
870
872
873
869
869
865
864
866
864
862
863
861
859
861
858
859
858
854
854
855
853
854
853
848
849
850
845
846
847
844
841
844
843
839
841
836
838
836
834
833
834
831
830
829
831
825
828
824
824
822
825
819
820
821
819
816
819
817
813
814
812
814
811
808
807
806
809
808
803
801
802
800
801
800
800
800
799
796
792
795
792
791
788
788
788
785
784
787
784
785
783
781
782
781
781
776
777
776
777
773
774
771
771
767
771
767
769
763
762
765
765
761
759
757
759
760
759
757
757
754
751
752
752
750
749
745
744
748
746
744
744
739
742
741
737
735
735
737
737
736
730
734
730
729
727
727
724
724
723
725
721
723
723
719
721
720
716
713
716
713
710
712
711
712
709
707
704
705
707
705
705
700
701
698
701
695
698
695
692
691
694
693
688
687
688
687
686
683
683
685
681
684
680
681
677
679
679
677
674
676
671
673
672
668
668
669
664
668
662
662
662
659
663
661
658
655
657
657
656
655
652
654
653
651
648
647
649
644
646
643
643
642
641
637
641
637
637
634
636
632
635
632
632
632
627
625
625
624
626
623
623
619
623
622
621
616
618
617
613
613
611
613
613
607
606
606
607
606
604
602
601
603
598
599
599
596
596
594
592
594
593
593
588
588
591
589
588
587
583
581
583
579
580
582
579
578
574
577
577
572
570
573
571
568
569
569
566
566
566
563
560
560
561
560
557
559
558
557
555
553
551
550
550
549
550
550
547
548
546
541
540
539
541
538
541
539
539
535
534
535
533
533
532
530
529
525
528
528
526
523
521
523
521
520
518
519
514
514
515
511
514
509
511
508
507
505
508
507
503
504
501
501
502
499
498
498
494
497
494
494
492
493
488
491
487
487
487
485
486
483
482
484
480
482
478
478
479
475
476
474
473
471
470
468
469
467
467
466
466
463
462
463
461
462
461
457
455
456
456
451
454
453
449
451
451
445
447
443
444
446
441
444
440
441
438
438
434
434
434
434
433
434
428
430
426
430
424
426
427
425
425
421
423
422
419
419
414
416
412
414
411
414
412
412
408
405
404
403
405
404
400
404
399
398
400
398
394
396
397
393
391
391
390
390
389
386
385
387
383
386
381
379
378
377
377
380
378
373
373
372
371
371
368
370
366
369
369
363
363
366
360
360
362
358
360
358
357
353
355
356
355
350
349
348
350
346
348
346
346
345
341
344
340
340
341
336
339
336
332
336
330
329
330
327
328
327
327
328
326
322
322
319
320
318
316
317
318
318
313
315
310
313
310
311
306
306
308
304
305
304
303
304
300
302
298
297
295
295
293
292
294
290
293
288
291
286
289
284
282
283
285
279
279
278
279
279
278
277
274
271
274
270
273
268
269
270
268
263
267
265
264
263
260
261
257
259
255
258
254
254
250
254
249
249
248
246
249
244
245
246
243
242
240
238
237
237
239
233
235
236
230
230
228
229
227
230
227
225
224
221
220
223
218
217
216
220
214
218
217
216
210
211
210
211
210
208
205
206
204
204
201
202
200
198
198
198
199
198
196
192
191
190
191
188
191
190
189
183
184
184
181
182
181
178
179
175
177
174
175
174
174
170
173
171
168
167
169
168
166
164
160
162
160
160
158
158
157
154
157
155
153
149
151
147
149
150
147
145
146
141
140
140
138
142
141
140
139
134
133
133
130
131
133
131
126
127
125
127
127
122
122
121
120
120
121
116
114
117
112
115
115
110
111
107
110
110
105
107
103
101
102
101
100
101
96
99
96
97
94
95
94
92
90
88
90
86
88
88
82
83
83
80
79
82
78
80
78
73
77
74
72
70
70
72
70
68
67
66
64
65
64
61
60
60
59
57
55
57
55
53
50
53
50
48
47
46
44
45
44
42
41
42
39
37
39
37
37
38
34
35
31
30
30
32
30
29
28
28
22
25
21
21
19
18
20
15
16
15
16
12
13
10
8
10
6
8
9
8
5
4
