1125
1129
1127
1122
1126
1124
1122
1122
1119
1116
1119
1114
1113
1114
1111
1111
1111
1112
1111
1108
1107
1108
1106
1104
1106
1101
1101
1099
1101
1100
1095
1099
1093
1095
1094
1092
1090
1088
1089
1090
1085
1086
1088
1086
1081
1084
1083
1081
1079
1080
1078
1074
1074
1077
1071
1075
1072
1070
1070
1068
1067
1065
1067
1062
1061
1064
1064
1059
1062
1057
1055
1059
1058
1056
1052
1053
1051
1049
1048
1048
1047
1047
1048
1046
1043
1045
1042
1043
1037
1036
1040
1035
1035
1034
1036
1034
1032
1029
1030
1031
1027
1024
1026
1025
1026
1025
1022
1020
1019
1017
1015
1015
1015
1014
1012
1013
1010
1010
1009
1010
1006
1005
1007
1003
1001
1001
999
999
997
999
997
994
993
996
993
994
989
990
988
986
986
985
984
986
985
981
982
979
979
979
977
979
977
974
972
975
970
969
968
968
970
967
966
967
963
965
964
960
957
957
959
958
954
955
952
955
949
950
952
948
950
948
947
947
945
944
941
938
942
940
940
934
936
933
936
933
934
931
929
926
926
929
923
926
925
922
922
920
921
921
917
919
915
912
916
912
909
912
911
908
910
905
906
903
905
901
903
900
901
901
896
896
896
896
892
892
894
892
890
889
889
885
887
884
881
883
881
883
881
879
880
875
873
876
873
871
871
871
867
868
870
868
868
867
861
862
861
861
858
856
860
854
857
853
852
853
852
850
848
849
848
846
847
843
845
841
844
840
841
838
839
836
834
833
833
830
831
831
828
830
825
824
827
827
826
821
820
818
818
821
818
819
818
817
815
813
812
809
811
806
805
804
804
802
801
800
801
801
799
801
797
794
796
795
795
794
792
789
791
788
790
785
784
784
783
785
784
781
777
778
775
774
773
777
774
771
770
773
771
768
766
766
766
762
762
760
763
763
762
761
760
755
756
753
755
754
753
749
748
747
746
745
746
746
742
744
744
742
740
737
737
737
734
732
731
731
732
729
730
729
729
724
726
727
721
722
721
719
722
718
719
718
717
716
713
712
710
711
708
706
710
706
704
704
702
704
703
701
697
699
696
694
697
694
694
692
692
689
691
691
685
684
684
685
682
680
680
680
677
676
678
675
678
676
671
674
669
672
672
666
665
665
665
665
665
663
663
661
658
658
659
658
653
653
656
655
651
653
650
650
649
644
647
644
642
641
641
638
641
637
640
634
637
633
635
633
630
630
631
630
626
629
623
626
623
621
624
619
620
620
619
619
617
614
615
612
610
608
612
608
609
604
603
605
603
600
604
602
600
601
599
594
593
593
591
595
590
593
591
586
587
586
584
583
586
580
579
583
580
580
575
574
577
573
576
573
569
571
572
568
565
567
568
563
561
565
563
559
561
558
556
558
554
552
552
555
549
549
551
551
549
546
544
542
546
544
544
543
538
537
538
534
538
533
532
530
534
531
531
531
525
525
526
527
526
520
524
520
517
517
520
515
517
515
511
513
513
509
508
511
507
508
506
502
502
502
504
503
499
497
500
498
496
497
493
491
490
490
492
487
485
487
486
487
485
480
482
482
480
476
479
475
477
477
471
474
469
473
472
467
467
467
467
462
464
462
463
461
461
456
460
459
456
454
455
450
449
451
447
451
450
444
447
447
446
445
441
438
439
440
438
437
437
433
432
435
430
432
427
427
425
426
426
422
422
422
424
423
417
418
415
414
417
413
413
414
410
409
411
410
407
405
405
404
404
402
400
401
397
396
396
396
398
396
394
394
390
393
388
388
386
387
388
383
386
381
383
381
381
377
377
376
377
375
375
372
371
369
367
366
365
366
368
363
366
361
360
358
358
359
358
358
356
353
355
353
351
351
349
347
348
345
346
347
344
343
343
340
342
336
335
337
338
335
335
335
330
329
328
326
329
328
326
323
322
323
320
323
319
319
317
316
316
315
313
313
309
308
307
311
305
306
304
303
306
303
300
301
298
298
295
298
293
297
293
291
289
293
287
288
286
286
286
287
286
281
281
283
278
278
275
275
273
276
272
271
272
270
271
267
268
264
266
262
261
263
260
261
259
259
255
256
257
253
251
253
253
253
250
246
245
247
243
245
246
240
243
241
242
241
240
234
235
234
235
232
230
229
227
226
230
228
223
223
222
224
220
221
220
218
218
217
213
214
216
214
214
213
207
208
208
204
207
205
205
200
203
199
201
197
200
198
198
195
193
193
194
189
191
188
188
187
186
185
182
181
179
182
178
180
176
174
176
174
172
175
173
169
168
170
166
165
167
164
166
160
162
163
160
156
158
158
155
152
152
152
150
152
147
147
146
144
143
143
141
141
143
143
137
139
139
135
135
137
135
133
133
132
131
128
128
126
125
125
124
124
121
119
121
120
117
118
115
114
114
115
113
110
108
110
109
107
108
105
106
103
103
101
102
98
99
94
95
93
95
93
94
92
90
88
90
89
84
85
85
82
79
78
81
76
80
75
73
74
74
72
73
70
69
68
66
66
67
64
64
60
59
61
57
61
58
58
58
56
55
51
50
49
52
46
50
44
46
45
46
40
39
38
37
38
40
36
35
33
34
35
32
31
27
30
25
29
25
24
23
24
19
22
19
18
15
16
13
12
12
13
10
12
11
8
5
6
3
6
5
