1129
1128
1125
1124
1121
1125
1121
1123
1117
1117
1120
1115
1114
1114
1115
1112
1113
1113
1111
1108
1106
1104
1104
1107
1106
1103
1101
1099
1097
1100
1097
1095
1096
1093
1092
1093
1094
1093
1092
1089
1087
1089
1084
1082
1081
1085
1081
1078
1080
1080
1075
1076
1077
1072
1076
1074
1074
1070
1071
1067
1068
1065
1067
1066
1062
1063
1060
1063
1058
1059
1058
1057
1056
1052
1051
1050
1053
1050
1049
1049
1050
1048
1048
1042
1045
1045
1040
1038
1041
1040
1037
1039
1034
1037
1031
1031
1032
1030
1027
1031
1029
1027
1026
1024
1021
1022
1023
1022
1022
1017
1016
1014
1015
1012
1013
1012
1014
1012
1011
1010
1007
1007
1005
1002
1003
1003
1001
1002
1000
997
1000
996
994
993
993
991
990
992
991
988
989
985
984
983
983
985
981
978
977
979
976
976
974
975
971
975
972
968
972
967
966
965
963
967
965
962
960
961
961
958
959
955
957
957
956
953
950
951
949
946
948
949
947
945
945
943
941
939
940
940
936
934
937
935
936
931
930
928
928
927
928
927
923
926
925
922
923
920
921
917
919
918
917
917
914
912
909
912
909
910
907
907
907
905
903
905
904
901
902
898
900
898
894
895
892
892
891
892
891
886
887
884
883
885
881
884
880
880
881
877
878
879
873
877
871
872
871
873
867
871
868
866
867
864
862
860
861
859
860
859
856
858
854
853
855
854
851
849
847
851
847
849
844
846
846
844
844
843
840
836
837
837
836
832
831
831
829
828
831
831
826
826
827
823
826
821
819
821
819
821
817
817
818
817
813
813
811
808
809
807
810
808
806
807
806
802
803
798
802
798
796
799
796
793
795
793
791
793
787
788
788
786
787
785
783
780
782
780
777
781
779
779
776
776
775
771
771
769
768
771
766
765
764
767
763
764
762
760
761
756
758
757
754
757
756
754
750
752
749
748
746
748
747
744
741
743
744
743
739
738
737
738
737
735
735
733
731
733
730
727
725
726
728
723
722
724
719
721
718
718
717
714
716
712
711
711
711
711
707
707
709
707
705
707
706
702
704
700
698
696
696
696
698
693
693
690
690
693
687
686
686
689
687
682
685
681
680
682
680
676
680
676
677
676
674
675
669
671
672
670
668
667
665
665
663
663
662
660
658
658
656
656
656
655
656
651
654
648
649
650
648
645
647
642
646
641
644
639
637
638
639
637
633
635
633
633
634
633
630
630
629
625
627
623
623
623
620
622
620
621
616
615
616
615
611
614
609
610
607
611
607
609
607
603
606
601
599
602
602
598
595
598
595
597
592
592
593
591
591
589
586
586
588
585
581
585
581
583
578
581
578
576
575
573
573
574
570
568
568
566
566
568
564
566
565
564
563
558
559
557
557
555
554
557
552
550
553
551
550
550
549
549
548
542
543
543
540
538
537
537
537
536
535
532
532
530
533
531
532
531
527
526
525
526
523
524
520
522
519
518
516
518
517
517
514
514
511
510
508
508
510
504
507
504
501
502
501
498
501
499
496
498
494
495
491
494
492
493
492
487
488
487
483
487
482
483
480
480
479
480
477
475
478
473
476
472
473
473
468
469
470
469
465
463
464
461
462
460
457
461
459
459
457
453
454
452
450
453
447
450
448
447
448
444
446
443
439
440
441
440
435
435
436
437
436
434
433
430
432
428
429
428
423
426
422
423
422
422
417
419
415
414
417
417
414
410
411
411
407
406
408
405
405
402
401
401
399
398
400
398
398
394
394
395
395
394
390
390
388
390
389
386
386
386
384
381
380
381
382
380
379
377
378
373
371
370
370
369
369
371
370
369
366
366
365
365
361
361
361
360
356
359
356
356
353
353
353
352
352
348
349
346
345
346
344
340
342
340
337
341
335
338
338
337
332
334
332
331
328
329
325
328
325
327
324
323
320
320
321
321
316
318
314
313
313
313
314
312
310
310
305
309
307
307
302
301
301
300
302
300
300
298
295
295
294
293
289
289
292
289
288
289
283
282
285
282
283
279
282
280
275
278
276
274
276
274
270
272
268
271
267
269
266
265
262
265
264
262
257
259
259
254
253
254
254
251
253
249
251
249
247
248
247
246
243
241
241
240
242
241
239
239
234
237
233
232
230
228
231
227
225
225
225
222
222
225
219
220
222
216
220
217
216
217
212
211
213
210
211
208
205
206
208
205
203
202
201
202
198
198
198
199
198
193
193
190
191
190
187
188
189
187
186
185
186
183
184
178
182
180
176
174
178
176
174
172
174
168
170
171
169
166
168
162
162
160
160
159
160
158
158
154
153
155
151
154
152
148
151
149
147
146
144
144
144
144
139
143
137
139
138
139
138
137
132
134
133
132
129
126
128
129
123
125
125
120
119
123
122
118
118
116
115
113
112
111
111
108
110
109
109
105
107
102
102
104
103
101
97
99
98
94
95
95
91
93
92
89
92
86
89
85
87
86
84
80
81
78
80
78
79
74
78
76
75
73
73
73
72
69
66
65
63
66
65
60
63
60
62
61
58
56
56
52
53
54
52
53
47
51
48
44
46
44
43
41
40
38
38
37
40
38
37
32
31
30
30
29
30
26
29
27
25
26
24
23
24
19
19
17
18
18
16
13
13
15
14
13
7
9
7
6
7
2
6
