1125
1125
1126
1123
1122
1125
1123
1122
1121
1121
1115
1119
1117
1112
1116
1111
1113
1113
1109
1106
1109
1105
1105
1104
1106
1100
1102
1102
1098
1097
1096
1099
1097
1095
1091
1093
1092
1088
1087
1088
1086
1088
1084
1084
1085
1085
1082
1078
1079
1080
1080
1077
1076
1074
1075
1070
1069
1071
1072
1070
1069
1067
1063
1067
1066
1065
1064
1060
1061
1061
1056
1058
1057
1056
1054
1050
1053
1053
1047
1049
1047
1049
1046
1042
1046
1041
1042
1038
1042
1036
1037
1036
1038
1037
1032
1035
1033
1028
1029
1029
1025
1024
1028
1027
1022
1025
1020
1018
1017
1016
1015
1017
1014
1017
1013
1014
1014
1012
1009
1009
1010
1006
1007
1004
1001
1003
1001
998
1000
997
996
997
994
992
995
995
989
991
987
988
990
984
983
986
983
980
984
980
980
977
975
974
977
974
973
972
972
971
970
970
969
968
968
965
962
962
960
959
960
960
956
956
957
955
955
951
950
953
950
950
946
946
948
947
946
944
939
942
940
939
936
936
934
936
932
933
930
932
927
928
927
925
925
927
924
921
922
918
922
917
916
917
917
914
915
913
911
910
909
908
906
904
903
905
904
902
902
898
897
897
895
898
897
895
892
893
889
890
892
888
890
884
883
885
882
881
883
880
877
881
876
878
878
875
875
870
872
872
869
867
868
865
863
863
864
865
860
858
860
860
859
855
857
856
854
850
850
849
849
851
850
846
846
844
844
841
839
840
838
836
840
837
838
834
834
831
831
830
828
826
826
829
823
826
826
822
824
823
817
816
820
818
818
814
812
814
809
810
809
808
806
805
808
803
803
802
802
803
802
798
795
797
793
793
791
792
794
793
792
787
788
784
786
787
785
785
779
782
778
781
779
778
778
773
772
773
769
773
768
771
768
766
764
764
765
761
763
760
760
758
758
759
758
752
756
755
751
750
747
747
749
744
748
743
745
744
739
743
737
739
738
734
733
732
731
731
732
729
732
728
730
728
726
725
723
723
721
722
721
721
720
714
713
717
711
715
711
712
707
711
709
705
706
702
701
705
701
703
701
698
700
696
693
696
694
690
692
690
692
691
690
689
684
685
683
684
679
681
682
679
675
678
677
674
672
674
670
673
668
668
670
665
666
665
661
661
663
660
658
658
660
658
656
654
651
652
653
648
651
651
645
647
645
645
641
640
642
643
639
641
639
639
634
632
631
634
630
631
632
628
626
624
626
626
626
623
622
619
619
620
617
614
616
617
612
615
614
612
612
607
610
604
607
604
602
604
602
600
597
597
598
597
595
595
592
592
594
588
589
587
590
588
586
585
581
580
582
578
580
581
576
574
575
576
571
570
569
573
568
571
567
567
564
565
564
561
562
559
559
561
558
555
556
554
551
553
552
550
551
547
545
546
545
546
543
543
544
538
540
539
538
536
534
532
533
531
534
529
528
530
530
526
523
527
523
525
524
522
517
517
519
518
518
513
511
510
510
509
510
511
509
507
503
506
504
501
503
501
497
498
500
494
494
495
491
495
494
489
492
490
487
486
483
487
484
481
484
482
479
477
476
477
477
473
476
473
471
469
471
471
466
469
465
464
465
464
464
459
462
460
456
457
457
453
452
450
449
453
450
450
450
446
444
446
445
444
442
438
438
438
436
434
435
436
431
432
432
432
427
430
425
425
426
424
424
425
424
423
417
418
417
417
415
415
414
414
409
411
409
410
407
405
408
407
401
402
401
402
399
397
399
395
394
394
391
390
392
389
391
386
389
389
386
383
382
384
380
379
381
379
378
374
376
374
376
375
369
369
372
370
366
368
365
364
361
362
362
362
358
360
358
358
354
355
352
353
350
348
348
346
345
344
347
342
344
344
339
342
342
337
340
337
338
337
335
331
334
329
330
329
325
328
328
325
323
320
319
323
318
318
319
315
316
312
313
315
310
309
310
310
305
307
304
305
302
301
299
301
302
301
297
295
298
296
296
291
293
290
291
287
287
284
285
286
281
281
282
282
281
280
279
275
276
277
272
271
269
269
268
269
265
264
264
264
266
264
262
262
262
258
258
254
258
256
252
251
249
252
250
248
250
247
245
243
245
245
242
242
241
237
237
238
233
233
234
230
233
231
230
229
228
227
223
226
223
225
223
220
217
216
217
216
218
212
215
210
214
210
207
211
210
209
207
205
201
200
204
200
200
199
197
199
195
193
193
192
192
189
189
188
188
189
183
185
186
182
179
183
178
181
175
175
177
177
171
171
172
169
170
170
165
164
164
164
166
164
162
163
162
161
160
154
155
154
151
152
150
149
150
148
149
147
146
147
142
141
144
143
142
138
140
136
136
136
134
133
129
128
129
130
128
129
123
127
125
124
122
122
119
118
119
115
117
115
111
113
113
110
111
111
110
106
106
106
104
100
101
98
101
97
99
96
96
93
92
91
89
92
87
90
88
85
88
85
83
84
83
83
79
80
77
74
73
75
71
74
72
73
67
70
66
67
68
66
65
64
64
62
58
60
55
54
58
55
53
55
51
51
50
50
46
45
46
42
44
44
39
43
40
36
36
34
38
37
34
34
30
32
29
30
26
25
23
24
23
23
23
19
17
19
17
15
18
13
15
10
13
9
7
6
7
5
7
5
5
