1125
1128
1127
1125
1124
1122
1121
1119
1122
1120
1115
1117
1118
1116
1113
1111
1110
1110
1107
1110
1105
1106
1104
1107
1104
1103
1104
1101
1100
1097
1096
1099
1093
1097
1091
1090
1092
1090
1088
1087
1087
1086
1083
1087
1085
1083
1081
1083
1080
1080
1077
1078
1073
1073
1072
1074
1072
1073
1069
1067
1068
1066
1068
1062
1062
1062
1060
1062
1061
1057
1057
1059
1058
1053
1056
1053
1049
1053
1047
1046
1047
1047
1045
1046
1045
1041
1039
1038
1041
1036
1039
1035
1034
1037
1033
1035
1033
1033
1030
1027
1026
1029
1026
1022
1026
1025
1022
1022
1020
1016
1015
1014
1014
1012
1011
1015
1011
1013
1008
1007
1006
1007
1008
1003
1005
1002
1000
1002
1001
1001
999
999
993
997
995
993
989
988
987
987
987
985
983
986
984
983
980
983
979
976
975
977
978
975
976
970
973
969
972
967
969
967
966
962
966
961
959
963
962
961
955
955
955
956
955
953
952
952
951
951
950
947
944
943
942
943
942
941
940
938
938
937
935
934
934
932
931
929
930
928
929
926
924
924
922
921
922
920
921
920
917
918
913
914
912
912
914
912
908
906
909
906
904
906
905
903
904
901
898
898
896
899
897
894
894
894
893
889
888
889
888
885
888
882
884
880
882
879
880
876
879
874
876
877
875
874
870
870
868
866
867
867
867
865
862
861
863
858
861
860
859
858
853
854
852
855
849
849
851
849
847
848
845
845
842
844
840
841
842
840
840
836
837
836
831
831
833
830
827
828
826
829
828
826
824
821
824
820
821
816
817
816
818
812
815
815
812
809
809
806
805
804
808
807
803
802
801
801
797
799
796
798
796
792
794
795
794
788
789
787
785
785
787
782
785
782
781
778
777
780
777
779
774
774
772
772
769
770
768
770
770
769
767
764
766
762
762
758
757
757
758
758
758
756
753
750
752
751
750
749
750
746
747
742
741
743
741
738
742
741
740
735
738
737
735
735
734
728
728
726
726
724
725
722
725
721
721
723
717
718
716
717
717
714
712
712
714
713
708
709
707
709
707
705
706
700
703
702
700
700
695
694
695
696
696
692
691
689
692
688
685
687
687
683
685
684
680
678
682
676
678
674
677
674
672
673
673
670
667
669
667
666
663
664
662
660
659
662
657
660
658
657
653
653
654
650
650
653
650
650
647
646
644
642
642
645
641
638
637
639
640
635
636
632
631
631
631
629
631
627
626
627
626
622
625
623
619
618
621
619
617
618
615
613
616
611
612
608
609
610
605
605
606
606
603
604
601
600
599
598
597
596
596
593
595
595
593
593
592
590
587
588
584
583
584
583
584
583
580
579
575
577
574
572
571
571
573
571
570
568
568
566
563
562
562
562
561
561
557
557
559
557
553
552
556
551
552
553
549
546
545
544
546
543
545
542
540
541
542
540
536
536
534
533
535
533
533
530
530
531
529
526
525
523
523
520
519
518
519
519
517
517
516
513
511
513
509
511
510
508
507
509
508
506
505
502
502
503
499
500
496
496
494
497
493
493
494
491
491
489
485
485
487
485
484
482
479
483
477
478
475
475
475
472
472
475
472
468
468
470
467
469
463
467
466
463
462
460
457
460
458
458
455
452
454
454
453
452
447
448
446
446
448
445
446
443
444
439
437
439
439
439
437
434
433
433
430
428
430
429
430
429
426
425
426
421
422
422
419
420
417
418
416
416
411
412
409
409
407
406
408
406
403
407
403
400
404
400
397
398
398
397
394
396
395
390
392
389
388
386
387
389
384
387
382
382
379
380
381
381
376
377
373
375
374
370
370
373
368
370
366
364
364
362
363
363
362
361
362
357
357
357
358
355
355
355
350
348
347
348
345
344
345
346
341
342
343
339
342
338
338
337
338
335
334
333
332
331
330
329
327
328
324
324
322
325
323
320
321
319
318
314
314
312
312
315
312
309
309
311
307
304
308
302
303
304
304
300
298
297
298
299
298
294
295
295
289
292
289
286
290
289
287
287
281
285
279
279
281
281
280
277
274
277
276
275
270
270
272
270
267
266
264
265
262
265
261
261
260
256
256
257
254
254
251
253
253
248
249
251
246
244
248
245
246
244
239
241
237
238
240
236
233
235
233
232
230
231
229
230
227
229
223
226
225
223
223
222
218
217
217
218
218
215
213
210
213
213
209
211
205
208
205
206
206
200
199
198
200
198
200
198
198
195
193
194
193
193
192
188
189
186
188
186
181
185
183
178
181
179
179
175
174
172
173
173
174
169
170
168
169
167
166
163
161
165
164
160
158
156
155
157
157
154
155
150
152
150
151
151
148
145
147
145
142
142
139
143
142
136
135
136
135
136
132
132
133
133
129
126
130
127
126
124
122
121
121
121
119
116
117
116
116
114
115
113
110
110
111
110
106
109
104
103
102
104
99
100
102
100
97
99
95
92
94
95
94
88
87
86
87
85
83
84
81
81
80
78
77
79
80
75
74
72
71
72
70
73
67
68
70
64
66
64
64
65
60
58
57
56
55
54
55
57
52
50
49
50
50
51
45
48
46
44
42
45
41
43
42
40
40
38
35
37
33
30
29
33
30
30
27
29
27
26
26
25
20
22
17
20
18
17
16
15
13
10
14
9
8
11
10
7
4
7
4
