1127
1128
1128
1126
1126
1125
1124
1122
1120
1120
1116
1118
1118
1114
1114
1114
1110
1113
1107
1109
1105
1106
1105
1107
1102
1104
1104
1100
1097
1100
1097
1097
1096
1094
1093
1091
1090
1093
1090
1087
1087
1085
1085
1083
1081
1080
1084
1081
1081
1079
1076
1078
1075
1073
1074
1071
1071
1068
1068
1067
1070
1064
1068
1067
1066
1063
1062
1062
1062
1059
1058
1056
1055
1054
1053
1054
1052
1052
1051
1047
1048
1047
1047
1043
1045
1045
1039
1039
1040
1036
1040
1035
1036
1036
1036
1033
1034
1030
1028
1026
1027
1026
1026
1026
1021
1021
1020
1023
1022
1018
1016
1015
1016
1015
1014
1013
1010
1009
1009
1011
1010
1009
1005
1002
1004
1004
1000
1002
1001
998
997
994
996
997
994
995
991
988
987
986
985
986
983
983
984
984
981
982
982
980
977
976
973
974
972
970
973
972
968
969
968
965
967
966
964
964
959
962
957
959
955
958
956
955
953
954
949
948
950
951
945
947
945
945
941
940
944
942
937
938
940
937
933
932
934
930
934
932
931
930
930
928
925
927
924
921
920
922
917
921
920
918
913
916
913
913
914
908
908
908
909
906
906
904
902
901
899
902
901
899
895
894
894
894
895
891
892
891
888
891
887
887
887
883
883
881
879
881
882
879
876
876
876
872
875
874
874
868
872
871
865
864
863
862
862
861
859
860
860
857
860
857
853
854
855
852
854
853
849
846
845
848
847
846
842
845
841
839
840
839
837
834
836
832
835
835
830
828
831
828
830
827
828
822
826
822
821
823
818
819
819
818
815
812
813
810
814
811
812
806
806
806
806
805
802
801
800
799
800
796
797
794
796
793
792
793
792
790
791
790
787
786
784
787
786
780
784
782
781
776
775
778
775
776
772
772
769
773
772
771
769
766
765
762
764
762
763
761
761
761
759
755
755
752
753
753
749
748
751
749
748
746
746
747
745
745
744
742
739
738
740
735
737
735
736
733
734
730
728
730
727
729
726
723
723
721
720
719
719
719
717
718
713
713
714
710
709
709
711
711
706
708
705
707
701
702
701
700
697
696
700
698
695
697
696
691
690
691
687
687
689
688
685
685
685
680
679
678
678
676
679
675
676
676
675
673
671
668
668
667
666
666
667
664
663
661
664
660
660
657
658
658
657
657
651
650
653
649
650
647
650
647
647
647
646
643
640
638
641
639
636
639
634
633
634
632
631
631
631
630
629
628
626
623
626
625
621
621
619
621
620
615
616
614
611
615
609
609
612
611
610
605
605
605
604
602
602
598
598
597
597
594
598
595
592
595
590
588
587
587
589
584
588
582
584
583
583
583
578
576
577
578
577
572
572
570
569
571
571
566
566
568
568
564
561
562
561
559
558
557
556
554
553
556
551
554
553
549
549
550
548
545
548
546
543
540
542
543
542
538
537
536
536
532
532
534
533
528
532
528
525
525
525
522
522
524
524
520
520
516
520
518
518
516
514
511
509
508
508
507
510
507
503
505
505
505
504
503
502
496
500
494
494
495
491
490
494
491
487
488
489
488
487
483
484
485
482
481
481
477
477
479
478
473
476
471
469
472
468
469
470
468
468
465
465
463
460
463
462
461
456
459
455
452
451
452
451
448
448
449
447
445
443
442
442
444
441
441
438
437
438
437
437
437
435
435
432
433
428
427
428
425
424
424
425
423
420
420
422
416
416
415
416
412
414
414
410
412
410
408
409
406
408
402
406
405
404
402
400
397
397
395
397
392
396
391
392
392
388
391
386
385
388
382
385
380
383
381
382
377
376
377
377
374
371
374
372
373
369
370
366
366
366
363
365
365
361
358
357
356
359
354
354
355
351
350
352
349
352
351
345
344
344
342
344
345
339
339
342
336
338
336
336
336
332
332
332
332
332
331
330
328
328
327
321
324
324
320
322
321
315
317
317
313
314
312
311
310
307
308
309
308
305
303
301
304
304
303
297
296
297
295
297
292
296
293
293
288
292
287
285
286
284
282
282
285
280
283
282
281
275
278
276
273
275
272
273
271
270
271
265
265
265
262
261
265
261
261
260
260
258
254
258
256
253
250
251
251
251
251
249
244
244
245
243
241
242
239
238
236
236
238
233
232
235
231
232
233
230
231
225
226
227
222
223
224
220
220
222
218
218
219
215
214
215
210
214
210
207
206
205
208
207
207
206
205
202
198
199
198
197
195
193
197
195
192
194
192
192
188
189
187
183
186
185
183
181
178
182
179
179
176
176
174
173
174
170
170
167
167
166
169
165
162
163
161
163
159
158
161
155
158
155
153
154
151
154
153
149
146
150
144
148
147
146
141
141
138
137
137
138
139
138
136
132
133
133
130
131
130
128
128
127
123
121
125
123
123
117
121
117
116
115
114
113
111
111
109
108
109
106
109
105
104
106
102
104
99
102
96
99
97
96
95
95
95
94
90
91
90
89
85
88
86
86
81
84
80
80
78
76
79
76
72
74
75
71
73
67
70
67
68
63
65
62
64
62
62
59
59
56
59
53
55
56
51
53
50
49
48
45
48
44
45
46
43
43
40
40
40
37
38
33
37
33
33
32
28
31
30
26
28
28
25
24
24
22
19
21
20
19
14
15
13
14
13
10
10
8
7
9
6
6
2
5
