1127
1127
1123
1122
1125
1121
1120
1118
1118
1116
1118
1118
1117
1116
1114
1115
1114
1111
1112
1109
1110
1107
1106
1107
1102
1101
1101
1100
1099
1096
1098
1097
1098
1096
1096
1091
1090
1091
1087
1091
1085
1086
1083
1087
1085
1082
1079
1082
1079
1076
1078
1078
1078
1073
1075
1071
1073
1071
1072
1069
1070
1068
1065
1066
1065
1064
1060
1058
1062
1060
1055
1059
1053
1052
1054
1054
1051
1053
1048
1049
1047
1045
1047
1046
1041
1045
1044
1040
1042
1038
1035
1037
1034
1037
1036
1032
1033
1031
1029
1029
1026
1025
1025
1025
1021
1025
1021
1021
1018
1020
1015
1015
1017
1016
1014
1013
1014
1012
1008
1007
1005
1007
1003
1006
1006
1001
1002
1001
1000
999
996
999
995
997
992
992
989
993
988
988
988
987
983
982
984
980
982
979
981
977
980
976
973
972
974
973
969
973
969
969
969
969
968
967
961
964
961
959
957
957
958
959
956
952
956
950
950
952
947
949
948
949
944
946
945
941
942
941
938
938
935
938
935
936
933
932
932
930
927
930
927
924
928
924
922
922
919
923
919
918
918
916
918
912
914
914
909
913
908
911
906
907
906
902
902
902
900
898
901
900
896
898
893
894
891
893
892
892
887
886
888
886
888
886
882
880
879
883
878
880
876
878
877
875
876
870
873
871
869
871
867
866
865
866
862
863
862
860
858
857
860
858
856
854
852
850
852
853
849
847
845
844
846
844
846
844
844
838
838
839
840
836
838
833
836
830
834
831
831
829
825
825
828
822
823
825
823
823
817
821
817
815
818
813
814
815
809
809
811
810
808
809
806
807
805
804
800
800
799
801
795
797
793
796
792
793
792
793
789
787
787
786
788
785
782
785
781
779
780
780
777
774
778
774
772
775
771
773
770
769
766
764
768
767
764
764
763
763
762
758
757
758
755
755
753
752
751
750
752
749
747
746
748
747
742
745
739
741
738
741
740
737
736
736
731
733
734
730
732
728
729
729
725
726
723
723
720
718
721
719
716
716
717
713
715
713
710
713
711
706
707
707
705
703
704
702
700
699
699
699
695
695
698
694
695
694
690
688
692
687
689
689
685
687
681
681
680
678
681
679
677
674
675
676
673
674
671
672
671
669
665
664
664
667
666
660
659
658
662
661
658
657
658
652
652
651
651
652
649
649
646
645
643
644
646
642
642
643
641
639
639
634
635
635
631
632
634
630
627
626
629
628
628
624
625
622
620
618
617
619
620
618
614
614
613
614
613
612
608
610
607
608
603
606
604
605
599
603
600
599
599
597
596
593
596
592
593
593
592
590
589
586
584
583
582
582
581
580
578
578
576
577
576
576
573
574
574
571
568
567
566
569
564
563
561
563
561
563
561
557
559
554
557
553
551
554
551
553
548
547
550
548
547
545
546
544
544
539
542
537
537
537
536
533
535
533
534
529
532
526
528
524
524
526
521
524
521
520
521
521
518
514
515
514
511
514
512
511
509
506
507
504
508
502
506
501
501
502
500
496
498
497
496
496
494
492
494
489
487
486
489
485
483
485
485
484
479
479
480
481
476
477
478
473
474
472
473
468
470
471
469
465
466
467
463
465
460
461
462
459
455
454
458
456
455
451
454
450
450
448
448
444
447
445
441
440
440
441
442
439
435
437
436
437
433
431
431
429
432
426
428
428
424
422
426
423
421
421
421
421
420
415
414
416
414
411
411
413
410
406
409
404
404
403
406
400
399
401
401
396
395
398
393
395
391
392
392
393
392
391
385
384
385
383
384
380
379
382
377
377
376
378
377
373
376
372
371
372
372
370
366
365
365
367
361
363
359
358
360
359
358
358
354
357
353
355
351
348
349
350
348
344
344
343
345
343
342
343
340
338
336
338
333
332
333
334
331
333
330
329
325
328
325
323
324
321
320
320
321
316
318
319
317
315
314
312
314
312
309
310
305
309
307
306
306
304
302
300
299
299
297
297
295
294
291
295
292
290
289
289
289
285
287
282
283
280
281
278
281
278
275
276
277
273
275
272
271
268
270
271
266
266
268
267
261
262
259
263
260
256
258
259
255
256
254
253
253
250
251
248
248
247
246
242
242
244
240
242
241
240
237
234
235
237
232
234
231
231
228
230
227
226
224
223
222
222
219
218
222
221
215
218
213
216
215
214
212
210
209
209
205
204
204
205
205
204
199
202
198
198
197
196
197
193
196
190
194
189
191
191
187
185
188
182
185
185
184
183
181
180
176
178
178
177
174
175
172
173
170
167
169
166
163
167
166
165
159
160
160
160
158
154
155
152
152
151
151
148
148
148
150
144
148
146
146
141
143
138
140
138
137
136
135
133
131
130
131
130
132
128
128
127
124
125
123
121
124
120
117
117
118
114
114
112
113
110
113
113
109
107
108
108
108
107
105
102
101
98
99
96
100
98
95
92
96
95
92
92
89
89
87
88
84
84
82
82
84
79
81
76
75
79
74
76
75
70
70
73
70
67
68
69
65
65
64
60
60
63
62
57
58
56
58
52
56
51
51
52
47
46
47
44
45
43
46
45
43
40
41
37
37
39
37
32
31
33
31
32
32
27
27
29
26
27
25
20
20
21
19
17
18
14
18
16
13
10
12
12
7
8
8
7
8
6
2
