1129
1124
1126
1127
1125
1124
1120
1119
1119
1121
1116
1118
1113
1115
1112
1115
1110
1110
1111
1107
1108
1107
1104
1107
1104
1100
1103
1103
1100
1098
1096
1095
1097
1096
1092
1090
1091
1091
1090
1086
1087
1088
1086
1083
1084
1085
1082
1078
1078
1080
1077
1078
1078
1075
1075
1074
1073
1072
1071
1069
1069
1065
1065
1062
1062
1060
1063
1059
1057
1059
1060
1057
1058
1054
1054
1053
1051
1049
1052
1051
1049
1044
1045
1047
1043
1042
1039
1041
1039
1038
1040
1035
1034
1037
1036
1035
1033
1032
1028
1030
1026
1025
1025
1026
1021
1025
1023
1022
1022
1020
1017
1014
1018
1015
1015
1014
1014
1010
1011
1009
1007
1006
1005
1006
1001
1005
1004
1001
1000
999
999
998
993
996
996
995
993
989
988
989
985
988
983
987
984
982
984
979
981
980
978
976
975
975
976
971
974
970
972
967
965
965
963
966
963
963
961
959
961
956
959
956
953
957
951
952
953
952
947
947
945
947
945
943
946
944
940
941
941
939
936
934
933
933
932
935
929
933
931
931
929
925
924
922
921
921
922
920
921
921
916
917
915
913
912
911
910
910
911
911
907
906
905
903
904
901
902
901
899
899
896
896
893
893
891
890
889
891
890
887
885
887
887
883
881
880
884
881
881
879
879
875
873
877
873
871
870
871
872
869
870
868
867
862
862
864
861
862
859
861
858
854
856
852
852
851
854
850
850
851
849
849
846
844
844
845
839
838
839
836
836
838
835
833
834
830
831
832
828
828
829
825
823
826
826
823
819
820
821
821
820
817
818
813
815
815
810
810
810
806
806
804
805
806
805
802
800
803
800
800
795
797
795
794
792
792
790
792
789
786
790
787
787
785
783
782
782
780
778
778
780
777
773
777
773
770
771
771
769
769
768
766
766
762
765
764
762
761
762
756
760
756
755
753
755
750
749
750
751
749
747
749
747
743
743
745
743
739
741
740
738
739
735
737
735
735
730
729
729
729
729
727
726
727
725
721
721
722
719
720
720
716
716
717
716
712
710
712
708
711
705
707
705
702
704
703
700
701
698
700
698
694
694
692
695
694
692
689
692
687
686
686
686
682
686
683
679
681
679
681
677
678
677
677
675
670
674
668
670
670
665
669
665
665
664
663
659
663
661
658
655
654
653
657
656
654
651
653
650
650
649
644
645
643
642
641
642
639
640
637
639
638
636
633
634
631
631
633
630
629
626
629
623
622
625
621
620
622
621
619
620
614
615
616
613
611
614
610
611
609
609
605
603
604
604
602
599
600
601
600
597
595
594
596
593
592
589
589
590
588
586
584
587
585
581
580
583
579
578
579
578
579
577
572
573
572
572
568
569
566
567
564
564
565
565
561
562
560
560
559
558
555
553
552
554
555
552
548
550
551
546
545
545
542
546
543
543
539
539
541
537
538
534
532
536
533
533
532
531
530
525
529
528
522
526
522
522
523
518
516
520
517
513
514
514
511
512
508
512
508
510
507
503
505
503
501
499
503
497
499
500
495
498
492
492
493
494
490
492
489
490
488
486
487
482
481
481
479
481
479
477
477
475
473
474
471
474
472
470
470
470
465
465
466
461
465
459
458
460
456
455
454
455
457
456
454
452
449
449
446
450
444
445
443
446
444
444
442
437
441
437
434
433
432
432
431
431
433
429
426
425
425
427
424
425
421
423
422
422
418
415
419
418
416
415
410
409
408
411
410
405
406
407
406
404
400
403
399
401
400
399
398
397
393
392
393
392
389
391
387
389
386
384
387
386
382
379
378
378
379
377
379
373
372
376
373
369
370
370
369
365
368
364
365
362
360
363
361
360
359
357
358
358
353
353
352
353
349
351
348
347
347
347
347
346
345
342
340
339
337
336
337
337
332
334
332
331
328
327
326
330
329
323
327
322
325
322
318
317
319
316
318
314
314
316
313
310
311
309
308
305
304
305
302
304
303
300
300
297
296
296
298
296
292
296
294
294
293
287
288
286
288
288
282
281
284
282
279
278
278
278
274
274
276
274
270
269
271
269
266
266
266
263
263
264
263
263
260
259
256
260
257
254
256
252
254
250
248
248
247
245
249
245
243
242
243
242
242
241
240
239
239
234
235
235
235
234
230
230
227
225
226
228
227
224
220
223
219
218
218
215
217
215
217
214
214
209
209
207
211
206
204
208
204
205
202
204
202
197
198
196
197
196
193
195
191
192
192
189
187
187
185
188
183
184
183
179
182
182
177
179
175
178
175
173
171
172
170
167
166
165
166
164
165
165
161
161
160
159
161
157
155
158
152
155
150
149
150
151
148
146
145
144
143
142
143
140
141
137
136
140
135
135
137
133
130
132
131
127
129
128
124
125
127
123
122
119
120
122
118
118
119
117
112
113
112
110
111
112
111
107
106
106
102
101
104
104
98
102
99
97
95
93
95
94
93
89
88
87
87
85
86
88
83
86
80
79
83
77
78
79
77
77
76
76
71
74
72
71
68
70
66
66
67
66
61
59
62
61
59
60
58
58
56
52
52
51
49
51
46
47
47
43
42
42
42
44
38
41
36
36
38
37
37
36
35
29
32
31
30
28
25
24
26
24
23
23
22
17
18
18
14
15
12
14
12
12
10
12
10
8
5
7
3
4
