1125
1125
1127
1123
1122
1125
1124
1121
1122
1116
1118
1118
1117
1117
1116
1111
1113
1113
1110
1107
1108
1104
1106
1103
1102
1102
1099
1102
1102
1099
1098
1094
1096
1097
1091
1091
1094
1092
1088
1089
1086
1087
1083
1082
1082
1085
1080
1083
1077
1078
1080
1078
1078
1072
1073
1074
1072
1071
1068
1070
1065
1068
1068
1066
1066
1062
1062
1061
1061
1059
1056
1058
1053
1053
1055
1052
1052
1048
1050
1047
1048
1049
1047
1043
1046
1042
1044
1040
1038
1039
1036
1039
1035
1034
1031
1035
1034
1028
1027
1027
1026
1029
1028
1023
1021
1025
1019
1019
1022
1019
1017
1016
1018
1014
1012
1015
1012
1013
1007
1007
1010
1007
1007
1004
1001
1004
1001
1002
1001
997
996
999
994
993
994
990
992
989
990
986
986
988
988
986
983
980
983
981
979
979
978
975
975
975
975
970
971
969
969
971
966
968
968
967
966
965
964
959
958
959
958
958
954
953
953
953
951
948
949
948
948
948
948
946
944
942
942
939
937
941
936
934
934
932
932
933
929
932
930
927
926
929
926
926
923
920
923
919
919
920
916
919
913
913
913
912
914
908
909
906
908
907
908
904
905
903
900
901
902
898
898
895
897
895
893
890
893
892
887
890
886
888
888
886
882
881
879
880
882
878
877
879
877
873
873
875
873
869
869
867
867
866
865
864
865
865
864
858
857
859
856
856
858
852
852
854
854
852
848
847
848
848
843
843
846
843
843
841
841
837
839
834
835
835
835
832
832
829
829
831
830
824
823
824
825
823
823
822
817
819
819
817
816
817
816
810
810
808
812
808
810
805
807
804
804
800
802
799
797
801
797
798
797
797
796
794
793
791
791
787
785
789
786
782
784
781
781
780
781
778
779
775
774
775
776
770
774
769
772
770
766
767
765
767
764
765
761
760
760
756
755
755
758
756
755
753
752
749
748
750
748
745
746
745
746
740
744
738
741
741
736
734
735
735
732
732
733
730
729
727
728
728
724
725
726
723
719
719
720
716
719
719
714
716
711
714
712
708
711
709
708
709
705
707
706
702
703
699
702
701
697
696
696
694
696
690
693
689
690
687
689
686
686
684
683
681
679
681
679
678
680
678
674
673
671
673
674
670
668
666
668
667
667
664
666
665
663
662
662
660
658
655
657
654
655
651
651
650
650
650
648
647
643
645
644
641
641
642
637
640
639
634
634
634
636
632
629
628
630
626
630
625
628
626
621
624
621
621
621
617
616
619
613
615
611
613
614
610
609
610
607
608
603
603
601
601
603
599
601
600
596
597
594
593
596
592
594
591
590
586
585
589
584
584
583
582
580
579
582
576
580
576
574
577
571
572
574
568
570
567
565
566
568
564
563
563
559
563
561
560
559
557
558
557
553
551
550
552
549
547
550
549
543
545
542
541
539
542
539
537
539
534
536
536
533
530
530
529
527
527
528
528
528
524
521
522
521
523
522
518
517
518
515
514
516
515
513
510
511
511
505
509
503
502
502
504
502
503
499
498
500
495
496
494
495
495
492
489
492
490
490
484
487
486
481
484
482
481
477
481
477
474
475
476
472
473
469
472
470
470
467
467
466
463
463
464
464
462
459
458
457
455
454
452
451
455
452
449
452
451
450
444
447
444
445
444
442
441
437
441
439
435
437
433
436
430
433
431
429
427
429
425
428
427
425
424
419
418
420
421
415
414
416
414
416
412
414
412
409
406
405
406
404
405
403
402
403
400
401
400
397
398
398
392
394
394
390
392
390
391
390
386
388
386
382
384
383
378
381
376
378
376
373
373
375
370
373
373
367
370
365
368
364
366
365
362
364
361
359
360
356
357
353
356
352
351
349
348
348
351
345
348
348
344
345
341
344
340
338
337
336
334
334
332
336
332
332
328
331
327
325
329
325
326
325
325
323
322
320
317
317
315
314
315
316
312
312
308
309
308
307
305
308
304
303
303
301
301
301
301
297
296
294
295
295
294
294
289
290
286
285
284
288
287
283
285
279
282
280
279
276
277
277
277
275
272
272
270
270
271
265
269
266
265
264
262
261
259
261
257
255
257
258
252
253
254
252
249
250
251
245
249
247
245
242
241
239
238
238
241
238
239
235
235
236
230
233
228
227
231
227
227
228
227
221
221
222
221
218
219
217
216
213
213
213
211
210
213
209
208
209
206
205
202
201
205
202
200
198
197
199
194
194
192
193
191
194
191
189
189
188
188
186
182
184
185
179
182
180
176
178
179
178
174
171
175
173
169
170
169
170
168
167
163
162
163
161
163
159
161
156
156
154
156
153
152
154
148
149
147
147
146
147
147
145
145
139
140
141
139
135
137
137
135
134
133
132
128
129
126
125
126
124
123
122
125
122
121
118
118
116
119
117
115
113
111
114
111
108
106
105
107
108
107
103
100
104
100
100
99
97
96
96
92
92
94
89
88
92
88
90
88
83
85
85
80
84
79
78
76
79
78
75
74
74
73
72
71
68
69
70
67
68
67
66
60
60
59
62
60
57
58
53
56
56
54
49
48
50
51
49
49
45
44
41
41
43
41
41
36
40
38
36
35
35
32
30
28
32
28
30
28
27
23
25
23
19
18
17
19
15
16
13
13
14
10
13
9
9
9
5
8
8
6
6
