1125
1126
1124
1122
1122
1123
1120
1119
1117
1117
1119
1116
1118
1114
1113
1113
1111
1113
1109
1107
1109
1109
1104
1105
1101
1105
1100
1099
1100
1097
1097
1099
1095
1097
1096
1091
1089
1093
1091
1086
1085
1085
1083
1084
1081
1084
1081
1083
1077
1080
1079
1077
1076
1072
1071
1070
1071
1069
1071
1068
1068
1066
1068
1063
1063
1064
1059
1061
1059
1061
1057
1058
1055
1052
1054
1050
1049
1049
1052
1046
1050
1049
1045
1042
1045
1043
1043
1043
1040
1036
1036
1038
1033
1035
1035
1035
1033
1033
1032
1031
1028
1024
1025
1023
1021
1020
1024
1023
1018
1019
1018
1014
1013
1012
1011
1010
1009
1013
1012
1006
1005
1008
1005
1007
1003
1003
999
1001
999
1001
1000
995
996
992
992
995
993
992
992
986
985
989
985
984
982
982
979
983
978
979
976
976
974
974
971
974
969
972
970
968
968
964
963
965
961
962
960
960
962
957
958
954
957
957
951
955
952
951
950
950
949
945
947
943
945
940
943
943
942
939
940
936
938
932
936
930
931
930
931
926
930
928
924
923
924
922
924
921
919
918
915
916
913
912
915
911
912
909
910
911
907
908
904
907
906
901
903
903
902
901
896
898
894
892
893
895
889
892
891
888
887
886
885
883
882
883
882
880
877
881
879
875
876
875
876
871
873
868
868
867
868
864
868
863
863
863
862
859
858
861
860
855
858
857
852
855
853
851
850
847
850
844
845
847
846
843
844
841
839
840
837
835
834
834
831
830
831
832
832
827
826
827
826
827
824
825
819
818
819
816
815
818
818
812
815
815
811
809
810
811
806
806
807
803
806
803
803
799
801
797
797
795
798
794
793
792
790
789
791
790
787
785
788
787
781
780
779
779
779
779
775
778
774
775
776
774
770
769
770
771
767
764
768
762
761
762
763
759
760
759
759
756
754
754
755
752
753
751
749
749
750
744
747
745
746
745
744
743
740
740
737
739
733
735
736
732
729
730
727
731
729
725
724
727
722
720
722
719
718
718
718
715
714
716
713
711
713
713
708
706
709
707
703
704
703
704
699
701
700
698
698
694
697
692
691
692
689
693
688
686
690
685
685
687
681
680
683
678
680
676
680
677
676
673
671
671
673
670
672
671
667
668
665
663
666
660
664
659
658
658
660
657
654
656
656
650
651
651
651
650
649
647
645
642
642
640
641
638
642
637
635
636
633
637
634
634
632
632
629
627
625
628
625
627
625
621
623
623
619
620
617
618
616
616
616
614
610
610
611
608
610
604
605
602
606
605
602
602
601
599
597
598
597
596
595
592
589
588
587
586
590
589
583
584
585
583
582
580
580
578
576
576
574
577
575
570
570
573
571
569
569
565
563
564
562
562
560
561
559
560
556
555
556
553
555
553
553
549
551
546
550
549
546
546
544
540
540
540
542
541
539
538
537
535
533
531
531
531
529
531
528
525
527
527
526
525
520
523
520
516
520
514
514
513
514
512
511
512
508
511
509
505
508
503
505
501
499
498
500
499
500
495
498
493
491
492
492
489
489
487
487
486
483
482
484
484
479
482
478
481
480
478
478
476
475
470
469
469
472
467
465
464
465
467
464
460
460
459
461
461
457
456
455
456
456
454
454
450
451
448
448
446
448
443
441
444
441
442
439
439
440
438
433
435
432
430
432
433
432
431
429
426
426
426
424
422
419
420
417
420
419
419
413
417
412
413
410
408
410
409
408
408
404
403
404
401
400
399
400
396
398
395
394
393
391
392
393
390
390
387
386
387
385
387
385
384
380
380
381
377
378
376
377
376
375
370
372
372
367
366
370
364
363
367
365
362
363
363
361
358
356
355
358
354
353
351
349
349
350
348
350
348
346
346
345
340
343
339
339
337
336
337
335
334
336
333
331
332
328
330
328
327
328
325
322
320
323
319
317
319
320
317
315
315
313
315
310
308
312
311
306
306
304
303
305
305
304
301
298
301
296
297
293
297
294
292
290
289
292
287
286
286
285
287
286
283
283
280
281
276
279
275
278
276
274
270
270
268
269
270
267
269
265
265
262
264
262
260
258
261
258
255
253
252
255
251
253
250
252
249
246
249
248
246
246
241
243
242
240
238
239
234
236
235
234
231
232
229
228
227
227
225
228
225
226
223
219
222
220
216
215
219
218
215
216
214
213
213
210
209
205
205
204
205
205
200
202
200
201
199
197
196
195
196
194
194
189
188
187
189
190
186
186
187
183
182
183
179
180
181
177
174
174
177
175
174
171
172
172
169
169
168
166
163
165
165
163
161
161
159
158
158
157
156
153
155
153
153
150
150
146
147
143
147
145
145
141
140
139
141
135
138
134
134
134
133
132
128
127
128
129
125
126
126
125
121
121
123
121
120
115
117
114
112
116
115
110
111
112
109
108
109
107
102
106
103
99
100
102
100
100
95
93
95
92
95
94
88
91
88
85
89
84
82
82
80
79
83
78
76
79
74
78
76
75
70
71
69
72
69
66
64
63
63
66
61
59
59
60
58
57
59
56
53
55
51
49
52
49
47
49
44
47
44
45
45
42
40
37
38
40
36
36
32
32
35
31
30
29
29
28
24
25
25
21
25
20
18
19
20
15
18
13
17
13
13
9
12
7
7
9
9
3
3
1
