1004
1000
1002
1000
996
1000
999
995
993
991
991
992
988
990
988
988
986
983
982
983
984
982
980
979
980
978
975
973
977
971
973
971
973
970
966
965
967
964
964
962
960
961
962
957
957
959
956
956
952
953
951
951
949
949
949
950
944
945
947
946
943
939
939
938
941
937
935
933
934
934
933
930
930
928
930
925
926
925
925
925
920
924
919
920
921
915
914
917
916
915
914
909
913
912
907
909
907
908
905
902
901
902
901
897
896
899
899
895
893
893
892
894
890
892
887
888
886
883
882
886
884
879
880
880
880
876
875
873
877
876
873
870
870
868
870
870
865
866
865
866
864
862
858
858
856
857
855
858
857
852
854
851
853
852
847
846
845
843
844
846
842
844
841
840
836
836
838
833
837
834
830
831
833
829
828
827
825
828
825
822
825
820
822
817
816
819
819
818
814
811
813
812
812
809
807
805
805
804
804
804
804
799
801
800
800
797
795
797
794
796
790
792
793
788
789
790
786
788
785
786
781
782
783
777
777
777
779
778
774
772
771
769
772
767
770
768
765
768
762
761
763
761
759
759
760
759
757
753
755
751
755
754
751
748
747
746
748
743
747
744
744
744
741
741
737
736
737
734
735
734
734
730
733
730
726
730
726
727
724
721
725
721
723
720
721
717
717
717
713
711
711
712
708
707
711
706
705
703
707
703
702
704
699
699
697
698
696
695
696
694
692
694
692
689
687
688
684
683
682
686
682
680
683
681
677
680
677
673
674
671
671
673
668
669
669
669
666
665
662
664
664
663
659
662
658
658
658
658
655
653
654
650
648
651
648
649
644
645
642
645
641
639
639
638
639
640
636
634
633
634
630
630
628
629
630
627
627
623
627
622
622
621
623
617
620
617
618
614
613
614
615
613
609
611
611
608
604
604
604
606
603
599
603
601
598
599
597
597
593
594
590
592
593
588
588
585
585
588
585
582
584
579
580
581
577
578
579
573
573
574
570
574
572
572
567
569
568
566
567
563
561
560
561
560
556
557
555
558
554
554
550
551
549
550
551
549
546
546
546
544
545
542
543
537
538
540
536
533
535
534
533
534
530
528
530
530
525
523
524
523
523
519
522
517
516
515
514
514
514
514
513
510
513
510
510
505
508
504
505
501
501
503
503
498
498
499
497
494
492
496
495
491
488
488
489
488
488
486
483
486
482
483
481
480
476
477
476
474
473
475
472
473
468
467
469
469
465
463
463
463
461
461
458
459
457
459
459
456
455
453
453
453
450
448
446
447
445
445
443
444
444
443
441
440
439
438
439
437
436
431
434
434
432
430
428
425
428
423
427
426
423
420
421
422
417
415
415
413
416
414
414
410
411
410
406
405
407
403
402
403
404
402
403
399
396
398
398
393
392
395
391
389
393
391
387
388
389
388
384
383
382
381
378
379
381
378
377
375
377
372
371
371
369
371
370
368
366
364
362
364
362
364
361
358
358
359
359
354
355
355
350
352
351
348
347
349
349
348
347
345
341
344
342
341
340
337
336
334
333
335
335
334
332
329
327
329
324
325
325
324
325
322
318
321
316
318
314
317
314
313
313
314
309
312
306
306
309
308
307
302
301
302
303
298
297
299
297
297
297
296
291
291
293
287
290
285
285
283
286
281
282
282
280
282
280
277
277
278
272
273
271
269
271
272
268
266
266
268
265
262
263
262
261
257
256
258
256
258
257
254
255
252
252
249
246
245
246
243
243
241
243
240
239
237
241
240
238
233
236
231
231
230
233
229
230
225
227
223
224
223
223
220
220
218
218
219
215
216
217
211
213
209
213
208
207
206
207
206
203
206
202
200
199
197
199
199
197
197
195
192
194
189
191
190
187
188
184
183
184
185
181
180
181
182
177
177
178
174
174
175
174
173
169
172
171
169
167
164
162
164
161
163
162
157
157
157
156
156
156
153
152
150
149
149
146
148
149
143
147
145
143
143
142
137
141
140
134
136
133
136
130
133
130
129
131
130
126
126
124
121
122
123
122
121
118
115
118
118
113
113
111
113
112
109
108
109
106
103
105
102
103
100
101
101
98
95
98
97
95
91
93
90
91
88
90
89
86
86
84
84
85
80
82
79
77
78
76
73
74
72
71
69
70
68
66
69
64
65
67
64
65
63
59
57
58
57
58
55
54
53
55
52
53
51
48
47
46
46
46
46
45
42
41
42
39
37
35
38
36
31
35
32
28
32
29
25
29
27
25
22
20
23
19
18
17
16
19
13
14
14
13
10
12
10
9
7
9
4
4
4
