1000
1001
1001
1000
997
998
994
998
994
992
990
992
992
990
988
987
984
988
986
984
985
980
978
979
980
977
979
977
975
976
973
971
970
970
969
966
969
967
964
962
960
960
959
962
960
959
954
955
952
956
952
950
953
948
947
945
946
943
946
944
944
944
942
938
936
939
937
934
937
935
934
933
930
931
927
927
926
927
922
922
925
920
921
921
916
920
915
914
912
912
910
913
908
910
911
908
908
907
902
901
901
902
903
901
899
898
894
894
896
892
893
892
891
888
891
885
887
883
882
882
885
883
879
881
876
879
879
875
873
874
874
870
873
868
870
865
869
866
866
861
863
863
861
859
856
859
855
856
854
854
854
851
853
851
848
845
847
846
842
842
844
842
838
837
836
840
835
834
836
834
830
831
833
832
831
828
825
823
827
825
820
822
818
822
819
817
816
813
814
812
811
814
808
810
809
809
808
808
805
805
801
801
801
802
797
800
794
793
796
792
793
790
791
791
791
790
785
787
787
784
781
783
779
779
778
775
778
777
772
775
772
774
768
771
766
766
766
765
767
764
764
759
761
760
756
760
756
753
755
752
753
753
751
752
749
750
747
746
743
742
741
740
743
742
741
738
736
733
736
736
732
729
729
729
728
727
729
724
722
725
720
724
721
720
716
718
717
717
713
712
713
713
708
710
711
707
707
703
706
706
700
704
698
697
698
700
694
695
697
693
692
690
690
688
687
689
687
688
683
683
685
680
680
677
677
677
675
678
674
671
674
671
673
672
669
670
665
667
667
664
661
664
662
659
656
657
655
656
656
653
650
652
649
649
651
645
644
647
643
641
642
644
639
641
640
636
638
636
634
635
631
629
629
632
626
627
627
626
622
626
621
619
618
622
621
618
615
613
613
616
610
613
611
610
609
608
609
607
602
601
604
604
603
599
596
598
597
598
596
596
595
593
593
588
586
587
586
585
584
581
585
579
581
578
579
575
575
575
577
571
574
569
571
571
571
570
568
563
567
561
561
562
558
560
557
559
555
553
553
551
553
550
551
548
546
549
546
546
544
544
544
544
542
541
537
538
534
533
532
536
532
530
531
529
526
526
529
525
523
526
522
521
520
518
521
519
518
517
513
514
511
510
508
509
506
508
509
508
506
505
501
504
498
501
496
497
499
496
496
492
492
490
488
488
491
487
487
485
484
482
483
481
480
478
479
478
478
475
474
472
475
474
471
467
467
468
467
465
462
465
460
461
458
457
457
455
454
456
452
454
453
451
451
450
448
450
444
447
447
442
445
443
438
442
437
438
438
433
436
434
431
431
428
428
426
427
428
424
423
421
421
419
418
419
420
416
416
415
415
414
413
414
412
411
410
410
406
407
405
406
403
401
398
397
397
400
395
393
396
394
392
389
391
391
388
388
388
384
383
382
382
383
379
379
376
379
377
374
373
371
371
369
369
369
366
370
365
364
366
365
363
363
361
362
356
355
359
358
356
356
353
354
353
349
348
345
344
345
344
346
345
341
339
340
337
336
334
334
336
331
333
330
330
328
328
327
327
327
326
326
322
319
320
321
318
316
314
318
313
312
311
312
313
307
306
305
306
308
305
301
300
302
298
302
296
300
296
294
294
291
292
293
291
292
287
289
285
287
284
286
284
280
280
278
277
279
276
278
276
273
275
271
271
268
271
270
267
263
263
261
264
261
260
259
259
255
256
255
257
252
254
254
251
248
246
249
248
248
247
245
245
241
238
237
241
235
239
237
232
235
232
233
230
232
229
227
228
228
223
222
222
219
219
222
221
219
218
216
213
213
215
211
208
210
208
205
204
208
205
202
205
204
203
200
200
198
194
197
194
194
194
191
190
188
187
186
186
186
183
186
185
184
179
179
177
178
179
173
176
176
175
169
170
168
171
169
165
164
165
162
163
161
163
161
158
160
156
155
153
154
153
149
153
152
149
146
144
145
142
145
144
139
138
140
138
139
134
137
132
136
133
129
131
132
129
127
126
127
122
125
125
124
123
117
119
116
118
114
114
114
114
109
110
109
106
106
108
105
106
101
105
104
103
101
96
95
97
95
95
93
91
90
88
88
89
90
88
87
83
85
84
80
83
82
80
79
75
75
72
75
70
72
71
71
67
68
67
67
63
66
63
62
61
58
58
59
56
56
57
55
50
53
52
49
51
45
45
48
46
45
42
41
42
40
40
37
38
36
36
31
31
30
30
32
31
30
26
24
27
23
20
20
19
17
19
18
15
15
15
12
12
11
8
8
6
9
5
5
6
3
