1003
1004
1001
1001
1001
998
995
998
992
992
991
992
990
987
989
990
986
984
984
986
980
980
978
982
981
980
975
975
975
972
974
972
968
970
966
968
964
964
962
961
964
959
958
959
958
959
955
958
957
952
952
952
951
952
951
950
949
943
942
942
945
939
941
941
939
935
938
936
935
932
933
929
932
932
929
929
926
924
922
925
921
924
922
920
918
917
918
913
917
916
913
909
908
908
910
909
906
905
903
905
901
901
903
897
901
900
899
898
892
891
892
891
893
889
887
887
884
886
886
882
884
880
880
878
876
880
874
877
877
875
871
872
873
867
866
869
865
866
867
865
864
862
859
857
860
856
857
857
855
854
850
850
851
852
850
848
844
844
843
842
845
843
842
840
837
838
834
833
835
833
832
834
830
832
828
830
828
823
823
826
821
824
822
818
817
815
818
817
816
813
811
809
808
810
809
808
805
803
802
802
805
803
798
798
800
799
798
794
792
792
790
790
792
792
787
787
789
787
783
784
781
783
783
777
778
778
774
777
772
776
771
769
772
767
769
766
765
767
766
766
762
762
760
760
757
756
755
757
752
753
752
751
748
747
750
746
745
748
743
741
742
740
743
741
736
740
738
738
732
731
733
732
730
730
727
728
726
726
725
721
722
722
718
719
720
720
719
715
715
712
713
710
710
708
711
706
705
706
702
702
700
701
702
698
699
698
694
694
692
691
693
694
689
689
686
687
685
684
683
686
681
684
682
678
681
676
677
674
674
676
674
669
669
670
670
667
664
666
666
665
663
662
660
658
660
657
657
653
652
651
650
651
652
648
651
649
646
645
646
641
641
643
641
641
636
637
634
635
635
635
634
629
629
627
630
628
629
624
624
623
624
620
623
617
621
617
617
613
614
614
613
612
608
609
609
608
604
606
606
606
602
604
602
602
601
596
596
593
596
593
594
592
593
590
589
590
585
586
586
583
585
582
579
578
581
579
579
578
574
576
572
572
572
568
569
566
569
567
566
562
561
559
563
558
558
556
558
555
556
554
552
553
548
547
549
548
546
544
543
545
542
544
538
540
536
538
534
534
535
532
533
529
530
530
528
528
525
524
527
525
524
524
521
519
520
520
515
515
515
516
511
514
510
509
507
505
506
505
506
505
500
501
498
500
497
497
497
497
497
492
494
490
492
487
491
488
484
486
487
486
484
480
479
479
478
478
478
478
473
475
473
472
470
469
471
466
467
466
467
466
460
462
458
460
457
456
458
453
455
454
455
449
451
449
447
446
447
448
446
442
440
439
441
438
436
435
435
434
435
435
432
429
433
431
431
429
429
425
426
421
421
422
419
417
419
420
416
415
417
414
410
412
408
411
408
409
404
404
406
402
402
402
399
398
399
396
397
398
397
396
395
393
392
392
389
389
388
385
387
386
385
379
382
382
379
380
376
376
374
375
374
373
369
369
370
369
364
363
367
365
361
360
363
357
356
358
355
356
356
356
352
351
353
352
346
346
349
345
345
342
342
342
342
339
340
340
339
333
334
332
334
332
329
329
326
325
324
325
326
326
321
321
321
322
318
319
319
314
313
315
313
310
308
309
307
305
309
304
306
301
301
300
302
299
301
298
294
295
297
296
291
293
293
290
291
287
284
283
287
285
283
279
282
282
281
276
277
275
277
272
270
269
272
268
267
266
267
268
264
261
265
263
261
262
256
257
258
257
253
256
252
250
251
248
250
249
244
243
247
246
243
244
238
241
240
238
235
236
235
234
231
233
230
229
228
226
224
227
225
222
222
224
218
221
221
220
216
217
213
215
210
211
208
209
206
210
206
208
205
206
203
202
201
201
201
198
195
195
197
194
194
190
190
188
186
190
187
184
185
182
182
181
181
181
178
177
177
178
175
175
172
169
170
172
170
168
166
168
164
165
161
160
159
161
156
156
155
158
154
151
154
152
153
149
148
146
145
143
147
146
142
140
141
138
136
139
136
133
134
136
134
134
130
129
127
129
129
128
124
125
125
123
120
119
118
118
114
115
113
115
115
114
113
112
107
108
108
105
104
105
104
101
99
97
98
99
97
98
94
95
94
91
91
91
87
87
88
83
84
85
84
82
82
77
81
80
79
76
74
74
74
74
72
72
66
68
69
68
67
62
62
62
60
58
56
58
54
54
52
52
51
50
52
48
49
46
44
44
43
45
43
44
42
40
36
39
39
33
35
36
31
33
33
28
29
28
24
24
26
21
24
23
23
21
17
15
17
14
14
11
13
13
12
8
6
7
6
3
7
2
