1002
1002
999
1000
1001
999
995
995
996
993
995
990
992
988
989
988
987
985
987
981
983
981
983
980
980
977
979
975
973
976
974
972
973
969
970
966
966
964
963
963
965
962
963
961
956
960
958
957
955
953
950
949
948
952
950
950
947
948
945
946
943
942
941
941
937
939
934
933
937
931
933
934
932
930
928
928
924
926
927
926
924
923
919
918
921
915
915
917
916
914
910
912
912
908
911
905
907
908
902
904
900
904
903
898
901
896
898
895
895
891
892
891
888
889
888
887
886
887
887
884
885
882
880
879
879
876
877
876
877
874
873
870
870
871
869
867
868
865
866
862
860
861
860
860
861
857
854
855
853
855
854
850
850
850
851
849
844
846
842
846
841
843
841
837
837
840
836
833
836
835
830
834
833
831
831
828
824
828
823
826
825
821
818
822
816
815
816
814
813
813
813
812
811
807
807
808
809
805
807
804
802
799
802
798
800
796
799
798
794
793
793
789
793
790
789
786
789
787
785
782
782
781
780
782
777
776
775
777
777
772
775
773
769
770
766
767
764
764
766
762
760
762
758
760
760
755
759
755
753
751
753
752
748
752
750
750
746
746
746
743
740
739
743
742
741
736
734
733
735
733
733
734
728
728
727
725
726
725
726
724
724
720
718
720
720
716
716
713
716
714
714
714
708
708
709
706
706
707
705
705
702
703
701
700
698
696
694
694
693
694
695
691
693
692
687
687
684
686
685
686
682
684
683
679
681
675
677
676
672
675
675
673
670
667
669
670
665
666
664
662
661
662
659
657
660
656
656
655
654
655
653
651
649
651
650
647
644
646
647
645
640
642
643
640
637
636
638
634
635
636
631
630
628
628
630
627
629
625
623
622
625
621
621
617
617
616
614
616
615
615
611
611
610
610
611
609
608
607
605
603
604
601
600
597
597
595
598
594
593
596
592
589
588
588
588
589
587
584
584
581
584
582
580
578
576
578
578
578
576
575
572
574
571
572
567
570
565
568
562
563
561
561
560
560
556
559
559
554
553
551
551
549
552
547
548
546
548
548
543
541
542
540
541
537
536
535
539
535
537
536
534
532
528
532
526
526
524
526
522
525
521
521
519
522
519
517
514
517
517
512
512
512
508
511
506
507
509
505
502
506
505
504
499
499
496
499
499
495
494
496
492
489
489
490
486
486
487
484
487
484
483
481
481
479
477
478
479
476
474
476
470
473
468
471
467
466
468
466
463
462
461
463
458
461
458
460
457
454
452
453
450
452
449
450
447
450
448
446
445
445
442
441
438
437
437
437
439
437
434
434
433
432
430
429
427
430
428
428
427
425
420
421
421
418
417
417
416
418
415
415
411
412
412
409
406
407
408
405
402
405
405
403
398
398
396
398
398
396
395
396
390
394
392
389
389
388
389
387
387
384
381
383
379
382
379
378
377
374
372
374
371
370
369
372
367
368
365
365
364
362
364
363
359
361
361
357
357
358
352
353
352
349
351
351
350
350
347
348
345
344
343
340
339
339
338
338
334
334
336
331
334
332
330
330
329
330
327
325
322
325
321
321
322
319
321
316
316
313
316
311
312
313
311
308
307
309
304
307
302
302
303
301
298
300
296
300
298
294
296
293
291
294
290
290
287
285
286
287
283
283
283
279
280
281
281
279
274
273
276
272
274
271
272
268
266
265
267
266
266
265
261
263
262
260
257
258
259
253
256
254
250
251
250
252
246
250
246
243
243
241
241
243
238
240
240
236
234
238
236
232
234
229
230
228
228
227
226
227
226
221
224
224
222
220
221
219
217
217
215
214
210
213
209
211
210
209
205
208
206
203
204
203
202
198
197
197
194
196
195
195
193
191
188
187
191
190
184
184
187
183
185
184
183
181
179
179
177
173
176
172
170
173
169
170
171
166
166
167
165
161
160
163
163
160
156
157
156
156
152
152
155
149
152
151
147
149
146
143
146
146
143
139
142
138
136
135
137
137
136
135
131
131
130
127
129
130
125
126
125
123
125
124
121
117
119
117
114
118
114
113
112
113
108
108
110
110
109
103
103
101
105
99
100
99
98
97
97
93
94
93
91
91
88
87
86
90
87
86
84
86
82
81
78
82
79
80
77
77
77
71
75
72
71
72
68
70
67
66
67
64
65
61
59
62
61
55
59
57
56
56
51
51
49
50
51
45
49
46
43
43
42
41
41
37
39
36
35
34
35
32
30
34
28
29
28
29
28
25
24
21
21
22
20
21
20
20
15
15
15
14
14
13
9
9
10
10
5
3
3
4
