1000
1002
998
998
997
999
995
994
995
991
995
994
992
987
991
990
986
986
986
982
983
982
981
979
980
975
976
977
974
971
970
973
970
970
970
970
964
963
967
966
960
959
960
960
957
959
955
954
952
954
953
949
950
948
949
948
944
944
942
945
940
941
938
941
936
940
938
938
936
936
930
932
933
929
930
929
928
925
922
921
922
920
919
918
920
918
916
913
913
914
910
914
910
912
908
905
905
903
906
903
903
900
899
899
899
896
898
894
896
893
894
889
890
891
889
889
887
883
882
884
880
879
883
878
881
877
879
877
877
871
874
873
869
871
870
870
869
863
862
863
865
861
862
862
861
860
855
853
852
855
850
850
853
851
850
847
848
844
842
841
840
844
838
841
841
838
835
833
835
833
830
834
831
828
831
830
828
827
825
822
823
823
818
820
819
819
816
817
812
814
815
813
808
807
806
806
804
807
807
803
804
800
798
799
797
796
796
793
792
792
791
793
791
789
791
789
789
784
785
785
784
780
779
780
776
780
779
776
776
773
770
770
769
771
766
769
765
765
762
763
761
759
758
758
761
760
758
755
757
752
754
751
751
751
748
749
748
747
745
744
740
743
742
742
737
739
737
733
734
734
730
732
731
732
726
728
728
727
722
724
720
720
721
721
720
720
717
718
712
714
712
709
713
707
707
710
709
708
702
703
701
700
698
702
696
697
694
695
693
694
691
693
690
689
690
690
687
685
687
684
685
681
681
679
678
675
677
676
676
673
672
671
670
670
671
666
667
663
667
666
665
664
661
661
656
660
654
656
654
655
652
654
651
650
648
650
646
647
647
643
641
644
642
637
641
637
636
633
634
636
632
631
630
632
630
625
628
624
623
623
622
623
619
619
618
617
616
617
616
616
610
611
608
607
610
609
605
604
603
602
601
603
598
601
597
596
597
597
595
591
590
594
591
590
591
585
587
584
584
586
585
582
581
579
576
580
575
576
577
571
572
572
569
569
567
568
567
566
562
565
562
560
561
560
556
559
559
558
556
556
550
552
550
552
546
549
545
548
543
544
540
544
539
540
541
535
538
536
532
531
534
529
532
527
530
530
524
528
526
521
525
519
518
520
517
518
518
515
514
516
511
511
511
510
506
510
506
508
503
506
502
501
498
498
499
495
496
496
492
494
490
491
492
488
487
487
484
486
482
482
484
482
479
477
479
476
479
478
475
475
475
474
470
472
467
470
466
464
465
463
460
464
460
458
459
455
454
456
455
452
453
449
450
452
450
445
449
443
445
445
441
442
439
440
436
436
437
434
435
435
430
431
428
429
426
427
427
427
424
422
423
423
422
421
416
416
414
414
416
414
414
409
412
410
409
407
407
406
404
405
401
404
398
399
401
398
395
398
397
393
395
393
390
388
388
387
386
384
383
385
381
384
380
382
378
375
377
373
374
376
373
369
370
367
368
370
369
368
366
365
363
364
360
361
358
355
354
353
355
352
352
352
353
349
349
350
346
346
346
342
342
342
338
338
338
339
337
333
332
331
330
334
328
330
327
330
327
324
323
323
323
323
320
320
319
316
314
314
316
315
310
309
308
312
307
307
307
306
307
301
304
301
301
297
296
295
298
294
294
296
295
290
288
287
289
289
286
284
285
282
282
282
282
278
279
277
276
277
273
273
274
272
270
270
269
265
265
265
266
266
260
263
263
262
259
255
254
254
254
253
254
250
251
249
249
248
245
248
242
243
242
244
242
241
237
237
237
236
232
232
233
232
231
232
226
228
228
226
224
222
224
222
220
221
216
219
216
216
216
211
213
211
209
207
206
205
206
208
206
202
201
202
202
198
199
197
197
196
195
195
191
190
189
191
187
186
184
188
187
184
182
181
183
180
180
176
178
175
177
174
175
173
172
170
171
167
169
163
165
163
162
160
160
161
159
156
157
154
155
151
153
149
148
151
146
149
148
147
147
142
143
143
138
141
140
139
138
136
135
136
133
129
129
130
127
129
125
125
122
121
122
123
120
120
117
115
117
117
113
114
114
114
108
107
110
108
109
105
102
103
105
103
103
98
97
98
96
96
92
96
92
90
89
92
86
89
89
88
87
82
85
83
79
80
79
75
78
76
73
71
75
71
69
70
70
68
65
64
63
63
64
63
62
59
56
59
59
54
55
53
54
50
51
51
47
49
45
48
42
45
40
43
42
39
41
37
34
33
36
35
30
31
31
31
29
25
28
24
22
25
21
22
21
19
16
15
15
17
17
16
11
10
9
11
8
8
9
8
4
1
