1002
1000
999
997
1000
996
994
995
997
991
991
993
992
989
991
985
988
988
984
982
984
979
982
980
979
979
976
977
972
974
974
972
970
968
968
967
966
966
967
965
960
960
961
959
961
959
956
957
956
952
954
953
952
948
946
950
947
946
942
942
940
939
942
941
936
938
936
933
932
934
935
932
929
931
931
929
929
924
922
923
922
919
921
919
917
918
919
917
914
911
912
914
909
912
911
908
905
904
906
904
905
904
903
900
899
897
896
898
896
894
891
893
889
889
887
889
884
886
883
882
880
884
881
877
878
875
878
876
873
875
875
870
870
869
867
868
868
865
862
866
865
862
863
862
861
859
857
858
855
852
850
852
853
847
851
849
849
844
843
844
840
844
843
839
840
836
834
834
836
836
831
832
829
831
829
826
828
825
823
824
822
819
820
820
817
820
816
815
816
811
815
809
812
810
806
809
808
807
806
803
800
802
798
799
797
798
798
797
795
795
791
794
791
792
788
785
789
783
782
784
780
783
781
782
778
779
774
776
773
771
770
770
771
768
766
767
766
764
764
765
762
764
762
762
757
758
758
758
754
755
751
749
753
750
749
749
749
744
743
742
742
744
741
741
739
740
734
737
735
736
735
733
730
728
727
725
725
724
724
725
725
720
720
717
719
715
715
713
712
714
714
711
709
709
707
710
707
707
703
703
702
702
702
701
701
696
698
697
696
694
691
693
691
687
688
685
686
686
687
684
680
683
679
680
680
677
679
677
677
671
670
669
669
667
666
668
666
666
662
661
662
664
659
659
660
656
658
654
655
656
655
651
649
650
651
645
646
647
642
643
641
641
640
642
638
637
638
635
632
635
630
634
630
632
630
627
625
623
627
626
623
620
621
620
619
616
615
618
615
612
613
614
609
609
610
609
607
608
605
602
602
604
603
602
597
597
598
593
597
594
591
589
593
590
586
585
586
583
583
586
582
582
581
580
579
579
578
575
573
575
570
571
569
571
568
570
569
564
563
561
565
564
562
558
557
559
554
553
554
556
550
551
552
548
546
550
544
543
547
546
543
540
539
538
536
538
539
534
537
534
533
533
530
529
528
529
526
527
525
522
520
522
522
520
521
520
517
518
512
516
510
510
510
509
509
507
505
507
503
502
504
501
498
497
498
500
494
495
496
492
491
490
491
487
488
485
484
488
487
484
484
479
479
480
476
477
477
475
473
471
470
471
472
469
471
465
468
464
466
465
464
459
459
457
460
459
459
458
457
454
454
451
450
452
451
448
447
448
445
444
445
444
438
437
436
436
438
438
432
435
433
431
428
428
431
426
427
425
426
423
424
421
422
420
419
415
416
416
417
416
413
409
413
408
407
408
405
407
403
401
403
402
402
399
397
396
395
395
397
396
391
393
393
391
387
390
388
388
387
382
382
384
380
380
379
380
378
376
374
373
370
372
368
372
371
368
364
367
366
366
360
363
360
361
357
358
355
358
355
356
351
350
350
348
347
348
348
343
345
346
345
339
340
338
337
335
335
338
332
333
331
332
333
328
330
328
324
328
325
326
323
323
322
321
320
316
319
315
314
311
310
309
309
309
308
309
308
306
307
306
301
300
301
300
297
300
297
294
292
295
294
294
288
291
288
286
286
285
287
283
281
283
279
282
280
275
277
277
273
275
272
271
268
272
266
265
269
267
263
262
261
261
261
260
257
259
257
253
255
252
251
254
253
249
247
249
249
248
244
246
242
242
240
241
241
235
238
235
236
235
231
234
231
229
229
228
224
228
224
225
225
220
218
221
217
220
217
215
214
211
213
210
212
210
206
205
204
203
203
204
202
202
198
202
196
200
196
193
192
193
192
192
190
188
190
185
188
187
183
185
181
179
179
179
179
176
174
177
176
172
174
170
170
168
167
168
165
165
163
161
160
159
158
158
157
155
158
154
157
156
153
152
150
152
151
147
148
146
144
146
145
140
143
139
137
136
134
135
136
134
133
132
129
131
130
130
125
128
125
122
124
123
120
120
121
117
117
114
115
113
110
113
110
111
111
105
106
105
106
106
103
101
100
101
100
96
98
97
95
92
93
91
90
88
90
88
89
88
83
82
81
84
79
80
78
77
79
75
74
72
73
73
68
69
68
69
66
68
65
64
61
63
62
62
56
59
59
54
53
54
54
54
53
48
46
46
45
47
43
42
44
40
40
39
41
37
35
35
34
34
34
29
30
30
27
25
26
28
23
25
24
19
18
17
18
17
19
15
17
14
13
11
9
7
9
10
8
7
5
6
