1003
1003
1000
997
996
996
995
996
993
993
995
989
993
989
990
988
989
988
983
984
982
983
981
980
977
979
977
974
974
976
972
971
971
970
971
967
966
966
967
964
961
961
961
962
957
960
955
954
952
952
950
949
948
951
949
949
946
944
943
946
940
943
942
937
937
939
939
933
934
936
933
931
928
931
927
928
928
923
926
921
921
921
923
920
920
915
916
914
912
911
915
911
908
909
909
909
908
905
903
902
902
900
899
898
899
898
896
898
893
892
890
893
893
888
889
890
889
886
883
885
883
883
882
880
877
879
875
873
872
873
871
873
869
869
871
866
866
864
866
864
860
860
862
857
861
858
856
855
854
853
853
851
850
848
851
848
847
844
845
842
844
839
841
837
836
837
836
837
832
834
831
830
833
829
831
829
826
825
824
824
822
821
820
819
816
817
818
817
817
811
815
813
812
812
811
808
808
808
806
806
801
799
799
801
797
797
797
795
797
793
790
790
789
788
789
787
784
783
785
784
784
784
781
781
780
778
777
774
776
776
770
770
768
771
767
766
769
768
762
762
760
764
762
760
760
760
757
758
757
753
751
754
753
749
747
746
745
743
747
742
744
743
740
739
738
736
736
738
735
736
732
731
732
730
726
725
727
728
725
724
721
721
720
721
720
719
716
717
716
716
710
711
710
710
706
710
704
707
704
702
703
704
702
697
698
700
697
697
692
695
690
692
692
690
689
688
687
684
685
681
683
679
678
678
681
679
678
677
673
672
671
672
670
669
671
667
669
666
665
664
662
661
662
659
661
655
659
654
655
653
650
651
652
647
650
646
644
643
643
641
642
639
639
639
636
640
634
638
637
633
630
633
629
628
631
625
624
623
624
622
620
620
619
617
619
619
614
613
615
613
613
614
608
607
611
608
604
606
604
601
601
599
603
599
601
595
596
595
597
592
593
591
592
591
589
589
585
587
582
585
584
580
579
578
577
575
576
576
573
572
571
573
570
567
570
568
566
568
566
561
562
559
563
557
559
559
558
558
552
551
555
549
548
547
551
546
544
543
544
543
541
543
539
538
537
536
538
534
532
531
534
533
529
528
527
530
527
525
526
524
522
521
520
518
518
515
519
517
513
516
510
509
512
508
507
510
509
504
506
501
503
500
500
499
498
499
498
493
494
491
494
489
489
490
487
489
488
486
486
483
484
482
480
482
480
479
477
475
475
473
470
469
469
471
471
468
468
466
466
462
461
463
463
458
457
459
455
456
457
453
452
450
449
452
446
445
444
448
442
445
443
439
439
438
436
439
436
438
437
433
432
432
433
430
429
428
426
427
422
423
422
423
418
420
420
416
415
416
414
415
410
409
410
409
411
410
404
403
403
406
402
404
398
399
398
396
395
393
394
395
390
393
392
387
391
385
385
385
384
383
381
381
383
379
379
376
377
378
376
375
370
373
373
367
367
365
367
363
367
362
361
363
363
362
356
358
356
357
357
351
352
352
348
348
350
345
349
346
343
345
342
342
342
341
341
337
335
338
332
333
331
329
333
331
327
326
328
324
324
325
322
324
320
322
319
320
316
314
317
315
310
313
313
310
310
308
308
303
305
303
302
302
300
301
298
299
295
296
295
296
290
294
290
290
287
290
289
283
282
281
285
284
279
282
276
279
275
275
272
272
271
274
268
271
267
266
268
268
267
263
261
262
263
260
258
260
259
255
255
255
253
249
251
249
248
248
247
245
246
243
242
239
243
241
237
238
237
234
232
236
235
232
231
230
230
226
226
227
226
224
220
219
218
221
217
216
219
216
212
211
214
209
208
207
207
205
208
208
203
202
204
201
203
198
199
199
198
196
193
195
194
193
190
188
186
186
188
184
184
181
182
179
182
180
176
176
177
176
175
174
170
172
171
170
168
167
169
168
163
165
165
161
163
159
160
159
159
158
153
151
152
153
153
149
150
149
144
144
144
146
142
143
140
142
138
136
137
133
134
131
134
129
130
132
129
127
126
127
124
123
122
120
123
118
118
119
118
115
117
112
110
109
108
112
111
105
106
108
104
102
105
103
98
102
97
98
94
98
96
94
93
92
88
89
89
89
86
83
84
83
81
83
79
82
81
76
74
74
75
71
70
74
68
68
67
69
69
64
66
64
60
62
59
62
61
56
58
58
52
56
51
49
51
50
46
47
48
46
46
46
42
43
38
37
41
38
36
34
32
36
31
34
30
32
27
25
29
26
22
24
21
19
23
17
20
16
17
17
15
12
14
12
9
11
9
7
9
3
7
6
