1001
1000
998
997
1001
996
996
995
997
991
994
989
989
988
990
990
984
987
982
983
985
979
980
980
981
976
979
978
975
972
971
971
968
967
968
965
964
966
967
961
961
960
961
959
959
958
955
958
957
953
954
952
953
952
949
947
945
943
947
944
941
940
943
938
940
935
939
937
933
935
934
933
928
928
931
929
924
928
927
922
923
923
921
920
919
916
917
913
914
916
915
911
910
908
910
908
905
907
907
905
901
903
901
900
900
895
896
893
893
896
890
889
892
890
890
888
884
886
882
881
882
884
882
879
881
879
876
876
876
874
872
873
871
868
871
868
868
863
865
864
861
861
861
859
856
859
855
858
857
854
855
849
850
852
847
850
846
847
845
842
840
844
840
839
837
838
836
835
833
834
835
832
830
829
830
827
825
826
825
821
823
823
823
817
818
820
817
817
812
811
814
813
809
810
807
810
808
807
806
803
805
802
803
799
799
797
798
795
797
793
792
790
792
788
788
787
784
785
786
781
783
783
778
780
781
775
775
773
776
773
774
773
769
771
771
766
769
764
765
761
761
761
763
759
759
760
756
757
753
753
755
750
752
747
751
748
749
744
743
744
740
740
739
739
738
735
737
734
736
734
733
733
732
731
729
726
724
724
723
726
723
724
723
722
716
718
718
714
712
712
713
714
710
709
711
706
705
707
705
703
704
704
699
700
698
697
698
698
692
695
694
691
693
688
690
689
686
688
687
685
684
680
683
681
681
676
678
675
673
672
673
674
670
667
668
670
669
666
667
665
662
662
663
662
660
658
658
653
655
651
655
649
653
649
649
647
648
648
643
645
644
640
643
639
641
635
634
635
634
632
633
634
629
628
626
627
628
628
622
626
625
620
620
621
621
618
614
615
613
614
613
613
611
608
611
606
604
603
605
604
600
603
598
598
600
596
596
594
592
596
595
593
589
591
586
589
588
584
584
586
583
582
583
580
576
579
574
577
575
571
570
570
568
567
567
565
566
568
562
564
565
561
559
560
559
560
555
556
555
555
550
551
551
552
551
548
547
544
545
545
542
540
543
541
540
539
539
537
537
532
534
530
533
528
528
526
529
526
527
521
520
520
520
518
519
518
519
517
515
516
511
511
509
511
507
508
509
508
507
504
503
499
500
501
498
500
495
498
496
495
493
494
491
490
491
487
484
488
483
486
484
481
480
480
477
479
478
476
474
476
470
469
472
471
471
465
464
463
463
466
461
459
462
462
458
458
455
455
456
455
452
450
449
449
448
449
447
445
443
446
441
444
442
438
439
436
436
437
432
433
430
430
432
430
428
430
425
423
424
425
421
424
419
419
419
417
414
417
415
413
414
414
412
409
407
407
408
404
403
403
404
402
402
399
401
400
394
396
395
395
390
391
392
388
389
389
389
386
384
386
382
384
381
378
380
376
376
378
376
371
375
372
370
372
371
366
366
365
366
365
362
362
360
357
361
355
357
358
356
355
351
351
350
350
350
347
347
348
347
343
343
339
343
340
339
339
339
335
336
331
330
331
333
330
326
325
327
326
325
324
321
320
323
321
318
316
317
314
315
315
312
313
313
310
309
306
306
305
302
305
303
300
298
299
299
297
298
294
293
293
292
293
292
289
286
288
284
288
287
282
285
282
281
281
281
278
278
276
272
272
273
274
271
267
268
270
266
263
264
266
264
259
259
260
257
260
255
258
256
251
251
249
253
248
251
249
244
244
244
243
245
242
239
241
241
240
238
238
236
236
235
232
231
230
226
229
228
228
224
222
222
219
219
221
216
218
218
217
216
212
214
213
210
208
209
210
208
206
202
202
202
202
201
197
201
195
198
194
196
194
194
189
190
190
190
186
185
185
186
186
181
184
178
178
176
178
177
173
172
173
171
170
173
171
166
168
164
168
167
163
162
159
160
157
157
155
157
155
153
154
151
151
153
151
151
149
147
148
143
145
141
142
140
142
138
138
135
135
135
131
135
134
130
130
131
129
125
126
126
122
122
123
123
117
119
118
116
116
115
113
111
109
110
112
110
106
104
105
104
102
105
99
99
98
100
97
98
96
96
92
92
94
89
87
91
90
88
84
86
83
84
82
81
80
81
77
79
75
72
75
74
69
73
70
70
70
68
64
66
65
61
62
60
57
61
60
54
57
53
52
53
49
48
48
47
50
49
48
43
41
40
40
41
38
40
35
36
37
33
36
31
33
28
29
29
30
27
25
27
25
20
22
18
18
20
19
19
14
13
11
15
13
13
12
8
6
6
3
2
2
