1005
1002
1003
997
999
998
998
998
997
993
995
992
988
988
986
990
985
984
984
981
983
980
981
977
977
979
977
978
976
976
974
970
973
967
966
966
967
965
963
961
965
959
960
957
958
960
956
958
952
956
954
950
953
950
949
950
945
947
943
942
944
943
940
937
937
935
934
938
937
932
931
932
933
931
931
928
924
923
927
925
924
921
922
917
917
919
915
917
915
916
914
913
911
912
910
906
906
908
904
903
902
901
899
901
901
895
897
893
897
895
890
889
890
888
887
890
885
885
883
881
883
879
878
879
876
876
874
877
872
871
874
869
868
872
871
865
867
866
863
865
861
861
860
857
859
857
855
856
852
853
850
849
851
847
846
850
849
848
843
844
843
843
841
839
837
835
836
836
833
832
830
829
830
830
826
828
824
824
822
823
824
823
821
818
817
816
816
814
813
815
811
811
812
807
806
807
808
803
802
805
802
803
798
802
796
798
797
793
796
795
795
793
790
792
786
787
787
786
787
783
781
783
783
777
776
778
774
774
772
774
774
771
770
769
771
765
768
765
767
764
760
759
763
757
760
760
756
754
753
754
751
751
753
750
750
745
747
743
745
744
741
743
740
741
737
735
734
735
733
736
734
734
733
727
729
728
725
728
723
725
720
724
722
717
721
720
719
718
712
712
710
709
710
708
709
706
708
707
703
702
702
702
703
701
700
700
697
693
695
691
694
691
691
691
687
689
688
684
686
683
682
679
679
677
677
676
676
678
673
676
670
673
673
672
671
667
669
664
665
665
660
662
658
661
661
658
656
658
654
654
653
650
652
650
649
648
645
645
643
641
642
643
640
642
637
640
638
635
632
631
634
629
631
630
626
625
629
627
622
625
623
624
619
618
619
615
617
615
613
614
612
612
610
607
610
608
607
607
607
606
600
603
599
598
599
598
599
596
594
591
591
592
590
592
588
590
585
584
583
583
581
581
580
579
581
576
574
574
576
575
571
573
573
570
569
568
565
563
565
563
561
559
561
561
561
560
555
555
552
552
551
554
551
547
548
545
546
546
544
542
543
541
541
542
540
538
539
533
533
534
534
530
531
529
529
530
528
523
522
526
522
524
519
521
518
517
519
514
513
513
515
514
508
507
509
507
506
507
506
504
505
500
500
502
500
499
498
497
492
493
493
493
492
490
488
488
488
484
486
482
480
483
479
482
476
477
476
477
476
475
471
474
472
472
471
465
465
465
463
464
465
464
462
458
460
457
454
458
457
455
455
450
448
451
447
445
449
448
447
442
443
443
438
437
440
438
434
433
432
432
432
433
432
430
431
425
429
425
427
424
420
420
418
418
418
418
418
414
416
411
411
413
408
407
407
407
409
405
407
404
402
399
400
400
400
398
396
395
396
395
391
392
392
392
388
388
385
385
382
383
381
384
380
379
376
376
375
375
376
376
372
371
371
372
368
365
369
366
362
362
361
359
358
357
360
355
354
355
353
351
352
352
351
351
349
347
349
346
344
341
340
339
343
338
338
338
335
335
332
332
330
333
330
330
330
325
325
323
323
325
322
320
321
318
321
318
314
314
314
311
311
313
313
312
307
310
306
305
307
306
303
303
303
301
296
298
298
296
295
296
294
289
292
292
288
285
286
283
284
283
284
284
283
280
280
278
277
275
276
275
274
269
268
270
267
267
268
265
267
261
262
259
263
259
260
256
258
254
256
252
254
249
253
250
251
248
244
246
246
244
240
241
242
241
241
238
239
238
237
236
232
233
229
231
229
226
226
223
222
225
221
221
223
221
221
217
214
216
212
214
211
211
209
212
209
209
206
206
204
206
204
202
202
200
200
200
198
195
192
194
191
191
192
187
190
189
184
185
186
186
185
182
180
181
179
179
175
174
173
176
170
170
173
169
167
165
167
166
164
166
165
164
158
157
158
160
154
153
157
153
150
149
148
151
147
147
145
144
146
146
140
144
139
138
141
138
136
138
135
134
133
134
130
132
131
130
125
123
123
123
121
121
123
117
119
119
119
117
117
111
114
111
113
109
111
107
106
107
104
105
105
102
101
101
101
96
97
93
93
92
95
89
88
91
88
87
89
88
86
81
83
79
78
77
79
79
79
74
76
74
74
71
71
72
68
65
65
68
64
63
60
61
62
59
58
59
57
57
54
51
54
53
53
49
47
50
49
48
47
42
41
41
41
39
40
40
39
35
37
34
33
32
31
28
26
27
24
24
27
21
21
19
19
22
16
15
16
16
15
13
15
13
9
7
6
9
5
3
3
2
