1000
1004
998
1001
996
995
999
997
994
995
995
991
989
987
986
988
986
986
984
984
982
982
983
979
977
977
974
975
973
975
970
969
968
972
971
965
969
966
965
965
963
959
960
958
960
955
956
957
952
955
950
951
950
948
950
950
949
948
945
941
942
943
943
942
939
938
938
936
934
933
935
932
931
931
927
925
925
924
925
925
921
920
923
919
920
915
915
916
917
915
911
914
908
907
908
910
908
907
906
901
904
901
899
900
900
898
896
894
896
891
894
893
889
887
889
886
884
883
886
886
882
884
880
879
876
878
875
876
876
875
875
873
869
868
870
870
868
865
867
865
861
859
860
859
856
857
858
858
853
855
854
850
849
850
846
849
847
848
846
842
845
839
838
842
841
837
835
833
832
832
835
830
829
828
829
827
824
825
823
823
820
823
820
822
816
815
817
817
814
816
813
811
811
812
808
809
807
808
806
801
803
803
801
798
801
798
797
797
796
792
793
790
789
787
790
785
788
787
786
785
783
782
781
781
781
778
775
777
774
775
775
773
768
771
770
766
766
765
765
765
764
761
759
762
758
758
754
753
752
753
751
750
748
750
747
747
745
747
745
742
744
740
738
742
737
737
736
735
736
733
730
730
731
727
728
728
724
727
722
726
720
721
722
719
717
717
715
715
713
714
713
712
713
707
709
707
706
706
705
701
701
704
698
698
701
699
694
697
697
696
691
690
692
688
691
688
685
688
683
682
685
679
680
678
677
678
675
678
676
671
670
670
673
671
666
669
667
664
664
661
664
662
660
662
658
658
656
654
653
652
651
650
650
649
648
649
649
644
646
644
640
640
641
641
640
635
638
633
633
635
630
630
631
629
631
630
626
628
624
624
624
619
620
622
616
617
619
615
615
616
612
613
612
611
608
605
609
606
602
603
605
603
601
600
597
598
594
598
596
596
594
594
590
591
587
588
585
586
587
586
584
579
581
582
579
576
576
574
576
576
574
573
571
568
566
567
567
566
563
563
561
560
559
560
559
555
556
555
556
555
553
553
550
552
546
549
549
548
542
541
545
544
539
541
541
538
538
533
534
534
530
529
529
528
529
529
528
526
522
524
523
520
522
520
520
515
516
515
512
516
511
510
513
509
511
509
509
505
507
505
501
499
498
497
501
499
498
497
492
493
491
492
491
492
489
487
485
486
482
483
484
480
479
479
480
479
476
475
475
472
475
469
469
469
469
468
464
467
463
464
461
463
461
462
457
459
459
457
452
455
450
452
450
452
451
448
449
443
447
446
441
444
440
442
440
435
436
438
435
436
434
429
430
430
428
429
427
426
425
421
422
422
419
421
416
415
417
413
412
412
412
414
409
409
410
409
406
406
404
401
401
401
398
400
400
397
398
397
395
394
395
391
391
391
389
390
388
388
382
386
384
384
379
381
376
375
379
375
376
371
372
369
368
371
370
366
369
368
364
362
361
363
361
362
359
355
357
354
354
352
352
351
349
350
348
350
345
348
343
345
341
341
339
342
337
340
338
333
337
332
335
333
331
328
330
328
326
323
325
321
320
322
318
319
319
320
318
318
317
312
311
312
310
308
310
306
308
305
304
305
301
302
301
300
296
297
298
296
294
292
295
291
288
291
290
287
287
285
286
281
285
281
278
281
278
279
275
276
277
275
272
271
268
270
270
269
269
268
266
265
260
263
262
259
259
255
256
254
257
252
254
250
253
249
246
247
246
243
243
243
241
243
238
238
236
238
236
233
237
232
235
233
233
227
231
229
226
226
223
226
222
223
218
217
220
218
217
213
216
214
213
214
211
207
208
205
208
206
205
204
200
203
203
198
198
197
197
194
194
191
191
194
189
192
188
190
186
184
186
181
185
181
178
177
178
175
176
173
177
173
175
173
168
168
170
167
165
168
167
162
162
164
161
159
158
158
155
155
152
154
153
154
148
147
146
150
144
146
144
146
142
143
138
139
138
136
137
137
133
135
135
131
131
129
128
129
129
123
125
123
122
124
119
122
120
116
114
118
117
113
110
111
109
110
106
108
107
106
107
101
100
102
98
99
97
100
94
94
95
93
90
94
89
92
87
89
86
88
86
85
80
80
81
81
80
76
79
73
74
73
72
70
68
72
68
69
69
66
66
61
63
60
62
57
59
57
56
55
54
54
52
52
51
49
48
48
46
43
43
42
44
42
41
42
39
35
34
36
37
35
31
33
28
27
31
25
28
27
22
22
21
19
20
19
21
17
14
13
12
12
11
14
13
9
11
6
4
8
2
6
