1002
999
998
999
999
999
997
994
997
995
991
989
988
989
987
988
984
987
982
982
983
983
978
981
979
980
974
974
973
974
971
970
971
971
971
967
968
967
962
964
961
961
959
962
957
955
957
958
954
955
953
950
952
951
950
945
945
946
947
941
945
940
939
941
941
938
939
934
934
936
932
929
931
929
926
926
929
923
926
922
920
923
919
921
917
915
914
918
915
916
913
913
909
909
906
910
907
905
906
905
905
902
898
901
898
897
894
897
893
891
890
894
892
887
889
888
885
887
886
882
884
882
880
881
876
875
878
874
875
872
875
872
871
867
866
865
864
863
865
861
862
860
860
859
859
860
857
855
854
856
853
849
850
847
846
850
846
846
846
844
840
841
840
839
838
838
837
836
833
834
834
833
829
829
831
825
824
826
824
823
823
824
822
819
819
817
818
816
815
811
811
813
808
808
809
807
806
806
803
805
804
804
803
797
798
800
796
796
794
794
791
791
788
789
789
786
786
787
784
784
784
781
779
780
780
778
779
776
772
772
771
771
771
769
771
768
769
766
766
761
762
759
760
762
756
758
756
753
754
751
750
753
750
751
750
745
747
748
743
745
743
743
742
738
738
739
736
733
737
735
735
734
729
731
727
729
728
725
725
726
723
720
719
717
718
719
717
716
717
715
714
712
711
707
711
709
704
704
703
704
704
700
700
698
698
699
694
695
697
696
694
691
688
692
686
688
684
683
683
682
684
680
682
677
680
680
675
674
677
674
673
672
671
672
671
665
665
667
667
665
665
660
658
658
658
655
658
655
652
656
651
651
653
649
647
649
645
645
644
643
645
639
638
639
636
637
639
633
632
636
633
629
628
627
629
628
627
626
625
626
625
619
622
618
618
620
615
613
614
612
610
610
609
608
609
606
604
606
607
604
602
602
599
599
601
597
594
596
593
596
591
590
588
588
588
586
588
585
587
581
584
583
582
581
581
575
574
575
574
573
574
570
573
571
570
568
564
567
563
566
560
560
561
562
557
557
558
557
554
552
552
550
552
548
546
545
549
547
545
543
540
539
540
539
536
540
535
534
535
532
531
532
533
530
531
525
526
526
524
524
522
519
518
521
519
516
518
514
513
512
513
514
510
509
511
505
507
505
503
504
504
502
500
497
499
495
494
497
497
493
492
492
490
489
489
490
486
485
487
485
480
479
480
479
481
479
477
474
475
476
475
472
468
469
469
467
464
463
465
462
460
460
458
462
461
456
454
457
455
453
454
454
453
451
446
450
444
443
445
442
440
442
440
438
441
439
434
434
435
433
430
433
432
428
431
427
428
427
423
425
422
421
423
419
420
419
417
415
415
413
412
412
408
407
406
409
406
407
403
405
405
401
400
400
400
399
399
397
397
392
392
394
388
392
389
390
385
388
386
381
383
379
383
378
380
379
374
376
376
372
374
372
370
369
369
370
368
367
365
365
364
364
362
361
359
359
354
353
353
351
353
352
353
352
346
346
348
345
347
342
344
340
341
341
340
340
337
334
332
336
334
330
329
327
331
327
324
324
323
326
323
319
321
319
318
319
319
314
317
311
312
310
312
312
310
305
307
307
306
301
301
299
300
297
296
300
299
297
294
293
292
293
292
288
291
289
287
283
284
284
281
284
278
281
276
275
279
277
273
276
272
272
271
267
268
268
269
264
265
264
265
260
263
262
259
259
255
256
256
256
254
253
250
250
251
249
247
243
244
246
244
242
243
240
240
240
238
235
237
232
234
229
233
231
228
226
229
225
226
225
220
220
220
220
217
219
214
215
213
211
214
210
208
211
208
208
206
204
207
202
201
202
200
202
196
195
194
193
192
195
193
192
192
192
187
186
189
187
182
185
184
179
181
182
176
177
179
177
176
176
174
173
173
168
169
170
165
164
167
165
165
164
160
159
157
159
154
155
155
155
154
153
152
148
149
148
149
147
147
146
140
141
139
142
136
139
135
136
134
133
130
129
132
127
131
128
129
123
124
126
122
122
120
119
118
118
118
115
115
116
111
111
111
112
111
110
108
106
104
105
103
102
101
99
100
96
98
93
96
92
93
92
88
88
89
90
89
88
87
84
80
83
80
78
79
77
78
73
75
71
71
71
69
68
67
70
67
64
66
65
61
59
60
59
57
57
57
53
53
52
55
51
53
49
50
49
47
48
44
43
43
41
39
41
40
37
35
38
36
35
33
32
28
30
31
27
25
26
27
22
23
23
20
21
18
18
18
15
13
13
10
13
9
8
11
10
4
8
5
1
