1004
1000
1002
1001
1000
1000
996
998
995
993
994
990
991
989
988
986
988
987
987
983
983
981
978
978
978
975
977
974
976
973
975
971
969
970
970
965
964
967
964
961
961
961
961
958
959
959
954
957
955
954
955
950
952
949
946
945
949
947
942
943
944
939
942
941
937
940
938
937
935
932
933
931
933
927
929
927
925
927
927
925
924
924
923
919
916
917
914
918
913
913
911
914
912
912
911
907
906
906
905
902
905
899
898
897
899
899
899
895
893
895
893
893
892
890
887
890
886
887
885
886
883
882
883
880
877
878
878
874
873
876
874
873
868
872
871
870
865
868
862
866
864
862
862
859
860
860
857
857
852
855
855
850
851
852
851
850
846
848
845
844
840
839
838
839
836
838
837
834
835
831
830
832
831
829
826
825
825
827
823
823
820
821
819
821
817
816
817
815
813
813
811
814
810
811
811
810
804
806
807
803
804
800
802
798
798
796
796
793
793
791
790
791
792
790
787
785
787
783
784
783
784
779
781
781
779
779
777
775
775
771
772
770
771
767
771
769
768
767
762
764
761
762
760
762
761
759
754
753
757
753
753
751
748
748
748
748
746
747
746
741
742
741
741
737
741
735
734
734
733
733
730
734
729
727
726
729
729
723
724
723
725
724
721
718
719
716
716
714
713
713
713
709
711
707
711
710
709
706
703
701
702
701
700
697
696
697
697
695
695
695
693
693
688
692
690
690
684
686
687
685
683
680
678
681
677
678
675
678
672
673
671
669
670
668
666
665
669
668
664
666
664
661
658
660
656
655
655
658
653
652
653
651
652
649
646
646
644
645
642
645
644
641
640
638
639
635
637
637
635
633
631
633
631
627
628
630
627
628
627
623
621
620
621
621
620
620
615
613
614
611
610
609
612
608
607
606
604
604
603
601
602
599
602
598
598
598
599
596
594
591
595
589
591
588
586
588
586
588
583
582
584
579
579
579
580
576
574
576
575
572
574
573
573
568
568
568
566
567
564
564
564
560
558
561
558
559
559
558
554
552
552
554
548
552
546
550
548
548
544
542
544
543
542
540
541
537
534
538
537
536
534
529
531
529
531
525
529
523
527
521
523
524
518
518
521
520
514
514
516
511
513
512
510
507
509
509
505
505
502
504
504
502
498
501
499
496
495
495
497
494
491
494
489
491
488
486
487
483
486
482
480
481
483
480
476
475
479
477
477
474
473
474
471
470
466
469
469
463
462
466
464
461
460
460
460
460
456
458
454
453
450
453
448
448
449
449
449
443
444
442
443
439
439
437
439
438
438
435
434
435
431
432
432
427
427
426
424
425
424
422
421
419
419
420
418
419
419
413
415
411
410
411
409
411
408
407
405
403
404
402
401
404
401
398
399
395
396
393
393
393
394
389
392
391
391
388
387
388
385
382
384
379
382
379
377
378
375
374
374
374
370
371
371
372
371
369
367
368
367
363
365
362
363
359
357
360
356
358
353
356
352
350
351
350
350
349
347
348
344
342
341
342
343
341
340
335
336
333
336
332
333
332
333
329
331
328
325
327
323
326
323
324
323
317
317
316
317
313
316
312
311
311
312
308
310
306
308
307
307
302
301
300
302
297
301
297
298
296
292
293
295
294
289
291
286
285
285
286
284
286
284
279
279
282
278
277
279
273
273
273
271
273
268
268
270
269
266
268
265
264
265
263
263
262
258
257
258
253
255
255
255
250
251
252
251
250
244
248
245
241
240
242
241
241
237
237
234
234
237
235
234
233
229
231
226
225
224
225
223
221
224
219
221
218
220
217
215
217
212
211
212
210
212
210
208
205
208
203
206
206
200
199
198
201
199
196
199
195
192
196
194
191
191
190
188
187
186
184
182
186
181
179
178
181
177
180
175
173
173
176
172
169
171
167
167
167
169
168
166
165
164
164
163
158
159
155
155
153
155
151
151
151
148
152
150
145
145
145
145
143
142
140
139
142
139
136
136
136
137
134
130
130
130
130
126
130
124
123
127
124
125
124
121
119
120
116
116
115
116
112
114
111
110
107
107
107
105
106
104
106
102
104
100
99
98
97
96
98
96
92
91
89
88
88
89
86
88
85
82
84
85
81
79
79
77
78
77
73
73
72
71
71
73
68
70
65
69
68
65
64
61
64
60
60
58
59
55
54
57
53
54
54
50
47
46
49
48
44
44
43
43
40
40
38
40
37
36
37
32
35
30
30
32
27
31
27
29
24
22
26
24
19
19
22
16
17
16
18
12
16
15
13
13
11
8
9
9
5
2
6
