1004
1001
1002
1001
996
997
997
997
996
996
994
992
993
989
990
990
988
984
986
986
983
981
981
978
978
980
978
976
975
975
974
972
973
970
969
970
967
965
964
962
963
960
960
959
956
959
954
956
956
956
952
954
952
949
947
948
949
948
947
946
945
941
941
941
939
935
934
933
937
932
935
930
933
927
930
926
926
928
925
926
923
922
919
918
916
919
916
918
915
911
910
912
909
909
908
907
908
908
903
901
903
899
898
897
896
895
897
897
896
894
892
889
889
889
891
888
886
886
886
886
882
884
881
879
878
875
876
877
876
871
875
874
869
869
868
867
867
867
865
863
860
862
858
862
859
859
854
854
852
852
851
850
852
847
849
845
845
846
842
844
842
843
842
841
836
839
834
833
834
835
835
829
830
829
828
830
827
825
822
822
821
823
819
818
820
817
814
814
814
813
810
811
812
807
808
810
805
803
805
801
803
802
801
800
798
797
795
797
796
791
793
789
790
791
791
788
786
783
782
782
781
780
779
781
777
776
779
776
775
773
773
774
769
771
766
770
765
763
763
765
763
760
761
760
760
756
756
757
754
754
750
750
753
751
746
747
748
747
742
746
740
739
738
738
738
735
739
733
736
736
732
734
729
729
731
728
727
727
726
725
722
723
721
718
716
719
717
713
713
715
714
711
708
707
707
710
708
703
707
703
702
703
700
701
701
700
698
695
695
693
694
689
690
687
690
687
685
687
684
684
685
684
681
682
679
675
679
675
672
671
673
674
671
668
666
668
667
668
664
661
665
660
658
660
660
657
655
654
656
654
651
652
649
652
650
649
646
643
642
644
643
639
638
642
639
640
636
634
636
634
634
633
629
628
631
627
627
626
625
624
623
621
622
621
618
618
618
617
612
613
614
613
612
607
609
607
606
603
605
605
604
599
600
598
599
596
599
595
593
592
595
594
590
591
587
588
588
587
587
586
585
580
583
581
577
575
577
576
576
571
575
571
570
568
568
567
569
566
566
563
560
560
562
557
559
560
558
557
556
553
555
550
549
550
547
545
546
543
542
542
545
544
540
538
540
538
536
536
534
536
533
531
529
529
530
529
529
528
523
525
522
524
520
520
521
517
514
513
517
512
513
510
510
509
510
509
505
506
503
505
505
501
500
502
499
497
498
493
496
494
495
492
493
488
486
489
487
486
483
482
485
483
480
480
480
477
476
473
472
474
474
472
471
470
469
468
466
464
462
465
461
459
459
461
456
458
459
458
455
451
452
453
451
450
447
447
448
444
442
446
443
442
438
439
436
435
436
434
432
432
431
433
431
427
427
430
425
423
423
421
425
421
418
418
417
416
417
416
416
412
414
410
408
412
411
410
404
404
402
405
404
400
403
400
401
398
398
397
392
395
393
389
390
390
391
386
385
384
386
385
381
384
380
382
377
377
379
375
376
375
374
369
368
368
369
365
364
367
363
363
365
363
362
359
358
360
359
354
352
352
355
350
350
347
349
346
347
343
344
346
341
342
342
341
340
337
339
334
334
336
333
333
332
328
330
328
325
326
322
324
320
320
320
321
318
320
317
318
317
316
311
314
308
311
311
308
309
304
304
305
304
304
300
299
296
296
299
297
292
291
293
292
291
291
286
285
286
288
287
283
285
280
278
279
279
275
278
278
274
272
271
274
268
270
267
267
266
264
264
262
260
259
261
260
261
259
254
254
256
256
255
251
253
247
248
249
246
246
246
242
243
242
239
240
239
235
237
234
236
234
231
232
229
228
229
227
226
225
227
221
221
219
223
219
216
216
215
213
215
214
215
211
209
210
209
206
204
205
205
205
203
200
203
201
197
199
195
196
193
192
192
189
191
189
186
185
185
187
183
183
183
182
183
178
180
175
175
177
177
175
171
172
170
168
170
169
166
163
163
166
160
160
159
161
159
158
155
154
152
156
152
149
152
149
151
150
149
146
145
141
141
139
143
137
139
140
139
134
132
136
134
130
133
129
131
126
126
127
123
122
122
124
118
121
117
118
116
118
117
113
115
109
113
107
111
108
104
105
102
101
105
102
102
102
97
100
95
93
96
93
90
89
92
87
86
87
85
83
83
86
82
79
79
81
79
79
79
73
73
72
71
73
68
70
71
67
67
68
66
65
61
62
58
61
57
58
55
55
57
55
50
54
51
48
51
48
47
45
42
46
42
41
43
41
41
39
39
34
36
35
35
32
33
29
29
25
25
26
22
21
20
20
23
19
17
16
14
15
15
12
14
9
9
12
7
7
7
7
3
3
