1002
999
1002
1000
998
996
994
998
997
994
992
992
990
987
987
987
984
988
983
986
982
980
982
981
978
978
978
977
973
974
975
974
972
968
967
970
967
968
962
963
962
961
962
957
957
956
957
957
957
956
955
952
953
949
950
950
947
948
943
944
942
942
938
938
936
936
934
935
935
932
934
933
933
929
929
925
925
923
927
925
924
922
922
922
919
917
918
917
915
916
915
914
910
908
906
908
909
906
902
903
904
901
899
899
896
899
899
897
894
895
893
889
888
891
890
885
885
885
882
886
884
879
881
878
877
877
876
878
877
874
873
874
871
868
870
869
868
864
865
861
865
863
859
858
860
857
859
858
856
853
850
850
849
848
851
845
848
847
842
842
843
843
841
838
840
835
838
835
833
831
830
833
832
831
827
826
825
824
822
824
821
819
818
820
816
815
815
814
817
812
810
813
811
810
808
810
805
806
807
806
802
804
800
799
800
796
796
793
795
792
792
790
789
787
791
789
787
787
784
781
784
780
778
778
776
779
777
775
776
771
774
773
770
771
771
769
765
764
763
765
764
759
759
757
761
759
755
754
756
752
750
749
749
752
747
747
748
746
743
744
740
743
738
740
741
740
736
737
734
734
733
732
732
729
729
729
724
723
726
726
725
723
719
718
721
715
719
718
717
712
712
711
713
707
711
705
704
707
706
701
701
701
700
702
700
697
698
697
693
695
692
694
693
688
687
688
688
684
683
684
685
681
680
677
679
676
677
675
675
675
673
672
670
670
669
668
666
667
666
664
660
661
660
660
656
660
655
653
656
655
652
652
648
652
650
650
648
644
642
641
640
644
639
640
641
640
638
638
632
635
630
633
631
630
628
626
628
628
627
623
621
621
620
622
618
617
619
617
615
612
612
612
611
612
607
609
604
603
605
605
603
601
599
601
601
595
596
593
594
593
594
590
590
588
590
588
589
583
585
583
583
583
583
578
578
575
578
575
577
575
570
572
568
569
568
570
565
565
566
564
561
559
561
560
559
559
554
558
553
554
552
549
553
548
551
550
544
545
546
542
541
543
543
541
536
535
537
533
533
533
530
532
528
528
529
526
528
527
526
522
524
522
519
519
519
520
514
514
514
512
514
511
510
511
510
510
504
506
502
503
505
501
503
501
498
500
494
493
493
495
490
491
491
490
490
488
488
485
485
486
485
479
482
477
481
480
479
476
475
475
470
474
472
468
467
468
464
468
467
462
462
464
463
458
458
456
456
457
452
451
454
449
452
451
451
447
445
445
444
444
441
441
440
439
438
436
439
435
434
431
432
430
429
427
429
429
427
428
425
422
425
424
422
421
421
415
415
414
413
415
412
409
413
411
409
408
407
406
402
404
405
402
399
401
397
398
397
393
396
394
393
392
389
392
389
386
388
385
387
383
384
379
382
378
378
379
374
374
372
375
375
371
373
367
370
367
364
364
366
366
364
363
362
361
357
360
359
356
354
355
355
354
349
352
346
346
348
347
345
341
344
341
341
340
340
340
339
336
333
335
335
334
329
327
328
330
328
325
326
323
325
324
321
321
317
320
314
316
314
315
315
314
308
308
306
307
306
308
304
301
304
301
302
297
299
296
298
297
297
295
292
294
290
291
291
289
288
285
286
285
282
283
279
280
280
276
278
277
273
274
270
271
271
268
268
269
267
267
265
263
261
260
260
259
261
257
257
254
255
255
251
249
250
251
248
249
245
246
242
245
244
239
240
240
239
238
234
238
236
236
230
234
229
230
229
227
224
225
222
223
222
219
222
222
217
217
219
215
214
213
215
213
212
209
208
205
208
204
207
205
201
200
198
199
198
198
194
193
194
195
193
191
190
190
186
186
187
185
183
182
185
184
179
178
176
179
175
178
177
176
175
171
168
170
169
170
164
166
166
164
165
162
160
159
156
158
159
153
154
152
150
153
150
152
147
146
146
145
146
141
142
140
143
140
136
137
139
136
136
135
131
129
132
128
126
129
127
127
124
126
120
123
122
122
116
118
115
115
117
112
112
112
113
112
106
108
107
105
105
103
104
101
98
102
96
95
94
98
96
92
92
94
91
89
88
85
87
85
86
83
84
83
78
77
77
78
79
74
73
76
74
71
70
67
67
68
68
63
66
64
60
61
61
59
57
57
59
54
53
52
50
51
48
51
51
49
44
47
42
42
43
43
42
38
41
38
35
36
32
35
34
32
31
29
27
28
24
25
24
21
23
24
19
22
19
19
17
18
14
11
10
11
10
10
7
5
9
7
3
5
