1000
999
1002
997
1001
995
999
996
996
995
992
992
989
991
990
989
988
983
986
983
984
982
981
982
977
977
975
975
975
971
975
972
971
968
969
968
969
965
962
963
964
959
958
961
961
957
954
954
954
954
950
949
952
947
949
948
945
945
943
945
940
939
943
938
939
939
938
934
934
934
932
934
933
932
926
925
927
926
923
925
924
924
919
920
916
919
919
913
917
911
915
910
912
911
909
909
906
905
904
902
905
901
900
899
897
897
899
895
894
891
894
894
892
891
890
889
886
888
882
882
880
881
882
882
876
879
877
878
874
875
872
871
871
871
866
869
864
866
866
865
861
859
858
857
856
855
857
855
855
854
850
849
853
852
846
845
847
843
843
843
843
842
839
840
836
835
838
836
837
835
835
830
832
831
831
828
826
828
824
826
820
819
819
821
818
819
817
816
816
816
812
811
809
812
808
810
807
808
806
801
804
803
803
801
801
799
799
796
795
794
792
790
788
789
791
786
788
787
785
785
782
779
778
779
781
776
777
778
775
775
772
772
769
767
769
766
765
764
765
765
763
759
761
761
761
755
757
755
754
753
750
752
750
751
750
746
748
745
742
741
740
740
742
741
738
737
736
735
737
733
732
730
733
727
728
726
726
724
723
723
721
724
723
719
716
720
714
715
712
713
713
711
712
712
708
707
707
703
702
704
705
703
699
701
700
695
698
697
696
693
693
689
690
689
688
687
686
683
685
683
685
682
681
677
678
676
677
677
675
674
672
670
668
668
669
668
665
666
666
666
660
659
660
658
656
655
659
654
654
653
655
649
648
651
650
646
646
644
643
641
643
639
643
640
638
640
634
636
634
631
635
630
633
632
629
627
629
624
627
623
625
622
622
622
618
618
619
613
614
616
614
614
612
611
611
608
607
608
606
605
604
600
599
602
599
596
596
595
594
593
593
591
589
592
590
586
586
585
586
586
582
581
579
579
576
580
577
574
576
575
573
569
572
570
570
567
565
568
564
563
565
559
563
559
560
557
557
556
556
554
553
554
552
551
547
547
549
544
547
542
541
541
539
540
539
537
535
534
533
532
530
529
529
529
527
529
525
524
525
522
522
519
518
519
517
517
518
513
515
516
514
510
509
509
506
510
506
504
503
505
500
500
499
500
500
499
497
497
493
492
493
494
489
487
486
490
487
488
484
484
483
480
479
482
476
475
474
475
472
472
470
473
468
472
471
468
467
463
463
461
463
459
461
460
461
457
455
455
456
451
455
450
453
452
447
446
448
443
446
445
440
439
440
437
436
436
438
438
436
434
435
430
430
427
426
425
424
428
425
426
425
422
422
421
417
415
418
416
415
413
413
414
408
411
406
410
405
406
403
404
405
401
401
397
399
396
394
396
395
391
392
392
392
387
387
387
389
387
382
385
384
379
379
380
377
378
378
377
373
374
375
373
373
368
367
370
369
364
366
364
363
361
360
360
359
359
357
358
355
352
350
351
350
351
351
347
346
344
345
346
343
340
342
339
336
337
336
337
336
336
331
332
331
330
327
328
328
323
326
324
325
319
319
321
321
320
319
318
312
311
315
310
313
308
307
308
307
306
302
304
300
304
298
302
296
300
296
294
294
295
291
289
291
288
291
287
285
284
284
282
282
282
283
278
276
280
276
274
273
272
270
270
270
271
266
267
268
263
264
261
264
263
261
259
260
255
255
253
257
252
254
252
249
248
251
248
249
243
244
245
241
239
238
239
237
240
238
236
232
235
234
232
232
229
226
230
225
227
226
222
225
224
220
217
220
220
217
214
214
212
211
214
213
211
207
208
209
203
206
202
200
199
198
200
198
198
199
198
193
194
193
189
189
190
189
185
187
184
184
186
183
182
181
182
179
175
178
178
174
173
170
170
170
167
166
166
168
164
165
166
164
162
160
162
157
158
156
156
153
153
151
153
150
152
146
145
145
143
145
145
144
143
138
137
137
138
136
134
135
134
134
131
129
127
126
128
128
123
127
122
121
120
122
122
118
118
119
118
112
111
110
114
109
109
107
109
106
107
107
102
105
104
100
97
96
97
95
96
94
93
91
93
90
90
86
90
86
86
85
86
84
82
80
77
79
76
79
76
77
74
75
72
68
70
71
67
68
68
63
64
63
63
63
60
60
59
54
58
54
55
54
53
52
47
50
45
45
44
45
42
44
42
38
37
39
40
34
36
34
31
34
30
29
32
28
25
25
26
25
21
24
23
18
19
21
19
17
14
14
11
13
12
11
9
8
9
5
3
5
4
