250
250
253
247
247
255
253
252
248
251
255
245
248
250
253
249
254
246
252
252
250
251
249
252
255
245
247
248
247
252
254
255
254
253
245
250
245
254
255
255
245
253
250
246
245
250
246
247
247
255
254
252
247
251
246
254
247
254
254
255
252
245
253
254
246
246
254
249
247
246
247
252
245
253
248
255
250
253
250
248
246
245
248
252
255
245
254
252
255
251
252
245
251
246
250
254
248
251
254
251
246
248
252
245
249
248
248
253
251
249
247
252
245
249
251
250
246
252
245
249
255
250
251
249
255
252
245
253
245
245
247
253
249
254
254
251
246
254
252
247
246
251
249
249
250
247
246
245
248
246
250
252
245
250
255
248
248
254
254
252
247
245
248
248
253
251
255
249
251
254
249
250
245
249
246
251
254
246
253
255
253
248
255
250
248
245
254
255
249
245
253
250
249
245
255
254
247
248
253
248
249
255
251
248
245
255
255
249
246
248
252
251
254
250
250
252
251
247
245
247
252
250
248
251
254
247
251
245
251
246
253
251
249
250
255
255
246
252
254
252
245
254
248
245
250
252
251
247
247
245
246
253
248
253
248
252
254
246
248
251
245
250
251
248
249
254
251
249
255
253
250
252
247
250
253
249
250
252
249
255
251
246
246
248
255
250
249
245
255
250
253
249
253
245
253
247
250
248
251
254
255
245
248
251
246
247
255
254
245
253
248
253
253
245
249
251
255
251
249
253
252
245
248
247
247
255
255
250
252
250
255
253
245
252
249
250
246
255
250
248
248
247
252
252
250
248
247
246
247
245
252
245
255
248
250
250
249
253
253
250
248
252
247
251
255
251
248
248
247
252
251
247
249
245
254
254
249
250
253
250
255
248
255
255
255
254
255
248
248
247
255
248
254
250
245
250
246
247
247
251
251
255
255
252
249
251
254
251
254
252
253
251
247
248
250
252
247
251
254
249
249
245
252
246
254
255
251
250
254
250
252
249
247
247
248
253
252
251
253
246
246
248
254
248
249
255
245
250
253
253
246
251
251
247
254
246
249
255
248
253
252
254
250
253
250
247
245
251
252
254
255
246
255
254
251
249
255
253
249
255
247
246
246
253
252
252
255
248
255
251
255
253
251
251
248
253
251
249
245
251
