245
252
248
246
247
252
255
252
250
255
251
247
245
250
246
246
246
251
253
248
254
252
247
250
245
255
245
251
246
255
255
248
247
255
249
245
254
250
247
251
250
248
247
251
250
246
245
249
245
250
249
252
248
248
250
246
255
245
247
245
255
245
246
251
245
247
254
253
253
253
252
249
251
253
248
245
253
252
251
246
252
251
251
252
249
246
248
246
252
249
246
245
253
251
255
254
251
245
255
248
245
253
252
255
245
250
255
250
246
252
251
255
251
253
248
254
252
250
251
252
250
253
247
246
255
254
250
249
247
245
254
248
250
253
248
255
246
251
247
250
250
247
249
251
252
250
245
251
251
247
246
251
246
250
246
255
252
252
248
253
249
255
254
245
246
255
253
248
245
254
245
246
245
253
251
248
255
250
249
248
252
253
248
250
253
253
255
253
253
250
250
248
245
255
252
253
254
247
251
247
249
253
249
252
251
252
253
252
254
247
252
250
249
251
251
252
250
245
255
250
250
245
247
255
245
255
250
246
248
255
246
249
247
253
245
252
251
255
246
250
247
251
249
246
245
248
245
246
246
251
245
246
255
250
245
252
254
251
250
249
250
245
252
253
255
251
250
245
245
249
253
255
251
255
251
248
249
245
247
253
249
246
247
246
248
248
249
253
254
247
251
245
250
252
247
250
251
247
249
245
251
253
254
245
247
249
246
254
246
253
248
249
254
248
253
251
246
249
251
246
251
255
248
253
254
248
251
249
249
254
254
249
247
253
248
247
247
248
255
252
248
255
245
249
245
245
250
245
248
252
248
251
250
250
251
250
252
250
252
255
250
251
246
249
255
247
250
247
255
250
246
255
249
249
255
254
255
252
251
253
252
250
253
254
255
250
255
250
247
248
249
248
248
245
250
250
246
248
255
253
245
251
252
254
252
245
247
253
253
252
255
253
251
250
246
246
254
245
255
253
249
247
249
253
252
252
252
249
248
253
255
251
247
252
249
247
250
245
254
249
248
254
253
250
251
250
253
252
252
249
253
248
248
252
248
246
246
253
249
247
255
246
250
252
250
253
253
249
255
248
247
245
246
253
252
255
253
255
245
245
253
246
253
246
255
245
248
249
248
245
252
254
255
250
245
251
249
247
250
253
