250
252
246
255
251
246
246
255
253
254
255
247
249
250
248
250
254
253
250
250
255
250
253
245
254
245
252
245
246
246
254
246
250
252
250
245
255
247
248
253
246
249
248
253
252
249
252
247
245
254
252
249
250
246
255
248
247
245
253
246
253
252
248
247
249
245
255
248
248
248
254
255
247
250
249
255
250
252
251
249
255
249
248
248
247
248
245
253
252
250
245
251
252
252
249
248
247
246
246
255
252
245
250
249
245
246
255
247
247
246
252
252
254
249
254
253
254
252
248
248
251
251
249
249
246
247
248
249
248
252
255
249
254
252
246
248
247
248
250
252
253
252
245
251
245
255
245
252
255
249
248
250
248
251
249
253
255
245
255
251
248
250
253
246
246
245
245
247
250
254
251
248
246
247
251
254
249
247
254
246
247
249
249
253
251
253
246
255
255
254
252
253
254
247
248
249
245
255
253
250
246
247
254
245
254
250
249
249
247
246
251
246
252
254
253
245
253
249
253
246
253
248
247
245
253
253
254
249
248
250
255
254
250
245
252
255
251
246
251
249
248
245
253
249
254
254
245
246
251
248
252
255
252
245
249
250
253
253
248
249
252
245
253
245
251
251
255
252
249
250
249
254
252
255
246
248
246
250
255
250
248
246
249
253
254
254
255
255
250
245
246
254
255
255
245
253
254
254
248
245
249
245
246
255
247
249
255
254
246
247
245
248
248
250
249
249
247
250
250
250
249
247
247
254
249
245
249
247
249
247
249
254
250
253
254
250
247
250
254
252
250
252
255
255
249
253
247
253
251
251
249
247
246
249
249
254
252
249
253
245
255
252
249
245
250
254
246
253
249
252
251
255
247
245
248
252
254
255
250
255
248
249
254
249
255
246
253
254
254
253
248
249
253
248
249
255
246
248
250
250
255
246
248
250
248
250
248
251
255
254
254
253
251
251
247
251
246
245
251
249
247
252
246
246
253
252
249
248
245
248
251
251
253
247
252
253
245
247
247
250
251
246
252
255
251
252
253
251
251
251
249
254
246
245
255
252
245
246
249
253
255
255
246
254
247
249
245
250
249
253
253
251
247
251
253
254
254
254
246
249
249
247
255
255
252
248
247
245
245
250
251
254
248
249
248
250
250
246
245
252
