246
255
250
249
248
253
247
247
245
248
253
253
247
245
245
246
252
250
251
254
250
254
245
254
254
248
254
249
254
245
254
253
253
245
246
246
250
251
245
246
248
255
254
250
248
248
251
254
246
250
246
251
249
255
255
252
247
246
246
252
255
247
254
246
255
245
249
247
251
254
250
255
248
246
249
245
247
254
247
252
248
247
254
252
250
246
252
252
255
250
245
247
246
254
246
255
248
254
247
249
254
246
247
253
254
250
246
254
248
250
253
252
249
246
247
246
246
253
247
249
249
248
248
247
254
252
249
253
247
246
253
250
254
248
253
248
252
249
248
251
255
253
248
245
245
252
249
254
250
248
255
248
245
255
247
254
255
255
249
246
247
246
247
253
245
253
245
255
247
246
252
253
249
249
246
245
255
247
246
251
251
252
246
254
246
248
254
253
247
253
245
252
247
251
247
253
247
253
253
255
246
255
255
253
248
245
249
250
249
251
246
253
246
251
254
245
251
247
249
250
253
255
255
246
246
250
253
253
254
249
248
249
255
252
255
246
249
247
255
254
253
250
253
253
251
253
252
254
246
249
246
251
249
250
247
250
252
249
246
248
245
245
245
254
249
245
250
253
249
252
252
250
255
251
252
250
252
249
246
248
252
247
253
250
251
253
249
250
255
249
249
253
252
246
251
255
251
253
254
246
245
251
246
245
247
253
246
254
254
246
246
253
245
250
249
247
247
254
252
252
249
249
254
248
249
252
246
248
248
251
247
251
252
252
247
245
254
251
254
254
249
247
248
250
254
252
246
254
255
245
251
246
248
252
255
255
250
254
246
248
254
255
250
253
253
248
246
246
245
253
254
248
250
246
247
251
245
254
245
245
252
246
254
246
245
254
245
247
251
246
250
253
246
252
246
249
251
250
254
253
249
255
247
250
250
249
246
249
253
245
248
249
251
253
245
250
245
245
255
246
249
252
252
246
251
245
247
245
255
249
251
250
253
249
251
251
249
253
246
245
255
245
247
245
245
249
252
253
247
247
246
247
253
245
247
254
245
253
246
250
246
253
253
254
255
245
249
251
250
255
254
252
254
246
252
255
247
254
245
255
251
251
245
249
255
252
254
246
246
253
255
250
251
245
250
249
247
245
247
247
