248
247
253
249
255
254
250
255
251
250
254
246
250
248
254
255
250
249
248
254
249
249
250
253
247
248
246
247
253
245
255
245
254
250
247
254
247
250
251
249
249
247
248
247
245
249
254
255
253
250
246
252
252
253
250
250
253
246
245
249
246
247
248
252
252
249
254
245
249
253
247
247
252
245
250
245
247
255
251
254
247
251
246
255
250
245
245
251
249
253
245
255
247
246
252
248
253
255
254
245
246
252
251
253
254
253
255
251
247
249
255
251
249
246
249
255
248
253
251
253
247
248
251
248
251
252
246
253
245
251
251
255
249
248
246
248
250
249
251
250
253
255
255
254
252
252
253
245
246
248
249
248
253
254
248
254
248
249
246
245
248
245
247
246
245
253
254
247
252
248
248
246
247
252
247
253
246
246
250
245
254
249
250
254
251
252
245
247
251
253
249
250
251
248
247
250
245
250
254
248
250
246
254
250
249
254
249
247
246
247
247
246
254
253
252
255
254
246
248
247
248
248
253
248
246
251
248
247
248
247
253
251
249
253
254
255
245
247
251
251
246
255
253
249
248
255
247
254
247
245
245
246
247
252
251
247
253
254
251
255
255
249
247
251
250
255
247
246
252
250
250
251
249
253
254
246
253
252
252
245
247
248
250
255
249
246
254
251
247
247
255
248
252
251
249
245
245
247
252
245
253
247
248
255
249
250
248
250
255
253
245
248
251
247
245
252
246
245
253
247
253
255
247
250
252
249
254
255
253
245
253
252
251
249
250
248
253
253
249
250
249
253
254
251
245
252
247
248
255
249
249
251
248
255
253
249
246
251
252
255
252
248
254
250
255
254
251
254
250
252
245
253
255
251
248
245
249
246
251
254
253
246
249
247
246
245
247
251
245
253
245
246
255
255
246
250
252
254
253
249
255
254
251
254
252
252
245
245
249
254
246
246
246
250
248
249
253
255
248
253
252
252
250
252
253
249
246
249
246
255
250
249
249
247
245
254
247
247
246
246
253
251
249
249
249
254
249
252
247
251
255
251
255
254
248
253
248
245
255
251
251
249
247
245
249
249
255
255
251
245
254
254
255
254
253
247
247
255
255
248
253
249
248
250
247
254
246
251
248
252
247
247
251
248
247
246
254
254
248
253
