248
248
255
254
251
245
246
247
247
246
251
250
249
249
251
246
248
252
246
249
255
255
245
253
250
246
248
246
250
249
246
249
252
245
249
248
246
253
252
248
248
251
249
249
250
249
251
251
251
250
255
248
246
245
249
251
252
247
251
251
247
254
249
247
254
250
247
252
245
249
253
254
251
250
253
246
245
250
253
249
250
255
255
246
255
250
246
248
245
247
248
252
247
249
246
255
251
251
248
250
250
254
247
246
249
252
250
250
247
252
255
245
255
250
252
255
246
245
253
253
249
251
251
252
253
250
246
249
248
252
249
255
247
247
248
246
247
248
247
251
254
247
249
250
246
248
254
255
250
254
246
250
254
252
248
247
247
251
248
245
247
246
251
251
249
251
248
246
247
251
247
254
254
253
247
249
251
254
254
249
255
246
251
250
248
245
249
254
254
248
255
248
252
247
249
250
251
252
255
254
247
248
253
255
252
254
246
250
250
254
250
254
247
246
254
255
246
248
254
245
246
255
251
247
254
249
246
249
253
252
252
246
251
250
251
245
245
247
246
252
245
247
249
254
252
252
252
255
249
254
250
247
246
253
246
246
253
246
248
248
248
248
253
254
246
247
252
249
250
255
251
252
251
252
253
251
246
248
246
249
249
251
251
245
254
247
248
250
251
252
251
253
250
245
245
248
251
246
251
248
246
255
248
245
247
246
250
246
251
245
251
249
248
245
249
253
251
250
248
253
252
247
254
247
246
248
255
251
252
254
255
251
254
255
252
253
252
253
247
245
253
252
255
253
255
247
245
248
247
254
246
254
247
255
252
247
246
252
246
245
248
255
249
253
249
248
248
250
255
246
253
252
247
245
253
247
250
250
255
255
246
247
253
245
253
255
253
252
245
253
253
251
255
246
246
254
245
248
251
251
250
251
248
250
250
249
251
249
251
247
245
253
249
250
248
248
250
246
252
250
246
253
245
248
251
251
246
255
247
249
247
248
252
249
255
250
248
249
251
248
251
252
254
254
245
251
252
246
253
246
254
255
247
250
251
245
248
254
253
247
248
252
253
248
247
247
254
250
255
254
246
249
250
248
246
254
249
254
247
255
246
247
255
255
246
251
245
248
247
252
251
252
254
252
255
250
253
246
246
245
