253
247
247
254
255
253
247
248
251
253
246
251
249
255
254
246
255
255
253
252
249
251
248
253
250
254
245
251
246
253
246
254
247
254
251
245
248
253
248
247
251
246
251
253
250
251
248
250
247
251
250
252
245
253
247
248
248
254
248
251
252
250
249
255
255
255
250
248
247
249
249
252
253
254
246
252
255
253
254
246
248
251
248
252
254
248
248
247
255
249
253
246
247
252
254
250
245
246
249
247
248
246
253
245
253
255
245
250
246
247
255
247
255
248
253
254
255
253
248
253
251
255
249
247
252
249
248
249
247
252
249
247
245
251
250
247
250
249
250
254
254
251
247
251
254
252
254
253
251
250
247
245
252
248
245
247
248
249
254
248
247
246
248
255
248
249
246
255
251
254
253
251
246
249
246
250
249
254
248
251
245
251
252
249
248
250
248
248
245
249
245
253
255
254
253
252
249
251
247
245
247
250
253
247
248
255
252
249
255
247
245
255
247
245
247
252
254
247
252
246
253
248
248
249
250
253
248
248
247
252
250
255
246
253
249
251
247
253
252
252
254
245
253
253
245
255
249
255
254
253
251
246
249
251
255
251
252
254
253
251
248
250
255
245
247
254
248
246
248
254
252
254
254
248
254
251
245
254
255
254
250
251
247
255
246
249
255
251
250
254
255
245
251
254
248
249
248
254
246
247
255
252
249
248
250
251
248
249
248
249
250
245
247
253
246
251
255
254
247
250
254
251
245
255
253
246
245
246
248
252
252
245
249
249
255
252
245
255
249
250
251
250
251
254
251
254
255
255
245
247
245
246
255
247
248
250
249
252
251
253
251
253
246
246
251
247
251
245
253
252
248
251
248
250
248
249
254
254
253
249
252
255
249
245
245
255
246
246
251
246
249
246
248
252
254
248
252
255
255
250
250
248
254
251
255
252
255
245
245
248
255
252
247
255
254
252
250
251
245
253
255
249
247
255
247
252
249
253
249
254
248
247
252
252
248
246
253
255
253
247
246
245
251
250
248
249
255
246
245
251
249
245
248
248
251
251
253
252
251
250
245
255
255
248
255
249
245
251
247
253
245
250
254
254
250
250
249
250
250
246
246
251
249
248
252
251
245
252
247
246
251
250
249
252
250
250
246
253
253
255
