248
245
253
249
246
251
248
248
248
252
246
253
252
254
246
251
252
246
253
245
251
252
247
255
254
253
255
251
255
255
251
250
249
253
251
245
246
246
251
247
250
248
253
248
251
255
251
251
248
247
251
255
248
255
251
254
255
248
249
251
248
247
250
255
253
248
253
245
247
248
252
247
253
254
251
253
248
250
251
255
249
250
252
254
255
253
253
248
254
248
254
246
252
251
249
253
250
253
246
255
250
245
254
245
247
250
251
248
246
248
253
245
250
246
250
248
250
253
252
255
248
255
254
246
250
251
253
254
250
246
246
253
249
252
250
248
255
254
247
251
250
250
255
253
253
247
251
251
255
248
254
251
252
252
245
255
252
245
248
248
254
249
250
248
253
248
254
245
249
255
254
251
251
246
254
254
251
246
251
249
253
248
251
251
251
252
249
247
253
248
249
246
251
247
251
250
253
250
254
255
252
253
250
245
245
254
252
253
252
252
245
250
250
251
248
249
247
255
251
248
253
252
246
245
246
246
253
254
246
247
248
255
246
254
245
252
252
255
247
250
254
252
249
251
252
245
250
245
246
249
248
252
253
248
248
254
249
248
251
250
253
253
246
250
251
248
252
246
255
246
252
245
246
254
253
249
248
246
247
248
252
253
247
251
247
254
245
254
255
253
251
255
246
252
252
250
250
249
245
251
251
250
255
252
252
250
248
253
250
252
247
254
249
255
247
253
247
252
248
250
254
252
249
249
250
247
249
245
248
251
248
251
252
245
247
251
248
254
253
252
251
246
253
251
249
251
250
245
249
249
252
250
252
253
252
251
255
255
246
254
254
248
246
247
245
246
251
249
253
248
250
252
255
253
251
251
247
252
247
251
247
255
245
250
250
245
247
246
255
255
248
249
254
253
253
255
245
254
248
249
245
247
247
245
247
255
252
248
245
247
245
247
250
250
251
246
252
245
253
254
253
252
250
248
251
247
247
245
247
251
247
246
248
254
247
250
255
253
247
246
254
253
247
247
253
246
247
250
254
248
246
252
251
254
254
247
254
251
245
253
245
252
253
250
247
255
248
245
246
252
245
254
245
251
247
248
251
250
253
255
253
246
245
251
255
245
255
245
248
245
254
250
252
251
252
254
252
252
252
251
