249
248
254
248
255
251
247
247
255
246
246
246
245
247
245
253
254
251
247
252
252
247
248
249
251
253
247
248
255
250
247
246
247
248
247
248
252
247
250
253
249
255
250
249
249
255
253
247
254
245
248
251
254
250
251
252
248
249
248
247
246
248
248
254
250
248
252
252
246
248
248
246
254
249
254
252
245
253
254
255
247
247
253
251
254
248
252
246
245
245
252
253
249
248
248
252
254
246
250
252
245
255
250
245
246
247
247
252
248
245
245
255
254
253
248
246
253
252
249
250
245
247
252
246
253
246
249
253
250
251
251
254
251
254
255
252
253
245
246
252
254
251
252
250
254
246
248
253
248
245
246
255
250
250
249
250
254
252
252
253
247
252
248
247
253
249
253
252
248
251
249
246
252
247
254
255
255
245
250
250
245
250
252
253
252
251
245
248
249
248
252
246
247
247
246
252
253
251
252
252
247
245
252
254
255
246
245
250
247
246
251
245
254
252
255
250
248
246
253
254
245
253
254
247
255
249
248
249
252
254
249
252
255
251
255
252
249
247
248
248
247
251
247
252
255
254
248
246
253
252
248
250
248
252
251
245
249
254
250
250
250
246
251
246
253
245
245
253
248
254
249
248
251
248
251
254
253
255
249
245
245
250
249
250
245
253
249
250
255
245
247
255
246
246
249
246
251
254
246
251
247
253
248
248
248
246
250
249
249
255
250
251
250
251
247
253
255
253
246
247
252
246
251
250
245
249
252
249
253
252
251
253
250
245
247
249
245
253
245
248
252
255
249
253
250
248
252
251
249
251
247
249
254
251
250
246
249
246
251
246
245
246
252
255
252
249
249
246
253
245
246
249
246
252
251
246
251
253
253
254
245
253
249
250
253
246
247
246
251
253
254
249
247
246
254
248
253
255
250
255
247
248
254
250
252
250
249
252
246
245
246
255
254
249
254
255
247
253
254
255
250
253
255
254
245
247
254
247
246
252
253
253
252
246
245
253
247
253
247
253
253
248
253
254
254
253
248
252
255
247
249
253
247
250
254
248
247
254
253
254
249
250
255
251
245
246
247
246
248
248
249
255
251
247
246
252
252
250
252
251
247
255
246
255
247
253
245
255
246
248
247
248
246
245
253
246
254
246
247
255
