251
253
250
245
248
246
249
253
249
248
249
251
252
245
255
254
245
254
253
253
253
246
252
250
252
253
254
249
245
255
249
248
245
249
254
251
255
245
249
255
252
250
249
245
253
249
245
251
253
246
247
251
247
251
255
255
247
249
251
246
245
251
248
248
245
255
248
246
248
250
251
255
248
245
247
250
255
254
253
249
253
246
250
249
251
254
251
252
249
245
249
253
246
249
254
253
251
249
250
248
253
245
246
246
250
253
254
248
246
249
249
246
251
246
245
254
250
252
246
251
249
247
251
249
246
253
245
254
252
252
248
253
245
245
250
246
249
246
250
255
246
251
248
247
247
254
253
246
246
247
248
254
246
247
252
252
245
250
250
254
245
255
254
247
248
254
254
247
251
253
251
254
253
254
245
247
248
253
252
250
254
255
250
247
253
246
254
250
247
253
245
245
250
248
255
248
253
249
249
254
247
250
249
247
249
249
247
245
249
255
249
246
255
247
251
246
252
255
253
254
250
247
245
247
251
252
245
250
245
248
253
249
249
246
248
245
246
248
251
249
254
254
250
248
251
248
252
252
249
255
248
251
252
255
248
246
254
246
251
247
251
250
255
254
251
252
252
251
250
247
247
249
245
252
255
249
245
251
249
247
247
253
254
250
248
247
255
255
251
250
249
249
255
246
254
252
254
248
252
254
245
246
252
248
254
250
251
247
249
252
252
251
252
253
249
245
253
248
254
251
255
248
247
248
247
252
255
251
247
249
251
245
255
254
245
252
247
253
247
254
255
252
254
250
249
254
249
254
245
248
249
255
246
252
250
252
248
252
252
249
251
252
245
253
255
249
248
255
253
248
255
246
253
251
252
247
248
247
254
253
255
251
255
252
250
252
255
249
254
245
255
247
253
249
255
248
247
253
254
252
248
249
245
252
248
246
247
251
249
254
245
254
252
247
250
255
253
247
254
253
252
249
255
255
248
246
252
246
255
248
255
246
245
248
245
246
252
254
245
253
248
253
249
255
253
247
245
248
250
246
251
254
251
254
253
249
250
247
249
245
254
250
245
253
245
248
254
248
252
246
254
249
249
253
249
255
255
245
247
254
255
248
251
248
252
253
253
247
254
255
248
245
252
253
248
245
250
246
250
249
