252
245
250
248
254
251
255
246
250
255
254
255
252
252
249
253
246
249
245
252
249
245
253
248
248
250
250
247
248
251
246
252
248
246
247
250
248
247
255
248
251
245
248
248
248
246
245
245
253
253
250
245
246
249
247
249
254
254
252
249
252
246
251
249
245
245
251
251
250
247
251
248
251
250
246
247
254
249
251
248
247
245
255
252
249
251
254
253
246
252
245
246
251
254
253
255
250
254
253
253
246
255
251
251
247
247
246
247
249
252
253
251
247
252
254
251
245
253
247
249
245
252
245
251
245
251
250
248
247
245
250
247
245
249
246
250
255
248
246
252
247
250
245
253
245
253
245
247
252
246
254
249
253
254
247
247
251
254
253
245
249
246
253
254
247
245
247
255
248
246
253
246
251
249
247
251
250
251
253
247
248
246
255
250
255
253
246
246
246
252
253
249
250
248
254
246
247
253
246
254
255
254
251
253
247
253
245
245
247
255
255
247
251
249
252
249
255
254
249
245
246
253
253
245
249
255
253
245
248
251
250
251
245
248
251
255
248
254
248
245
253
250
252
247
253
253
251
248
248
251
246
253
254
246
252
250
252
246
254
255
248
246
246
252
249
251
245
252
255
245
254
247
251
245
245
250
246
246
247
247
253
253
252
253
252
249
248
246
253
245
255
253
246
247
252
252
254
250
245
247
255
253
246
246
253
246
252
248
254
254
254
253
245
245
249
246
247
250
254
247
254
250
248
249
251
250
254
246
245
247
250
245
252
254
246
255
247
253
249
245
255
251
247
252
250
245
246
249
246
245
251
247
249
251
255
251
247
250
254
252
248
255
249
249
247
254
248
251
255
246
246
253
249
249
254
249
247
255
245
253
251
251
253
252
253
245
249
245
249
246
248
253
250
250
254
245
247
248
250
254
246
253
246
254
247
245
249
252
251
252
245
245
246
245
254
250
250
250
253
255
255
246
251
247
245
254
255
248
249
245
245
247
250
254
253
255
246
246
247
254
255
251
248
248
247
253
246
255
248
253
245
248
255
245
255
249
245
255
255
254
251
253
250
253
254
250
255
245
246
252
254
245
250
253
255
254
245
249
245
249
251
246
253
252
254
246
247
252
245
248
255
247
250
255
251
250
254
249
250
245
