246
245
251
247
255
255
254
254
249
251
253
245
253
249
245
246
253
252
247
245
252
252
245
254
246
250
254
245
252
253
252
253
247
252
252
253
249
250
251
248
247
246
246
254
251
255
245
252
251
245
250
255
251
245
248
250
249
251
248
245
245
255
252
253
250
245
246
255
246
251
248
250
254
254
250
251
248
254
245
254
247
247
247
255
246
252
255
246
251
255
246
252
250
249
253
252
247
245
245
253
251
255
250
248
248
246
254
249
250
246
248
254
246
248
250
252
255
253
248
255
245
250
247
255
246
254
249
248
246
246
251
255
248
245
253
255
255
245
251
250
250
249
249
250
251
247
255
252
250
247
251
246
248
252
251
254
248
250
245
251
251
255
252
253
249
254
249
249
255
254
254
248
254
249
249
250
252
252
246
249
253
251
246
255
249
255
246
248
252
245
248
247
246
246
247
248
251
251
249
254
252
254
248
255
250
255
252
253
248
254
255
247
247
252
253
250
245
246
247
247
246
247
249
246
247
246
249
249
248
254
254
247
251
245
254
254
250
248
253
251
255
253
249
245
251
245
255
245
248
253
250
246
254
250
249
253
245
252
253
255
250
250
253
248
251
254
253
255
255
253
254
255
253
249
245
247
251
255
245
247
245
253
246
248
254
245
251
251
252
249
252
251
249
248
248
246
246
252
252
249
254
250
245
253
255
255
254
248
245
254
252
248
250
245
253
251
248
252
250
251
253
250
252
251
247
253
249
252
248
248
251
250
255
252
248
245
254
248
246
245
250
245
245
249
253
247
249
250
251
252
253
247
248
251
250
250
254
254
249
250
245
246
247
245
252
245
251
255
255
255
247
247
249
254
249
252
246
245
253
245
254
246
255
253
255
253
249
250
248
249
249
246
250
253
253
250
248
252
251
254
255
247
253
250
252
246
248
254
249
250
255
245
250
248
246
252
251
255
250
253
247
254
245
246
251
250
246
249
253
254
254
251
249
251
252
253
246
253
250
250
254
248
252
247
254
255
254
245
249
248
251
247
248
249
251
254
246
249
252
251
247
245
250
255
252
248
254
254
248
249
249
245
249
249
252
247
247
250
254
246
249
247
246
249
251
255
247
251
250
251
245
249
254
255
249
250
254
247
245
251
