246
245
255
248
250
252
248
245
251
248
247
246
245
251
248
248
250
250
250
248
246
246
254
249
253
253
248
245
255
251
254
249
249
250
254
253
253
246
245
250
247
255
247
252
253
245
254
253
254
253
250
255
251
254
254
252
245
255
246
253
254
246
246
255
248
249
247
251
251
245
246
251
245
246
255
249
246
249
255
247
250
254
251
255
252
247
249
247
246
252
248
245
247
252
245
252
247
254
249
252
251
251
252
245
249
247
249
245
252
251
253
255
254
245
253
255
251
247
254
251
245
251
250
249
251
251
249
253
250
246
255
246
250
253
247
254
254
249
249
251
254
248
255
249
253
253
251
253
255
245
246
252
254
250
246
248
253
249
251
248
252
250
250
252
246
254
251
254
255
249
255
253
247
249
255
254
252
249
252
251
255
245
253
247
246
246
249
254
255
248
253
245
253
250
245
254
245
248
252
251
247
248
254
254
246
247
252
245
254
250
249
254
251
254
250
250
249
247
245
250
250
246
249
254
253
248
253
245
247
249
251
247
247
255
248
251
245
250
250
246
253
251
247
253
251
254
246
255
255
246
253
254
255
250
252
245
248
253
247
250
245
246
251
251
250
248
253
251
253
249
251
246
248
252
249
252
254
248
251
251
246
246
251
246
248
253
252
245
248
245
245
246
249
252
247
254
250
252
252
247
246
253
248
248
246
255
246
250
247
252
252
246
254
247
252
255
248
245
254
246
247
255
249
253
247
250
250
249
251
245
249
251
250
249
253
248
249
252
245
255
246
245
245
250
250
251
252
251
254
247
252
252
255
250
251
253
252
252
251
245
248
250
253
247
250
249
252
251
246
246
251
252
252
246
250
249
245
248
250
247
254
249
251
250
253
253
247
249
250
245
251
252
252
254
245
249
247
246
245
249
254
254
246
255
253
245
250
247
249
248
247
252
247
251
249
255
253
248
249
248
253
247
254
246
254
254
247
252
251
250
252
248
252
251
250
253
245
245
248
252
252
254
251
246
245
255
246
252
245
246
255
245
247
254
252
247
248
255
251
254
252
253
248
248
247
250
250
253
245
246
253
246
249
246
246
252
251
246
245
251
247
248
253
245
252
248
246
248
248
247
254
252
247
253
249
246
245
249
251
245
