250
254
250
251
255
254
245
247
255
249
249
250
249
251
246
253
246
246
251
246
253
245
255
250
247
246
252
252
250
246
245
248
248
251
249
254
250
254
253
252
251
253
252
250
252
251
252
250
248
251
247
255
249
250
246
255
248
252
251
253
252
251
253
251
247
248
246
246
254
254
249
255
245
251
250
252
251
248
250
255
253
253
247
247
253
245
255
252
247
246
248
245
254
252
250
254
248
245
246
251
253
250
246
254
248
248
249
249
250
253
254
255
249
249
245
248
251
250
247
254
246
255
250
253
246
253
248
253
248
247
253
248
252
254
254
254
251
253
254
251
250
252
252
251
250
248
253
247
246
251
247
253
248
246
248
251
246
250
252
249
248
251
254
245
250
251
249
246
250
246
251
247
246
246
245
252
248
250
245
253
252
251
249
252
248
246
250
249
247
245
249
249
250
248
255
246
249
254
245
253
249
250
251
254
251
247
253
252
251
245
249
245
247
254
252
246
248
252
252
250
247
248
251
247
250
246
255
252
245
255
252
250
254
248
253
247
248
249
247
252
250
252
253
248
254
246
249
247
253
248
250
254
252
251
253
253
245
254
255
252
246
251
249
251
249
247
254
250
249
255
255
246
245
255
251
248
247
247
245
254
249
245
251
253
246
245
246
246
250
254
254
245
254
247
247
255
251
248
247
252
254
253
248
245
249
254
247
253
254
255
254
246
247
247
254
250
247
252
246
251
250
251
248
247
246
251
255
249
248
250
249
254
253
253
247
248
246
248
252
245
255
247
253
254
246
252
245
249
246
249
251
251
249
248
251
247
251
246
253
246
245
255
247
248
248
250
254
249
253
252
248
251
246
248
245
250
248
248
255
252
247
248
253
252
252
249
255
251
246
245
252
250
246
245
249
247
249
246
248
248
248
253
251
254
252
250
254
249
248
245
253
246
255
255
252
252
252
245
253
253
254
255
248
246
254
254
248
254
245
247
247
253
253
248
251
254
248
252
252
250
246
253
252
247
252
247
252
252
249
255
254
253
254
248
253
246
247
248
255
246
252
250
246
249
249
254
252
248
253
246
247
250
249
248
246
248
245
255
254
245
245
247
249
247
252
248
254
248
251
250
253
255
255
252
250
253
247
247
249
255
