255
247
245
246
248
250
246
252
247
254
246
245
254
255
245
246
254
250
248
246
250
246
248
250
245
246
253
247
251
248
246
248
247
254
251
249
255
251
246
249
250
251
245
253
250
252
251
245
254
250
251
246
245
247
250
249
252
253
246
248
249
246
254
253
247
245
253
250
250
254
253
251
251
248
249
248
251
255
252
251
248
247
253
246
245
251
245
248
247
248
252
247
247
247
248
249
250
250
248
248
248
246
247
254
255
248
250
252
251
253
249
251
255
245
250
252
246
245
250
245
255
250
246
245
248
245
250
249
254
253
254
252
253
252
250
254
251
248
247
245
252
248
252
252
245
247
254
248
245
252
250
254
247
246
247
251
253
255
252
249
250
251
251
253
245
255
251
254
254
247
249
254
250
247
253
253
247
251
248
249
251
247
246
250
251
254
250
250
252
253
253
247
248
247
254
248
250
246
251
254
247
252
254
247
253
247
251
249
249
245
246
255
247
248
252
250
250
249
248
248
253
245
245
246
250
253
248
247
246
246
246
254
246
247
246
251
253
247
245
247
246
255
254
248
252
251
253
246
254
249
252
251
253
252
255
246
254
254
251
252
251
245
246
251
251
251
251
255
245
251
246
253
245
245
255
254
250
247
248
248
255
255
254
250
245
250
255
251
250
246
250
247
250
249
248
252
252
252
245
255
253
255
252
254
249
251
249
247
249
246
245
252
249
248
246
246
249
248
255
251
249
254
245
248
247
252
246
253
253
255
245
255
250
252
249
254
253
251
248
247
251
245
246
248
255
246
251
255
249
250
253
251
246
253
245
245
252
253
246
246
248
247
246
251
247
251
246
253
251
245
251
247
254
247
249
252
253
255
254
245
249
248
249
255
251
252
254
247
245
246
248
250
254
249
245
253
248
251
253
245
247
250
246
251
251
249
248
251
245
249
253
255
253
255
249
247
251
249
245
246
251
245
245
253
246
247
255
250
255
249
252
255
255
252
246
250
255
252
255
254
252
246
248
255
249
245
251
249
254
247
252
255
255
255
253
248
251
255
251
247
251
253
253
253
248
250
248
250
245
245
248
251
251
255
246
250
252
245
245
247
249
254
249
247
252
247
250
246
253
255
245
255
245
245
254
247
254
250
251
247
