497
1497
862
954
1376
789
1142
569
1311
1060
362
994
957
1305
551
1332
1423
1503
59
1623
887
191
1042
1003
29
82
1772
1209
912
553
1682
1508
1500
1425
731
281
1133
1797
38
1642
978
783
931
1713
93
1860
1506
1181
1223
819
1507
201
699
1472
1430
499
1212
1211
657
148
1650
1220
156
1831
248
143
864
1594
579
118
827
1797
1273
743
1538
1772
855
208
1378
748
807
139
1610
1425
1804
1362
1665
1610
941
1528
804
987
1352
628
377
1019
1064
1867
295
577
1759
1682
1719
1748
1418
1107
788
393
704
462
1605
1030
1332
1857
680
987
28
265
31
911
560
1527
389
1380
1427
168
724
1373
1570
308
608
1666
1127
649
183
696
488
1342
1848
1142
9
1525
1698
1792
453
1069
1089
324
1359
1095
1522
96
435
1802
1806
49
531
222
167
792
1249
1083
165
64
1534
512
797
1179
578
1407
1873
305
1352
475
280
1615
1379
1647
1748
1143
936
495
22
1268
1462
1736
446
1179
960
1367
757
1128
1640
129
1781
1749
1193
896
1203
248
263
144
40
395
525
197
1087
527
849
315
210
701
1868
1752
1436
1578
1568
654
1034
1413
1025
612
135
1090
513
841
1475
1739
1560
804
941
1580
1589
458
894
317
398
1449
865
645
608
453
233
1838
289
1792
1788
923
115
912
530
1757
1193
1047
547
1818
1847
720
382
942
93
1657
1827
272
78
198
1373
374
49
337
1214
655
1069
579
985
1226
761
337
1365
1253
1255
1192
1792
1055
1812
1580
1064
793
559
238
230
1390
1868
928
1848
1261
1562
42
544
1702
1586
1353
395
48
1475
654
551
734
386
788
132
1540
603
822
16
175
1339
1809
980
1414
1681
407
1226
448
605
531
1387
661
1687
1412
1756
1773
113
1784
256
282
1387
1031
116
1106
529
1061
1608
1532
1325
1070
1688
1234
1504
919
1662
989
860
1068
398
952
1385
57
737
1869
326
278
760
935
950
1279
160
301
8
734
1578
1298
1001
1032
945
931
1031
1268
410
1848
1096
185
1781
298
234
1098
320
1724
1338
270
515
1579
509
288
321
1532
921
1198
599
874
1541
858
1849
659
936
670
1842
1026
1063
1415
894
1133
981
849
983
934
884
1179
719
1382
538
571
60
634
1108
807
313
1247
888
489
1467
198
1727
1442
1141
130
1136
375
1224
6
104
1498
401
113
1479
1030
1571
979
609
1403
1260
1711
1620
715
117
121
278
1575
690
1499
134
554
426
533
1806
750
1680
954
91
1095
1467
114
1185
1309
251
1674
278
62
258
1225
735
1468
1219
1098
181
475
1452
1603
1359
1424
748
1045
897
1011
1193
474
1010
1306
915
1098
610
518
955
281
1611
687
873
1645
822
1333
1374
1698
1669
997
940
307
82
1192
629
113
998
1494
878
514
814
825
1259
1224
988
1076
314
1634
1197
865
948
320
1234
880
501
678
121
590
49
1480
637
534
1386
367
1720
470
262
1796
435
1843
524
1854
796
1612
690
737
1825
519
876
1192
1642
1473
738
908
637
1722
1662
348
879
1782
1849
720
391
702
1496
1394
1307
1367
72
995
692
1457
846
106
410
941
1381
897
907
1570
998
1554
599
1604
1786
1632
550
203
1055
1837
275
1665
1766
1237
46
1689
1531
234
1612
1124
571
95
1614
267
1388
548
755
1192
55
869
944
321
1086
1844
1748
228
1840
1410
1767
973
1684
315
444
1549
86
818
1300
1405
1667
1535
1431
693
1440
1844
1002
1683
1239
1803
1699
675
1854
1806
1159
1608
1861
1360
485
635
1697
952
1287
1759
15
291
1694
46
1757
1022
79
1707
1825
129
354
1487
258
1045
911
448
1816
34
262
99
1625
290
103
464
1867
229
787
1825
432
472
1611
935
126
709
247
1695
95
1770
838
1210
1219
1137
523
22
674
966
380
1808
947
478
871
1202
729
921
90
1630
737
93
1306
482
766
333
1215
1392
909
1737
850
1563
657
1329
1141
1351
474
1427
1045
1063
851
1452
593
1284
857
894
496
1437
863
1188
391
930
1459
1677
916
874
346
690
791
622
832
35
1580
24
454
659
607
447
1738
998
702
879
692
1780
1805
1449
1279
1402
266
1193
781
1849
499
1613
1478
506
460
1464
907
1717
320
156
537
962
507
1279
480
479
1344
1163
1180
1598
3
572
379
1327
1205
969
312
493
365
768
1333
1333
1605
1303
1457
677
651
1250
411
267
1071
1420
1240
1352
1216
734
1496
260
790
440
435
1191
1561
1870
1214
110
690
1100
701
39
1149
520
1288
562
804
1544
1230
153
585
1319
10
575
1212
1133
1645
628
1381
1842
937
1737
1140
1395
1628
1013
1205
1281
711
544
961
952
631
5
1778
524
467
718
636
443
417
945
1540
900
1514
1300
1069
1501
1742
654
684
919
209
1606
1370
1210
432
937
874
1170
1468
1642
676
867
572
1327
976
308
1099
377
1226
262
42
255
1665
1066
272
1599
1669
536
1479
1160
1117
231
249
1200
1358
612
78
1640
636
1488
1862
1784
523
1731
1833
1807
790
1495
1674
728
630
1259
233
1091
310
28
918
1482
1088
1198
1525
299
791
556
1430
1320
1647
1849
650
419
213
263
446
1143
1436
860
1337
147
1464
1029
467
1357
788
913
251
49
636
494
19
1203
1544
1285
1224
455
761
381
1513
513
1399
684
1239
1843
1203
1365
1036
1804
1440
869
625
1653
1136
1539
387
604
1057
1812
22
944
1810
106
1035
521
1347
335
660
1314
771
1556
773
386
1256
1226
1126
603
879
923
752
1770
1797
557
1130
1199
643
1673
529
1531
1378
957
507
1125
1484
1858
1733
29
1313
789
889
1575
781
1134
1402
98
868
39
1519
1666
380
1875
975
1700
1138
1836
62
1717
1793
833
748
518
1365
400
662
858
59
29
47
500
1077
1844
905
560
1171
177
912
1138
581
765
499
1221
1659
996
533
1836
1453
1274
1676
1696
1163
1849
344
319
714
1319
1098
1187
285
467
1346
1681
520
338
1242
197
412
1775
1117
22
615
282
770
1203
246
1774
807
1610
416
1539
209
706
1081
732
307
1282
258
508
1222
919
1334
560
201
983
1825
681
399
1651
78
774
558
1340
762
1558
1445
485
909
728
1082
1592
350
1653
22
821
1838
107
463
1740
229
1829
599
493
266
260
1494
1726
910
1756
1201
1047
505
809
1533
1813
673
1764
902
337
920
1784
691
534
1178
525
534
167
94
1031
441
29
546
1001
1098
1788
607
1675
842
5
1457
736
1265
1739
1190
655
774
21
507
1207
363
816
95
1110
1701
1086
1034
759
98
989
1643
898
1830
758
879
1680
738
1248
576
943
1576
1365
1809
481
697
1401
279
214
1424
1796
914
1843
245
1182
1299
288
1661
1624
1830
475
1634
362
1789
150
1348
10
150
1582
357
896
1363
1382
1
56
1390
1770
788
1360
1560
1511
1301
9
1292
1294
1737
77
1841
1053
723
1184
1223
549
348
943
426
1432
1576
226
1186
484
27
1272
466
1123
839
373
1822
13
49
638
1003
1178
849
218
407
896
862
934
1467
1537
1509
768
1260
1557
313
1697
1201
450
1411
1726
954
1045
73
367
1538
1322
552
1562
88
967
849
1401
341
1249
873
691
1076
1637
1259
1504
1807
1841
529
542
1802
1623
1115
950
886
877
239
982
496
134
203
113
1529
574
710
1126
1124
1790
819
804
1000
1853
1115
298
1362
1119
476
585
1105
531
274
496
1866
422
1676
1552
822
357
648
1252
626
1088
1295
1053
92
1386
421
234
1242
1729
170
1034
1426
1568
1097
858
414
1483
933
1104
1730
1600
1491
1683
613
162
875
1122
1139
1592
1720
44
814
789
590
430
1803
1181
1670
1837
471
599
1417
166
1429
1679
1230
12
1625
1142
1619
1858
1646
1722
1254
740
1369
236
1386
1035
520
1196
1417
1561
1055
1721
1388
127
603
412
1508
1598
738
412
1760
453
1200
1087
922
735
531
859
473
1044
1560
1455
1143
234
1197
5
523
1761
1323
1846
1633
1
1301
1439
1090
28
1867
1727
473
227
198
552
1379
225
22
925
1423
887
388
566
21
892
763
621
629
97
296
731
186
999
1077
880
1448
508
1476
1268
8
943
1086
1370
366
109
167
917
452
1131
879
954
702
1074
1667
1838
1048
1238
1834
69
1314
444
1503
1471
554
557
417
569
686
1602
760
1526
920
1625
882
379
1678
1201
1413
305
1351
676
865
1825
1645
179
1130
1086
1499
1789
1178
852
705
381
526
1536
629
383
588
1519
1368
1135
507
1410
1309
1330
105
1714
915
1361
1005
1530
1460
659
764
1746
731
1461
19
661
238
303
884
256
205
1799
1300
835
1169
576
806
766
1686
1694
843
265
1279
33
103
1648
0
396
627
206
1326
435
497
996
86
95
725
924
988
1421
81
759
432
716
1804
872
1096
922
1183
1530
506
1414
673
1623
1349
285
718
597
812
636
1148
631
1428
1181
1253
786
1459
174
247
72
876
1571
1174
1518
1579
1807
1651
462
139
213
497
229
1776
1828
1116
482
675
828
499
1417
1015
254
721
609
1428
1262
54
776
1737
1580
909
166
376
449
289
378
1702
574
920
1248
1640
127
83
1571
1645
1396
1749
1864
905
630
1507
402
839
913
634
1338
789
1095
352
1558
1334
1289
1296
1645
1257
790
1143
86
362
918
846
634
203
130
1561
677
1481
621
1156
35
1166
142
59
1437
147
1863
319
363
87
1340
77
561
430
1259
1251
1135
337
48
1490
1818
1657
684
671
1369
644
1309
757
909
1197
1030
19
764
252
621
1265
1519
129
230
1619
1368
1045
1600
1431
644
1840
1770
1867
751
389
750
1665
1448
177
110
1668
441
1033
746
1038
814
868
1169
8
726
756
305
554
1719
790
1661
1478
1785
788
1639
654
1651
1065
1776
1126
1161
1613
856
235
1566
655
1342
122
1659
1425
939
1524
207
128
675
908
421
424
878
586
1325
1191
538
1727
1874
822
631
134
1719
1439
154
1169
226
734
1035
192
1859
338
1369
72
1707
1855
682
213
1247
777
1629
295
1505
946
