1190
1092
1747
1006
1550
1411
299
1661
1144
220
544
1823
1744
1263
1126
315
958
1487
847
1746
1730
1778
26
1598
347
1534
947
786
1117
1359
272
1671
1728
1581
1846
1864
1681
474
602
1744
90
49
1617
1451
274
98
1016
971
36
1469
113
721
9
1343
1089
985
1454
989
1495
1799
809
1246
379
1596
6
687
1380
580
1660
968
1470
1718
662
1425
469
30
1633
791
458
1717
1622
62
770
1380
917
1013
812
1830
1635
246
1574
1094
1596
1157
225
437
93
611
227
224
457
260
130
220
879
410
1328
1700
1564
1816
1782
1374
1799
1466
961
1212
817
462
1654
1403
1205
1400
1031
1241
1341
274
1720
372
1652
1733
1592
880
1078
95
155
796
1835
223
1875
1640
96
1766
567
1022
635
1788
1233
1780
1365
803
311
1187
195
1605
864
1720
937
488
1808
492
1271
857
942
1024
606
885
664
694
640
1338
244
692
828
1790
517
114
669
353
440
142
1767
1441
988
290
780
1429
1420
1333
881
1713
1560
1839
507
1190
969
1211
321
1033
965
1056
702
1145
739
1327
1384
1375
1394
1058
1425
1783
353
1575
965
639
1834
196
573
1382
1785
887
357
1584
76
931
1494
1659
578
244
819
172
1664
1305
1605
1384
495
1026
209
1361
282
27
1840
1385
750
510
787
869
672
1714
620
1134
1353
568
128
602
186
1046
816
1338
413
1849
153
668
645
1028
843
1606
328
1607
530
812
15
1226
1870
759
1081
818
128
155
1426
1418
20
683
1162
669
96
538
505
390
960
451
146
107
380
126
35
1186
548
790
1194
1639
1114
34
1384
1705
181
587
1805
1581
1477
1347
842
1217
45
692
251
321
1037
759
1586
33
1874
393
844
742
754
215
1639
579
1036
750
309
1164
1096
587
681
366
589
1484
1607
384
1857
1406
170
1824
1563
1175
62
41
386
483
128
1314
818
1074
1094
500
716
817
1141
1196
482
673
1599
775
105
169
1030
1619
1519
1845
1593
374
496
166
502
1816
406
1144
1176
1177
621
369
177
864
271
587
499
347
370
578
725
1693
813
1374
340
1829
476
875
405
1205
744
420
140
1618
1499
138
1118
1250
1264
1808
74
436
166
1370
631
885
781
1625
1284
793
1851
1290
222
1339
292
267
313
1293
1265
852
81
1434
1641
1292
186
1334
617
73
149
1347
116
59
372
287
964
1194
120
701
14
1808
1242
990
1471
502
1151
1168
709
171
321
92
1592
1526
529
1528
609
1686
525
1393
346
476
1076
1782
1387
401
78
1647
167
302
900
1062
1081
448
258
40
1820
398
1489
1803
328
511
16
1702
1186
1078
1059
162
1570
904
1656
271
278
1132
1471
1182
1319
1456
514
1290
8
372
847
1586
1030
253
429
353
1539
1533
1752
1411
1710
1132
1401
118
337
1482
1594
1445
1275
54
718
1340
1597
996
869
1522
376
1096
403
945
782
1810
1633
1610
881
330
872
584
378
124
1532
1340
209
383
747
93
898
786
1632
1604
1016
915
704
575
349
1740
1442
1612
57
1300
307
1644
76
1188
624
1682
1349
519
1404
357
338
1473
1413
807
1191
1307
1597
455
1766
291
1007
1506
1670
1333
1481
1105
477
132
498
1374
644
1131
943
830
222
389
1258
512
852
1671
916
1028
1502
1215
1440
897
1108
1317
1448
1641
833
429
361
429
892
105
1693
1206
770
1738
589
1856
1390
961
471
418
1724
1253
1857
1308
407
994
1342
1744
868
127
1423
272
309
725
841
291
1136
917
1418
1659
729
1049
1247
321
488
1482
1618
1198
317
547
37
368
147
30
650
1000
1126
1814
469
1302
389
1613
1399
985
928
1077
1588
1659
162
1322
74
144
1263
1283
1442
462
190
1366
1614
1424
405
803
596
1614
1288
307
1706
592
1065
1674
1872
415
0
126
491
1133
896
290
588
1851
1581
748
1644
1267
1523
1770
861
1346
197
404
1581
937
1168
221
109
29
937
773
597
1612
1689
1518
1251
1762
1801
638
1465
234
228
1524
1080
112
939
264
942
1644
66
935
693
81
1644
1161
567
747
1394
1608
461
788
1177
1013
477
627
400
556
624
720
1040
825
466
21
211
70
380
272
1058
534
118
678
1528
337
1792
1072
1140
610
150
582
653
72
1725
155
1438
1843
79
1130
272
1660
99
547
505
886
653
1658
353
1157
1613
1068
1263
1745
914
667
1851
948
1313
41
1870
1852
940
591
1054
397
1234
534
68
19
670
1716
1193
1048
1343
555
1718
888
64
787
1622
361
107
980
1097
1586
822
1448
1749
899
746
62
1601
472
1141
905
128
1640
286
1832
513
700
1763
1120
754
751
1574
577
1274
1865
931
1214
510
1142
1611
1681
1088
679
362
1376
1526
1370
1276
304
1070
470
1384
700
1823
1011
376
908
104
792
511
873
1251
1786
121
1113
287
1154
1677
379
718
366
1531
1825
383
749
523
896
592
978
571
398
713
932
369
474
407
1138
236
1490
231
393
789
1622
926
614
1801
946
110
89
1183
1483
668
438
299
627
942
1146
19
1858
885
940
1570
48
192
1299
985
1506
128
538
1139
1289
1340
1682
1478
1444
1383
410
1810
1272
1156
946
101
1493
350
182
1272
110
386
950
1399
1328
1690
1366
148
1772
1742
718
486
1686
1041
25
669
629
550
1734
725
37
265
654
600
141
1533
409
1100
870
406
797
928
521
211
1097
867
514
1681
854
123
448
1481
314
388
1684
1060
953
1485
796
1115
250
592
1634
1265
1677
1749
391
1548
834
138
96
1176
625
1349
228
1094
1392
471
206
1782
1533
578
373
1098
837
849
1483
1169
1843
1799
1056
1436
236
309
702
1365
428
1382
516
1835
323
693
331
211
526
1257
1335
756
65
1560
1474
1576
162
662
1093
1593
9
61
242
46
1177
1696
95
1421
775
1352
1634
433
1367
1303
1628
375
1035
1169
1202
1867
666
1131
1618
349
960
1479
286
822
357
501
740
708
1781
1052
647
502
646
750
119
1873
82
1766
629
1239
1048
1682
1049
929
771
1688
1865
1201
63
1216
1225
112
1363
686
48
1605
354
1347
982
1512
1359
258
1069
558
1063
686
1126
1141
1202
359
774
93
1192
1804
1489
601
934
1654
1260
1581
692
1405
181
1791
1551
1538
1780
694
1771
1838
853
345
1817
729
1524
1553
1831
0
467
1056
1561
808
40
1424
314
1719
549
1262
1153
122
67
1345
1751
112
951
442
1532
327
1550
113
410
1607
77
1869
1373
1073
1598
106
837
1
929
1029
1177
264
443
1078
736
1083
257
564
1096
58
873
177
290
1112
777
1515
1328
1504
685
1634
1292
1409
560
664
1177
333
808
871
628
1780
941
802
364
1249
1457
1671
133
1644
792
1042
905
579
1290
655
710
1668
748
787
443
638
1079
278
294
1626
1266
440
345
1447
1503
1264
891
1103
302
1866
1192
1128
958
320
1758
1788
749
1535
1784
1650
586
1497
1241
401
161
1807
1174
892
307
509
351
1182
729
1201
1276
646
1098
575
660
898
1570
1040
1407
638
740
1638
1131
290
366
714
73
347
95
364
316
1173
1431
686
412
1556
22
1006
1413
1045
1742
1119
1467
879
913
1424
533
18
895
1447
1853
1649
133
1348
334
958
1225
1275
354
36
855
1724
486
178
341
477
1430
1391
224
1513
1696
972
1370
376
368
874
897
410
285
868
534
964
1403
487
1424
146
635
1811
668
1217
171
1871
1611
1029
1117
647
1516
517
837
301
582
585
581
635
1268
1337
620
1574
1497
1216
242
1418
857
1300
1460
584
451
1061
225
1373
1448
1352
1845
907
1560
1259
1733
768
289
1294
1404
1440
245
1283
1411
723
1835
337
1221
1529
1007
603
629
753
1309
1758
1130
761
586
673
966
1167
1530
1348
861
1519
257
896
1873
1105
1622
1484
910
1266
852
828
1147
1062
227
1302
1685
1430
1111
1872
1789
1554
857
1279
362
709
614
1310
1646
629
1530
98
1105
302
1119
1178
665
1305
1176
925
1265
2
245
269
1304
1383
1489
1476
1196
156
2
302
1596
810
1601
1663
95
1773
1159
1539
847
971
1365
390
578
930
484
1790
408
430
658
1359
1057
1016
962
57
1476
950
1527
615
188
1053
1051
204
688
295
555
511
334
1507
681
649
643
966
644
785
543
548
1390
1363
317
1575
1196
1687
1764
254
344
1529
561
771
411
922
1400
1619
470
1804
1511
1635
1417
996
1619
1165
1530
1300
443
968
602
527
1592
1145
83
1816
362
1383
1293
1383
1155
661
71
1866
1715
347
1736
1070
1850
1045
698
905
40
1529
1630
1855
887
1628
279
673
1222
727
1447
589
855
563
860
237
976
1133
1053
1457
123
981
1294
1642
1303
507
682
963
726
1686
1803
466
513
797
1596
1662
1140
745
1861
1686
291
486
1737
554
528
1502
921
1171
500
1122
1630
1778
1174
1672
799
1692
1731
1003
60
717
896
483
731
399
917
709
1366
1637
477
334
1097
381
629
69
849
1310
705
1123
1172
497
51
65
94
834
366
960
425
819
1234
1735
750
85
843
603
1447
1623
1022
784
631
773
913
1212
149
275
1378
100
1243
1035
1670
1544
411
1650
1295
373
1824
1613
242
213
1328
489
1698
156
491
1098
610
729
201
1259
1514
737
942
478
843
59
198
933
941
1197
119
133
1600
982
1109
1794
347
1786
549
93
1653
1517
1187
804
608
312
228
4
1809
175
800
1760
1838
943
1136
1678
862
982
1179
1790
1701
788
1228
1251
160
1864
1853
935
1235
914
494
1809
937
1204
500
189
46
1803
1164
1644
63
397
640
1755
464
73
1574
1717
902
1798
517
915
1863
755
439
1585
517
1260
1545
1093
892
1024
945
332
1241
774
587
442
949
12
247
1185
123
1501
31
1002
1678
108
938
135
899
1241
396
1599
1536
1711
1753
1633
351
713
1863
763
1541
856
97
1263
1696
711
171
419
286
816
789
1491
1653
595
347
932
684
1601
1086
633
1521
285
1790
1024
125
981
392
1448
1342
1430
1137
1231
1263
1034
1481
741
1759
1503
1466
1006
272
332
