599
204
803
831
1515
851
258
1133
1418
343
1514
712
154
1512
1360
1302
954
1298
552
77
243
569
1461
1454
1192
699
1255
265
401
854
464
1648
500
1300
1093
1515
686
1393
1428
943
806
459
1309
1687
512
423
172
518
129
1329
1657
1852
1009
734
212
574
853
625
1421
1868
620
1042
1757
38
1586
1861
341
1802
1032
692
258
204
1309
1422
425
801
924
1313
542
1830
198
1122
1872
1119
233
1410
718
685
1396
1842
778
579
112
973
39
903
1138
1188
628
381
1755
1266
5
799
762
1373
1391
1534
1587
728
1705
754
621
406
213
1198
449
27
591
971
306
1298
722
410
107
1529
795
1034
1096
1422
462
949
1351
30
297
1327
77
154
412
16
5
1515
556
1080
40
202
1729
1676
1384
1618
1291
86
1605
544
1554
602
1786
1749
1569
998
545
1067
1490
138
360
806
987
925
556
381
1845
683
1403
672
798
79
1014
105
1509
903
1113
350
653
935
1082
1022
1684
1819
1307
1559
1154
724
1627
1028
1611
561
1522
262
1379
1277
246
1264
1462
787
858
1324
1586
128
989
911
582
633
1692
511
1351
1550
219
841
137
128
1030
1447
371
1549
1585
1296
378
126
1169
1588
289
109
77
400
584
1079
635
40
726
1188
466
523
241
1182
1134
1368
1019
247
574
1545
518
414
1093
529
860
1859
430
569
170
842
1598
750
1460
1638
578
1419
369
658
1392
165
631
244
863
243
869
89
538
1467
766
863
232
311
1322
384
1257
1144
151
1852
1007
560
1333
898
406
868
225
1433
785
66
849
1193
1413
1038
587
395
7
640
783
1039
532
1115
587
1467
856
1625
1003
320
1841
1017
294
1295
1835
310
987
1238
1051
591
1602
641
1319
770
1481
670
108
421
116
998
863
327
596
1647
136
1305
306
1841
125
714
1826
1584
30
1686
1701
1455
1000
35
791
1541
1026
517
72
1370
1635
426
1549
1550
688
1570
1871
538
801
1697
1387
1013
1110
411
292
269
1479
603
516
1750
1619
995
298
651
1415
189
506
470
1667
1386
992
1340
671
1552
1384
1035
591
517
1506
1413
442
1184
1664
441
1271
1658
619
197
1780
1431
1056
1640
1810
1820
783
846
1475
1397
987
1234
1792
68
409
269
1162
458
1127
1240
372
1357
967
1480
1581
1415
519
1332
192
812
1503
1764
1193
1108
1467
926
342
1804
162
1687
835
1186
1043
456
1585
1051
1621
754
755
208
10
1846
1065
1477
687
1371
725
1715
503
1660
727
990
1241
1497
816
787
727
68
684
1787
1144
1190
1408
928
155
433
183
1521
21
1527
282
611
686
1760
1519
1810
996
1196
239
231
670
423
85
249
201
761
162
1747
895
184
197
752
733
535
1526
346
1242
1354
67
470
910
1786
1094
327
1668
1229
431
529
919
537
159
1723
1641
210
1277
1275
406
443
1459
871
538
1193
473
1330
1757
1800
261
776
1242
1108
1277
985
288
308
649
966
1547
267
1113
1490
897
1576
1294
142
1540
181
460
445
340
1475
182
439
609
473
820
1312
1053
574
744
897
602
1474
646
1339
400
672
1270
434
203
664
905
1556
1055
811
1343
1464
795
377
828
1399
1650
1038
1866
612
811
1452
835
788
296
447
1388
245
1396
1433
504
710
1303
342
73
1441
1572
675
1044
1828
48
219
565
1585
301
1669
535
1261
252
1229
1567
1287
1225
1865
1827
924
1158
125
1239
482
474
780
955
1641
1134
157
1797
1131
361
1699
851
268
1032
298
1715
1677
1659
885
100
1787
1546
1446
1598
219
1457
1352
475
1081
790
688
916
186
549
1728
730
44
509
1212
1644
828
853
1388
1674
3
917
111
473
478
1188
1784
930
176
463
1284
829
164
1259
1628
1546
839
753
1258
1800
802
321
588
1128
467
15
39
1016
415
1263
1506
711
977
140
51
1106
21
446
27
1050
772
1017
871
1837
1484
1574
1740
259
436
1318
659
1752
1747
1195
312
1244
53
1133
450
211
1026
1452
560
100
381
107
76
1772
888
1424
174
430
1655
1436
502
335
1033
1766
1859
355
1377
1669
190
116
105
530
1083
1672
1793
417
1475
295
644
1477
181
1659
1467
1389
885
1102
1334
538
1731
510
1117
1418
298
273
18
1599
167
1103
923
1609
1421
1548
1675
270
386
1067
1286
1721
1063
250
162
672
807
1409
122
80
1800
996
1238
188
1432
1014
1233
87
383
864
1494
330
667
312
246
492
135
847
1645
17
767
921
63
139
1166
577
426
582
1158
1153
607
1291
1316
188
307
610
1391
1414
3
453
628
195
1556
61
1763
1545
718
102
416
775
320
307
1553
1075
34
1668
1016
937
1867
1129
657
941
1677
447
721
327
615
73
177
1192
1350
892
929
1095
1858
1739
254
1229
536
144
213
1461
998
851
1422
61
1107
361
491
939
245
496
276
1458
401
1777
1255
1601
1705
342
97
244
68
679
633
321
956
387
509
633
1347
1873
867
95
497
325
1607
866
1163
1660
1263
1039
1661
13
273
1426
660
1454
168
1505
142
1496
1442
1430
739
104
972
1030
1294
1203
1650
1614
196
84
159
40
1585
316
324
287
529
828
301
871
1596
1061
354
227
702
1553
1153
1711
1743
778
485
1811
307
308
600
1411
362
176
716
1406
1362
467
1396
838
390
1650
1179
5
390
1536
880
711
1454
607
845
211
666
1085
459
540
1691
109
828
1333
273
284
173
1345
650
1307
1531
1865
1868
372
425
1085
810
289
329
391
1602
723
512
285
401
1777
1606
1681
352
1279
745
1099
302
506
171
72
1647
272
1159
1649
212
719
1239
1042
92
1560
940
1652
233
483
721
1286
1795
1440
305
267
1380
878
1427
435
1860
1351
364
1558
1405
1669
13
870
1296
733
1191
838
15
1370
712
1665
386
901
1141
928
1138
368
1775
116
1502
1521
1126
613
386
803
213
1190
173
1132
949
48
1173
603
989
239
859
369
1329
999
863
598
1464
383
140
1325
553
1603
1506
1682
1357
1604
1626
1058
1810
1390
53
543
100
664
1350
1274
1260
591
272
1538
1165
1339
1604
1615
1123
1757
1701
695
1076
1702
605
1837
1034
1136
422
871
78
736
1730
898
509
1084
1665
360
573
1249
1766
1154
1453
867
44
202
1841
1696
1507
481
1653
1010
1137
972
1283
350
485
805
1010
627
1467
3
1630
1615
1025
1682
447
182
363
701
1068
544
1363
297
519
1781
1131
1430
1394
640
360
865
686
289
1265
1731
119
479
1751
1731
748
1120
1418
177
530
241
837
212
70
210
159
415
971
1812
704
125
1606
430
1086
251
1365
684
1350
884
1624
1623
142
1814
970
805
32
1343
1088
201
1663
768
1432
1756
576
627
1522
1090
597
172
1554
620
1560
162
1164
517
286
98
100
119
410
1740
1850
489
1219
395
1715
30
1815
882
683
366
1867
1861
608
601
475
1562
798
1740
1295
1342
1304
530
1050
1763
55
1223
292
1719
916
656
1745
1819
1409
145
1028
508
1408
1589
870
328
7
1269
1669
1718
714
1163
1668
1229
1724
684
344
353
1257
1125
743
5
811
1468
1109
1622
500
1764
259
989
565
625
1430
406
1216
453
1223
232
688
325
1489
1110
791
1691
1807
1294
677
1740
203
902
759
489
746
1710
760
1284
3
565
569
662
433
1568
1266
257
711
1389
1711
94
439
60
172
702
1
1645
1071
1868
1243
89
1163
768
118
1572
1169
1688
974
101
553
1003
152
861
705
362
724
685
792
217
970
933
1855
1447
561
631
1020
196
1302
1808
293
83
59
1460
48
1060
1385
1388
577
1383
1119
1154
64
1805
731
1339
1241
103
419
346
279
1773
199
426
447
179
1219
1700
1250
733
760
1574
374
78
477
1635
1326
1836
564
1549
406
519
169
1314
701
812
197
1238
233
1849
212
1681
1862
1430
1390
911
1667
968
1682
97
1239
1591
595
1794
407
722
305
13
595
75
903
21
1764
1064
729
384
1069
1167
697
524
1646
848
979
19
1732
1851
1200
874
1852
1398
1090
1855
109
1573
797
823
803
1272
1478
741
922
1048
482
1039
1152
46
213
26
30
133
1176
1750
1087
954
383
1141
1197
226
369
830
9
140
157
865
720
1294
279
1702
1518
1522
931
1695
1562
698
1406
878
672
1309
954
926
1774
1123
841
1534
694
874
498
643
915
498
511
1245
1833
94
860
64
1649
145
1268
971
1170
1027
1013
1528
1535
1557
1668
1626
161
1667
1745
64
1532
994
1279
100
1665
124
997
1318
54
1587
1800
888
953
922
143
1041
681
1415
828
805
913
1475
234
774
534
1564
1311
1411
1674
605
1650
1329
655
341
990
342
527
818
369
1825
219
1142
399
1753
1662
1599
779
224
265
1864
761
1495
1189
1247
1485
1706
331
1192
1867
1311
583
1866
547
35
1011
813
891
993
1593
1737
1775
656
615
397
1769
924
1014
673
141
1324
555
704
95
1274
1704
34
1686
1077
502
178
644
1031
131
660
1557
844
1202
585
1576
558
1436
1337
1548
1226
655
313
1168
216
413
122
1481
1207
885
1138
394
1731
53
1793
1811
652
996
1254
1551
1861
83
595
1641
250
612
1607
65
1400
636
1322
237
228
1665
828
1045
325
699
1407
1352
962
897
1725
594
1330
1041
176
751
133
224
750
1001
1863
1079
924
1045
691
1630
1166
1500
48
369
1143
121
1508
1809
1456
664
866
1325
1289
833
6
1140
1168
1709
1060
1332
1811
1440
187
509
1039
294
712
1314
1459
976
572
190
106
1764
1319
303
1655
631
730
262
199
86
1107
1614
973
915
149
514
853
89
587
614
1305
1391
1330
269
661
153
1740
1370
964
991
1854
1005
377
840
470
420
814
1335
1337
471
1477
1592
1572
1786
1269
1386
851
42
1259
954
1553
1374
1721
1259
1769
55
382
1127
825
131
279
486
189
902
1512
1036
1467
1624
10
408
622
565
1638
625
802
886
1418
1396
918
443
1282
1458
1088
1052
5
758
116
1787
1147
1386
909
1410
1796
1237
1818
280
573
253
1822
