108
333
1856
1387
99
1341
1035
953
489
1668
1782
1125
1167
1596
184
1124
1470
602
944
1075
924
1058
1804
738
1476
455
648
1235
1478
1409
706
1432
1534
542
658
506
780
908
627
1173
1392
1229
1755
68
963
783
971
1808
178
1154
1862
891
481
1779
681
1209
1337
622
1415
1324
193
1157
752
480
361
441
839
1754
192
1114
1848
1555
1036
1256
1354
837
846
515
1093
1425
43
1357
578
812
239
800
900
1123
1631
1174
322
1138
1247
1604
489
1222
262
684
638
1783
1252
1050
1585
1207
1599
1538
1140
1575
1011
749
1531
200
1068
1265
17
1656
508
1403
1159
1493
417
911
1232
1011
1600
305
1038
5
1160
223
1020
1467
439
1008
484
373
1875
782
569
1558
1208
1339
1395
1829
1410
417
648
1233
1106
287
927
794
1714
957
1872
589
717
732
29
1839
1551
822
1735
798
926
1869
1874
1562
171
1254
480
1578
1356
834
279
1426
177
1394
141
1532
1514
905
1778
1605
1227
1581
779
1734
1830
316
1170
1456
614
993
475
1002
202
542
871
1593
1100
914
357
41
408
869
709
487
203
450
1550
1321
129
517
1738
1038
671
1158
1576
1434
698
1601
1419
261
1710
1322
1232
390
1285
307
1708
1750
580
1203
169
1522
1137
772
928
832
1289
1382
1256
1793
1072
268
638
1819
213
1721
267
983
1648
1407
1822
910
1330
877
307
1274
908
956
821
1689
239
1139
309
1146
491
1150
28
1447
930
546
136
953
516
493
1080
70
353
1142
896
12
762
1685
358
1092
293
1078
1838
1057
1190
1372
816
185
522
1104
1563
795
1496
1280
1816
1504
1468
1257
577
1097
571
1704
181
1831
1747
1823
410
183
766
1141
807
1664
677
1682
1318
393
1269
1705
482
1444
1067
1002
681
1439
1529
386
736
268
318
866
128
1775
1620
384
46
503
1137
885
801
1245
714
1144
26
831
1857
342
668
1128
1773
862
1379
1255
1716
1663
10
660
460
690
908
1073
1496
128
755
1548
528
896
1764
1765
666
192
1744
286
624
480
341
1797
438
296
1774
338
1725
1521
347
512
650
1475
1398
1105
1808
1009
401
1003
686
336
1233
1207
1212
308
1315
1320
1463
852
1179
546
252
919
327
104
1429
1833
1365
1578
477
1134
1008
879
1651
1705
939
276
1169
1144
1456
510
1458
1544
1324
1756
261
221
1613
514
1539
1643
1848
103
590
332
790
1520
622
1277
1040
51
1732
703
107
1817
1702
353
1257
1640
1191
1516
974
387
88
853
1336
1116
1277
315
1295
667
831
800
1823
915
1820
1467
1653
842
1007
374
1353
945
1201
259
169
1189
1695
641
19
1032
1336
689
1780
580
1560
312
120
243
788
805
979
1091
461
376
449
519
1171
717
639
1041
1130
1650
370
1324
312
479
761
326
1465
1750
1191
448
665
1493
4
1441
959
717
631
1543
657
105
386
1755
1277
1378
1215
1316
3
1159
1241
273
1639
1
1229
1161
142
1517
1671
1680
1616
1371
1214
1509
772
1465
1478
578
1011
948
991
984
111
997
950
1767
141
102
1822
1807
1463
1128
63
1227
1264
320
1120
191
42
1395
1036
1360
1094
1163
984
1338
1334
369
918
823
1375
1260
957
982
840
397
829
1337
8
105
1688
1588
587
1430
554
1390
424
852
226
1104
920
1683
742
187
1614
970
1797
924
340
792
672
748
773
490
964
78
1838
485
1234
1570
431
1418
30
359
1804
648
857
119
696
810
1722
295
1188
1427
235
528
53
1577
1725
1611
985
719
1238
384
720
1157
861
1648
939
999
1603
563
1387
1082
688
950
1507
973
47
829
223
1334
1823
257
733
761
406
190
1849
1350
325
114
1756
918
183
124
1139
1408
1496
1427
923
1795
1353
1335
789
1185
75
221
794
1419
1319
173
1476
679
922
320
1308
1368
1129
1802
1009
821
1239
1448
1746
1615
1613
737
1766
1610
877
1225
1492
384
526
1414
1689
1362
1390
285
1219
68
1667
258
812
1168
918
1009
1393
80
1570
559
1393
1380
1345
830
540
1188
173
1797
167
1715
997
1318
1459
1797
377
1365
1373
953
954
108
592
835
1353
1828
536
190
1526
1689
1432
39
1161
1271
428
736
1581
1158
1790
1558
740
148
641
1186
1449
1461
1568
1416
882
1507
990
1137
47
881
1814
239
338
1412
954
1035
873
1048
655
1124
1767
884
274
1288
379
1655
266
214
502
1631
1128
1376
321
1182
1258
1758
761
1049
1376
1122
132
988
381
752
1334
1275
405
1564
1209
171
150
1034
1839
147
299
126
31
1476
1492
226
1080
1831
30
273
1096
1111
322
437
1733
604
256
73
88
1679
26
568
832
1586
527
1852
539
165
956
1577
1751
778
1521
1384
1838
820
860
1772
1749
115
257
1665
55
405
1204
1376
474
1707
572
959
1561
963
1412
1618
1124
197
489
254
1207
337
1733
1475
284
1846
594
1631
1222
1680
562
619
676
306
368
1221
547
90
1839
1088
1627
904
821
854
992
1696
1042
1874
1056
217
1585
453
92
1346
237
1435
1112
499
778
1227
582
695
1426
117
629
1532
829
1032
1576
1318
1556
161
1480
1778
1786
1259
558
155
1163
179
1166
901
1648
1313
183
1480
1795
1150
245
32
1109
451
1388
771
1243
853
1319
1489
1077
1772
326
68
51
941
867
1563
1692
264
377
109
1271
847
1550
1013
795
549
196
527
607
567
1694
1629
1187
964
1069
1452
1559
636
711
1028
991
999
378
1169
741
1207
54
428
1209
206
1506
999
1464
530
1097
243
449
1605
782
432
1811
941
536
974
506
1780
328
1618
1501
1079
337
255
1750
1384
1457
428
490
1077
714
58
1616
561
303
417
1606
834
1811
216
1764
1192
1373
780
793
1009
870
1460
1768
131
1351
1266
1012
1681
135
1439
155
304
18
212
1357
1021
1486
34
125
151
1117
1214
145
1284
1783
645
1605
1096
781
1696
1238
1874
63
1455
247
228
1516
1247
803
149
1636
1465
810
1787
1459
121
1660
1423
931
17
439
1168
1413
1105
1298
574
717
1087
1051
914
1581
872
833
1261
702
1060
1127
1643
1232
437
637
1769
768
38
806
1086
767
759
295
1295
1386
1699
644
1093
1652
1874
952
844
1634
429
1847
899
1335
854
1522
573
1167
410
1868
507
1305
40
390
472
319
1216
636
1641
416
146
268
373
503
922
1588
457
706
973
523
1546
805
693
1228
665
308
273
1380
1570
529
1751
1256
1856
890
1040
789
36
1669
870
1045
1175
1864
586
1685
1677
275
1256
245
154
1719
1784
537
682
11
1713
466
1141
1382
521
242
1583
775
1416
977
44
554
315
1163
151
1593
470
1774
390
161
371
802
388
314
191
895
1294
1030
1680
565
427
828
723
452
1435
625
1444
1695
1224
1372
1866
448
1521
859
1296
1475
628
1851
1734
882
399
409
706
604
635
896
1602
925
587
1578
101
1120
827
142
1719
1502
478
85
840
519
1147
1816
646
1659
1473
1318
1151
1316
1834
109
990
1740
1576
1395
153
407
363
1542
357
687
1551
319
889
873
1804
1038
1769
530
56
1461
658
830
1545
1011
1783
6
1754
97
1720
953
1165
752
1602
589
1253
999
1410
1416
1699
1186
714
308
501
1428
209
1111
916
561
1482
855
1391
1753
637
247
119
531
54
906
1050
1378
1625
398
353
1845
1019
506
914
1617
499
1241
1650
992
1681
213
618
623
777
278
1720
1834
26
24
1239
121
1197
1803
1026
1356
975
627
22
1160
489
550
998
999
108
1065
1786
1370
762
761
1526
1281
1140
920
1031
322
676
1447
727
313
135
57
395
964
1269
994
1458
789
1001
160
457
1768
1591
1145
1307
873
526
221
1699
1323
1549
79
772
507
329
133
818
281
800
1166
141
654
1661
1183
1360
239
905
415
830
1875
996
479
735
379
879
144
1833
1380
927
99
1243
76
209
1859
1449
431
879
1459
293
289
1682
362
1000
424
1651
107
1549
571
469
1058
1596
1860
237
1528
31
1505
563
4
876
1307
334
953
1022
247
658
1298
124
236
1410
1755
1772
1044
1676
1404
912
1127
1266
161
1582
1494
1259
107
1354
567
1090
1864
1250
1095
1047
1440
1416
1140
1123
1571
659
1282
1805
1327
1396
278
1424
497
1193
723
714
1137
711
23
65
1523
1612
532
219
549
1517
1002
1584
1072
1695
1715
809
1283
296
57
1674
1479
143
369
441
683
1359
1822
1352
1584
1011
833
758
1763
444
1788
886
1265
90
966
860
1757
1144
875
1483
545
843
720
1833
1278
1124
23
546
375
1694
1549
1751
581
500
1117
365
930
909
33
1140
80
1438
749
1408
322
38
892
1465
1331
612
587
1770
443
48
351
1540
1793
1543
1047
1401
886
223
1345
1793
1570
1363
186
733
1632
1644
275
446
1530
365
1801
961
1149
1703
1163
9
731
754
646
871
824
577
645
1186
867
898
1250
1749
794
850
1681
1825
868
1769
1288
1335
588
987
609
1324
495
243
506
1359
501
386
1847
1797
1365
182
1662
849
1477
484
1147
170
1145
759
459
23
512
1678
213
432
1005
1478
1085
1394
577
194
1148
966
859
102
285
202
1668
239
567
75
843
1208
1039
50
997
204
587
1351
504
291
1283
1673
1540
1038
181
260
1739
401
600
670
896
353
757
200
179
1727
1408
984
849
873
1214
771
1738
376
380
128
1010
1497
797
161
1712
749
1279
621
544
1371
677
1339
350
518
1592
495
1681
595
1130
1689
1146
506
98
340
1335
996
467
1847
1095
717
1220
48
1631
913
909
1041
1481
756
988
972
1806
979
1318
658
622
70
1527
1453
1383
461
1295
1156
1479
1770
252
1461
362
50
1053
1381
1299
183
747
1372
1496
902
863
137
1725
866
1692
1105
993
1556
1731
1565
740
393
447
1577
1133
170
477
1780
640
1452
1089
332
808
811
723
955
1495
1448
289
1625
1125
320
126
515
993
1563
925
1515
583
777
1746
136
1542
724
856
559
845
82
1814
129
1649
1282
836
381
916
685
10
303
1347
1350
1793
841
1486
648
1150
58
285
1298
1501
1661
1704
1252
1787
