522
1408
48
1341
155
1793
16
1216
1821
183
1833
569
306
1261
382
756
210
759
1310
1310
68
1165
239
1532
434
1147
115
926
829
1035
227
612
1258
118
846
1243
1058
1846
144
1846
518
1869
439
693
939
1542
1208
211
1004
1704
802
910
1826
1847
1152
273
753
422
1537
180
447
1055
377
985
687
918
715
1510
1445
445
1255
285
789
834
1724
958
1416
1235
224
349
752
596
1252
1838
489
916
685
1573
337
960
696
854
1688
1553
191
1030
25
1591
411
1778
1364
751
99
248
1768
122
39
900
1659
178
1003
1858
1118
519
1404
638
1127
553
1047
731
970
765
1255
358
1066
317
910
1838
679
1502
489
595
1096
1455
70
1128
1284
1079
530
663
162
1041
979
312
1194
1806
1368
1071
1722
1098
1360
984
1787
1841
1008
92
1532
320
966
387
650
84
317
1660
1253
1744
1691
632
125
1705
601
533
481
645
956
1872
1735
675
654
1740
503
382
1239
632
540
1255
691
616
1768
1124
590
981
1192
427
1262
774
1121
784
952
1211
1874
1125
1502
385
302
1312
151
1328
692
1625
227
627
1447
1400
444
1123
776
798
1680
147
169
1209
1319
1052
447
775
1083
623
1320
1857
1108
1786
1262
1093
1690
499
1488
1173
1400
1313
1569
1063
1644
322
362
143
710
1281
1814
90
416
1366
407
1611
1165
1294
359
745
746
1324
1525
737
283
187
731
327
1045
942
492
1212
1119
1286
172
656
1777
747
1258
982
389
572
1781
229
1165
1182
1457
179
1101
485
1203
1582
1805
783
1400
1266
1289
186
845
1853
1815
195
509
278
817
1062
1770
894
1706
905
20
321
1072
1125
1491
1694
1302
945
224
1745
340
1493
1067
704
891
1688
1860
1655
295
902
1529
1381
1473
414
347
376
1624
425
1337
1553
292
134
555
266
398
540
1583
1164
1616
711
1061
808
330
1514
1601
348
603
646
1336
186
1609
1869
139
737
951
1549
350
112
57
469
1658
1352
260
537
1418
1550
564
482
819
394
1594
531
969
726
745
1645
1701
1630
336
1190
1326
1751
3
905
1052
357
529
1596
687
745
21
1560
888
1597
550
1431
928
329
1108
966
1209
23
1010
1485
1111
233
506
825
1481
1264
1527
17
978
1555
605
1136
1297
273
997
1633
804
1406
1073
465
640
1627
1005
1086
1012
1288
158
1294
1230
1846
1751
539
1719
1590
6
869
687
1206
570
749
1864
848
1103
286
921
563
130
1010
276
1638
654
1128
529
1162
1025
1455
1280
1786
951
1572
1515
1177
1304
1053
275
387
238
709
1750
1391
704
581
1413
1761
302
1486
239
1048
1840
75
1041
936
1296
1458
312
714
1733
584
1748
896
1754
1219
1415
1397
1582
1141
1610
294
1638
600
1299
547
245
901
438
1855
1193
389
1788
911
90
1580
532
11
866
1067
1288
675
239
1070
1854
815
775
991
1434
1207
1085
604
1185
1613
1846
1625
1462
692
1571
244
1092
1037
12
1310
1019
71
860
776
1485
1622
1079
1720
459
530
855
692
1835
1041
856
130
849
1702
1528
84
548
787
1168
89
706
1541
347
1212
1872
67
717
967
1273
396
1496
362
566
771
1802
183
1155
1060
1449
837
635
146
982
149
1450
1177
28
1701
624
1537
1775
1200
548
1089
642
1643
38
1861
776
1415
1174
1261
1202
728
1655
1175
833
335
1087
767
1557
1005
1263
1382
709
865
1800
1286
1504
993
1828
612
77
713
1089
925
1623
1487
1126
1507
1375
384
1435
1685
1146
733
1123
230
1496
4
1049
1461
1113
1747
870
1057
294
1571
780
749
557
991
1112
1307
1503
627
967
1292
1759
1221
295
1697
814
1071
194
1720
784
1172
1514
311
887
586
257
1391
1004
207
894
1614
385
109
1845
1603
267
1410
1663
1041
1866
146
444
1750
1723
1003
870
1091
1740
221
1870
1789
475
50
254
1633
1492
672
310
1517
1448
1777
683
1061
430
596
492
233
831
720
591
1303
63
714
411
74
371
850
56
1434
1874
537
1788
592
436
198
349
1479
1687
605
1437
1277
103
677
1269
1639
548
272
650
1097
1617
404
1205
186
627
1640
1514
456
1031
1755
108
1844
1302
897
296
1223
1784
657
369
1580
406
1050
1251
944
151
745
1441
1448
697
594
936
20
319
1603
1
200
1769
1648
1823
430
787
1390
560
72
481
1201
1674
644
1530
713
182
1597
283
1488
974
1591
1178
1396
312
854
181
763
89
699
136
1295
593
1784
519
814
698
1170
1213
1450
335
350
1398
1790
1207
654
1226
1467
286
662
1509
1055
1734
1270
1079
22
1687
903
1697
77
224
589
432
462
964
0
1654
1681
1835
147
529
695
560
527
1842
470
890
751
1409
503
872
930
320
1615
1730
1399
1229
1457
1306
1511
1047
1519
417
1711
1297
1090
1288
783
825
526
1609
1195
1512
228
1477
1153
1018
1394
687
1495
245
1199
1731
1817
1618
593
133
242
1458
1834
824
1802
403
980
1457
950
259
1244
298
910
1178
707
256
1493
545
602
1559
616
1059
1450
1830
1544
1223
358
1673
319
1568
627
206
1269
1014
1872
995
593
432
1840
98
992
582
1585
1608
1044
258
1849
67
1861
978
1690
159
565
1326
941
1214
1497
507
1264
1810
1641
438
243
911
931
123
1726
970
970
254
1708
1138
1287
91
524
228
909
867
1813
1084
1011
1692
871
280
499
93
1665
782
16
733
835
631
125
1730
1761
787
1789
1192
825
789
45
1203
1060
731
552
1181
580
130
1430
1038
1516
1480
197
133
852
236
806
995
1303
1003
1096
487
1508
1746
1699
1317
1317
1684
186
1643
571
766
372
288
512
392
652
722
42
651
422
1092
1380
1397
1009
1299
73
1266
1572
376
916
39
1328
545
607
990
431
409
377
1009
1284
1608
1762
1704
639
387
325
1781
1153
73
1021
707
1663
981
597
161
498
79
890
1391
1010
618
314
999
1150
265
882
1120
1566
814
1210
675
1392
200
229
24
25
1613
1062
1681
1153
920
687
1684
1648
1478
688
1368
985
409
230
873
1037
1809
1175
1291
303
1471
1784
562
275
711
988
260
957
1042
1618
534
666
636
1726
1425
780
910
1838
1308
1253
1805
1179
1510
873
473
1581
1839
1454
1785
655
149
1570
1254
1258
1467
1219
1866
1087
689
1610
395
1154
1693
773
1467
78
273
1347
1123
409
248
617
1416
154
345
51
1498
1332
1408
157
1703
324
1619
236
773
244
1383
389
197
375
304
1565
461
1499
864
19
1592
1258
91
1349
737
1865
1645
537
1220
155
1304
1232
316
1360
71
1646
1490
523
613
1734
1180
695
1130
1380
505
707
1456
1458
1175
438
715
1310
1833
893
1837
6
936
424
766
634
1452
1233
1581
851
1293
1526
56
524
1867
1336
1412
1323
1064
1845
740
86
1636
1775
567
1404
15
1225
1493
876
415
484
468
400
704
850
1144
956
166
1546
1091
1068
108
1481
642
1425
588
872
1069
1424
262
1580
985
666
1865
1297
213
1650
263
360
331
1690
902
1007
1284
1278
137
58
471
352
1424
1581
1084
1377
252
996
525
1091
1484
1257
350
88
212
535
1800
901
1809
594
941
823
1476
894
774
10
151
114
384
1392
640
1292
248
857
1696
1832
744
273
1477
728
1872
920
1373
965
115
318
378
577
314
57
769
461
1274
578
548
542
936
1486
1545
1389
830
1318
1276
1863
665
455
848
537
504
1392
1003
294
180
1063
77
201
355
1423
1297
622
1168
312
753
1705
1
1048
1098
1059
620
676
50
1785
420
252
426
241
124
10
18
1609
1109
690
1063
601
1749
567
1106
334
1544
873
1099
1714
43
1536
854
762
291
824
715
360
1668
1543
1688
1324
579
965
1620
907
88
801
315
1582
1743
195
1682
1120
127
612
1594
1390
120
1108
37
1009
1645
1623
314
1480
1546
340
1212
152
77
750
595
1137
716
933
1465
1812
1513
1710
136
193
476
634
1492
942
534
59
875
987
351
1767
244
534
1677
1229
1586
1654
783
1851
644
1148
89
954
1725
1787
772
872
1332
420
1716
558
666
1311
1687
1629
1578
668
1138
1021
1714
1042
1360
1274
1132
218
1193
274
678
139
1874
104
1331
1610
59
1595
596
881
112
1240
1463
12
1131
124
1279
1773
1340
586
1481
481
1530
1520
406
133
659
988
945
1688
259
299
1601
1670
324
476
450
72
300
419
571
1433
945
480
41
1581
1550
1527
1670
740
1719
1033
665
160
520
1298
253
1632
364
536
600
120
981
1352
438
224
167
1416
1397
1447
820
1546
1599
1298
310
1356
1828
905
1645
1226
512
1288
985
83
384
243
73
1703
1445
285
363
1625
1225
988
1103
545
914
555
142
922
1506
340
1447
122
1505
291
254
138
1104
646
50
735
471
367
977
25
1214
1766
340
55
604
213
83
32
961
89
435
694
205
564
75
1822
1609
1435
475
1199
1836
479
1354
1485
644
264
916
677
1297
1024
239
1833
1156
272
925
1035
1710
1728
539
1114
842
1556
1758
563
1603
1631
997
1635
526
1351
1390
363
1049
714
960
1718
1451
560
132
1744
1322
1427
1657
586
471
177
1249
1288
1301
89
112
290
384
246
1349
1518
875
1041
435
85
916
1481
274
199
875
666
1546
525
109
910
736
106
563
1055
335
522
1763
446
1720
1352
1699
1205
1730
406
1506
551
1624
2
1322
85
784
1259
600
564
1764
1049
1196
685
636
786
1465
1647
1045
229
449
1155
414
307
1245
1697
411
839
561
1191
1873
934
1086
1064
1566
1213
1872
1632
405
898
629
1587
1466
162
503
1708
1146
1437
1804
484
118
985
1482
1339
1715
1197
1587
878
1803
883
791
1642
860
1640
451
608
461
56
1420
1007
943
1848
1452
1592
1063
235
1686
1498
1508
870
514
776
1040
907
607
213
1296
804
1409
880
1427
325
1718
705
189
13
1232
511
1723
1064
310
289
295
262
793
230
1210
1033
1147
467
3
671
882
1092
278
1331
688
475
1654
646
887
134
1761
411
570
206
432
157
922
809
838
1032
137
57
1128
1016
1839
