763
1596
730
361
1240
953
1177
175
1250
50
564
524
1448
584
863
213
855
1479
1345
184
1115
1632
1684
1490
702
1329
178
712
1094
348
123
273
880
1337
1205
634
1457
1313
1386
627
1019
1769
355
903
941
960
1703
221
1780
1464
1466
1224
914
321
269
717
1435
398
1843
1154
1577
1811
1615
1178
839
673
1245
1854
1219
1200
14
783
1509
87
1677
92
867
1804
1468
681
707
446
1870
1506
1697
378
732
274
1507
1220
398
1693
1635
634
704
227
1705
338
1473
492
379
791
551
3
686
242
234
1680
1689
657
323
1090
1179
1410
1825
1552
315
678
1537
957
1813
191
1236
1168
733
70
730
406
670
497
1241
939
1095
748
117
1788
1353
1134
679
1246
45
687
1184
721
404
618
1013
1722
313
32
1386
790
94
669
417
336
711
1109
352
332
1046
1027
1020
694
636
1464
807
30
787
976
1495
391
1672
1301
643
330
1083
1656
1497
445
1748
21
1477
427
1332
946
873
998
912
1320
748
37
1694
333
341
1029
1573
17
1800
1338
683
1380
172
1717
385
851
682
474
7
1312
579
1737
385
1656
1865
709
441
306
894
1489
1210
226
1237
1810
968
615
435
624
125
1180
367
1510
1332
425
1471
1140
1800
1302
1249
1529
163
1720
1411
1518
1851
234
326
634
543
67
308
710
689
285
825
294
1315
502
245
875
1387
507
947
1859
742
327
1100
527
805
1438
1315
171
45
258
1801
278
1664
936
1551
1822
1744
1121
1290
1391
1821
1710
1447
1758
315
1587
905
617
210
271
1499
1133
156
88
1616
115
544
775
927
1500
269
1113
693
1100
1153
1011
345
859
134
110
477
1421
1689
446
726
224
1174
220
1781
1460
1586
526
793
1708
343
37
1338
103
1012
828
1118
967
1558
1803
259
59
140
422
395
192
6
1015
957
844
1598
213
1500
506
1727
1279
501
960
1282
454
1077
283
314
1619
1343
310
365
935
217
477
1078
518
1728
1241
226
468
635
490
1857
198
312
228
1077
1574
1696
1612
799
560
598
1659
772
913
1549
1556
1529
1374
209
903
547
1535
446
661
272
1278
1724
1653
891
1540
1531
1461
703
1426
1106
595
292
1287
320
1147
171
1147
959
921
1875
510
937
1095
1402
741
773
1127
1028
1461
614
433
615
1674
1217
815
156
136
478
1271
1249
555
1729
805
1300
1669
1259
902
990
901
1797
1653
878
552
1024
920
1438
555
1201
436
527
1424
556
1732
519
1518
738
487
1409
1809
408
826
536
903
649
289
1006
936
1568
1623
859
106
1699
1777
1351
1613
569
1821
714
324
992
739
972
1163
1134
1166
829
395
1153
627
1835
935
749
542
1383
605
1393
775
1628
1770
736
529
780
348
1015
413
812
661
575
16
685
0
1116
670
678
1650
203
366
1221
254
755
157
96
328
294
235
878
1717
1371
546
1746
410
1850
1288
1186
1754
1871
1009
1276
81
510
923
1643
43
971
1622
115
221
785
936
345
1400
1071
606
735
1398
577
677
174
1652
1315
836
142
35
1678
1274
542
599
120
1160
484
1836
75
21
303
84
1230
1214
1179
51
1740
223
1312
50
1414
347
1277
1468
746
1076
1624
1683
865
1299
631
733
600
950
162
121
1593
1025
399
102
1849
439
1078
559
1833
324
1314
1404
1809
10
430
1215
156
255
373
831
160
1734
1289
1228
255
1551
1299
1088
473
992
41
1743
1528
1048
709
1726
1385
467
1760
721
417
1154
1020
1544
608
67
1489
1098
345
453
1227
333
227
974
1613
573
1715
1573
916
272
1131
129
361
169
294
1712
1772
175
408
1765
864
1305
1554
1821
1659
340
683
332
1075
1101
1346
1005
1680
645
34
794
1840
555
1800
207
966
50
1781
874
1683
797
114
1695
1219
381
1367
170
731
1524
1598
1629
994
997
554
948
95
1642
1763
972
73
799
1124
1470
925
1104
115
1863
905
526
699
931
1107
465
1329
324
1750
787
1253
1485
1705
1208
78
758
260
537
564
40
694
155
1056
27
1071
1827
950
1364
985
1478
1296
454
1646
529
1329
589
251
234
109
689
1796
224
368
75
1219
1162
677
1778
1144
423
1650
981
224
26
973
1583
790
1429
1658
987
177
280
1191
1272
503
1491
583
957
1562
186
1141
905
1633
945
1263
1722
1595
188
157
1628
752
201
678
544
336
1840
481
943
1816
1009
1388
1556
214
1402
1821
1764
749
1641
271
861
921
376
237
1052
1287
1799
1604
803
571
1467
1610
290
1146
379
772
1453
1388
931
521
837
1829
1121
504
1323
240
1324
639
563
242
830
1428
1385
254
671
1056
1384
1825
380
317
748
758
1199
976
1374
832
1760
1209
1047
380
1093
329
433
499
1760
1018
1528
1726
148
419
1121
1637
38
16
514
876
236
1845
1226
1753
1423
1433
1465
182
920
284
1155
1411
76
336
1094
1181
1050
549
1178
982
753
1342
1327
1066
859
626
1097
720
144
1731
439
1386
452
1005
1735
104
737
1233
118
88
393
1050
1529
1373
903
632
75
352
866
709
123
1062
565
603
1239
804
985
1420
1223
568
80
1084
846
1127
1571
1785
925
483
1861
375
389
590
1602
980
283
1388
1500
1016
892
1038
359
1861
563
1660
378
1127
1569
766
1417
376
1453
1167
791
1360
1639
1549
15
772
1811
1653
892
1710
1149
1715
1603
1176
521
1699
1725
92
1413
1534
1298
702
1859
126
1598
487
922
699
1393
673
1615
764
1188
60
304
1178
1787
1583
822
1608
1564
1501
1636
684
511
611
85
24
409
668
1352
125
555
157
818
1104
719
1398
176
1387
451
319
314
744
172
781
874
1463
1292
94
1009
495
996
1204
1368
514
1543
1608
1243
1834
1167
1509
321
639
1598
580
664
216
665
174
535
1007
699
605
775
457
1298
703
961
979
1073
89
58
1248
848
298
1294
1207
1567
1488
364
1468
270
270
951
508
268
35
1866
1712
880
237
945
361
1571
529
1655
1633
605
1148
1439
432
1715
29
32
1844
1139
1079
1576
840
424
1474
254
847
313
1775
813
434
1180
946
1723
1749
364
173
1182
1453
1112
203
846
691
1651
1794
650
664
1741
163
138
250
726
21
1532
873
47
767
1104
1041
1140
441
29
451
1246
1273
1219
1504
1805
1850
1388
897
186
1387
806
1709
1633
653
760
478
520
1625
71
1307
84
1502
340
1424
659
1254
1415
477
591
861
1571
1443
1224
1744
186
1643
1840
356
581
65
816
1029
1266
975
1375
369
810
1114
1100
1020
1472
1354
342
1099
471
1662
1174
1640
284
1781
1596
1762
1084
95
697
696
250
693
1754
489
560
936
757
772
1154
1117
1011
185
545
686
738
185
1813
498
1028
1173
1764
512
245
913
1613
107
920
1508
963
709
1439
1208
698
688
510
25
133
634
853
257
1607
921
626
414
1167
1260
1315
1364
265
1842
1817
257
413
1335
262
1343
121
1441
45
526
639
265
1128
493
158
1689
1385
1044
1256
670
1491
1311
183
1498
315
128
1771
1234
766
811
263
1021
1803
1782
1827
1250
1579
1278
1479
88
855
273
293
148
131
17
710
1423
1608
1516
547
1196
744
445
1659
1692
1471
1184
1233
425
1808
208
1431
1855
871
1074
1218
1545
259
234
1316
1485
1641
1205
54
470
1871
1061
1578
149
952
1481
465
416
547
1476
1576
1185
1021
894
1013
773
1143
834
703
1173
1476
1779
1746
1474
1291
1185
102
821
168
570
489
39
269
745
1538
1751
1791
838
490
164
1707
257
745
1298
503
785
843
531
160
523
28
1380
638
1004
1856
1629
800
784
1591
343
1642
574
1217
1505
1559
1549
449
1049
1846
1079
1723
195
511
970
7
1838
1693
1796
1523
1797
1122
1245
1343
607
14
581
1514
73
1764
519
481
145
1671
340
629
810
222
306
1212
116
192
228
1688
1852
988
962
751
1786
32
1368
787
1741
1173
298
822
1158
832
767
1818
1398
1700
1483
1681
38
420
1859
1521
459
423
1629
1847
1565
659
313
1772
1414
1811
533
1048
1739
1162
977
1022
620
854
409
166
688
94
92
140
247
285
1046
367
823
1713
227
1732
808
1624
469
420
860
1112
308
1575
278
73
684
314
585
25
1163
371
1112
1321
1348
1004
919
776
24
162
491
1409
1592
1371
1435
260
1111
1014
553
83
24
945
284
206
335
535
1600
1216
120
1343
1615
1262
686
720
76
1321
52
22
1356
573
1114
958
4
1869
243
1276
956
88
1660
1496
1184
1379
1752
123
25
1385
1499
802
1284
102
1411
1838
305
313
1658
1190
1842
931
1869
142
130
1647
550
649
65
774
1553
1435
539
1229
1415
1866
253
1051
821
775
1382
1382
1668
504
1613
31
336
953
1522
516
1103
1799
303
112
607
705
951
935
1302
18
1295
1025
1764
1218
175
1488
984
375
340
1751
641
1344
1068
996
278
1165
956
1710
884
997
1135
516
194
539
1133
507
563
50
1607
307
1375
41
658
1783
1007
1358
840
1288
1496
789
968
1091
1173
204
864
1520
133
1770
0
742
1161
348
384
1186
1155
1585
482
1126
154
774
96
863
1521
1141
1332
48
835
1147
502
1434
1772
523
1771
1306
518
1482
488
1343
1202
644
1330
729
1569
1379
413
51
1603
1049
852
920
971
1508
560
1502
218
746
170
367
1783
1672
868
305
1233
1245
455
321
89
275
1394
1462
351
272
1583
406
1245
1663
567
45
1215
300
508
923
1522
1733
838
1277
1116
249
918
459
1288
376
1110
609
611
304
997
706
949
632
1866
41
1412
1271
1025
1803
955
83
685
1280
710
344
1631
1011
803
1317
447
1752
1861
1690
1188
191
950
305
381
1017
557
436
282
1058
668
860
290
249
193
1373
1218
1169
557
562
1262
485
25
1289
1400
1458
468
12
1738
215
1602
1676
1056
1675
1458
573
825
1813
815
1627
270
1479
1318
1455
297
1552
963
436
278
1550
1291
1860
303
1325
949
1008
1398
1448
1071
1331
1134
823
913
645
1199
1671
1146
1371
1443
876
720
230
1565
675
784
