1131
1530
1332
1473
197
1810
831
1688
1341
1768
187
1024
1448
1176
418
176
226
1864
340
496
981
1684
250
479
319
1187
1202
91
1858
212
320
1847
1174
1048
646
1699
1727
1265
908
72
1839
1140
1152
1476
795
647
1874
175
1571
632
1091
246
1220
738
680
1549
124
372
1581
1778
1032
1817
697
1858
615
1118
324
1784
1354
859
626
1789
710
1484
1309
231
446
1309
1324
1326
1707
1681
810
1429
1122
957
277
1031
1796
1851
288
385
354
1514
448
601
1841
889
816
33
249
260
1537
1377
1692
1302
995
626
1599
1754
1015
682
519
188
1208
275
1400
700
803
889
786
1313
719
1203
375
669
864
506
320
1582
1490
936
1026
895
1312
539
1258
1439
1461
226
500
136
492
1190
358
1402
1509
776
1189
97
1560
1473
1601
589
1573
1606
660
904
853
717
951
238
157
1139
1028
217
284
592
78
71
366
1478
869
401
1348
1228
747
151
385
928
1094
987
814
237
1104
383
1515
1772
1046
470
1773
361
980
60
1377
601
181
1874
772
619
1533
653
162
1213
1483
17
1437
1037
651
1156
332
1309
1133
1450
180
628
599
1685
1847
284
581
1545
842
40
1794
1417
240
889
614
1163
359
686
978
1665
955
556
1398
1475
461
1543
61
645
879
110
177
182
653
1682
1272
1700
1117
1383
1269
1416
1543
949
187
1304
1153
1584
1131
1421
714
757
1145
1222
1693
1670
1708
1284
1514
568
1417
250
1350
112
1101
700
1330
1700
388
1495
974
689
1435
810
1565
297
1801
759
400
992
433
1679
1516
946
1873
1409
752
893
839
99
441
671
594
1024
1652
466
729
1463
1317
220
508
454
846
823
1529
241
657
1181
1808
1672
348
806
1406
1123
569
324
1765
190
827
185
1237
638
1456
1679
161
1842
647
72
1444
322
1804
882
1757
69
786
299
342
657
59
1332
951
1669
598
1225
401
81
149
1098
1365
252
1298
1645
1342
1322
1501
913
1261
763
134
1695
176
1533
1256
1856
574
187
724
1193
1054
531
130
1412
505
952
1058
762
658
1439
719
1125
857
712
64
6
783
1150
844
53
1658
1691
902
827
655
716
777
1121
224
1097
917
199
1009
1390
1698
1713
1055
1721
1132
907
1369
1676
1592
752
1780
203
1279
1312
1207
738
1211
644
169
161
891
531
965
164
1572
1657
1573
1410
147
453
970
1077
8
1074
857
775
868
345
579
317
1606
871
825
1105
916
449
984
1097
554
1202
1120
1245
3
1631
1498
34
9
582
635
900
1353
1414
284
88
1473
1778
998
73
1606
287
1832
683
707
332
1313
548
79
1436
1145
1301
888
868
1554
875
18
1767
1026
455
542
1699
562
65
183
121
915
403
1141
299
350
1402
134
156
318
833
684
1835
697
1403
178
1392
576
197
1823
580
0
1490
1568
1503
1044
575
205
314
1593
877
60
1021
1310
1535
1493
1069
1426
1248
848
188
1153
1319
702
165
342
1839
1263
1052
1213
469
1710
1567
1696
525
782
866
301
260
583
560
1369
379
869
1711
1384
1322
1667
54
935
98
750
135
753
196
1463
1614
362
20
122
1637
1254
1264
1294
1483
832
1324
1682
1750
1099
642
718
1367
1718
258
1599
1862
550
340
151
413
451
519
1738
284
1297
1578
569
1782
1227
1768
1515
1533
574
1868
1707
1607
1271
1706
1064
1598
1374
290
1664
1517
138
699
530
532
1823
918
983
1600
1104
1372
779
483
910
502
118
1614
854
940
557
1058
628
1713
877
1229
894
409
1350
27
616
1730
541
916
435
1678
288
1118
282
160
914
48
424
303
1131
1326
103
1858
1183
64
262
382
1533
813
1138
551
914
410
1096
908
183
1874
101
1195
1348
40
243
1482
539
230
1020
964
1215
153
1753
670
437
247
499
344
1833
1366
1476
1167
1124
1423
1109
948
1519
663
85
297
237
320
942
116
674
102
89
204
858
1778
970
569
1426
1477
243
1576
65
1712
913
1419
1828
1122
625
1500
992
727
1607
1791
816
889
64
1228
799
404
1329
1841
1611
1382
1320
683
52
1776
499
435
1280
1666
1193
963
1607
1019
854
1566
170
812
1256
1131
1683
1291
1219
934
1661
1337
545
139
547
1602
1301
136
694
82
1569
509
516
1312
160
1439
254
1525
779
1443
169
1271
1869
662
153
1674
167
122
1373
1685
964
514
282
1696
1289
1570
77
1605
1769
324
342
788
941
361
1093
545
1487
310
1046
128
1604
324
562
198
346
1478
1526
1269
446
204
485
964
20
1435
134
1784
950
21
807
422
1244
967
401
1871
74
817
213
1752
1049
723
795
103
262
644
1425
145
414
695
717
1448
735
23
1674
457
1829
434
1729
250
909
1471
343
1732
1447
1707
1250
526
289
1683
258
569
1030
423
969
1282
750
1501
991
1407
326
80
522
1268
80
1628
915
724
1756
911
776
425
451
637
697
60
1064
244
1501
1743
501
1093
1724
1750
1866
1026
70
1284
1662
1316
429
1746
1021
1373
1539
854
1183
262
1405
396
957
227
1797
1465
1565
676
1866
1346
36
1417
1326
1566
1275
722
1318
1693
923
478
604
1555
1653
857
1172
461
920
632
575
109
171
447
337
746
420
555
107
823
168
1401
1012
292
1642
575
782
1741
1822
1484
1467
1788
1360
1443
1086
1465
1588
1182
1298
177
1335
1329
780
265
623
1292
1464
1702
1348
692
1477
1044
372
235
1129
708
295
1246
1202
92
368
504
507
1800
1485
960
953
1368
551
1307
536
359
310
1792
613
860
550
585
771
95
1150
180
736
1058
1180
143
688
244
1228
597
601
1295
1255
1273
1178
1801
646
1181
221
1477
760
1370
578
778
1256
1864
438
761
1807
231
17
1237
568
1803
1828
795
295
177
1199
1164
692
804
1729
798
1337
142
43
1204
1661
583
1866
922
932
1603
1590
273
886
22
1819
293
1470
1098
220
1817
895
646
383
41
439
228
711
1369
1229
1053
1219
724
355
1785
1875
866
454
885
1444
344
113
1378
1802
352
1033
953
841
431
566
1675
1572
1721
1094
771
293
1265
1847
900
1185
326
1084
1152
813
1806
961
1015
1041
462
1159
394
502
967
974
1367
980
445
1456
0
831
1689
1208
1085
66
1307
202
34
1310
857
363
1134
717
475
1027
1188
961
1187
1030
780
1759
1694
1422
508
1856
1175
132
48
558
1807
954
660
1406
1612
1467
858
839
131
848
441
1066
573
525
447
975
1535
344
404
509
568
307
1573
366
147
1073
998
950
1016
261
705
717
1455
603
1604
22
70
1222
195
1039
69
1826
812
1119
1257
421
1303
867
1146
1651
589
95
1806
817
1536
946
982
1086
562
1721
293
891
640
307
224
1615
1875
1735
79
7
279
901
1633
1655
81
1360
425
1153
1811
1301
651
1079
942
1335
179
380
0
1130
1521
406
279
1411
1398
930
1781
530
1557
866
918
577
1789
1
861
731
43
286
854
1832
585
478
287
29
522
1390
1593
913
217
93
1355
1349
1171
989
1738
1700
1774
1316
1039
845
154
719
618
749
1010
710
833
1192
1177
98
343
99
1337
819
923
993
1589
885
1704
293
688
1081
1446
591
1822
558
1722
1242
339
804
1579
573
453
1480
1203
262
1084
457
1127
1789
1383
285
26
1674
1469
29
1617
1568
272
1737
1333
751
1444
1159
182
462
220
1820
1762
1646
1253
728
594
715
1038
1727
1478
1520
977
1085
277
1702
363
455
1794
253
508
1404
1005
1455
1658
377
1707
846
1785
1830
762
1653
1772
1383
1342
86
1296
642
1133
1677
191
935
1848
1651
1365
1529
768
1812
1352
737
710
1513
1783
635
87
326
428
1
1058
396
1653
749
895
896
1477
415
1594
1170
1039
702
295
14
394
1004
1161
963
674
975
401
1534
1726
845
391
78
808
1057
980
1816
1230
109
1187
1242
1062
583
1449
35
730
158
1697
813
1801
613
581
1496
1475
1123
736
1794
77
482
1831
462
796
559
298
958
1143
1670
739
1529
941
911
1287
1221
855
1767
234
1836
66
1073
316
1871
956
613
1060
1057
985
707
721
745
184
428
477
373
1002
310
295
888
407
633
956
1146
483
386
821
187
735
72
1428
1089
86
715
1679
1679
1405
1620
340
618
834
72
548
47
442
1592
1123
1148
1162
115
180
24
744
1397
1825
778
994
570
1061
100
862
1838
1311
696
356
1801
150
1710
563
1116
1381
723
753
905
956
1438
470
1495
1611
159
569
1151
374
1551
228
839
1805
1209
661
1496
568
451
1730
1672
1176
971
886
524
219
1350
1744
1154
1777
95
1626
1139
1147
738
245
539
975
1667
169
681
648
671
221
85
329
1044
141
192
535
592
1510
663
477
1546
669
1549
1067
139
887
1724
866
1568
537
1669
1585
1321
1620
690
370
1491
1269
774
1637
1641
987
1442
1438
1422
148
1618
1013
1310
219
1746
543
1624
1603
59
1641
1115
1476
1388
3
1553
883
1422
838
1674
712
450
964
1252
1083
249
696
1405
1237
1756
69
1611
1568
714
634
206
1475
938
1123
293
480
1415
261
1104
66
1409
135
1050
961
303
781
1578
835
503
1338
189
727
1251
887
105
1011
940
12
1285
1363
1045
843
1063
1139
417
1605
1260
46
1751
502
842
305
1443
1548
1127
1607
158
616
1303
1525
1498
824
724
395
1371
372
8
1731
145
1205
567
1595
1065
1365
1317
1016
898
1612
1565
376
771
152
1690
937
1381
658
290
1344
1549
1209
1173
745
14
1493
1438
1070
1345
597
331
92
561
720
696
1817
1674
1697
87
1838
1301
1731
839
214
943
544
739
719
1711
451
1782
1533
869
149
1115
1852
1176
1595
505
48
840
1032
1244
270
1159
1762
1260
1704
1178
115
1532
1802
199
669
191
1762
1338
1423
1601
1460
1124
172
1062
167
220
4
1354
7
1092
1651
628
127
1752
813
1743
779
1374
1842
975
1747
800
801
1763
84
1704
367
350
1693
60
975
407
728
9
830
1113
1475
314
646
741
307
208
151
175
1674
695
1003
359
550
1786
417
911
