1864
1522
1756
1835
1063
969
1489
238
1701
248
1487
555
121
1269
1148
1607
1359
587
1594
1482
1233
1669
1041
277
131
143
1403
269
1225
861
353
1006
622
343
1277
150
160
1707
293
421
714
1092
1447
566
97
1229
255
1299
36
412
1037
92
1012
1773
1106
451
1489
652
713
912
276
667
1592
146
1523
1455
1759
530
934
1641
933
691
740
1498
261
276
1669
1232
2
652
1661
926
887
1751
998
1258
1110
762
1502
571
1826
1410
1447
329
1720
894
313
1717
1372
1605
684
888
530
1761
547
287
1353
776
1048
473
1627
97
592
47
675
1713
1089
187
1255
915
1019
895
825
875
1825
1476
12
248
763
787
579
1873
227
165
314
727
363
177
1200
705
1221
1401
362
99
1130
1032
1217
1645
696
1834
1699
271
445
1667
638
1657
1609
629
861
135
1527
1354
321
1628
1663
684
130
256
1468
1168
430
1532
240
1557
1206
902
1746
396
1512
1551
148
1187
1518
616
886
775
425
1415
54
1339
1571
909
319
975
1239
1024
1705
1154
754
933
299
613
1053
1349
1711
1250
571
925
559
308
960
1580
1442
1375
1371
1434
296
450
923
302
720
1352
311
1138
532
1182
1611
613
1397
275
1737
1050
1470
293
1310
1771
1201
573
66
381
1762
1742
1118
1643
811
1168
1053
1124
4
988
201
974
1347
59
1587
46
1441
975
565
1758
833
594
699
1101
570
982
1670
1194
131
1366
916
1205
993
837
854
1116
1320
286
197
968
854
351
1344
192
1683
49
192
1622
1205
154
1335
1089
1611
967
742
1158
332
259
106
323
1024
1684
784
343
879
795
362
496
1578
815
1441
32
1160
351
1822
172
411
1510
791
684
923
829
1207
659
490
1237
1815
1120
1099
1538
917
1088
915
1171
1050
460
696
1541
1720
1427
949
269
947
345
197
96
479
1665
1778
528
177
46
919
471
259
1411
1561
62
847
446
989
1338
1697
858
1821
1297
1696
1622
1417
1708
1275
295
568
900
595
1107
765
1206
720
1774
648
1382
474
239
1147
333
535
1553
404
1411
1600
1711
1604
1302
810
1311
1493
81
1484
512
1725
1521
1795
912
328
1056
769
647
1422
1699
1818
956
314
304
1863
1791
625
858
303
1389
1809
1822
429
1832
1510
1817
587
894
1111
1675
1330
1551
1643
159
97
1612
199
1281
1331
125
464
967
887
50
607
1230
55
685
703
1283
804
1739
1660
752
864
574
610
372
1558
947
1656
1703
1593
1359
217
598
1831
914
212
441
1863
1228
852
1745
1721
1301
648
743
1342
1014
765
300
1177
1401
73
95
667
839
1861
502
849
1664
1199
623
498
600
719
872
602
1230
1490
1864
1237
298
148
414
1020
1172
610
1548
695
1426
1042
146
1392
321
1132
1144
508
712
79
1718
1844
771
1047
1235
1830
216
325
1642
1609
1497
133
645
197
410
1657
1641
787
1255
901
1186
1099
1569
1713
804
1572
616
1392
175
703
14
155
379
1221
1872
1403
940
586
428
1332
650
155
456
961
492
1264
1438
843
1583
133
268
1188
1266
468
1810
226
1032
370
537
381
1198
148
1568
1201
312
1649
152
603
759
736
894
1307
828
1236
412
852
107
489
827
1113
357
337
1153
613
1870
852
1733
1723
625
879
157
292
1435
811
1666
1626
1405
1647
1605
300
350
1115
1867
1059
1024
1016
1114
1034
1414
878
114
990
861
1682
1501
1023
1249
316
231
1727
1279
1366
1505
1738
653
700
58
1217
531
1157
505
354
1652
835
320
858
719
979
710
1720
1676
1674
877
992
641
168
405
514
1242
1154
1544
1528
1278
952
334
483
1546
1086
753
767
1118
1444
420
56
501
1650
1497
798
1087
1233
1023
1724
1036
1486
291
1241
830
898
103
1713
1227
29
1062
1235
1002
47
1191
1042
208
789
237
226
1453
1443
185
1794
1760
710
752
1804
1491
203
1377
368
185
474
984
15
1661
1419
712
1738
867
1274
1798
10
1171
50
1391
494
611
1152
1577
303
77
1472
96
389
57
1166
685
849
1305
1397
627
872
1245
278
357
178
1295
403
1523
86
1122
1299
1653
304
460
1615
123
868
526
1691
1306
598
308
740
249
1874
688
777
680
932
1783
1658
174
887
1177
1151
1079
248
1352
1652
489
1532
1697
1237
255
209
892
967
774
99
277
1359
937
1601
307
146
943
1767
607
309
1370
1871
818
672
1286
237
1130
1311
946
229
1491
1514
235
243
316
1123
424
1101
1770
624
66
108
1725
695
1686
1692
59
172
119
629
1375
1565
1339
1722
1870
60
468
1847
351
1814
894
823
1103
764
1659
1585
1707
327
1437
860
1170
248
1129
1783
1164
448
794
383
10
1474
1794
1843
227
218
900
1608
59
770
482
1302
1331
1492
107
417
155
898
1066
185
948
927
25
1445
1554
401
1680
513
46
523
643
651
1661
1448
1046
310
1374
1857
599
1850
1873
1741
1577
85
554
747
471
610
718
79
1291
210
1452
866
1594
636
64
1282
843
1198
307
519
263
573
1073
565
830
97
566
782
1866
1280
1027
1435
691
337
809
1500
1829
1202
1697
1556
1870
834
1647
920
939
1656
962
14
596
1340
1811
254
1690
1314
1192
1820
473
1511
187
892
1586
1542
1094
1166
705
746
866
524
860
233
1389
1544
1762
996
917
166
686
388
1135
1127
685
279
309
919
1003
227
1244
648
1411
380
883
955
1821
224
1797
784
1777
235
1113
1563
944
187
1582
1287
811
1155
145
513
295
1213
51
450
852
586
1341
1712
1421
443
377
1012
340
715
368
240
788
443
1197
1711
319
241
100
915
257
583
1346
510
1711
1447
1205
195
1037
1099
489
1789
1331
434
912
686
309
726
898
733
1193
291
172
1686
1802
1771
1171
542
1801
952
1239
460
115
183
1246
1734
1744
446
1226
205
668
1595
755
836
1700
208
475
1011
1672
204
1781
85
399
1177
199
797
1789
498
287
1149
954
1122
353
412
305
1398
1396
1735
315
459
675
1232
1694
924
243
1315
714
68
64
1465
1563
838
871
40
685
1252
63
720
1000
1079
1227
588
1232
920
963
296
1717
472
1750
1850
1
1180
523
1065
1054
449
451
448
1059
1130
831
920
1340
956
1268
669
334
745
873
488
534
928
1357
1624
1307
570
876
1529
8
454
1809
1466
304
191
1834
1382
242
1461
532
607
1799
136
1382
136
450
235
520
1442
1336
939
203
374
1155
1798
1071
1751
1300
1571
1211
1713
531
1776
279
907
1037
1039
876
1284
1689
1075
404
884
1001
1254
1118
1742
1795
1710
352
535
542
909
1416
1644
1314
84
392
383
1726
1437
564
592
1769
1623
54
1233
1194
647
1359
1518
1391
207
435
817
1309
1791
739
1801
1569
930
1270
60
10
335
25
598
296
1664
21
1446
1664
1040
1542
1456
1724
242
1115
179
699
523
1036
402
1756
85
713
263
597
98
1543
567
1606
1792
1340
1577
322
1750
543
917
926
1208
1607
162
1785
204
367
1101
1151
1319
858
718
262
943
1635
1516
1027
1545
1505
1554
1521
357
288
1427
1809
667
1822
907
1646
892
1093
1821
1120
32
1506
1162
1719
869
0
98
946
133
1276
423
1047
731
497
553
1546
1444
178
89
527
1791
1273
1176
1471
1520
1430
354
815
790
142
557
561
1813
1276
317
1058
128
380
671
1738
1590
1086
1533
182
1550
533
255
1132
1598
940
1281
1057
419
1549
65
305
168
283
1041
1290
976
127
1505
373
237
873
1031
230
1098
516
476
1108
518
1613
746
1353
1075
912
946
131
239
244
1218
57
97
1185
535
1567
156
398
1552
930
580
221
1453
857
556
221
1344
780
1774
714
372
1376
115
558
292
1096
495
1061
49
813
941
1220
1664
1391
1220
1403
46
1240
272
1491
37
789
1513
1582
87
501
534
409
1047
338
504
214
1469
17
1660
735
234
1129
261
1747
429
41
1221
1518
1320
1634
1557
1323
169
1076
662
406
101
1135
294
1557
282
1828
190
1771
1738
764
1421
54
1150
412
1067
813
466
1808
262
1737
990
1569
3
258
970
718
1321
116
916
1722
164
706
370
1820
182
119
145
914
1059
1590
1540
225
656
41
1484
1643
177
764
384
1635
1831
1350
1045
638
576
284
1636
1505
530
1496
737
132
1621
1682
578
1371
16
1758
978
353
753
1448
1853
1627
1575
1138
1462
1261
1502
1
490
1671
850
1820
1168
1235
1063
509
272
1693
199
771
1467
1710
1450
851
1104
325
217
1134
1176
563
152
1760
230
1392
1378
1264
1330
1430
706
374
1769
1251
692
773
757
586
808
1426
461
1155
1667
767
422
352
1600
1664
714
1758
1746
705
595
722
1514
719
896
1311
522
1737
1206
1849
1814
1471
1291
1566
1105
280
1502
528
1113
1396
605
1152
221
568
910
391
1767
1110
422
213
1774
983
1518
602
700
509
724
28
1681
1563
782
1186
29
198
793
1655
909
1458
1125
353
1116
521
185
747
630
504
1296
455
601
437
1483
119
607
531
1398
246
696
599
439
311
1810
734
1179
382
129
814
920
394
1781
671
433
1713
1520
1196
157
499
599
1331
215
1120
1842
295
616
360
541
135
1493
692
566
622
1718
1366
44
604
239
475
543
822
662
762
436
965
576
1591
887
617
239
695
29
1087
1534
1826
891
261
211
1512
1430
899
314
121
545
320
1737
409
805
1485
1872
22
567
1562
1510
1064
455
663
917
1534
518
1146
89
1496
67
1018
219
883
1625
1851
120
30
673
220
721
1557
1524
1390
126
656
1230
728
1625
1707
1363
819
987
916
1524
870
125
260
520
202
1138
1622
1709
903
1683
1523
1757
250
312
188
976
147
161
898
1479
1856
744
1626
935
265
1410
1657
1558
1181
521
1871
65
1687
1451
44
1158
1141
1293
743
334
880
1619
663
1244
1833
81
17
163
758
1590
419
320
373
1478
979
1688
259
600
794
702
1329
1848
686
201
504
62
577
1794
919
1575
425
1058
1803
1208
18
1560
1247
1339
819
1151
1674
1814
487
1193
286
714
