1339
1541
9
851
674
749
776
111
135
1469
496
16
1031
1433
1145
1066
1851
698
1436
1526
311
584
1164
887
1333
333
1716
1657
450
986
1759
1577
1774
368
1319
721
1510
1695
1622
1504
1789
264
688
1046
789
695
585
1113
1659
1837
1311
1538
658
866
1704
550
492
821
1551
478
36
1607
912
1732
23
799
353
556
113
983
1107
1182
1371
34
836
113
1336
133
397
1594
1380
1518
1501
58
697
1468
899
380
31
1720
1575
205
1320
1118
1195
1549
821
387
1221
630
731
1164
492
635
793
343
1369
207
676
1182
1046
1372
926
1686
272
488
631
846
845
1332
1662
1758
1208
399
482
1302
1340
851
1805
821
1046
745
1531
759
568
1107
1385
1099
515
199
1246
167
1866
12
178
1163
942
1344
752
1306
1659
1408
1694
1177
142
1327
732
873
1290
1329
1308
749
494
785
19
803
1823
212
400
1116
831
671
634
436
1195
924
547
162
1550
1789
1152
715
533
1791
821
536
592
1237
1140
360
1158
1422
2
1205
202
339
15
235
375
272
857
1481
502
492
1423
1656
848
1002
1613
972
170
1856
1024
1580
1708
965
1753
1465
487
958
1382
1394
1273
319
10
1149
1389
647
1343
582
1013
1117
1743
91
752
1531
775
1204
355
1813
1646
656
25
273
394
65
1257
978
93
1175
527
376
959
1207
1270
1037
654
893
500
918
740
1138
253
1023
615
1596
1211
246
156
95
1324
1838
1833
62
852
1413
575
1546
538
211
235
404
627
1332
1313
1374
1021
952
1728
952
524
566
1312
1809
1818
1258
1212
671
938
884
1125
1476
778
1620
1727
1429
137
78
316
1061
758
1470
1258
79
1301
686
1007
1736
908
1119
1568
1102
1431
1608
1295
330
6
1354
1452
1249
1564
1624
492
423
1793
63
879
1379
639
672
1242
1162
1394
570
1595
922
1046
815
938
265
1270
1102
1558
927
599
1327
616
1043
162
1760
1586
802
716
1596
299
1648
961
396
1000
543
1099
507
743
705
1205
58
98
958
1357
629
1606
147
674
500
128
1339
1144
203
656
446
1453
1146
753
455
1777
418
366
1797
981
835
693
455
731
1280
1665
859
72
654
815
1136
1570
402
114
307
1749
296
1768
1618
630
1736
1365
90
577
1402
1440
782
1706
161
1572
117
42
266
976
1160
1562
175
486
674
1558
124
954
641
13
1296
663
1506
1017
1557
609
1619
1141
1424
1482
1827
646
1037
1459
1232
205
174
1622
1771
521
986
515
989
1334
1100
85
683
699
1495
1788
1581
765
1575
1720
857
168
635
1708
359
1192
1070
1869
359
343
758
568
1394
16
415
448
213
322
601
152
1551
789
670
125
1592
1070
522
229
1300
316
1454
1164
1319
727
312
599
630
662
953
1752
308
433
843
464
1071
908
674
687
767
967
819
1617
1426
1042
738
1699
256
1854
1357
994
1565
913
779
820
328
1226
163
1368
1211
1829
934
293
1361
592
145
1638
1140
1506
1310
1040
550
775
1535
1664
236
1832
640
1724
1625
828
594
443
1223
214
1607
1067
1220
45
1694
849
1558
1338
1747
290
269
938
1871
856
568
687
816
289
480
1692
158
1540
892
1523
374
1574
916
439
1848
526
1082
887
591
845
1835
636
814
227
1207
483
970
1554
1255
1591
940
913
1672
1129
33
1115
1680
1094
1138
709
1421
132
125
1300
502
999
517
1622
542
444
934
331
747
314
823
116
923
1852
1789
920
180
430
626
1441
161
1144
8
79
1576
686
805
1389
1355
1269
494
934
1855
1074
155
287
1605
249
881
936
1097
1089
170
439
1279
1049
152
923
1554
1240
104
546
1682
1340
1638
1637
250
1603
336
1098
854
1824
865
1250
954
1113
326
293
896
1346
1801
1602
69
433
1373
1035
1723
1214
777
674
1775
952
1873
1422
1161
1822
1011
70
1621
121
1286
1472
1051
56
990
1080
1428
1172
1466
365
1762
753
1551
339
1841
110
1251
1196
1311
27
483
228
411
189
1184
1001
478
1595
175
200
583
1494
1055
186
178
1578
1425
1749
441
1648
476
843
524
1156
543
1469
1674
591
172
1236
226
566
522
1579
1725
1281
1421
542
1335
119
1713
1001
1023
1311
23
250
819
1786
1330
895
108
1013
257
1617
1035
332
1771
1675
795
486
263
1587
157
980
1479
1828
1443
1131
431
1771
211
577
1284
1387
805
1178
1860
1706
1074
1764
1275
1773
791
1240
1113
1777
353
1110
624
1139
674
1738
165
1023
494
1567
1156
51
725
1860
1513
1123
725
15
1437
237
856
637
769
1099
156
1372
497
173
365
38
277
1847
459
835
1656
1829
984
845
983
960
576
1530
47
1643
870
156
1095
743
646
1346
1403
421
1692
32
1691
1857
1815
238
1071
878
470
740
573
1427
920
1598
258
1852
1107
650
143
815
332
817
1634
1202
502
956
730
487
1572
811
1190
459
965
644
1145
997
638
690
637
1683
1342
1297
222
442
803
466
63
1578
1038
833
1723
181
768
1033
1587
934
1384
606
482
947
1202
710
1814
1023
536
251
37
1802
1765
399
1299
269
926
1696
316
1235
1803
1515
1199
796
334
1154
932
297
941
1079
1475
1224
230
410
1312
1405
1489
1827
1383
1197
1542
1734
1128
1001
1697
1036
707
1219
509
695
804
410
288
1354
1658
85
749
729
497
797
175
1488
255
1278
159
1475
1185
1496
866
1601
513
1383
676
956
1012
1611
234
1751
1800
1346
390
1347
421
17
1011
1781
121
1843
1152
1609
99
454
78
1064
1374
654
158
1746
1050
952
1558
552
1488
382
1452
1612
764
1765
1073
765
1776
1063
361
939
217
1769
1471
1630
1574
1390
1156
41
649
483
702
351
455
1621
1607
1236
945
109
253
1500
1065
586
395
1203
563
1489
14
556
1408
1497
1848
1762
623
293
416
532
99
1556
1813
917
693
331
505
100
110
1413
1848
1282
520
1721
574
1625
1243
1854
192
1805
807
1080
503
1453
1328
872
364
470
687
273
1114
730
1028
939
475
152
106
0
954
185
1037
1804
1174
1577
376
1392
129
1578
1488
616
799
1871
825
1561
1781
1606
901
1852
988
224
844
37
589
636
1143
593
426
491
251
682
1007
1534
1548
1063
280
341
325
1692
886
1725
70
1117
1722
157
1469
1277
1765
935
330
581
598
27
642
263
1650
1343
326
482
215
715
1150
941
551
995
1195
1406
1022
1036
763
279
268
771
1258
703
417
251
1285
1366
1383
1144
380
1673
1443
1371
1051
360
1032
261
1300
436
1099
1049
810
482
2
549
172
181
1387
528
861
637
33
103
494
248
103
492
1594
88
1119
1148
112
535
845
1621
1631
1088
1578
94
1170
132
1582
71
1417
547
383
118
924
1430
1527
540
1668
1739
725
594
388
1207
738
787
969
1768
730
1710
1094
1693
1501
37
834
1078
257
231
479
345
1427
1264
1539
122
972
1856
1292
934
678
1588
443
1863
1576
1759
1336
365
956
1771
1067
974
784
987
203
766
1388
1504
181
1102
257
839
451
819
1055
731
1228
1180
693
1309
1507
667
577
695
1127
1568
1839
10
1653
550
587
236
1393
442
441
63
1361
662
750
607
923
1803
1827
959
1444
295
1321
111
196
421
295
653
1683
443
1735
1650
1642
1395
1009
1103
467
1730
557
323
211
1457
1209
593
1611
1719
434
935
423
1032
1241
358
1831
333
977
485
1234
1851
690
325
858
501
209
13
1718
1859
270
1872
1685
675
1238
1112
1314
1597
1661
1070
109
680
1196
512
76
579
1305
1757
1174
1578
868
1006
388
1644
806
1605
1100
1561
1858
908
86
1652
1199
359
540
1110
1831
1541
990
475
162
1263
1731
904
376
1323
1562
1808
1784
1136
1319
1117
23
1514
1339
1005
58
1348
1304
592
1420
1563
719
608
949
1686
856
477
277
1444
422
1298
943
1644
1396
982
1422
1108
1153
726
358
205
618
686
493
1097
1586
1636
316
1115
238
1234
686
1605
458
1808
1159
64
1075
1393
1263
114
287
611
1210
1469
40
1871
178
391
1634
673
954
853
1612
51
1822
1417
892
471
1755
1701
685
962
1144
627
1573
1574
1798
611
1719
707
595
1063
1384
1367
1716
1366
21
289
1138
156
203
1849
628
1143
569
1036
270
1775
766
485
425
67
2
1740
584
351
20
760
40
1803
1842
63
289
1362
325
1003
397
1764
231
122
428
1715
331
839
920
1731
1199
281
476
981
331
493
993
828
1637
1542
852
1747
452
521
1535
1245
448
664
1438
714
523
1051
1851
1155
960
1103
1162
1313
1116
1482
1354
1706
1560
1721
338
211
627
1350
1717
1252
843
860
1678
1013
1074
691
1154
1804
516
1691
366
1584
1813
571
1082
967
668
275
1461
1765
933
932
789
494
424
1326
79
464
1477
662
895
884
708
1775
1349
1068
1161
605
1321
1246
1090
1732
1356
691
1578
1028
885
583
1870
1845
1141
766
590
1012
1674
1151
1687
1171
1226
407
1584
900
1032
1452
818
1253
111
1188
1309
729
1846
842
1608
690
599
262
637
563
1660
1825
1461
212
75
1418
1664
1641
1676
441
1251
1526
449
1695
1148
1670
313
1310
315
1046
937
1195
1830
319
1425
759
1303
346
363
1598
163
1752
1034
138
1146
1631
1602
325
86
1035
142
571
1701
779
1196
18
137
1695
123
33
1332
1159
1612
60
1128
1510
1619
925
943
1134
295
1024
1777
5
1282
19
185
1338
1527
839
1715
604
558
318
1179
822
1208
1319
940
397
1368
41
1520
1072
1281
1611
1043
733
70
1527
885
642
869
1776
928
854
851
228
245
1583
554
1611
901
996
240
1724
890
417
396
1857
1867
271
1066
1173
1016
907
514
1772
1759
1196
943
1567
1465
281
1422
466
669
1471
1583
1394
1311
399
1594
1265
298
1051
813
682
599
1454
1868
167
990
1137
604
741
645
292
1177
66
1042
757
693
116
632
1126
311
10
1624
1495
821
1785
475
63
492
1429
785
1217
1393
1821
1196
1479
74
482
1484
905
619
1019
1039
697
1526
1033
300
1152
902
1426
1502
1132
1282
595
481
1513
4
503
