1208
1748
1757
1137
689
1700
1625
733
158
1822
1860
343
147
42
79
887
484
1469
1164
1557
560
1385
1112
765
708
540
794
376
392
460
956
1772
395
1614
1787
1534
30
279
1532
880
1304
107
668
1588
1186
1108
451
102
806
1745
717
1155
1124
765
1799
1745
1033
1518
1587
358
272
1383
168
913
671
693
1355
687
877
276
1476
948
1771
1090
1332
1650
1287
380
1395
1403
1048
1495
1860
441
376
1330
276
1838
1774
1869
1490
271
1182
21
1708
1542
1622
1611
1832
823
305
73
816
1193
1784
1683
40
61
27
358
97
869
57
380
1407
1121
225
1655
1199
58
988
221
292
1706
240
247
560
945
1101
1544
832
97
1537
678
1731
676
375
626
1449
883
814
368
1741
442
1799
351
1085
1482
1630
776
1828
849
222
1536
861
236
238
1766
1774
1717
1232
969
1093
1624
846
1468
134
1045
1670
1728
1789
1821
1337
967
1241
891
1477
1781
277
385
528
980
1031
1551
744
164
1157
1725
1785
1779
128
1298
221
735
518
267
696
1213
931
1727
318
1121
492
224
347
1053
725
1818
1428
956
742
1500
338
1496
139
1866
1304
1151
391
1738
1695
1290
115
1075
1170
1637
671
823
1415
121
1684
1087
1121
507
275
1074
1805
1774
1054
1544
81
1792
1126
1197
662
45
603
271
1036
1133
662
484
1517
1054
1178
1785
737
1582
207
1484
986
382
934
408
1115
557
327
430
1369
921
915
34
694
1467
1873
972
440
227
1294
1157
1330
1622
1822
1793
1154
1660
951
1231
337
1018
1702
63
1693
1316
1488
1738
1739
1171
1242
1822
204
1182
51
400
349
1131
1194
29
425
436
874
1831
1767
920
94
346
454
1751
206
764
863
1706
1330
82
791
356
352
615
499
1735
1211
1744
1870
1585
461
978
1474
1472
965
1837
1048
1214
281
805
1493
1264
963
844
1227
1298
1313
858
1384
345
1269
999
1745
1450
1824
218
1214
1143
218
558
1809
189
912
373
299
1727
978
52
1645
1117
15
671
1187
683
284
403
32
1062
780
974
1597
176
1371
787
1302
141
797
511
801
136
1110
1037
59
1724
502
1553
481
361
104
1541
1354
338
137
1734
1738
125
348
761
735
1158
1157
1247
1318
169
149
877
1087
1473
1232
1423
1132
1463
793
584
429
502
20
1247
1800
832
1507
1737
1325
1494
1463
1468
782
1030
113
171
135
1286
1555
251
1304
1542
1048
1087
1825
1137
335
8
696
745
491
986
1000
900
457
168
827
1677
1430
245
964
1388
92
1446
1078
554
728
453
1372
1690
141
1576
949
801
1686
674
1751
1717
524
823
983
1598
1420
310
1404
1167
1304
1211
760
1788
1063
223
260
959
239
901
1243
955
1773
117
1191
370
1246
909
162
658
1307
1495
896
455
671
115
1285
784
1513
1694
177
1083
1724
855
1204
1023
581
1083
1578
454
998
1217
463
789
1116
1834
1826
1811
720
1098
844
530
1642
1515
1687
1622
1263
493
1778
63
193
1509
1018
340
427
1757
1169
1147
689
1468
1823
425
1825
1851
1708
1215
1784
619
965
622
1021
343
482
380
1167
1279
793
1698
627
1738
87
1164
321
1527
514
336
1289
705
808
958
1801
1631
781
1312
1828
1038
1588
528
1132
1177
97
1783
1850
1691
1206
439
322
1541
1448
1722
1443
1824
1801
1662
1593
220
1138
444
746
150
1205
1173
1632
893
305
1249
749
1832
1616
1021
1688
701
540
1221
1140
683
437
1060
20
1551
1836
568
816
1374
221
332
1618
1033
864
1253
1325
1692
1403
109
1434
143
80
249
1115
29
850
142
1434
350
821
981
623
621
29
1114
589
1108
496
597
1220
1615
443
1153
146
1485
846
441
1370
1116
929
1191
1280
728
1357
1725
1767
281
1230
57
1736
1840
1809
884
689
952
604
1671
870
1349
1407
449
479
82
182
1168
205
1390
1587
670
744
40
922
1624
1605
1668
999
1819
23
1539
1518
736
446
1464
985
1161
1190
892
1605
40
1583
469
52
1849
1788
1676
411
1016
1201
1417
1782
995
1558
1184
423
1204
1532
904
235
455
588
898
416
1808
1820
756
434
866
1355
456
1256
318
596
1197
1701
1509
1692
941
1356
362
268
1363
907
1007
738
1042
1762
1187
897
1624
526
1443
658
921
702
422
1098
345
94
1853
1740
930
1143
577
591
141
250
1506
11
1114
1853
1071
862
1432
439
244
70
548
1060
1158
20
1268
612
1398
1095
976
348
1044
1545
111
684
481
693
1383
78
728
839
1532
528
590
1779
561
193
1304
815
549
575
1547
1732
675
362
884
1490
537
1484
1632
1462
1417
1440
9
287
1547
17
1701
390
1305
114
332
1061
1828
369
863
1483
615
1668
1173
1670
684
415
541
1202
1875
1183
1850
240
1540
38
451
1685
560
842
694
183
353
1819
986
656
246
405
1038
1719
701
969
632
1288
273
1413
859
1727
1360
1840
1469
1227
1084
268
1358
52
225
1019
1300
1661
763
175
1368
1284
1590
1086
285
310
1751
806
7
1333
696
1280
1168
1830
1346
1254
1598
460
1259
1085
1390
961
229
924
496
1258
450
1364
911
1204
503
284
636
1615
191
381
1852
868
644
652
1767
1185
546
1554
820
1145
1829
894
1303
662
994
207
858
127
1463
1069
1465
1750
1518
482
359
50
327
1175
1096
99
1389
281
397
713
1568
1554
1787
1347
1498
1280
315
137
1824
498
1737
315
861
771
1430
847
1363
538
1500
1388
842
1008
757
1338
1727
1313
537
321
1717
272
1636
169
233
1041
1007
1729
1128
1158
309
621
338
1429
407
1532
1102
236
663
1413
85
1607
1100
1105
526
811
1709
256
1184
1312
30
564
1810
740
1507
1691
461
814
1404
1643
599
56
1734
1222
1643
1552
1476
996
55
676
924
1754
1309
267
205
830
1094
238
161
376
1259
1253
1333
347
460
934
898
66
988
1797
1656
916
1598
1306
1560
202
1750
1184
1450
662
570
1091
846
124
1358
1679
137
26
1435
1154
1516
1823
611
116
1437
1592
648
663
1549
1266
538
399
346
765
1564
1182
90
585
1752
1457
262
1043
790
264
1072
1180
508
804
608
892
459
1790
1361
647
1570
225
769
1686
445
240
930
378
692
659
839
1064
1273
1848
506
408
674
39
1477
1532
341
184
1276
848
1109
1189
966
1171
1829
817
1588
779
1133
1206
1211
1112
286
286
963
114
835
721
1682
400
1096
414
225
404
470
563
667
1016
739
1408
879
1360
1422
984
1245
891
774
1338
1392
1504
896
1046
192
1120
873
265
1867
1653
1567
1240
849
977
237
1257
1406
454
1341
612
46
858
947
1179
853
1308
1786
1769
1573
594
1313
1791
1358
1703
447
412
568
608
235
1307
55
1325
1664
141
701
290
141
1804
1177
664
321
471
258
23
1136
1609
1696
1847
708
1618
1409
47
1234
1739
1000
925
1455
1234
419
910
1080
1448
283
1668
663
939
226
1852
1686
1732
1399
210
1765
1469
1051
1432
1093
950
734
503
1628
1379
1838
91
1537
1648
1696
1867
1463
617
537
917
1302
880
1192
391
453
184
561
1796
582
895
25
1873
918
203
675
1020
1330
860
562
286
432
1235
1275
915
163
226
1242
1371
1291
1720
776
1750
1787
1134
768
1864
744
472
1340
863
643
1592
872
963
483
1454
1658
802
182
16
1836
467
337
818
1613
737
920
768
208
92
948
512
1013
841
718
887
523
1533
1489
1371
354
1424
1376
1091
345
461
242
1720
903
718
576
1175
848
1363
1301
636
634
1314
289
466
1821
1465
1303
77
454
702
1750
1360
1669
373
1431
726
1781
629
1304
25
1433
1705
527
84
1361
1082
1594
395
1486
1869
36
1755
753
1005
918
967
773
321
980
566
1227
1293
1009
765
1059
1775
725
1198
275
367
1242
444
1249
1404
1418
557
754
1636
1232
5
301
552
746
1719
1181
1414
1466
1847
1023
1684
851
1663
372
458
1706
1297
2
207
1454
1802
143
1070
1746
1284
1491
1508
79
310
3
1661
1215
410
811
731
1822
120
328
997
1294
1584
545
682
27
17
1446
591
684
1827
203
1733
266
1277
1032
317
658
1340
1800
1338
1232
108
509
180
910
842
1066
290
768
1502
941
1108
113
680
195
605
714
651
390
482
212
1743
818
95
1392
852
701
1610
940
1639
991
56
335
404
685
801
440
1076
990
1812
1075
1476
1546
938
1403
1729
571
843
1305
1058
711
888
118
96
949
250
333
1763
1366
1480
396
1205
214
1712
455
998
572
1177
259
198
1174
522
671
222
104
1198
410
1721
1725
1664
703
231
720
1852
1028
833
391
114
1069
442
964
1438
1444
963
1475
825
1042
360
207
782
149
1667
939
1575
234
1102
532
364
687
1072
147
114
1817
794
173
1458
153
912
1258
1478
1645
1785
1640
998
195
23
1244
1299
1340
1816
824
1011
183
1592
1029
607
1382
976
629
1036
106
43
1582
187
1631
1747
1150
1018
948
927
1637
1466
1415
443
54
1831
515
809
101
1335
789
542
1859
227
1246
160
1137
403
988
1256
355
1181
1674
401
1773
869
1833
1544
1249
267
1235
1188
506
961
1012
383
658
1684
1399
920
1793
869
324
920
1597
1068
46
808
1784
105
926
1038
1494
911
1735
1690
6
295
832
211
262
618
1381
298
1467
1106
41
995
452
1197
898
1329
1256
734
980
1060
1302
919
582
910
450
431
1194
1321
1619
1486
942
1050
1771
1472
197
1525
1760
1100
527
986
647
544
804
963
1532
364
1203
1131
1220
1386
1426
81
1520
137
459
953
767
1519
820
316
385
1639
1318
358
1422
1231
93
353
1823
368
779
580
701
1561
1419
1482
1022
1719
173
411
895
526
1795
1749
433
326
1539
506
1413
1220
537
469
305
62
1233
1636
320
564
1437
439
1178
184
1033
905
145
51
1470
372
1085
898
1787
1199
1245
1348
408
1818
1726
954
1006
240
1497
1704
306
799
309
728
1839
1537
1276
746
1679
437
702
1175
440
383
325
799
1142
1627
484
1131
1576
1060
1376
934
1742
721
1444
134
1009
857
1625
180
1327
1873
1378
674
