1190
70
1676
1790
1610
1210
1505
1019
705
1007
1812
1731
286
957
758
1023
660
1586
1709
301
581
1714
392
1708
140
58
802
188
154
426
1306
1084
1103
122
1414
1705
491
1349
882
732
58
879
1546
962
345
713
525
464
436
1395
297
582
578
1381
1775
980
399
732
1089
1486
1157
1771
515
1354
172
150
982
712
32
1596
1318
646
661
1702
1228
1464
947
330
1481
100
493
455
1059
123
970
1012
1750
941
258
1291
1074
1408
1364
1269
1405
994
1558
1340
1702
1075
47
223
1050
1585
1761
616
7
905
1665
1449
19
1491
438
1761
1445
701
1852
510
878
837
224
1008
1335
1729
1162
888
1632
316
600
497
1658
1528
166
1600
1091
1309
913
287
1252
539
113
252
733
1262
406
526
1285
1417
41
1132
886
1466
168
851
1831
1339
418
1658
1074
376
1728
167
972
91
812
429
768
1530
1254
96
12
1118
775
875
1176
224
921
1479
1423
1840
1506
726
585
535
636
1579
979
603
315
432
958
672
1256
68
1430
349
594
835
769
154
109
667
1811
1469
1863
374
41
897
232
431
27
198
1526
245
1020
142
50
603
24
231
441
651
1276
1231
1754
1854
1598
24
1683
759
887
402
1201
1497
980
759
473
1803
1385
1152
1777
1692
1354
1408
1525
253
552
1724
1745
142
1368
313
1317
616
1093
770
167
1124
1049
70
1002
805
1492
1178
388
165
811
47
614
1604
573
833
34
359
1406
36
1438
1711
1759
1069
661
1368
1591
1761
1303
1650
534
288
1186
1320
1058
314
833
730
809
1143
1034
1440
582
1792
769
1530
1476
1612
1310
714
1299
1404
1025
367
344
1495
1244
217
905
1042
257
1220
946
858
1470
961
510
1271
1123
886
857
799
1628
333
1204
1463
1640
410
1123
1575
135
1163
1664
1564
1810
258
1810
342
409
414
299
157
778
574
403
223
1412
1526
112
522
1225
1872
181
909
351
1254
147
1620
1744
1545
811
111
1322
698
957
15
1462
141
1525
565
1310
1565
1798
1067
1040
495
1062
680
973
702
508
123
107
1193
323
27
841
624
1766
1814
1092
377
27
796
299
64
1342
1393
85
387
1553
1443
1249
368
744
13
957
1787
1550
230
468
1386
616
254
92
672
602
1247
840
1235
1545
933
1626
905
688
1025
248
1303
1264
1219
401
725
403
1366
1788
1329
469
727
1521
744
590
1806
1462
843
697
472
576
1734
485
1650
187
254
1689
51
1850
1162
1059
23
890
1779
578
461
989
1006
725
254
1777
1279
1647
283
1404
902
434
1743
406
1582
751
483
1631
1556
1327
1213
906
1429
1859
886
1590
1502
1294
550
1038
779
451
365
1634
433
1525
732
1858
77
461
991
1814
173
275
255
594
1792
1317
1813
208
746
1173
775
974
1364
1822
1271
648
1757
788
341
1617
1546
674
1482
1526
376
138
570
1804
704
1404
1196
1375
1132
290
1841
1691
1833
1262
196
379
1817
1847
862
732
430
1451
210
653
500
453
1366
581
1667
368
1774
1739
438
999
1078
1211
327
1079
1639
1192
1273
218
80
1135
1201
1509
643
1174
1050
625
900
16
865
145
1825
913
178
677
898
1812
1115
138
1235
765
1282
1003
1577
759
940
1612
694
724
333
1871
1619
1023
169
1710
511
1511
356
25
1218
218
469
1580
59
594
882
324
1051
140
159
1855
910
1435
1195
94
331
50
1800
505
539
1012
1289
88
780
1622
18
996
980
388
53
540
1625
1676
524
779
468
750
590
1777
1483
979
1304
1278
1006
938
1741
886
356
1068
825
341
1262
881
1484
405
1743
384
1821
714
1378
216
844
498
626
540
1531
1514
1350
1503
1030
1051
1697
1766
1623
1478
1657
1190
1604
975
1071
870
1775
659
215
1396
779
1545
1698
1841
1127
1404
1067
1445
1475
446
1651
1344
1007
433
917
1641
970
730
774
1428
730
684
1177
1316
734
813
958
342
1742
874
875
1851
136
524
802
135
1806
1570
1768
1508
520
786
819
862
1341
335
1249
1727
1166
956
1554
1530
880
704
1454
1690
306
474
1083
1481
1331
563
1834
1373
1077
1611
630
1303
1070
1786
239
876
1678
1090
1275
1422
291
538
909
1844
1293
1753
533
962
909
246
803
504
1393
937
1140
1127
347
385
1348
795
1401
1838
91
623
429
1521
1270
481
1856
832
352
35
1253
1178
1805
376
1651
1801
142
8
1268
315
1647
335
488
966
497
866
529
1387
1497
1743
1614
757
1005
1110
914
1097
586
734
154
1286
1823
170
644
860
701
1730
737
1523
604
1867
1666
297
212
1232
1712
375
511
1199
1487
1411
800
54
732
845
1869
1787
96
1210
727
1533
748
734
809
466
1457
1558
698
562
648
12
1308
630
706
654
310
148
1762
891
862
1125
1439
1586
843
678
1318
1456
915
211
203
875
1177
622
717
580
393
262
666
535
277
418
701
1386
613
1472
814
1745
1860
1399
825
831
1840
542
989
199
1597
1143
257
1279
508
248
1770
232
1407
752
1618
759
1174
1603
1016
1505
569
1854
152
1558
410
313
340
1249
735
1334
508
165
1041
841
610
1294
1323
1746
520
395
753
1291
964
1381
55
546
128
1046
247
330
895
250
1457
34
953
280
879
607
98
1121
1292
1561
945
1198
56
1161
176
1548
1818
8
1610
1347
1353
69
1220
161
1341
1335
599
947
1790
1191
1747
910
69
370
117
1124
385
393
788
276
63
527
1219
1094
1645
706
1174
1617
450
643
550
1121
848
1440
465
52
104
1846
1660
762
1201
1526
45
1356
922
305
1052
584
672
27
690
358
205
1190
543
654
1507
1499
87
1722
797
692
1784
1713
1116
1559
1273
650
182
139
402
1047
1549
1565
61
39
423
1388
1731
993
1168
100
1284
1053
1844
41
887
571
528
1320
917
1382
833
1052
842
558
1225
243
184
1578
1330
1011
338
543
1460
513
138
1518
397
140
1014
1842
701
1454
1750
1037
1056
1392
1190
1487
518
1542
1496
1490
827
798
216
1527
889
1044
1134
1647
1230
1810
711
746
1263
944
833
1696
15
666
670
1749
1082
176
1034
1800
104
917
71
313
1238
625
470
861
973
1376
1606
1054
966
1794
527
724
89
1698
94
95
1436
221
733
844
374
1576
707
881
1475
1508
373
394
270
336
423
1255
994
785
1654
757
320
1793
513
1082
239
1818
34
206
794
496
345
1027
1267
469
570
333
1230
1333
1338
1206
1766
512
442
1574
1782
1319
209
595
828
1454
1022
977
1157
1562
417
663
440
995
1740
1390
1570
812
748
197
803
808
1501
1092
1111
8
1744
359
755
1151
484
1611
613
1532
1180
1658
353
1069
1741
295
1858
1674
1398
1491
249
1532
1094
353
1184
482
493
1427
1546
564
1669
791
490
811
1490
133
247
651
781
1323
1245
1507
799
39
11
402
1269
1330
228
1519
1198
1121
494
1263
955
360
408
1843
1328
856
1689
1172
1787
95
279
34
1682
728
36
1071
943
621
379
584
494
1087
388
1226
893
1077
1
591
1114
1198
114
992
609
1067
26
367
1322
291
1257
1342
996
428
1675
319
412
184
147
1520
1792
535
963
1109
1009
1345
1208
621
1725
22
1516
1387
449
1272
1313
927
1718
879
1768
50
1081
432
1105
341
1501
151
1684
1511
1058
1461
895
605
620
1612
618
800
285
1750
1049
881
324
1615
360
419
1140
1682
1348
1107
1497
1757
1655
678
513
208
195
941
139
1270
1845
475
1282
1318
646
595
968
1221
846
910
1708
1086
1110
1650
1763
354
1228
70
247
174
630
707
801
535
699
1641
1645
265
689
1644
1563
764
929
3
89
921
1441
287
1705
1099
1595
1457
478
1041
168
1258
1009
842
77
1366
719
1633
398
322
1044
1458
402
302
720
9
1283
3
1345
1383
1641
64
151
1421
327
1258
1650
1290
588
854
228
438
1594
958
620
6
40
622
1231
1787
114
274
1552
1679
1345
807
773
970
1271
1852
125
1491
46
406
1747
111
333
111
150
918
1419
81
755
1403
1020
1446
1009
1081
693
1819
1153
1664
605
939
292
1137
137
41
615
1840
78
517
654
794
213
204
887
533
146
983
1385
322
168
1081
1046
160
638
943
1590
781
915
1732
1592
1618
937
1795
1393
1841
734
362
1776
861
795
597
332
685
324
1397
411
795
683
897
182
388
744
1397
860
849
905
644
1130
1214
74
924
1707
1555
1839
1699
183
418
1706
1041
1146
507
742
62
442
1318
1290
1741
836
1816
1224
1307
1023
299
1641
840
446
1231
1699
1728
1061
634
1232
764
1636
292
308
45
132
140
1446
1273
1380
455
990
958
938
1787
523
624
286
391
985
278
1862
1116
55
1158
223
1450
523
42
769
401
445
361
1738
1722
1077
349
1639
953
445
289
1289
885
1556
640
1158
1441
1561
251
1309
1233
1025
263
1609
1075
484
81
1792
941
1691
1725
560
442
910
1386
11
958
534
38
1597
1069
95
1623
505
388
910
346
660
79
1503
995
985
158
405
440
1405
402
514
208
960
1446
806
1738
1342
1212
286
591
775
1119
1112
860
1071
1146
581
673
1462
1674
152
1142
431
815
721
1273
389
1237
1574
588
825
1101
1699
1022
1462
696
1103
1483
203
790
1043
200
918
373
1323
1011
738
394
530
4
791
1555
1573
222
1785
1070
1410
1491
1737
1316
152
1737
1481
478
1458
1227
1794
960
1228
961
424
38
379
1100
187
1228
1134
81
919
1420
403
1330
1248
849
209
555
709
402
1102
1015
1704
52
1718
1358
629
567
1613
31
666
499
1140
1579
313
844
1660
1173
896
1694
145
1118
342
1068
1313
876
409
633
1356
1662
478
421
569
1396
659
978
902
1073
946
366
566
1822
364
1629
606
149
1630
578
187
563
819
854
669
1240
941
1118
745
1020
202
585
1516
299
970
64
1316
1447
191
1640
1559
968
376
439
396
1435
379
1747
1651
520
385
1214
1478
1865
336
1635
1394
759
452
964
410
225
716
1664
1430
1403
1672
906
355
650
1274
306
1228
601
909
230
