990
1834
744
1432
1705
588
1809
1226
118
1089
594
1294
1253
787
1252
166
358
409
1346
1828
1788
1298
454
828
809
1679
187
1210
1769
1701
1472
760
1425
1174
1622
53
663
1783
206
871
964
159
1282
1228
1029
497
763
808
1058
1418
1234
1454
1252
1557
157
438
107
641
1404
1139
1728
1215
1192
1605
723
393
272
1151
23
836
513
38
773
1605
444
676
452
187
300
1852
647
787
1329
892
1630
582
1068
1446
486
1421
511
252
1272
1061
207
921
1217
1175
739
1084
1825
898
69
1562
1464
1867
1364
1128
1103
204
1367
1631
1443
553
1678
187
908
300
1767
649
1409
773
1569
1764
345
962
826
438
1099
409
42
1306
995
1554
166
145
1518
48
863
1686
761
327
1023
311
840
729
1184
324
785
330
557
1875
19
882
1263
1361
360
118
1213
1048
1580
541
1086
127
1823
840
1065
320
1003
57
1098
194
209
284
1285
564
445
741
127
1786
91
745
1337
190
696
823
1516
270
131
725
676
947
78
1590
319
1678
1387
963
281
1370
656
1608
174
435
977
14
1033
999
651
650
661
90
1269
383
1087
1497
231
78
1468
42
828
118
1052
1538
130
375
1779
360
1194
289
1264
274
1259
306
1301
278
771
300
509
1708
463
977
1362
130
82
1820
648
842
320
1170
1070
1695
1216
1516
1803
536
104
740
1366
1572
1533
306
1147
526
1694
1118
380
525
317
1818
1415
974
1703
825
1127
713
1854
1335
523
198
1657
494
1775
1302
21
36
1374
60
1799
123
1626
1081
1387
1596
873
880
1274
855
1741
1871
1043
1752
682
56
856
769
181
84
816
206
806
121
113
1530
1281
430
1492
376
515
1049
1302
1321
686
1259
1234
1375
1685
1525
1252
44
1790
1158
786
182
1794
669
1091
691
819
944
1348
801
851
346
103
72
1164
656
1775
171
1816
1789
1019
440
1196
1261
368
1213
1446
1261
636
844
1319
1091
1647
889
1209
1572
640
1687
1816
162
1808
1806
734
1570
664
944
1662
116
1568
398
731
1003
1583
1393
319
191
1259
1482
874
1060
1870
794
353
1136
1646
736
35
1142
515
1304
137
1376
33
1128
148
999
828
1040
614
1394
1729
1227
1083
1607
83
832
1524
1705
832
1444
366
857
260
150
613
1860
1557
494
80
157
1431
1793
664
959
1584
1127
529
643
1201
1537
1855
981
1640
189
1696
1588
1340
871
1588
1250
186
419
563
1617
918
88
1612
229
989
711
711
247
355
1854
1358
419
533
1178
611
368
1556
555
1773
142
1419
1857
879
1039
1109
112
405
1161
745
447
1486
1237
494
363
690
818
1742
1589
1484
401
262
1110
1247
747
145
112
1140
1578
886
757
1495
61
4
1570
1005
1128
1551
411
869
312
811
1747
1812
321
1684
708
910
833
1518
1611
729
860
1306
123
1249
1629
411
1038
372
500
964
1751
493
1512
1347
1594
396
944
1553
869
884
1343
651
1078
1762
569
1070
1847
785
780
1751
476
1010
1129
908
1810
1380
1524
935
1752
1027
960
734
162
105
1692
340
1736
699
1063
1748
1276
1009
1040
1232
1282
1144
1705
305
1265
1521
1469
835
628
580
988
695
1587
1210
511
388
747
1842
1782
860
1516
1261
736
1101
1665
1638
1044
372
1295
1614
1620
979
1356
1178
475
938
904
1039
463
856
1034
1176
751
1776
186
832
733
1534
79
1429
1093
711
407
1206
732
1788
1141
810
471
1103
1844
334
252
1853
1091
929
481
483
310
979
909
1288
254
1012
1541
1296
1866
1856
364
1223
1448
1363
973
1111
233
515
1652
515
1326
1254
1102
1608
1439
1699
1028
922
1749
1331
1661
644
538
697
1433
1069
1849
514
1363
371
1048
794
1723
910
570
244
270
1629
845
1044
1735
465
463
1532
774
499
1055
241
1295
477
402
1683
714
946
4
678
1151
340
1132
511
794
914
1367
462
1347
1217
1775
249
240
471
336
779
593
1225
418
745
834
93
117
429
750
678
1845
733
39
1039
1465
56
1124
690
1595
1566
318
644
614
547
353
1363
755
342
1868
757
1399
840
1495
1111
1150
1014
277
1075
833
923
1353
1359
1802
1245
1761
943
136
1490
1456
1649
260
1465
507
512
689
1390
1533
659
295
331
230
745
1019
644
638
1032
309
120
368
996
1175
953
1028
1051
227
1012
10
759
984
524
1825
519
672
345
1217
439
432
466
450
886
1793
687
237
1696
1517
417
1735
745
466
1244
613
199
1757
1216
294
1218
936
1739
991
593
1531
84
137
989
1121
1051
1740
423
1672
569
871
1710
1564
341
47
558
1242
1204
1076
592
1369
1365
1808
1193
568
715
1565
402
1525
388
738
1268
600
1801
1554
1580
1844
91
1071
292
882
373
226
1687
596
335
1509
1520
651
1751
264
1437
340
1061
1034
987
1344
985
1194
1724
1170
1217
960
676
1495
870
1413
1280
1312
103
1740
319
79
1154
576
860
836
1473
785
949
1397
1545
1225
1719
1682
730
1758
1225
1875
1050
370
1350
260
1260
1332
1613
821
235
1130
932
1093
1842
1601
1180
881
1311
3
1302
555
185
1066
107
1031
1286
935
61
1505
643
226
1281
1683
826
212
1311
503
134
1535
1738
962
1022
1755
752
1628
402
882
508
1847
121
1584
1575
1690
1545
1569
861
1310
1835
1160
1754
66
1808
1006
78
280
1681
978
1417
488
1726
211
1240
880
170
1202
1505
387
1141
1629
750
1701
1319
326
1596
1614
985
1235
1693
567
256
1538
1321
304
1147
752
323
1281
1605
584
1315
1339
414
1634
775
1856
1616
1185
359
1094
580
1123
625
1654
667
1859
1600
1750
1515
945
702
1611
1351
939
1701
1423
484
729
1685
189
1033
1448
241
1177
1048
282
1676
1470
1655
556
563
53
1747
874
962
1627
201
1859
1400
1805
1353
241
202
1233
1302
1550
1766
1538
930
1850
1323
704
1049
1199
987
872
1539
847
113
1134
1257
904
890
1564
930
58
991
881
416
345
117
486
692
161
564
1127
694
888
621
122
1034
662
1541
802
790
874
798
414
1328
1671
1343
1037
76
1102
209
127
1587
422
1128
319
1827
1493
333
810
599
163
1745
71
1809
321
357
1781
1484
568
1476
852
1207
1101
885
1192
1123
509
143
1346
768
755
882
1599
668
1835
1603
666
1832
730
1086
965
1170
621
759
1057
441
1570
1113
1814
407
18
606
541
501
237
72
1027
58
640
673
1222
950
317
1506
1806
27
1235
1332
556
1692
1196
1386
1115
1449
1591
1072
1519
1820
1596
899
229
1553
1495
1045
582
1474
912
946
9
537
1242
309
1530
1861
1787
1522
536
217
1763
630
1565
1345
1203
1169
1077
1673
1570
1399
197
1702
1075
160
1271
1699
1336
1122
906
716
236
444
1237
1077
1815
1130
396
630
1355
252
660
80
221
673
1225
1556
113
1137
1020
269
475
802
1865
445
544
322
1007
1600
613
1249
79
358
39
169
317
1483
57
1304
682
694
1368
852
442
1649
1290
1558
1168
664
444
126
1500
236
802
1429
336
1652
501
1418
26
1515
994
1614
61
528
1875
880
847
630
202
1312
1814
1496
240
726
1240
226
332
553
1742
809
1
1305
497
1865
1523
1728
1444
948
250
793
703
1152
1608
62
1538
1410
560
600
1562
1519
1496
1786
1055
1839
25
431
438
1170
374
1625
1234
598
1031
1484
1112
188
1461
657
1415
405
1178
426
1588
1593
1561
163
1380
1710
359
1629
218
242
1046
1221
27
1554
894
1517
718
956
1041
908
449
1644
823
261
340
1870
1631
359
716
1709
1431
1633
760
421
501
1391
228
1116
1195
68
823
1415
613
816
1803
392
1390
1527
756
682
373
1185
850
620
1554
1457
428
298
1868
85
1558
146
1024
1552
1203
1673
886
1185
1399
201
5
1627
831
368
720
700
487
41
1797
1210
611
1212
1621
1726
699
947
728
1810
1773
1495
721
1218
769
166
1826
1202
684
1008
541
234
532
1009
442
465
1481
551
208
796
1533
610
1793
165
1508
1108
1861
1732
1311
473
468
413
282
495
1716
1589
1323
834
1279
1187
917
1553
789
1238
758
1277
1562
1542
7
221
1874
186
1385
530
1125
1066
1343
1862
928
1087
1461
1344
627
371
275
825
1437
1313
1734
946
266
66
1704
910
243
1323
709
1752
1237
1440
904
1045
1278
1353
281
187
1612
323
148
1114
222
123
235
94
521
1644
836
1561
766
1560
1475
1213
1415
1112
603
773
452
640
1313
1098
100
612
1638
1096
811
427
534
944
1745
1580
565
1872
240
1741
199
1771
50
1058
1156
656
1747
82
1439
514
279
1
1354
907
1004
1176
796
1328
976
301
1473
299
1267
475
1593
262
2
938
1825
1009
1551
357
881
1058
1543
92
648
1372
1691
1157
1340
571
695
261
630
1673
766
1848
218
1455
1036
464
497
410
406
698
978
1393
434
1838
1458
1591
1427
1279
1792
1413
151
1334
1797
1842
1046
104
301
1449
1075
1535
485
1612
865
548
965
1031
1130
443
660
1694
1031
1615
1609
1404
692
1307
1568
833
794
157
830
494
163
666
690
563
1651
250
940
525
901
892
1470
1672
155
480
251
1071
699
840
1803
501
1204
1008
708
1635
1199
181
812
758
1531
1556
1781
1358
1525
1526
172
873
750
1814
753
1242
165
622
1665
931
502
862
773
1352
1310
248
560
781
768
352
78
1363
1163
991
1204
712
1826
1450
1066
1834
1264
1348
821
631
1822
1180
646
443
1550
1515
1795
287
1034
1371
1537
1592
1736
940
364
559
1438
1690
546
770
886
544
1184
267
1468
1353
71
363
1303
270
505
933
1188
1129
554
684
757
1248
784
1126
139
1307
1542
239
1479
969
717
1786
358
392
1546
1170
1437
797
923
1348
519
70
1068
83
294
643
205
947
1140
1357
1002
1284
464
919
1540
674
1599
954
1008
826
1220
897
1761
413
1727
967
1300
1032
993
567
1005
635
1431
498
51
1255
1559
1558
1224
155
1816
340
1389
1215
1784
1478
1239
383
743
514
733
1610
1506
1836
958
978
1060
771
702
964
1280
1634
373
10
920
158
1386
1870
