573
1008
1183
1498
1416
446
414
236
1119
315
470
974
1441
1466
1849
203
1784
430
1330
1420
1155
944
1264
627
730
1350
1267
810
1165
338
503
1340
1049
1567
1004
958
122
454
1847
1681
734
217
128
1715
1698
1490
1859
761
1347
231
1539
604
180
1674
80
1789
1453
753
1385
1196
1529
1521
1106
1185
267
1303
1148
335
891
1088
1580
146
317
430
507
10
936
1591
1040
1102
1438
687
1064
1714
265
644
87
237
272
1422
1002
604
420
532
57
489
1109
1184
1710
1037
552
1155
924
1197
1405
1423
44
1552
618
1602
962
1205
30
1445
572
593
325
1307
1276
255
366
1583
1754
161
1764
95
647
733
1235
935
1626
1147
261
440
1197
365
1381
1636
1076
1433
1214
1332
964
1492
142
351
934
763
367
534
1868
1060
853
1085
652
1368
982
1167
491
737
1347
574
985
353
959
1481
849
244
749
1416
855
1121
844
383
1556
1325
1699
1739
1348
135
890
1565
1276
935
464
1088
1191
189
331
1526
1400
1244
703
101
1146
233
1508
1083
1166
1719
595
714
1080
908
1112
1193
1696
328
1851
1242
719
98
549
375
1655
1314
462
1346
1802
1858
552
1603
1449
386
1390
1467
1754
393
761
997
635
1365
188
1122
1573
1644
891
1686
1242
1106
1425
61
956
1530
1724
830
553
748
764
882
237
574
905
1673
1556
521
1213
909
669
1340
1150
1866
491
390
1045
1498
461
206
1669
1693
175
1075
664
1840
80
779
712
1199
839
483
1672
999
1009
76
417
1792
1134
1322
700
869
1427
1059
205
14
1104
1505
1184
934
654
922
133
36
353
227
644
1497
305
1699
1436
1165
737
951
1307
1648
1669
266
1823
1202
1456
1574
1796
1531
1332
621
1571
436
747
1335
994
76
550
1822
60
1289
385
95
309
398
672
254
90
249
1787
56
812
267
582
35
954
1677
1066
421
1617
357
1140
159
1460
410
1276
1571
1114
587
765
1073
166
889
6
1287
745
315
1580
559
224
379
887
510
101
162
1796
1163
866
689
764
1582
1563
1305
743
507
1731
375
1342
1868
470
771
354
353
732
1332
516
28
335
1800
155
51
180
242
630
1678
1138
1207
492
454
342
1033
1019
589
1103
574
165
1360
195
727
691
91
1025
1754
953
16
954
870
223
1360
948
1469
1072
1385
1016
1065
429
1408
1643
1592
69
614
1567
275
1102
811
1015
142
291
464
815
116
855
1284
1656
733
870
702
1221
1507
1321
1686
980
1422
834
878
1565
1479
21
1272
58
1400
163
31
1114
490
492
326
1632
1481
399
1870
438
686
744
1181
1537
384
1597
1351
1547
230
1260
1382
1483
1429
1741
961
127
593
404
508
22
1566
667
1801
1607
1131
1626
1609
498
388
1051
1572
1400
236
612
1244
1213
1415
665
419
1194
468
1413
1403
1836
104
555
1251
207
1642
461
323
308
1303
1209
154
853
1519
1149
1655
1334
51
1488
798
965
752
1388
480
1361
1416
426
138
1622
649
1095
101
585
642
396
207
1509
224
1740
1001
718
936
0
753
333
1563
145
274
1209
1303
1845
82
675
1871
1286
1193
1198
217
450
483
1744
340
874
1065
1664
1049
1109
836
1551
1819
1158
370
1812
753
73
357
789
1716
444
286
1476
1805
153
228
1116
1447
1576
105
346
383
416
1644
749
714
265
845
120
1693
1036
1650
865
1819
1267
323
1206
611
999
429
266
1798
1213
325
1354
1727
1821
1712
1826
182
954
1795
1705
1061
1013
343
87
1047
548
275
100
713
1865
1593
1036
318
1852
306
106
1013
119
1759
586
1456
1297
221
1852
1818
1356
834
136
100
1065
224
1747
1594
148
1044
1326
1021
10
469
275
1801
1494
154
1634
746
834
95
1490
831
407
464
247
1349
737
1225
8
324
752
1198
1092
1458
551
173
1577
852
150
1564
988
1300
1742
1275
647
775
137
1294
1167
820
1312
1405
1812
426
369
610
578
1049
1134
891
1227
367
1470
1703
482
1319
1194
364
101
1812
977
168
665
1744
875
1468
1055
438
1106
56
1265
501
1674
1206
792
1436
671
1866
560
1143
849
1339
1227
1295
1200
1495
1255
1337
712
525
1278
541
1247
336
374
770
385
1165
799
1323
185
1461
402
731
907
1346
823
272
1049
561
1360
889
572
1186
745
1577
87
1393
1256
1859
1795
1398
1623
1541
1497
871
1290
287
87
481
1648
1517
1818
163
750
607
165
574
887
1153
236
1818
1632
553
33
490
1864
1813
1510
981
235
743
1617
940
1749
891
1304
1099
418
1221
160
30
1636
781
37
976
1069
767
820
1290
628
351
950
671
1344
1797
1751
417
433
1780
1129
499
1339
647
1105
967
705
1443
519
783
61
1176
1420
1565
1843
1001
606
433
1098
666
94
73
534
46
300
1809
655
375
1762
944
1606
594
361
999
684
1586
875
531
631
584
505
484
735
1271
574
5
492
1383
683
1032
1844
514
721
1621
1573
1330
506
854
1842
1539
205
805
978
935
1202
1444
1780
591
1331
1790
1761
1151
576
594
946
314
268
519
1737
1071
364
1756
950
1302
818
149
696
1559
955
623
1455
1838
1766
1063
1346
1029
183
860
1631
1499
133
1622
185
681
1628
855
579
1179
853
1705
1307
119
1165
643
699
183
1705
1485
1128
1424
1695
1498
693
1820
337
1672
725
1763
576
1541
844
1621
75
1002
894
1663
1825
833
311
741
968
691
1081
730
1584
251
1131
1314
1284
1471
888
1353
348
1585
744
739
935
211
238
722
1091
317
965
1615
1396
1831
1277
1525
618
1477
890
221
980
1221
601
10
798
549
670
1431
1357
191
1422
1333
1276
321
322
851
37
552
1544
281
336
840
705
699
905
1194
1117
1603
238
1843
1312
303
1711
164
699
386
1060
1654
1512
99
1872
1573
1606
1334
908
574
1546
109
203
1287
1092
784
692
87
982
437
404
1276
257
1013
613
386
1009
935
1661
1056
1152
1161
1615
1199
610
558
537
1284
1578
824
319
977
1729
899
1589
995
390
1206
931
894
1727
1810
1602
370
1818
489
178
395
1532
1273
1404
282
290
1278
1275
487
225
1674
411
1665
23
1709
694
540
664
554
895
205
1493
777
188
868
1378
1809
785
1097
845
1150
637
785
809
436
1175
460
1715
1258
17
1747
82
1201
1012
1076
1747
1326
1544
1411
462
791
1500
1393
1850
1704
1133
908
610
1600
236
1811
1583
884
948
882
1635
1531
63
1315
351
526
983
1832
701
1045
1192
1486
1407
1030
829
1663
1065
1267
735
1616
107
1737
1825
230
395
1620
1491
1497
574
1244
702
928
1316
228
974
899
1717
200
1510
1492
1638
1000
1434
791
1646
130
1054
255
534
1099
371
1622
1111
709
487
352
492
1340
359
71
1695
58
645
1682
1067
169
38
178
689
149
1398
965
335
723
337
148
1038
1414
1164
699
1810
358
1191
146
568
856
1378
1034
56
1708
638
684
1653
220
185
1625
520
282
1590
1534
116
1472
265
423
150
1065
983
1106
640
15
617
671
493
1234
1748
383
945
603
1853
40
606
285
950
621
1023
1720
1687
713
925
400
1032
837
1316
600
1434
266
480
206
734
1743
304
1107
791
1096
998
351
695
115
234
1708
1297
1350
1262
1846
891
437
1278
725
1446
15
1733
1485
848
3
517
4
1713
413
379
444
1760
1112
1805
504
1148
1610
1826
1063
1192
1348
93
489
333
570
388
47
1719
649
452
952
1832
1019
18
451
982
866
32
455
1205
524
1526
11
1687
1807
1401
129
1576
1473
1763
1116
1504
1470
177
85
726
1817
1013
686
634
312
1243
13
1025
551
1586
589
1374
1415
795
574
52
544
535
1764
737
1870
354
490
931
658
1194
1464
1286
183
353
1537
889
1128
430
1682
1810
725
773
1369
288
812
305
814
580
1404
82
175
113
1538
928
298
33
647
1590
1479
488
856
963
320
1071
73
179
50
181
1516
512
201
55
401
12
1819
298
503
444
123
233
677
439
75
1591
527
462
1258
950
1167
509
998
618
1178
784
787
1375
1440
1535
1353
1796
559
1166
248
780
688
1000
37
9
1488
683
1692
582
609
1770
590
1196
525
310
1711
1039
1701
1669
1403
834
256
93
949
1402
458
23
270
1454
1306
1268
639
614
458
797
801
496
307
225
512
451
1603
886
525
761
1402
724
872
1207
492
1065
777
1068
1043
316
1794
169
1544
1867
171
1153
548
485
469
1351
457
1230
119
628
799
250
1331
703
739
266
250
1517
1074
1771
797
1276
564
831
1384
1188
250
300
1140
1365
1212
619
1054
1093
1562
72
1244
457
1327
1075
599
1608
1654
1094
1661
212
292
1028
1743
1250
502
834
589
1588
489
152
1190
1387
691
728
1231
989
1566
1018
1514
777
780
751
1553
1425
1771
807
696
1575
1428
1828
1360
1087
208
81
731
1498
532
374
217
1829
38
1258
1438
1711
428
506
1546
936
1044
806
425
1265
59
1375
1413
1241
948
1856
24
1363
265
966
603
1212
931
1296
1586
55
114
1311
1830
1331
649
566
594
399
1442
1249
1680
1777
550
362
1729
1762
499
289
757
1071
364
1716
556
1603
4
537
177
1703
197
1850
1648
928
358
1737
255
898
643
1786
1487
193
1457
1312
0
1715
47
170
1585
387
10
265
90
260
1812
706
1658
1094
950
1391
214
1060
791
1484
924
652
817
1734
1740
1736
1202
338
605
618
1776
499
471
1242
36
48
1642
1089
1719
1223
1514
1493
289
434
1813
33
516
223
649
1223
1451
586
1632
939
587
297
1699
1428
746
128
1315
619
1624
1576
1080
1606
649
1737
909
652
1026
920
372
518
929
217
1340
810
1734
1751
519
353
1177
853
822
1718
720
1022
445
811
900
6
63
1724
673
277
1067
751
283
1540
1228
411
966
317
287
1612
708
712
205
603
1094
1313
812
1273
249
809
1186
1494
1696
1634
528
370
756
75
1179
426
911
1585
611
1205
1121
1279
651
571
170
775
4
1504
377
864
155
1151
1825
1440
1816
1110
1638
192
1581
1374
