1512
1845
524
1499
1567
1405
1737
486
1208
797
924
1666
1695
756
734
1626
1257
76
1716
5
307
1238
1675
899
1803
1641
907
1171
1033
1499
1305
1172
1756
327
653
634
128
220
1680
1808
975
26
723
1154
242
427
1774
1855
1387
738
292
282
1146
238
1040
1032
1219
537
1420
1781
384
1789
1360
927
1829
1671
28
1399
625
107
685
1603
1398
1680
1585
1357
1055
529
769
1645
1758
146
1665
1513
113
1302
999
1549
485
314
982
1352
1654
1074
68
1662
1453
1607
1291
856
1516
409
1008
140
1428
781
130
1282
1632
506
1004
1602
770
78
1124
1857
1775
511
295
318
909
580
1388
427
1062
987
583
1425
1215
1086
1300
817
233
475
1683
267
1460
499
1852
351
1270
214
627
1594
295
1596
705
1837
1705
1484
235
310
1468
243
714
278
117
1046
217
521
488
832
339
181
1493
622
361
609
279
1764
352
609
1430
83
229
1190
1104
1091
579
310
945
215
84
1239
1443
1631
654
8
1448
56
1516
1014
1779
1295
1152
219
273
351
926
113
631
1610
424
201
182
785
995
242
1508
1720
1771
1722
1112
1760
238
1686
1538
1641
457
1815
711
433
1410
6
268
601
1064
860
1853
1852
272
811
611
1413
323
1687
1484
1777
5
521
1609
21
1019
893
1805
708
1208
1483
889
275
467
1022
167
1844
1214
1010
1301
1272
1175
1746
290
1749
1782
384
563
1346
545
975
1123
828
283
391
975
479
93
793
1724
1426
1160
624
1325
1415
1647
94
1263
800
896
171
1590
176
309
368
1085
1491
79
1127
1819
1550
322
1471
1559
488
725
423
738
1551
147
135
496
161
733
1338
462
1627
958
640
995
345
1242
1597
1560
86
321
973
1823
1075
1844
10
831
1680
893
366
1390
669
797
647
1822
1158
107
862
1806
998
1803
1499
1650
512
932
1286
743
1535
1404
190
1735
825
319
1656
1874
561
1468
1446
115
1106
1774
413
85
1540
116
999
1022
13
780
1008
317
1668
693
688
1246
980
692
1253
582
248
890
1789
1563
259
603
804
229
1094
592
610
1589
1202
1784
1808
1827
1579
1545
462
582
1820
760
802
1006
1047
233
883
1778
113
1213
1097
852
670
69
1859
33
715
806
1813
1008
1821
442
836
1573
479
402
107
925
148
1431
1832
1464
284
1054
998
212
470
1229
173
1326
1415
386
396
1173
1477
1276
228
65
796
1031
619
89
1512
1225
287
1647
17
604
1623
384
1277
758
597
1205
1229
1284
1703
1725
157
265
663
1162
1800
1396
528
768
1329
1175
1469
673
967
3
1821
1087
75
235
162
965
23
1860
324
973
652
825
559
657
646
113
513
1374
986
473
678
1209
1183
1301
1262
1110
672
175
196
776
1334
595
562
660
373
349
325
7
1250
866
1768
18
514
964
203
555
366
204
400
116
614
1643
1768
1029
70
710
1525
149
827
513
71
1002
973
1870
577
229
906
675
1465
1385
752
563
631
10
1168
1566
886
1653
813
115
375
1565
1368
1672
194
443
640
1184
1830
233
518
1515
387
1178
1084
1092
288
1805
479
1154
890
883
144
844
424
1508
349
669
1332
650
1555
458
1449
1632
1737
1326
124
890
260
713
197
1776
1690
647
675
648
1480
154
709
783
491
1157
513
566
336
481
349
301
1494
893
512
1579
637
1004
419
1326
319
935
434
953
118
1786
511
1132
871
531
1714
329
1566
1048
1659
592
978
1235
1408
152
740
1647
1023
1677
1560
1694
493
529
398
1013
1261
223
162
292
1284
624
838
234
558
1868
1231
570
120
1551
1293
1742
1473
1511
707
420
1858
49
775
1575
1721
1571
717
932
1701
1667
177
1048
1052
1109
436
921
459
315
1846
1011
1455
823
591
1229
694
1070
403
61
235
98
1721
1778
22
1707
425
879
1005
1131
675
1094
607
1487
825
1502
1757
1306
1216
189
1617
1394
1001
402
1476
1122
1669
797
355
1187
1578
348
1536
973
699
1721
715
1015
1674
1038
839
70
457
309
1056
1537
1248
1464
768
1830
125
1450
1100
825
220
1550
552
93
897
1571
753
1325
1540
781
697
1588
893
814
1048
708
525
545
880
1150
853
1093
1569
338
117
1440
940
1110
893
1364
1744
1855
1140
320
854
1196
1316
1318
999
1839
527
1193
674
249
1255
994
876
689
96
1846
214
1518
1729
56
1690
1278
790
175
1697
1299
375
758
1120
1155
794
1854
976
1112
514
1661
1213
1330
239
403
698
1203
1662
1338
1585
1367
1741
1800
1046
1312
403
585
534
415
819
354
552
1073
791
575
769
1860
171
471
460
357
1030
861
999
1400
1143
238
501
731
1603
1668
1729
1591
1615
1280
419
1489
1565
627
1537
102
528
375
1057
1643
1056
289
776
1204
65
1074
1091
1235
1816
298
95
1443
1708
542
1408
700
1807
1458
676
870
353
1188
523
1414
37
1006
1625
1359
921
881
1380
628
176
327
1835
1378
1109
133
1203
1658
324
37
1774
1004
1563
1849
963
154
20
1146
101
1792
1560
1139
417
789
248
331
483
466
799
809
1560
1352
1854
941
250
432
545
1519
1024
612
1129
193
114
611
1620
547
1333
1109
1814
1220
1692
1244
1341
1014
537
472
1569
1184
722
323
874
713
1662
373
1144
614
1826
20
694
1504
1106
96
1830
406
750
1358
966
1076
243
1028
1055
1017
807
1561
866
1174
83
1798
1281
608
1433
807
294
476
1680
1605
1593
1728
290
1309
1230
984
1869
328
766
1163
206
737
316
364
156
1847
642
1070
1326
1620
716
1128
425
1509
1799
1562
1232
1603
1731
175
1537
271
1859
1516
1655
364
438
922
1776
1284
348
1777
209
844
872
1868
717
905
1003
1557
957
181
1327
278
1148
132
499
667
942
946
580
1870
268
1146
690
816
791
910
1009
666
640
496
3
1662
1467
1433
498
1822
225
412
25
1348
193
188
762
1810
162
1488
1158
499
23
861
1207
1078
82
553
771
747
24
1156
170
773
1662
1631
1691
1435
1441
92
1217
1212
1546
1154
456
217
402
437
783
1128
284
665
293
1461
478
341
850
1461
866
922
708
1874
888
772
548
1642
1142
1456
969
1377
1871
1370
980
1151
1440
1070
20
386
882
797
149
1776
967
1485
1117
444
998
1099
646
388
1301
1111
1155
1476
714
508
1751
513
874
1527
986
232
225
182
1680
646
1525
1510
67
559
1530
593
1857
347
660
84
1062
1300
1801
47
669
739
540
602
1106
1081
187
350
114
1740
887
1510
1138
1765
1869
142
1289
28
262
1678
1246
1142
1577
712
788
456
280
1475
1785
464
218
1458
1696
705
1462
1132
64
21
826
1858
1669
1323
96
1398
877
1843
76
112
287
449
1632
1039
1205
1235
1070
182
1109
470
1272
1285
1400
1263
448
820
677
302
664
883
862
859
1750
1393
1136
1020
638
1873
341
352
1012
683
1846
338
554
1569
982
160
441
1232
1072
209
1839
120
1501
613
618
757
727
1508
1006
611
397
648
629
1539
1083
642
1805
1426
509
1638
1784
1827
246
61
1070
770
1618
650
15
1216
1579
547
849
1440
1080
1800
1690
1762
704
1436
1018
841
712
1261
37
357
1697
1697
571
1690
1646
1787
1669
1716
1556
43
1728
23
348
1330
777
1872
1021
140
1645
552
1736
1548
1163
343
1875
1171
1303
161
1541
1019
1444
185
1048
1294
1502
1173
170
495
1825
139
119
994
746
748
469
845
1868
1348
540
1415
462
724
1268
399
20
110
1607
231
91
1481
1073
1303
377
1793
1688
1069
560
606
1018
495
171
1575
877
1804
1539
327
1074
1436
1719
290
983
298
336
356
1705
1576
931
768
108
729
343
1194
954
1528
312
685
93
1303
1665
1378
666
818
887
328
798
1683
711
1151
1105
1161
1445
565
70
1406
1577
1393
714
1035
573
219
481
1197
679
1206
1637
655
1563
784
984
632
471
228
1718
1147
645
1804
244
165
575
848
872
1673
123
1599
1376
494
955
1333
241
128
1489
1739
827
407
1453
1281
1295
1063
1465
1044
1827
1346
1333
1212
595
1807
988
596
747
1140
1662
173
563
353
931
1121
4
826
360
493
1298
1776
160
1284
436
393
428
439
213
595
120
1617
1133
365
1102
921
866
947
825
1508
54
769
1032
1159
795
767
1784
617
789
1364
983
1245
1061
1129
781
1148
169
1143
208
456
1791
1676
199
1335
1500
35
1870
882
1831
1677
412
1149
1499
972
140
235
178
1616
173
1388
1754
687
1433
96
901
868
1276
500
524
1444
1467
783
1436
502
817
1839
1382
1214
1169
445
1830
961
1519
1761
1117
43
1717
1770
1720
1737
1405
1444
905
231
1749
540
868
601
1756
806
1297
385
1280
697
1291
1299
31
175
1671
490
1056
13
700
1295
1874
565
173
453
185
1506
237
1578
632
1457
324
1290
1799
1721
1636
1447
1617
1392
721
492
1733
868
931
1207
656
990
761
757
1605
126
419
544
589
1537
1740
581
1709
835
0
1607
1325
1022
415
298
878
131
15
1492
552
620
1407
625
1786
1134
1205
1590
1007
896
960
1392
1406
272
1848
320
1753
1241
448
386
872
1849
1446
444
1589
1532
490
1272
15
980
1527
358
901
536
797
26
980
903
424
1007
1075
1179
1127
1668
897
243
106
1216
910
1578
320
406
1570
1260
1599
1074
1216
1128
1643
292
1416
1810
1486
846
41
663
1306
165
961
501
574
133
565
1848
232
558
1005
630
1800
183
1199
1150
889
1096
335
1663
1718
883
525
735
891
1019
236
76
1040
1278
1040
446
1520
1682
1671
241
1747
1060
787
135
1212
710
64
528
435
889
294
166
605
741
1863
0
292
352
982
1439
1758
1468
1265
552
106
78
397
218
933
1201
1481
204
690
39
447
1758
333
484
91
444
1117
280
890
217
171
1767
386
171
1694
1397
1836
1307
299
1215
1045
1373
1081
643
1812
676
178
1789
1279
1112
498
1740
197
1106
919
1766
1706
758
1729
731
1683
1523
1158
1351
123
387
353
540
1824
302
192
657
1484
1260
1609
1047
333
1464
1446
1854
