1195
103
204
1855
966
1806
176
1734
500
539
1860
1742
354
877
148
1062
1271
625
896
1305
794
360
351
1143
1743
543
545
130
38
1098
315
996
223
199
72
73
1106
855
1086
1856
1567
989
1596
1575
273
639
1478
1266
275
1068
28
661
1472
1152
686
1180
436
1505
1147
720
1071
1048
1220
655
391
494
1124
613
784
343
1089
688
465
1868
139
686
972
715
1068
1423
1179
430
1816
1675
1408
1570
346
172
1377
867
254
1825
1855
406
661
995
1734
1568
760
1408
422
946
1401
798
840
248
989
681
71
1142
1132
1027
1191
263
844
1682
226
899
271
1711
244
311
1467
1451
885
374
1092
1663
1545
963
383
1469
1215
1640
826
732
759
791
1309
1399
877
1198
28
395
542
668
1100
1074
57
348
249
819
793
1551
112
1010
1715
421
1108
175
1215
582
773
15
1362
1825
1863
1729
1614
1051
480
396
425
521
351
1526
325
810
1253
816
1006
451
1715
1539
668
197
62
1557
302
807
1533
378
1713
574
762
874
1521
1367
84
176
1362
743
808
800
705
1562
1117
977
1500
1558
599
111
708
589
1166
1067
98
1187
1789
663
240
908
562
950
729
654
586
301
1265
1770
1573
1487
619
148
734
1292
1105
317
746
885
1576
175
298
773
1331
1502
1370
1604
975
1520
1565
631
213
1750
1788
1094
1850
1644
1432
577
1326
1679
1646
1431
330
446
644
1508
410
1447
1864
1427
1009
35
1586
1192
746
214
238
767
1858
25
396
609
691
372
894
805
308
255
0
1400
872
77
799
667
1456
1638
1043
211
934
1326
420
246
280
263
1645
639
1022
1063
1673
1726
66
987
1720
985
1335
392
1045
1775
1802
1365
646
219
352
533
242
754
939
348
980
1300
1723
1552
492
656
606
1687
1370
1771
23
1234
204
19
1700
1865
1032
980
596
1859
1341
1834
620
99
1041
486
513
1614
1589
1529
1135
349
1365
592
1016
4
930
558
115
326
525
246
1594
1522
1473
457
867
1435
1543
1041
1401
963
182
1735
1478
1085
441
581
143
306
187
1632
564
272
236
596
339
537
958
1600
1372
1357
86
313
675
453
1859
1085
1822
626
587
995
1624
444
791
1430
1385
284
1824
722
997
282
1245
998
564
1743
1762
1671
1530
136
1593
256
1508
120
128
630
1064
1329
1052
1334
1020
448
1589
1568
1324
1201
1100
1384
727
240
928
1548
443
1059
516
1796
1071
882
631
1846
984
1568
1366
1167
382
748
781
703
631
288
1240
808
25
576
1774
1177
804
748
1548
1046
452
758
467
1005
688
37
371
569
117
272
1745
264
1729
1735
88
1777
217
186
289
739
858
102
104
344
761
1275
1339
1668
1117
1829
1456
126
782
513
1725
1236
1808
108
344
1397
1304
955
1067
514
502
1345
1542
735
1826
1635
1358
1258
1352
1257
1356
1819
257
1221
1435
58
725
392
1283
440
1522
1396
999
918
537
1550
271
1657
1844
1025
339
1265
1020
1116
791
1676
993
1488
344
1425
369
1401
553
1105
135
943
1770
1129
859
1447
1267
1671
600
1826
832
1036
342
643
998
1406
726
392
912
1181
35
125
418
980
1138
905
750
890
636
547
1417
1284
141
1255
601
1469
668
1114
600
1135
1588
140
1671
1736
305
28
1428
1362
319
1267
864
698
1377
1033
541
791
335
901
1675
865
1761
1642
1229
1426
721
1173
233
1461
1774
1436
1152
1584
928
915
1751
234
124
1148
1138
1568
207
1434
1692
1274
1219
1705
634
504
1732
344
127
1407
1112
95
492
1655
1425
1381
1460
1665
1798
864
1742
1871
577
1369
27
625
1584
658
898
1093
1116
220
1527
1192
1576
1289
446
1713
805
1681
1061
1548
1414
601
135
1422
908
1405
1150
297
1713
1004
772
1800
696
77
1372
879
1298
546
1400
1657
1375
78
1219
761
1241
185
174
509
409
193
8
542
1441
1228
24
1278
1117
1079
1329
1698
499
1457
474
209
1216
1409
1344
1236
1002
269
1591
657
1042
329
1251
1405
757
936
1797
1225
1860
1574
618
642
1420
491
976
1783
1842
1218
1291
127
88
182
151
1730
120
959
626
1438
40
1832
1459
968
1137
662
450
1449
1734
57
572
1463
1279
664
1545
155
686
693
1830
1556
817
1256
831
74
1805
932
1250
3
458
1588
643
475
1686
808
381
1487
680
1496
72
210
1488
635
686
313
1833
1095
1139
343
1045
552
1066
24
702
570
1480
1599
1552
1067
1654
1725
919
20
632
1822
1816
159
1622
1368
129
1856
324
1541
587
17
689
878
828
1314
589
602
1356
118
356
965
1631
1727
613
1185
1693
201
1035
1701
615
1387
1644
1291
858
879
1111
148
1271
1354
641
537
1293
396
1312
1525
642
645
1372
487
261
1626
1453
693
254
1609
1167
291
1808
401
1257
43
1373
271
12
359
967
402
506
704
1821
659
1717
301
365
225
732
1510
1264
1827
1619
990
594
826
706
543
962
1607
405
1771
665
301
785
633
17
935
1750
753
71
28
1615
1630
225
950
906
1786
239
1777
1136
252
1649
1497
1594
1755
1517
879
1573
802
514
348
137
217
97
1454
161
1638
1137
271
1329
314
1494
1269
977
1725
1273
1455
957
254
1086
1063
1079
61
1462
542
993
367
472
981
514
577
295
43
1823
1838
623
467
405
1414
413
1303
511
201
1804
311
1319
513
549
305
1178
511
1455
787
503
1081
661
353
256
863
535
1228
988
248
1601
557
839
311
1479
545
1260
1780
1576
1064
673
638
1212
56
108
1622
443
1344
289
661
958
272
1210
1825
260
1363
1675
1717
226
831
695
787
1629
1410
960
1714
214
31
1405
662
1791
1323
1398
781
216
894
415
60
244
1649
1860
170
1006
364
1510
1546
1441
767
464
1321
1607
546
128
1041
1069
1659
230
328
1781
340
1079
1403
1713
1091
52
89
68
1300
95
1067
458
1121
1165
229
1040
1815
678
588
1053
1633
1751
333
143
376
681
303
1651
1182
260
1075
614
1158
337
1384
1507
485
1641
292
137
1407
1749
1484
323
1272
1581
34
1229
764
179
709
432
1265
1083
1637
265
1726
227
926
645
966
235
1438
1113
837
915
790
174
178
1296
1850
1690
936
1650
1020
25
1674
581
1518
141
256
567
965
436
565
185
500
1497
367
37
1092
1090
102
1152
1826
1053
1425
515
95
90
1571
1781
1414
1147
132
472
225
972
1585
164
1126
356
916
447
1818
518
190
1357
940
1529
1856
703
272
1268
859
837
1470
41
269
1116
67
1101
769
1306
1258
337
1817
7
751
1489
1261
960
1140
1838
399
944
193
1611
989
1332
255
505
410
376
1460
18
1614
1069
730
1185
1058
386
1826
950
254
1693
956
77
678
1380
1834
379
789
1593
1198
1123
1494
320
711
509
769
1779
656
191
432
525
679
726
1001
1720
1031
324
1460
9
702
842
189
260
295
1526
279
1547
1128
1782
923
1175
682
802
1861
1649
509
1124
986
161
293
465
1029
310
1393
806
1628
1803
1402
881
758
829
1197
1072
1266
1335
723
1497
733
411
410
682
300
326
1376
745
1821
1602
923
1832
523
1025
146
1127
1096
309
398
1709
1729
1529
878
1583
1120
1375
1823
1726
1449
303
764
638
1666
1675
1537
895
388
123
239
1864
66
442
1581
1092
1793
762
1236
748
720
361
462
1567
1342
1768
280
107
120
279
1193
1555
269
1363
1188
1095
269
549
1534
394
203
1412
924
503
565
80
1294
657
877
1162
1059
12
1244
1384
618
87
200
1357
1491
1697
1260
930
1507
400
861
198
1371
1601
546
882
1337
1095
1792
1652
158
1313
292
684
1260
1739
1501
1412
1854
1429
59
198
1620
607
1425
1745
191
1583
1430
1836
31
1813
184
550
1468
175
1783
981
1792
1528
977
394
602
1670
1138
266
1066
1336
1515
1264
723
696
777
328
1866
521
1650
843
625
596
1214
377
1430
1215
1449
1593
1141
1231
1384
975
769
1721
820
40
270
795
356
836
1853
1149
1478
436
889
473
1597
172
1314
599
1209
952
1316
443
505
1616
1190
1421
457
337
1617
502
1539
748
645
1070
958
1661
636
996
377
1308
357
69
1720
1680
976
1127
1036
1130
1348
1123
337
1690
504
1070
908
136
1120
946
1136
1780
332
317
1866
1869
1510
21
461
1323
598
242
1024
578
728
0
309
833
760
1678
403
828
339
1691
959
451
191
1819
1158
99
1347
414
550
425
112
294
1025
1171
1113
1539
409
1765
60
358
1837
369
41
493
689
71
1493
515
863
433
1637
812
1037
1644
789
1232
130
594
1012
1533
75
634
1645
1097
1348
585
1375
618
1216
1790
1009
266
586
1323
56
1316
311
47
1309
379
89
509
1575
169
36
1715
1545
1384
1378
368
1560
238
615
1271
788
155
458
257
1456
111
341
458
1151
1261
1528
1054
77
1865
297
1080
1749
1011
602
391
1802
1228
1207
447
331
104
261
1523
1376
1066
553
921
1445
687
131
1120
918
668
374
734
1356
1852
231
790
907
364
374
1674
715
1487
779
368
1741
400
1609
789
1023
1458
881
1396
278
41
1298
771
779
883
1593
1211
1489
326
181
591
282
1083
1776
1413
1096
1430
738
29
32
783
1555
963
1134
488
730
1174
144
517
1611
71
435
905
1485
1531
85
436
1281
1145
309
1283
1419
1174
821
1306
932
1509
452
767
1268
683
850
1421
1441
8
1037
1627
784
248
1865
676
1799
860
399
800
1230
1524
1659
1646
608
905
412
1374
1317
769
1329
1373
426
962
1633
1395
348
1847
723
1299
432
1060
1465
809
1779
442
382
616
112
682
1148
152
529
1349
1793
1543
524
1509
1696
1510
1224
697
1739
1020
390
870
522
1807
581
1033
511
1394
549
1187
419
645
478
1772
1178
970
1566
1400
551
1188
646
1119
13
1720
1845
1015
1562
565
1537
19
1620
382
995
52
1753
1258
472
1622
340
507
986
808
331
1677
682
1171
118
1107
202
418
970
872
1687
329
970
491
481
491
1486
1765
1537
598
1157
1478
1766
1449
635
331
266
1061
