3
2
5
7
7
6
7
8
9
14
14
13
12
13
17
17
21
22
19
23
21
23
24
24
28
28
27
28
32
30
30
31
36
33
34
39
36
41
41
39
40
42
47
43
45
47
51
52
52
53
55
53
56
57
54
55
57
59
62
60
60
63
64
65
64
66
68
70
70
71
75
76
75
73
77
78
76
82
80
83
84
84
87
83
88
86
89
92
89
93
93
93
95
98
99
96
96
98
99
99
104
103
105
107
106
109
108
109
111
113
111
113
116
118
114
115
116
122
119
123
125
122
125
127
128
130
129
127
132
131
132
136
133
135
136
138
137
138
142
140
145
144
145
146
147
149
147
148
153
149
154
155
155
157
154
155
156
161
159
161
160
166
165
166
168
165
170
171
168
174
175
173
175
177
179
177
181
182
181
179
184
184
182
183
188
189
187
191
189
194
192
193
192
194
198
198
201
201
201
201
201
206
202
206
205
208
206
208
208
214
213
213
212
217
219
217
221
218
218
224
223
222
223
224
227
225
230
232
232
230
234
235
235
235
238
239
236
238
240
239
242
241
244
248
244
247
250
248
252
250
252
252
256
253
254
260
257
257
258
260
265
262
266
264
267
265
271
272
270
269
275
271
273
276
276
279
279
278
281
279
282
283
287
284
289
286
287
290
293
291
293
296
297
293
295
298
301
302
302
304
303
306
304
308
308
308
308
307
308
311
314
312
315
317
316
317
320
320
321
323
325
326
324
327
324
328
329
327
333
330
333
336
337
336
337
339
337
339
343
342
345
343
347
343
345
346
351
348
348
349
351
355
352
355
357
358
356
358
360
363
365
363
363
365
367
370
371
368
373
370
371
375
375
373
378
379
378
378
383
379
381
383
386
386
384
388
388
388
389
391
394
392
393
397
395
399
396
402
403
400
400
405
405
403
405
406
407
412
409
412
415
415
414
415
416
416
421
422
423
419
423
424
425
428
429
429
429
427
432
432
432
432
432
434
437
440
440
440
443
441
445
442
446
445
446
447
448
451
451
454
455
453
457
457
458
457
458
459
461
463
465
465
467
465
465
467
467
469
468
470
472
472
477
474
479
479
476
479
482
482
482
482
482
484
487
489
491
490
489
491
492
494
493
497
497
496
501
499
503
499
500
506
503
507
509
505
506
508
512
511
511
511
514
517
518
515
519
522
519
519
523
525
524
525
527
527
526
532
530
534
535
535
536
533
536
538
537
537
540
540
543
542
545
547
549
550
546
551
552
551
550
551
556
553
554
556
556
561
561
560
565
566
563
565
566
569
571
569
571
571
573
573
575
578
575
578
576
581
582
579
581
581
582
583
584
588
588
590
589
594
592
592
593
597
596
598
597
598
603
603
601
602
606
607
608
605
611
612
609
613
614
611
614
616
615
616
616
618
623
619
622
622
625
626
624
626
631
631
633
632
635
633
637
637
634
639
639
642
643
641
643
645
646
646
647
649
650
649
652
654
651
654
652
655
658
660
660
660
663
664
660
666
666
664
669
670
670
670
669
669
674
673
676
673
675
680
679
681
680
681
683
686
682
686
684
686
691
688
688
693
692
693
693
697
696
695
701
701
699
700
704
703
707
704
709
709
708
709
710
711
715
716
713
714
715
718
720
717
722
721
723
726
722
725
728
725
730
730
730
729
733
733
733
735
737
735
739
737
739
739
743
742
743
744
744
746
751
752
748
753
754
752
752
754
759
756
759
761
759
759
765
763
767
768
767
770
766
770
768
774
771
775
775
774
775
780
781
779
778
784
780
784
785
784
788
789
786
788
793
790
792
796
792
794
799
797
798
802
799
802
800
804
803
805
807
806
808
811
813
812
812
815
815
816
815
817
817
820
821
822
822
824
825
825
827
825
826
832
829
830
833
835
833
838
834
839
836
842
843
843
842
845
844
847
845
848
846
849
850
850
852
851
853
858
855
858
860
857
862
862
863
862
865
868
868
869
867
871
868
873
872
873
877
878
879
877
879
882
879
881
881
882
887
885
886
888
886
887
890
893
891
892
893
894
899
899
901
901
900
902
902
901
902
908
907
906
911
910
909
913
913
912
913
913
917
920
917
920
922
922
925
924
923
925
925
930
931
928
930
932
931
931
937
935
937
937
940
942
940
940
944
943
942
943
947
945
950
951
953
949
950
951
955
956
955
959
956
958
962
959
963
964
964
964
967
970
967
969
969
972
972
974
975
978
977
978
980
980
978
983
981
982
983
986
989
988
990
990
989
993
993
992
995
996
996
1000
996
999
999
1003
1004
1002
1002
1003
1005
1008
1006
1008
1011
1012
1010
1013
1015
1013
1019
1020
1018
1017
1023
1020
1021
1021
1026
1023
1028
1027
1028
1029
1033
1034
1033
1033
1037
1035
1038
1039
1040
1037
1038
1039
1045
1043
1047
1043
1048
1048
1049
1047
1048
1049
1050
1052
1056
1056
1058
1060
1060
1061
1061
1061
1061
1063
1063
1065
1065
1067
1068
1067
1068
1072
1075
1072
1074
1074
1076
1078
1077
1079
1083
1081
1081
1086
1082
1086
1084
1086
1087
1088
1090
1093
1092
1094
1092
1093
1099
1097
1098
1101
1103
1103
1102
1104
1102
1104
1104
1106
1107
1111
1113
1110
1115
1112
1116
1116
1115
1118
1120
1118
1120
1119
1121
1124
1126
1125
1124
