4
6
4
5
7
9
11
12
11
12
12
11
14
17
15
16
16
21
18
22
20
25
26
26
29
27
31
29
33
30
31
35
32
37
34
39
37
38
39
41
40
44
45
46
49
45
48
47
52
51
55
55
56
57
58
55
56
61
61
59
63
61
65
67
69
67
71
70
73
69
72
73
76
75
78
79
77
79
83
84
83
83
82
84
84
87
91
91
90
91
91
96
92
95
95
99
96
97
100
100
105
103
107
106
106
106
107
109
109
110
113
115
116
114
118
118
121
117
118
121
120
123
127
127
127
128
127
132
132
134
134
136
135
138
134
140
141
141
139
140
145
146
144
147
146
147
146
151
151
154
152
153
153
158
155
155
160
161
160
159
162
165
162
168
169
168
169
171
169
174
170
171
176
176
176
176
179
182
180
183
180
184
183
186
185
187
186
192
193
189
194
195
196
194
194
195
198
200
202
202
201
204
203
208
209
205
210
212
212
212
214
211
217
218
219
216
220
217
220
220
221
226
226
227
225
229
226
227
231
233
233
234
237
236
237
238
236
241
242
243
244
244
246
244
248
247
247
249
253
253
254
255
253
254
259
258
259
258
262
261
262
265
264
268
267
265
267
272
273
271
274
272
277
274
274
276
278
282
281
281
281
281
286
288
286
290
288
289
289
290
294
294
297
296
298
297
300
298
302
300
303
302
305
307
307
305
308
307
308
311
313
313
312
313
319
318
321
318
318
323
322
325
327
328
329
327
327
330
329
331
333
336
337
337
337
338
336
340
340
340
343
343
347
344
349
348
349
348
348
354
354
356
353
358
358
358
356
361
358
364
364
366
363
366
364
365
369
372
369
372
372
376
377
373
375
377
376
380
383
380
383
384
386
384
387
385
390
387
393
389
391
394
393
397
399
400
400
400
402
402
405
402
405
407
409
410
408
412
410
409
410
415
413
417
418
416
419
420
418
419
421
423
427
424
426
426
430
428
430
434
431
432
433
434
434
435
440
442
440
441
440
443
442
447
447
446
448
448
453
453
453
456
454
453
458
455
457
461
458
464
465
465
464
467
467
470
471
472
473
473
472
474
474
476
475
479
479
482
483
482
485
486
486
488
488
489
489
490
492
491
492
493
497
498
498
497
499
497
501
499
504
501
506
508
505
508
511
509
511
510
511
516
513
513
518
518
516
517
518
520
522
526
524
524
525
527
529
530
533
531
532
536
537
535
536
540
538
542
540
540
541
541
543
543
547
549
546
551
551
550
550
553
556
557
556
559
560
559
562
561
562
566
565
563
566
566
568
567
570
574
574
574
575
574
578
576
578
582
582
581
585
582
582
587
588
587
590
588
592
590
595
592
597
598
594
599
596
602
602
600
605
601
603
604
608
605
609
612
613
609
615
615
617
613
615
617
619
622
618
620
620
626
622
624
627
629
626
628
630
634
630
635
632
634
635
636
638
639
640
643
642
644
646
643
646
649
646
652
650
650
655
652
656
654
655
658
656
660
659
661
665
663
665
667
667
668
666
668
670
670
673
676
676
675
679
675
678
677
678
681
680
683
682
683
686
688
688
689
692
689
695
696
692
698
698
695
698
700
701
702
702
705
703
703
705
705
706
707
713
712
711
711
715
715
718
715
720
718
719
721
720
722
725
723
728
729
730
729
732
729
732
733
736
736
735
736
738
738
738
741
745
741
746
745
745
746
751
752
749
752
752
754
755
754
757
757
756
757
759
759
762
763
766
766
769
768
766
771
768
770
774
776
772
775
779
775
779
777
779
780
784
783
785
786
788
787
790
788
790
791
791
791
792
796
794
799
796
797
801
804
802
803
806
806
809
808
810
810
813
812
814
815
817
817
818
817
816
817
818
824
821
825
826
824
826
827
828
832
831
834
831
835
834
837
836
835
837
842
842
841
840
843
847
843
849
847
846
850
849
854
851
856
856
854
856
858
858
859
863
863
860
865
865
866
869
866
868
868
870
870
873
873
872
875
876
878
879
882
883
880
881
881
884
884
889
890
887
890
893
890
895
894
896
897
898
897
896
897
898
904
900
906
902
903
905
910
911
910
909
911
913
916
913
915
914
920
920
922
922
921
923
925
927
924
928
927
927
932
930
931
933
932
934
933
935
936
940
942
940
942
941
945
947
948
947
948
951
952
950
952
950
954
952
954
954
960
961
962
959
961
965
966
962
967
969
968
969
971
970
969
975
975
974
977
975
977
978
982
980
979
985
982
984
984
986
988
991
988
988
990
993
991
996
996
997
998
997
999
1001
1000
1000
1004
1006
1003
1008
1006
1007
1009
1011
1011
1010
1013
1012
1017
1019
1019
1019
1021
1020
1024
1021
1022
1027
1023
1027
1025
1029
1027
1031
1031
1034
1035
1033
1033
1036
1040
1036
1037
1041
1039
1041
1042
1046
1047
1049
1046
1047
1050
1050
1050
1050
1056
1052
1055
1054
1057
1059
1062
1061
1060
1063
1061
1063
1063
1064
1066
1069
1068
1070
1069
1071
1073
1072
1077
1077
1077
1080
1077
1082
1084
1083
1082
1085
1084
1084
1086
1088
1090
1088
1094
1095
1091
1096
1097
1097
1100
1099
1102
1098
1099
1104
1101
1105
1106
1104
1107
1107
1112
1113
1109
1110
1113
1117
1118
1114
1115
1120
1117
1119
1121
1121
1124
1126
1126
1127
