3
2
2
3
8
6
6
11
8
11
12
14
17
14
15
16
20
17
21
22
24
25
25
26
27
26
28
30
31
30
30
36
36
36
34
37
37
40
42
42
44
44
44
43
44
46
47
48
53
54
52
55
54
53
56
58
57
62
58
59
62
64
67
64
67
66
69
72
71
74
75
72
73
76
76
80
76
79
81
84
85
82
87
86
87
86
88
88
90
90
93
96
97
98
95
97
99
101
99
100
100
106
102
107
105
105
111
107
110
110
111
112
112
114
115
118
117
122
121
119
121
125
122
124
124
129
128
130
129
133
131
135
134
133
136
138
141
140
139
141
145
142
143
144
144
150
148
148
153
153
154
156
155
157
157
156
158
157
160
162
165
163
163
164
167
167
169
169
169
169
174
173
177
177
175
178
181
177
181
183
185
182
182
183
187
189
186
188
190
192
190
195
193
193
199
200
197
200
201
199
203
206
202
204
206
210
211
212
210
209
214
215
217
217
216
215
220
217
221
224
222
226
224
225
226
227
226
231
233
234
235
232
236
234
234
238
240
239
239
243
241
245
244
244
244
249
247
250
250
252
255
256
257
255
255
256
261
262
259
264
263
261
267
266
269
266
267
267
268
272
272
272
274
274
274
275
281
280
282
280
280
285
283
288
284
286
288
289
288
291
293
296
294
294
296
299
297
300
300
301
305
303
305
308
309
307
311
308
312
314
313
316
317
315
318
315
318
320
320
320
323
323
327
328
326
327
329
330
329
330
333
334
333
338
334
336
340
337
338
340
342
343
343
344
345
347
346
347
352
350
351
351
357
356
358
360
360
357
359
363
361
361
367
365
367
367
368
367
372
370
374
374
375
378
374
377
378
377
378
383
383
382
386
386
385
389
390
389
388
392
393
394
392
398
395
396
396
398
401
399
402
403
402
404
409
409
410
408
410
413
411
416
415
413
417
419
420
420
420
424
422
425
425
428
427
425
429
427
432
430
432
435
433
436
438
440
436
441
443
440
445
443
442
446
449
446
451
448
448
452
454
451
457
455
459
460
461
459
459
462
464
464
464
464
464
470
466
469
472
474
470
474
472
477
474
476
477
480
482
484
480
481
487
486
487
490
491
487
491
492
492
496
494
494
497
498
498
502
502
503
500
502
505
504
507
505
508
507
509
509
512
515
513
518
517
519
519
522
522
523
521
525
526
525
528
527
530
532
528
530
533
533
533
538
536
536
537
538
542
544
542
544
544
547
544
550
550
548
548
549
552
551
554
553
554
555
556
557
563
561
565
562
564
566
564
565
566
572
570
571
570
573
573
576
579
577
580
578
579
584
583
586
587
585
588
586
591
589
591
589
593
595
593
596
596
595
596
602
598
604
601
602
602
606
609
609
608
610
612
614
612
613
614
615
617
620
616
617
619
620
623
623
624
626
627
630
630
631
628
630
632
633
634
636
639
640
641
638
640
643
645
644
647
646
646
649
646
649
651
649
650
656
657
657
659
659
659
661
661
663
663
664
664
663
668
668
669
668
669
671
673
675
675
674
677
675
679
681
683
684
680
685
685
686
685
690
691
691
689
693
692
693
697
698
697
696
698
700
700
701
704
703
706
706
708
705
711
710
713
713
714
716
715
714
718
718
719
720
722
722
720
723
726
726
724
728
730
727
731
731
734
736
737
733
736
735
738
742
743
742
742
742
745
748
749
747
747
748
752
754
752
753
752
757
759
759
756
757
763
760
762
761
767
768
769
768
766
768
770
770
770
774
776
775
778
776
780
777
783
784
783
783
782
783
788
790
789
787
793
792
791
794
795
793
799
799
797
802
803
800
801
806
804
805
804
810
811
812
809
812
811
813
812
818
819
816
817
818
819
823
822
821
824
823
826
825
829
832
828
829
835
835
833
833
835
839
841
842
842
841
844
841
847
846
849
848
847
849
850
854
851
853
857
857
856
857
860
862
858
862
860
864
867
863
868
868
866
870
873
870
874
872
873
875
878
878
881
881
883
879
881
885
885
886
888
886
888
891
889
890
893
892
893
897
896
899
896
898
903
902
903
901
902
908
909
906
906
912
909
913
910
911
912
916
916
920
918
919
919
923
922
926
925
926
928
930
928
932
929
933
933
936
937
934
934
936
937
937
941
944
944
944
945
943
945
946
949
950
953
954
951
951
952
955
958
957
956
961
960
964
961
962
962
965
964
965
970
968
973
971
975
976
973
976
975
980
976
980
981
982
984
985
985
986
987
985
991
989
992
991
990
996
994
995
995
998
998
997
999
1002
1002
1001
1002
1003
1009
1007
1008
1012
1009
1012
1015
1012
1015
1015
1019
1019
1021
1020
1019
1019
1024
1025
1025
1026
1024
1029
1027
1029
1029
1029
1030
1031
1036
1033
1036
1040
1039
1037
1041
1039
1045
1043
1046
1045
1048
1048
1050
1050
1050
1051
1051
1056
1053
1056
1058
1057
1061
1059
1059
1064
1062
1063
1067
1067
1065
1067
1071
1070
1070
1069
1072
1074
1076
1076
1076
1080
1078
1081
1081
1082
1084
1085
1083
1086
1085
1085
1087
1089
1089
1091
1094
1092
1093
1096
1096
1096
1096
1099
1100
1104
1104
1106
1105
1104
1108
1109
1111
1107
1112
1113
1113
1115
1113
1113
1114
1119
1116
1118
1118
1124
1120
1126
1122
1128
1128
