2
6
4
5
8
5
11
8
12
14
14
11
13
18
15
20
17
18
22
24
22
24
25
24
25
28
30
28
29
29
33
34
34
36
36
38
40
40
40
40
44
43
47
46
49
46
48
48
50
54
53
53
53
56
57
55
60
60
63
63
65
64
62
66
66
69
68
68
71
70
75
71
72
74
77
79
79
82
82
79
81
85
87
86
87
85
91
89
88
94
92
93
97
97
99
99
97
98
101
103
105
105
107
107
105
110
109
108
112
111
112
115
117
116
114
118
120
117
121
124
125
123
125
126
126
129
128
127
130
130
133
131
137
135
134
138
139
139
138
140
143
142
144
148
149
145
147
151
152
150
151
151
155
155
157
160
161
162
160
159
160
162
165
168
169
170
171
171
171
169
173
173
176
174
175
176
178
182
179
180
185
186
186
183
186
190
189
187
188
191
192
195
196
197
199
195
198
201
202
200
204
204
203
206
206
210
208
212
208
214
210
215
212
218
215
216
220
222
223
220
224
226
225
228
226
228
230
230
232
232
230
231
234
236
236
238
238
241
241
241
244
241
245
245
246
245
251
249
251
253
251
252
254
256
257
259
256
257
258
259
262
265
262
267
267
265
267
272
272
269
270
275
272
275
275
280
280
277
281
282
280
284
284
284
287
287
290
287
289
292
290
291
292
293
296
298
301
299
299
301
305
302
307
306
304
308
307
312
309
314
313
312
317
318
315
316
321
321
321
321
320
322
326
323
325
327
328
332
333
330
334
335
332
338
335
339
339
339
338
340
343
346
347
346
347
346
348
349
349
349
352
356
352
358
357
360
361
359
359
363
364
362
365
363
366
366
371
372
372
373
371
374
374
375
376
379
376
379
381
383
380
384
383
388
388
385
388
389
390
390
393
394
393
395
399
400
399
400
402
403
404
401
402
408
407
409
406
407
408
409
415
415
417
417
417
417
416
418
418
420
423
424
427
427
428
430
430
430
430
430
432
435
433
437
439
439
437
439
442
440
442
444
446
446
449
446
449
451
451
450
454
456
455
458
456
455
461
460
463
462
460
462
465
463
469
468
466
468
473
471
473
473
473
478
479
477
481
480
481
480
485
481
486
488
488
485
488
488
491
489
494
491
497
493
494
497
498
502
503
504
501
505
502
507
504
509
509
512
511
512
515
513
513
513
516
519
517
522
519
522
521
525
522
526
525
528
531
532
530
532
534
532
534
535
534
537
538
541
541
543
540
542
545
545
547
545
551
547
552
551
553
553
553
558
555
557
561
560
562
563
563
566
563
566
567
566
569
572
569
571
574
574
573
574
576
576
580
577
580
584
582
583
584
583
587
585
590
591
590
593
590
591
593
597
597
598
596
601
600
603
602
606
606
603
604
610
611
610
611
609
611
616
616
614
616
616
618
617
623
624
621
624
626
624
626
626
627
629
628
631
634
635
636
638
635
636
640
642
640
639
641
643
643
647
649
647
650
651
651
652
654
653
654
653
654
656
659
658
662
660
665
663
664
666
664
665
666
671
668
671
674
675
676
673
679
675
677
678
680
681
683
686
683
687
687
685
686
688
688
693
691
694
692
693
699
695
701
702
700
702
700
704
705
704
709
709
707
709
708
711
712
715
712
715
718
716
716
718
722
721
722
724
723
727
729
729
729
729
730
729
735
732
735
735
734
736
739
739
742
743
742
741
743
744
747
747
746
750
750
749
755
751
757
754
757
758
758
758
760
764
761
766
766
764
766
767
771
768
768
769
775
776
772
778
774
778
780
779
782
784
783
781
783
785
789
790
787
792
790
794
794
792
796
794
797
797
801
798
803
803
804
802
806
806
809
806
808
811
811
813
812
813
813
817
815
816
818
820
818
823
823
822
822
826
825
829
829
828
832
833
831
835
834
838
836
839
836
838
839
840
844
843
843
846
849
847
848
852
853
851
853
854
856
855
855
858
860
857
858
860
862
865
864
864
866
868
870
871
870
874
871
872
872
875
877
875
878
882
882
884
880
883
885
883
884
887
890
892
892
890
890
892
897
893
897
895
897
899
903
902
902
902
906
907
906
905
910
910
912
910
911
914
914
918
914
920
917
919
921
922
920
921
925
923
925
925
928
928
932
933
935
935
932
933
939
937
936
939
938
943
941
941
943
946
949
949
947
950
952
953
953
953
954
957
954
959
956
959
961
959
961
966
966
966
964
969
969
971
970
970
970
972
974
976
975
980
977
977
982
984
982
986
987
984
986
990
990
990
991
992
995
994
992
993
996
998
997
999
1003
1000
1004
1006
1002
1008
1005
1010
1007
1012
1009
1013
1010
1012
1013
1013
1018
1020
1021
1019
1020
1023
1020
1026
1025
1024
1025
1029
1030
1031
1032
1031
1035
1034
1036
1034
1039
1036
1038
1041
1041
1039
1040
1042
1045
1047
1045
1047
1047
1052
1049
1050
1051
1054
1055
1056
1057
1059
1058
1058
1059
1061
1065
1061
1064
1066
1065
1070
1069
1071
1068
1074
1075
1074
1074
1077
1075
1079
1080
1080
1079
1080
1083
1084
1085
1087
1084
1087
1091
1091
1091
1092
1093
1093
1097
1096
1096
1099
1097
1097
1103
1104
1102
1104
1104
1108
1108
1109
1109
1112
1109
1110
1110
1116
1116
1115
1119
1116
1116
1121
1119
1121
1120
1123
1126
1125
1124
