0
2
6
4
9
5
6
11
10
12
15
15
12
18
15
19
19
19
20
20
20
26
24
24
27
29
27
32
31
34
32
36
37
34
34
35
40
41
40
43
45
45
44
47
46
46
50
50
50
50
54
51
54
57
54
56
59
59
60
61
63
62
67
64
64
65
71
68
69
71
74
73
76
75
77
80
77
79
81
80
80
81
83
84
84
89
88
91
91
89
92
92
96
95
97
98
101
101
102
101
100
101
105
105
107
110
109
112
110
112
114
113
115
114
114
117
116
121
121
121
122
126
124
123
129
127
131
127
128
134
130
131
135
138
135
139
137
142
142
141
143
141
142
147
144
147
146
148
152
151
152
152
153
154
155
158
161
158
163
160
162
161
164
165
169
165
169
170
170
169
175
175
176
177
178
176
179
177
179
181
181
184
183
188
188
190
190
189
189
193
191
195
194
198
197
195
200
202
198
202
205
205
207
203
206
206
210
208
209
213
215
215
215
217
218
219
216
222
223
219
223
225
222
225
225
227
229
227
231
234
233
235
235
236
238
235
236
240
241
244
243
242
244
243
247
246
248
248
250
253
253
254
256
256
255
258
257
260
262
262
262
263
264
268
268
266
270
271
271
270
270
276
276
274
274
278
281
277
280
280
285
285
286
286
284
288
288
289
292
294
293
293
294
293
294
297
298
300
301
301
305
302
306
305
307
306
311
312
310
312
315
311
314
318
314
315
317
320
323
323
322
323
323
326
329
327
327
327
329
329
331
334
335
334
335
337
341
338
341
341
343
344
347
346
345
345
351
350
353
349
351
352
354
356
355
360
356
361
362
362
362
364
367
367
368
367
371
372
370
370
374
372
373
374
378
378
376
378
382
383
385
386
385
384
389
386
386
388
389
390
393
396
397
394
395
397
400
401
402
400
403
403
405
403
407
409
411
409
409
411
411
412
414
413
415
420
417
419
422
422
424
426
423
427
427
425
429
431
432
430
430
433
437
438
439
435
438
440
442
441
440
442
444
447
448
448
451
447
450
454
455
456
454
454
459
456
459
462
463
460
462
462
464
463
466
470
466
470
468
470
473
473
472
475
477
475
479
479
480
479
481
486
486
483
485
486
489
490
492
494
493
496
495
497
499
500
500
501
500
500
501
501
506
507
507
510
507
507
510
512
511
516
517
516
515
518
520
520
518
521
525
525
523
527
528
526
529
532
533
534
531
531
535
533
537
535
538
540
543
543
544
542
547
548
549
547
551
547
551
554
552
556
557
555
558
559
556
557
559
561
561
562
567
567
568
570
566
571
569
572
572
573
576
576
574
577
578
582
578
581
585
585
582
585
584
590
588
591
592
590
594
593
596
598
598
595
596
599
603
601
604
603
607
607
606
608
609
611
613
614
614
613
613
616
618
619
619
617
618
622
622
621
627
628
625
628
626
631
631
629
633
632
634
637
638
638
639
642
643
642
643
645
644
647
649
645
648
650
648
653
651
656
657
655
656
660
657
659
660
659
663
661
665
663
669
666
667
669
668
669
673
673
674
677
675
680
679
681
679
684
684
685
683
688
684
690
689
690
690
692
690
694
696
698
698
697
697
698
703
699
701
702
704
707
705
710
710
711
710
711
713
715
715
714
716
718
717
722
722
723
723
721
725
724
727
728
726
731
729
733
731
731
732
738
738
736
738
737
742
739
741
742
746
748
745
749
750
750
749
751
751
752
756
758
754
758
760
762
758
762
761
762
763
765
765
765
770
770
772
770
772
774
777
775
779
777
779
778
778
781
780
781
783
787
785
790
788
792
791
793
792
795
795
797
794
797
799
799
803
802
800
804
806
807
806
807
810
812
813
814
812
816
815
815
815
815
816
817
818
822
825
823
823
824
828
830
829
828
828
830
834
831
837
836
839
839
839
839
838
841
840
841
842
845
849
849
849
849
850
854
853
853
855
855
859
860
860
862
859
859
863
866
862
867
867
867
871
872
872
872
870
876
872
873
878
877
879
877
879
879
884
881
885
888
885
889
889
892
891
891
894
894
894
894
897
898
900
901
898
901
901
901
904
904
907
905
907
908
908
909
915
914
915
914
917
915
921
922
920
922
921
924
924
925
926
927
931
927
932
934
935
936
937
934
937
937
939
939
942
944
940
945
942
947
947
947
950
951
950
952
951
952
956
956
957
957
956
961
960
962
961
965
966
968
964
967
971
972
971
970
973
971
973
973
974
976
980
979
980
981
981
981
986
987
986
990
987
992
990
992
993
995
992
993
996
997
997
1002
999
1003
1004
1004
1005
1004
1007
1007
1007
1011
1011
1014
1014
1012
1013
1017
1014
1017
1019
1021
1023
1019
1020
1026
1027
1023
1026
1025
1028
1028
1032
1034
1032
1033
1037
1033
1038
1040
1036
1037
1041
1039
1043
1043
1047
1047
1044
1045
1047
1052
1049
1052
1055
1052
1055
1054
1056
1056
1060
1058
1062
1060
1064
1064
1063
1066
1066
1067
1070
1068
1069
1073
1071
1075
1075
1075
1079
1075
1080
1079
1083
1083
1083
1081
1082
1087
1085
1090
1091
1090
1089
1093
1093
1092
1093
1098
1099
1098
1097
1101
1103
1100
1103
1106
1106
1106
1105
1109
1108
1112
1110
1110
1110
1116
1114
1115
1114
1115
1117
1117
1120
1120
1120
1122
1122
1125
1128
