4
4
6
6
7
6
9
7
11
12
13
11
14
18
19
19
18
22
23
20
25
25
27
23
25
27
28
30
32
33
30
36
33
36
37
39
38
38
38
41
44
46
43
44
47
50
48
50
50
54
51
51
55
57
58
56
56
62
61
63
64
65
65
63
67
65
71
67
73
69
71
76
72
73
74
77
81
82
79
84
80
81
86
87
86
90
91
90
91
94
94
95
92
98
94
99
99
102
98
102
104
101
106
103
106
108
109
111
110
112
111
112
115
115
118
117
118
121
119
121
123
121
124
127
125
125
131
132
128
131
130
135
137
133
138
135
137
138
140
143
142
145
145
144
149
146
150
150
150
151
153
156
157
156
155
160
158
162
163
162
165
163
162
163
166
169
169
169
170
169
172
172
172
178
178
180
178
178
182
184
185
185
185
184
187
188
189
191
190
189
190
193
197
198
196
196
200
201
203
202
204
202
204
203
209
210
209
211
208
211
212
211
213
217
214
217
217
220
219
223
221
225
227
223
224
225
231
228
231
234
234
236
236
238
237
237
239
241
242
239
242
245
245
247
247
248
249
248
252
250
255
254
256
254
257
260
260
262
259
263
264
266
263
266
269
265
271
271
272
269
271
274
276
273
277
279
281
278
278
280
285
285
286
288
286
287
291
291
293
290
290
296
297
295
297
297
298
298
301
302
305
301
306
308
309
306
307
311
311
311
313
311
315
318
316
318
319
317
319
323
323
322
324
325
329
328
326
330
330
334
330
333
334
335
338
337
340
338
338
339
344
344
347
346
349
350
348
351
349
349
351
356
356
355
357
355
360
358
358
362
363
364
365
366
369
369
367
370
373
373
374
376
373
375
378
379
381
380
382
381
385
385
382
388
389
386
390
388
390
389
392
392
393
394
397
399
399
397
399
400
404
401
405
406
406
410
409
412
411
412
412
415
415
416
416
418
419
417
420
423
424
424
423
428
424
428
429
429
429
431
435
434
434
438
438
439
440
438
439
439
440
443
447
446
447
448
446
451
451
452
453
455
454
453
458
456
461
461
459
459
461
466
463
464
469
467
468
468
472
470
471
472
472
473
475
475
477
482
482
480
485
485
487
487
487
489
487
488
491
493
495
492
494
494
498
496
497
499
503
504
503
504
502
508
507
508
510
509
510
509
512
513
515
514
515
517
520
519
520
522
523
522
527
525
529
526
529
528
532
529
533
534
535
534
539
537
540
538
543
539
540
541
543
543
548
545
551
547
552
552
552
551
557
556
558
557
556
557
560
564
561
562
567
567
564
570
569
567
569
569
575
575
575
577
578
580
576
578
579
582
581
585
582
585
587
588
589
592
588
589
591
595
597
596
596
595
601
601
601
602
604
606
605
606
607
607
608
609
611
609
610
612
614
615
619
617
616
617
623
620
620
622
623
625
626
628
626
631
629
632
633
633
633
635
638
640
639
638
641
641
645
645
647
645
645
650
648
651
648
653
651
655
655
658
655
659
656
661
661
664
661
665
662
664
668
668
668
671
671
674
671
676
676
676
677
679
678
679
680
680
680
681
686
686
684
687
691
687
690
689
693
696
696
694
694
696
699
700
699
704
700
702
706
708
709
709
707
708
713
712
713
713
717
714
715
716
718
720
721
720
723
723
724
725
724
726
728
732
730
730
735
736
737
733
737
736
739
738
738
740
745
746
746
745
744
745
751
750
750
750
752
754
756
754
759
758
758
760
759
762
763
763
767
764
769
768
766
771
768
772
772
774
776
776
774
779
777
779
780
780
781
786
782
783
788
789
789
787
789
790
790
793
794
793
795
798
800
801
802
802
802
802
806
804
805
807
807
809
808
813
815
813
815
815
819
819
817
821
819
824
822
824
827
827
829
830
826
827
828
830
835
831
832
834
834
836
838
838
839
842
845
845
843
845
845
848
847
852
853
849
852
855
853
854
856
858
860
859
860
863
863
863
867
865
867
866
870
870
870
871
870
874
875
875
878
879
876
877
879
882
883
881
885
888
887
885
888
887
891
893
894
893
894
895
898
899
898
897
901
901
902
901
907
904
905
905
911
912
913
912
912
916
914
917
919
917
918
920
921
922
925
925
925
927
928
930
928
927
933
934
930
932
936
938
938
936
937
941
943
942
942
944
942
943
948
945
950
948
953
952
951
956
953
954
959
955
961
961
963
960
965
964
967
966
965
970
969
972
968
971
973
973
972
976
978
978
976
981
978
984
981
986
983
988
984
990
989
990
992
994
991
993
992
997
994
996
1000
997
998
1003
1005
1003
1002
1008
1005
1008
1009
1010
1010
1010
1010
1012
1012
1014
1018
1018
1019
1022
1022
1022
1024
1023
1022
1024
1026
1029
1027
1031
1028
1029
1035
1032
1036
1034
1034
1038
1039
1042
1039
1043
1044
1044
1045
1045
1044
1049
1046
1052
1049
1049
1050
1052
1052
1054
1059
1057
1056
1060
1058
1063
1061
1061
1066
1066
1069
1068
1066
1067
1071
1072
1072
1072
1077
1076
1078
1078
1077
1079
1078
1084
1085
1083
1083
1086
1088
1087
1090
1091
1093
1090
1092
1093
1095
1093
1094
1097
1100
1102
1101
1104
1105
1101
1103
1108
1107
1108
1107
1109
1112
1111
1113
1115
1113
1117
1115
1117
1117
1119
1123
1124
1120
1124
1124
1125
1125
