5
6
7
5
9
5
11
12
10
14
11
12
15
16
18
20
16
17
18
22
25
23
25
24
25
28
30
30
30
34
34
31
37
36
36
35
40
42
43
40
42
41
42
46
47
48
48
49
50
54
50
55
52
58
55
57
56
62
62
64
61
66
62
68
66
68
71
69
68
73
72
72
75
77
76
78
81
79
79
82
83
83
85
83
86
86
90
91
88
92
93
94
93
93
95
96
99
101
101
101
100
106
104
108
106
110
108
109
111
113
112
113
116
114
118
115
116
120
122
121
122
126
125
123
127
130
131
127
133
130
134
135
132
136
136
137
139
140
141
139
142
146
144
146
145
147
148
149
151
149
151
152
156
154
158
157
158
157
161
162
162
164
167
166
167
166
171
171
170
174
171
175
173
174
178
179
178
182
181
184
183
181
186
188
184
186
190
187
191
193
192
193
193
197
194
195
197
202
198
203
202
203
207
203
204
210
206
207
210
214
211
215
215
217
219
215
217
219
220
219
223
226
226
225
227
227
227
227
229
229
231
231
235
233
237
238
236
242
242
244
242
244
247
243
249
247
249
247
252
253
251
256
253
255
255
258
258
261
258
263
260
262
267
266
267
269
270
272
272
273
274
276
277
275
276
275
277
280
281
284
282
285
283
288
289
290
291
292
288
289
291
291
294
298
294
298
300
300
298
300
305
303
307
306
305
309
307
311
310
312
310
315
315
318
314
318
318
322
318
320
320
324
326
323
324
329
329
329
332
330
335
336
337
334
334
338
339
338
339
342
342
342
347
343
345
350
351
352
351
352
350
351
353
355
356
360
358
361
361
361
365
364
365
368
366
367
371
367
372
373
374
374
374
373
378
378
377
379
380
384
383
384
384
383
384
386
388
392
389
391
393
395
397
396
399
398
401
398
403
400
400
402
407
406
407
407
410
407
408
414
411
412
416
414
414
419
416
420
423
423
424
425
423
423
425
427
429
431
428
429
433
436
436
433
437
437
438
437
443
442
442
443
445
448
445
445
451
450
448
451
454
453
453
454
458
455
460
459
460
460
465
465
467
464
468
465
469
472
473
473
474
471
477
477
475
478
481
479
483
484
484
481
485
484
489
489
488
489
492
492
494
496
493
494
498
495
501
498
500
501
505
505
502
508
506
510
509
511
508
513
512
513
514
514
515
517
517
517
522
521
522
522
524
525
526
525
526
527
531
532
531
536
536
533
534
536
536
539
538
540
543
542
546
548
549
545
548
548
551
550
552
554
554
558
557
559
558
559
558
564
563
564
564
565
566
565
569
569
573
571
570
576
575
574
579
576
576
580
581
581
582
582
587
585
585
589
590
592
590
591
592
596
597
595
594
600
596
599
598
603
605
603
602
604
607
609
607
610
609
612
614
615
612
616
619
617
621
617
618
619
620
623
626
627
625
625
626
631
629
629
635
634
637
633
636
639
640
638
643
640
640
642
642
644
647
646
649
648
648
653
652
655
654
654
659
660
660
657
659
663
662
664
664
667
665
668
669
667
673
674
671
671
673
678
675
677
677
678
678
684
683
683
686
688
686
685
690
690
688
693
690
696
692
693
694
697
698
699
698
704
703
702
706
704
707
707
710
708
711
714
710
711
715
718
718
720
718
722
721
723
721
723
727
723
725
725
729
730
729
732
732
736
734
733
734
735
739
739
741
740
743
742
746
745
745
750
751
749
748
753
750
756
757
758
754
757
759
757
761
759
761
764
764
764
767
770
767
772
772
774
775
773
775
775
778
778
776
781
778
781
781
784
783
783
786
789
789
789
792
791
795
796
793
793
798
800
800
801
803
799
801
801
805
805
807
807
809
809
813
813
813
811
816
818
818
817
816
819
819
819
823
822
827
823
825
826
827
830
830
829
835
836
833
836
837
840
838
841
840
841
840
845
844
847
846
848
846
852
849
850
855
854
855
858
857
858
861
861
861
862
865
864
862
863
869
870
868
872
870
874
872
873
876
876
879
876
878
879
880
881
882
884
883
883
889
888
890
891
891
892
895
895
892
898
897
900
900
898
901
903
900
902
904
907
908
909
910
912
911
911
910
913
912
918
916
920
920
921
922
920
921
921
926
927
928
925
928
932
933
929
930
931
937
935
939
936
940
941
940
944
940
946
943
945
946
946
950
947
951
951
954
955
956
956
959
958
961
961
960
964
964
962
963
963
966
968
969
970
971
973
975
976
976
975
976
980
979
982
981
980
981
986
986
986
984
985
988
989
992
991
994
992
997
995
996
998
999
997
1000
1001
1001
1004
1004
1005
1009
1010
1010
1010
1009
1010
1015
1016
1013
1015
1014
1016
1020
1017
1019
1024
1021
1022
1023
1024
1027
1025
1027
1031
1028
1032
1030
1033
1034
1036
1037
1037
1036
1040
1039
1040
1044
1041
1046
1046
1049
1045
1051
1050
1053
1054
1053
1054
1057
1056
1054
1055
1061
1058
1060
1063
1065
1065
1065
1065
1066
1065
1069
1072
1073
1073
1073
1072
1072
1078
1074
1075
1076
1077
1080
1079
1083
1082
1083
1085
1086
1089
1089
1090
1091
1093
1095
1096
1094
1094
1099
1098
1098
1099
1099
1099
1103
1105
1104
1105
1105
1106
1110
1111
1112
1113
1115
1111
1117
1118
1116
1118
1121
1122
1120
1119
1124
1124
1125
1123
1126
