3
1
7
7
8
8
6
10
10
13
10
16
17
18
18
18
20
22
22
24
23
24
22
25
29
29
30
30
33
29
32
32
37
37
38
39
41
38
41
43
42
46
45
48
48
49
50
50
51
51
51
51
56
57
55
60
58
57
59
64
61
61
66
64
65
70
71
71
72
69
73
73
72
75
79
80
77
82
80
81
81
81
86
87
84
85
89
88
92
92
91
91
93
95
97
98
98
102
98
100
104
105
102
103
107
105
111
107
111
111
111
111
117
115
119
118
116
117
118
123
125
126
122
123
126
125
126
131
128
134
134
132
135
135
137
139
140
142
139
142
145
143
147
143
147
148
147
152
148
154
155
155
152
155
154
155
161
161
159
160
160
161
165
165
166
167
171
171
169
172
172
172
173
173
178
176
179
177
181
179
182
183
182
187
185
186
187
191
190
190
190
193
195
195
195
195
201
202
201
203
200
202
206
205
208
205
209
208
212
212
210
214
215
217
217
218
219
221
219
220
225
222
223
224
228
230
226
228
233
231
230
234
235
234
235
240
237
242
239
241
242
245
244
244
244
247
249
251
251
254
253
252
253
257
254
258
259
258
263
259
261
261
266
263
265
268
270
267
269
274
270
273
272
275
274
277
276
277
280
283
280
285
283
287
284
285
287
287
288
294
295
294
295
298
294
298
300
297
303
301
301
306
305
306
307
310
307
310
312
312
310
313
312
314
317
318
321
321
322
324
320
326
324
323
327
330
329
330
333
332
334
332
334
336
337
335
336
337
343
344
340
342
346
347
349
350
350
348
349
352
354
356
353
355
357
359
360
357
358
362
364
361
364
365
365
367
370
368
372
371
373
376
374
373
378
379
376
381
380
379
383
382
385
388
387
387
389
392
393
391
393
391
393
397
395
398
399
397
400
403
404
402
407
405
405
407
408
408
412
410
410
416
417
415
415
418
417
421
421
424
421
423
427
423
427
430
427
429
433
430
432
433
434
435
439
439
436
437
440
440
440
443
443
447
446
445
451
448
450
449
451
454
454
456
454
460
459
458
462
462
464
461
467
468
469
469
469
472
471
471
471
472
476
476
475
475
480
481
479
480
481
482
486
486
488
486
491
492
489
489
492
494
492
498
494
498
499
497
503
502
501
501
504
505
509
507
506
507
510
512
511
511
515
518
516
518
518
519
523
524
521
523
525
523
524
528
527
528
531
534
532
532
533
535
534
536
536
539
542
539
542
541
543
548
545
550
550
551
552
550
551
553
552
555
557
556
560
561
559
559
565
562
567
564
568
570
568
570
568
570
573
576
573
574
575
576
576
577
579
581
584
581
582
587
589
585
587
587
593
589
594
592
595
598
596
596
600
598
603
602
604
601
603
607
605
608
607
609
612
609
615
614
615
614
615
616
616
619
618
624
621
623
625
623
624
627
629
629
628
633
630
631
636
634
638
637
639
640
638
644
642
646
643
645
646
649
647
647
653
651
652
653
657
658
656
659
658
661
661
664
663
662
665
665
668
667
671
669
670
672
670
676
673
678
675
676
678
678
678
684
682
684
686
683
686
688
691
687
693
690
695
692
693
694
699
696
698
700
703
700
701
702
706
708
708
705
711
707
711
709
710
715
717
718
715
715
718
722
722
721
720
725
724
727
729
729
726
732
732
734
732
733
735
735
736
738
740
742
740
739
745
745
742
747
745
745
750
750
748
751
750
756
752
756
759
759
757
759
761
760
760
761
763
768
766
768
770
769
772
771
771
776
777
778
776
779
780
778
780
782
784
786
786
788
784
785
791
790
788
793
790
795
796
793
797
800
796
799
799
804
802
806
802
805
809
810
811
809
810
812
815
812
815
813
816
820
816
820
818
822
823
825
822
828
824
825
831
830
830
829
830
832
834
834
834
837
837
839
843
844
842
844
844
846
848
845
848
852
851
849
851
853
853
857
858
855
856
859
860
862
861
866
864
863
865
869
869
868
872
870
874
872
872
873
877
876
881
877
883
879
880
883
886
886
889
889
887
888
891
892
894
891
895
893
896
900
897
900
899
902
901
903
907
903
905
910
910
911
911
914
912
916
917
913
918
917
920
920
921
921
922
925
926
924
924
925
929
927
930
930
932
936
934
935
938
939
940
939
942
943
943
945
942
944
946
945
950
951
950
954
953
951
953
954
954
959
960
961
958
963
961
962
965
967
965
968
969
968
968
974
975
971
973
978
976
978
981
981
979
979
983
985
982
985
986
985
991
988
988
993
991
995
997
997
998
998
997
999
1000
1000
1004
1006
1003
1007
1007
1007
1009
1007
1009
1012
1013
1012
1012
1016
1017
1020
1020
1017
1019
1024
1023
1023
1024
1028
1028
1026
1029
1031
1032
1030
1032
1036
1037
1037
1036
1040
1041
1040
1038
1044
1040
1043
1047
1046
1049
1050
1050
1049
1051
1051
1053
1053
1057
1058
1056
1055
1057
1061
1061
1059
1060
1062
1066
1064
1067
1065
1066
1070
1068
1072
1072
1071
1075
1075
1078
1076
1080
1080
1081
1083
1082
1085
1085
1088
1086
1090
1088
1088
1093
1091
1091
1091
1095
1097
1096
1097
1098
1100
1098
1099
1102
1103
1102
1108
1106
1106
1107
1108
1111
1114
1114
1111
1116
1113
1114
1117
1119
1120
1123
1121
1123
1122
1127
1128
1126
