2
3
5
6
8
9
8
11
10
14
12
11
16
15
16
15
21
18
20
24
20
23
26
26
28
25
27
31
32
32
31
33
36
35
37
37
38
42
43
42
42
44
42
44
49
47
46
52
50
52
51
54
56
55
59
56
57
61
58
59
60
61
65
65
67
67
69
72
73
69
75
72
77
73
74
77
81
77
81
82
80
84
87
83
87
89
90
90
90
90
91
95
94
98
94
96
98
98
100
103
100
106
107
106
108
107
107
112
109
113
110
113
117
113
119
116
117
118
122
124
123
125
124
128
129
126
130
132
128
134
130
131
132
134
135
138
136
142
140
143
140
142
146
148
148
149
149
152
151
151
152
151
152
157
159
160
161
159
163
163
164
161
164
168
166
168
169
171
172
171
175
174
176
177
179
179
178
177
179
180
180
186
186
183
187
188
190
188
189
190
190
196
195
197
195
199
196
198
202
200
205
202
205
206
205
208
207
207
210
214
211
216
215
218
214
219
217
219
219
219
222
224
222
228
229
226
231
227
232
230
232
232
236
236
236
235
236
242
243
239
240
246
247
246
244
245
249
249
250
254
254
252
256
256
255
259
261
260
260
262
260
262
267
264
264
267
271
267
270
269
275
274
273
276
276
278
281
282
280
283
283
284
285
283
287
289
288
288
292
291
292
294
294
298
297
295
296
297
299
299
303
301
303
308
309
310
311
309
311
310
310
315
315
315
319
319
318
320
321
320
322
324
326
324
329
327
331
332
330
333
331
335
332
336
335
336
336
340
341
341
345
345
345
344
349
350
350
350
350
351
351
353
353
354
356
357
357
358
363
359
363
366
367
365
364
370
369
372
371
369
373
375
374
378
376
377
378
379
382
381
383
383
387
385
384
387
390
390
393
391
394
396
396
395
395
398
397
398
398
404
402
403
405
404
409
406
408
407
411
409
411
411
414
413
415
417
420
420
420
422
423
426
424
428
429
428
427
431
433
433
430
435
437
434
437
440
439
441
442
441
445
443
442
445
447
447
451
450
449
450
452
454
454
453
455
456
461
457
458
464
462
464
465
464
467
469
466
467
470
474
473
475
476
478
476
480
479
482
483
479
483
485
484
485
489
486
488
490
491
490
493
491
496
494
498
499
498
497
503
502
502
506
505
504
506
506
508
508
510
514
514
516
512
513
514
520
520
518
522
522
523
523
523
523
529
529
530
528
528
534
534
533
536
535
539
540
539
537
543
539
540
546
544
545
545
550
546
549
551
553
550
556
554
557
556
556
561
558
558
564
563
566
566
564
566
569
568
567
572
571
571
572
577
576
577
577
578
577
580
581
581
581
585
588
585
585
589
589
593
590
595
595
593
597
599
595
601
602
599
603
605
605
603
605
608
608
609
607
612
613
615
614
617
614
618
619
616
620
622
620
625
626
626
627
625
629
628
627
632
629
632
634
632
635
637
635
636
641
643
642
644
642
644
647
649
649
651
647
652
651
655
656
656
655
655
660
659
661
662
662
663
665
664
663
666
666
669
667
672
670
675
672
676
678
676
675
678
681
679
681
681
686
684
683
686
685
689
689
689
694
695
694
696
696
694
696
697
699
698
701
703
705
704
703
709
708
706
710
710
714
714
712
714
718
714
715
720
719
718
724
721
726
725
724
727
728
731
731
730
734
735
736
733
738
737
739
740
740
741
741
742
741
747
748
749
750
751
750
752
753
753
752
753
754
758
759
757
761
763
760
761
766
763
764
768
767
766
770
768
774
775
774
777
778
779
780
777
782
782
781
781
783
784
783
785
786
787
792
790
793
792
792
796
794
794
800
801
798
799
801
804
805
804
804
805
806
808
811
808
810
812
815
814
813
815
820
821
819
821
821
821
826
825
828
827
827
829
829
832
833
833
835
835
836
838
839
838
838
838
843
841
844
843
846
845
845
846
849
852
854
850
851
855
854
859
858
859
859
861
863
865
863
864
865
865
866
866
870
871
871
875
874
876
874
874
878
880
882
880
884
880
884
887
884
886
888
891
892
892
894
892
895
897
894
897
898
899
901
899
902
901
905
906
905
905
910
907
910
908
910
915
912
914
917
919
917
921
918
919
921
920
924
922
924
925
928
927
928
930
930
934
933
934
935
937
938
939
937
942
942
944
945
943
945
946
949
946
952
953
953
952
954
953
957
956
955
961
962
963
960
961
963
965
965
969
969
966
968
973
973
973
975
973
974
975
977
976
979
982
980
984
985
986
985
987
988
989
990
989
993
993
994
993
996
996
995
996
998
1001
1001
1001
1004
1002
1003
1006
1007
1008
1009
1009
1014
1012
1014
1014
1014
1017
1020
1016
1020
1022
1021
1025
1022
1026
1026
1024
1028
1026
1029
1032
1034
1032
1036
1035
1033
1037
1039
1038
1037
1041
1041
1042
1043
1044
1044
1045
1045
1051
1048
1053
1049
1051
1055
1053
1055
1057
1056
1060
1062
1062
1060
1062
1063
1066
1066
1068
1066
1071
1070
1073
1069
1074
1076
1072
1074
1079
1077
1080
1077
1081
1082
1081
1085
1082
1086
1087
1089
1088
1089
1090
1091
1094
1095
1095
1093
1095
1097
1101
1100
1101
1103
1101
1104
1106
1103
1106
1109
1109
1107
1112
1109
1112
1111
1115
1116
1117
1119
1121
1121
1120
1119
1124
1122
1124
1123
1128
