3
6
5
5
7
9
10
10
9
14
11
15
17
14
14
16
20
17
19
19
22
24
27
23
27
27
26
27
33
30
35
32
35
36
39
35
36
42
38
39
43
42
42
43
48
47
49
47
53
54
51
54
55
58
54
58
56
58
60
63
63
64
63
64
65
65
68
70
69
70
72
76
77
77
74
77
78
78
78
84
81
82
84
88
86
88
89
90
90
94
93
93
97
98
97
97
100
99
98
103
105
104
106
105
104
107
109
112
110
111
110
114
116
116
117
119
120
122
118
123
123
124
126
124
124
128
129
128
133
132
133
132
134
137
135
137
137
138
138
143
142
144
143
146
148
148
146
152
151
151
150
153
156
157
157
158
156
157
160
160
164
163
163
168
168
165
169
167
171
173
175
172
177
178
174
178
181
177
179
184
181
186
185
184
187
189
191
187
188
194
191
193
195
198
197
196
199
200
198
204
200
201
206
208
207
205
210
210
212
210
213
214
217
214
219
218
221
218
220
222
220
226
223
225
225
230
227
230
231
230
234
236
237
238
237
237
241
240
238
239
243
245
245
245
245
248
247
250
252
250
255
255
255
257
254
256
257
259
259
263
263
263
262
264
267
268
271
270
272
271
270
276
274
277
274
278
281
278
281
281
280
281
284
287
284
290
289
291
292
289
291
293
294
298
295
300
300
297
300
301
304
306
305
304
305
307
311
311
309
313
315
315
313
317
314
320
321
318
322
321
322
326
325
328
325
325
331
332
329
332
335
332
336
337
337
339
336
337
341
340
345
343
344
346
344
346
350
351
349
353
351
352
356
356
358
359
360
361
363
362
363
361
366
367
364
368
370
371
368
372
370
375
372
373
377
377
377
381
382
383
380
386
386
384
386
389
390
392
390
394
391
393
393
396
394
397
398
399
403
400
404
402
403
403
405
410
408
412
410
410
413
416
414
418
417
419
418
422
420
422
421
425
425
423
429
429
429
430
432
432
435
434
437
436
438
436
438
442
441
443
442
444
443
445
447
450
451
448
451
453
452
452
456
455
457
458
457
462
458
459
460
464
467
467
466
467
467
471
471
472
473
474
476
475
477
480
481
477
481
482
484
483
485
486
487
490
488
488
493
494
492
494
495
497
495
496
497
502
500
499
503
503
504
508
508
508
508
509
511
509
514
514
517
516
519
519
519
519
518
520
524
524
523
527
527
526
530
529
533
529
533
531
535
534
534
537
536
539
542
542
541
542
543
543
548
546
551
552
549
549
551
553
555
556
555
557
559
558
561
562
562
566
566
563
569
566
571
571
568
571
573
572
575
576
575
580
579
582
578
583
580
581
587
585
585
587
591
587
588
593
590
594
594
593
599
597
599
601
602
602
602
605
606
603
609
607
606
611
612
610
610
614
616
617
619
618
621
620
619
622
625
623
624
628
627
629
629
631
628
629
631
634
635
635
637
639
640
639
643
641
643
643
642
643
645
649
648
652
653
653
654
653
654
655
658
658
661
657
663
663
661
666
662
663
668
669
667
670
672
670
674
674
676
675
674
679
679
679
682
684
684
681
682
685
689
686
688
691
688
693
690
696
695
696
696
699
700
702
702
699
700
706
705
708
705
708
711
712
708
714
715
716
716
717
715
718
721
721
721
723
720
725
727
725
725
729
730
730
733
734
735
733
734
736
736
739
736
737
738
740
742
742
743
747
744
745
751
750
753
751
752
754
753
757
755
758
761
759
761
762
764
761
766
767
766
769
766
770
773
770
774
775
777
778
775
780
778
779
779
783
781
783
786
784
786
786
788
791
791
789
791
794
792
798
798
796
798
798
800
799
800
806
807
803
807
806
809
808
812
812
813
811
815
816
816
820
817
817
822
820
820
823
826
825
829
829
831
828
830
829
834
834
836
837
838
835
839
842
843
841
845
845
844
846
848
850
850
847
852
854
852
856
855
856
856
858
860
859
863
863
863
864
865
865
868
866
867
867
873
872
871
876
872
875
877
880
880
877
878
879
883
881
887
883
889
887
888
887
888
890
890
895
892
893
895
897
900
902
898
899
904
902
903
903
904
909
909
908
909
909
912
911
915
913
919
916
916
921
919
924
924
922
927
926
926
925
930
928
932
931
933
934
933
937
936
940
937
942
941
944
941
944
946
947
945
950
949
947
948
954
951
953
954
955
957
959
958
958
960
962
961
962
962
968
967
968
968
968
968
973
970
974
976
977
978
977
976
981
981
982
983
986
986
985
988
986
991
989
990
992
991
994
995
997
995
1000
1001
997
1003
1004
1004
1002
1007
1004
1005
1009
1007
1010
1013
1010
1012
1011
1012
1015
1014
1020
1018
1019
1021
1022
1023
1022
1027
1028
1029
1027
1031
1027
1032
1034
1035
1033
1032
1034
1039
1040
1039
1037
1043
1040
1041
1041
1042
1047
1044
1046
1049
1051
1052
1049
1053
1056
1056
1058
1057
1057
1060
1057
1063
1060
1061
1064
1067
1068
1068
1068
1066
1072
1072
1071
1075
1071
1073
1075
1075
1079
1079
1079
1079
1080
1081
1084
1082
1086
1089
1090
1090
1090
1089
1094
1090
1095
1096
1096
1094
1100
1097
1100
1100
1101
1105
1105
1106
1108
1107
1108
1108
1108
1111
1112
1111
1116
1113
1117
1115
1120
1119
1120
1121
1121
1121
1124
1127
1125
1125
