2
3
2
8
6
6
8
10
11
10
13
16
13
13
14
17
19
17
23
19
25
22
23
24
24
25
30
30
33
31
30
32
37
34
37
36
37
39
40
43
45
46
46
44
45
48
48
47
53
51
55
54
52
54
54
58
56
62
58
59
62
65
64
68
64
70
68
69
72
70
74
75
75
77
75
77
76
79
78
84
83
85
87
85
88
90
90
91
88
89
92
91
92
98
99
97
98
98
102
101
104
101
102
106
105
105
106
108
112
113
114
112
116
114
117
116
119
120
123
120
121
123
127
128
124
129
126
127
129
129
131
135
137
136
134
137
136
139
143
139
144
143
144
143
149
147
146
152
149
149
150
151
155
156
155
158
159
157
163
162
164
162
162
166
169
165
168
167
173
170
172
171
173
177
176
178
179
178
180
184
183
184
186
188
186
189
187
191
188
193
195
193
193
196
197
199
199
200
200
200
200
205
202
203
209
206
208
211
210
213
215
211
215
214
216
220
221
221
222
223
223
224
222
228
226
226
227
228
228
229
233
231
236
238
235
236
239
240
241
243
240
242
247
248
247
248
247
249
248
249
250
252
253
255
259
255
257
259
263
261
261
261
262
268
267
266
271
267
272
272
273
272
272
275
277
277
277
277
278
284
283
286
285
286
288
287
290
288
289
289
292
293
294
294
298
296
300
297
299
303
303
304
304
304
306
305
308
311
312
309
313
315
313
318
319
320
320
322
323
319
321
322
324
325
325
327
329
329
328
331
333
336
337
338
339
338
339
339
343
340
343
342
347
343
348
347
349
352
349
352
352
356
356
356
358
357
356
357
358
361
364
365
363
366
369
365
368
367
370
372
374
375
375
374
376
378
377
378
383
380
382
386
385
386
386
387
389
391
389
394
393
392
394
394
399
395
398
400
398
404
402
402
407
407
408
408
411
407
413
414
414
414
415
413
416
420
418
419
423
420
421
425
423
428
425
427
427
431
430
429
433
434
432
433
439
437
438
437
438
442
445
445
447
445
444
449
451
450
448
450
453
455
453
456
454
459
456
461
462
461
465
462
462
464
469
468
469
467
470
472
471
476
474
473
478
478
481
480
479
483
481
483
483
483
489
490
490
487
492
492
495
495
497
494
497
498
501
500
502
504
501
501
506
506
505
507
510
511
511
512
510
511
516
515
518
519
518
517
522
519
525
524
525
523
527
527
531
527
532
529
535
533
535
533
534
537
539
540
541
544
544
542
547
547
547
548
551
548
549
550
551
554
556
557
558
560
559
561
562
560
561
561
564
563
567
566
569
571
573
574
572
572
574
574
574
578
576
580
579
581
584
583
582
583
589
590
586
588
593
594
593
594
592
595
597
596
596
602
598
600
601
601
604
604
605
606
610
609
609
614
615
614
615
618
619
616
617
620
618
622
622
623
622
624
629
626
628
631
633
634
631
635
636
633
636
635
636
638
640
641
644
642
642
645
648
647
648
650
648
649
653
652
652
654
657
658
661
661
660
662
665
663
666
666
666
666
669
669
670
670
673
673
672
676
679
677
677
678
682
681
683
682
682
684
687
686
690
690
689
689
693
692
693
695
698
698
696
702
701
704
700
702
705
707
704
705
708
708
711
709
713
714
712
713
718
715
719
717
720
722
720
723
724
728
729
730
731
728
729
729
733
731
737
734
735
739
738
738
743
740
745
746
742
746
745
750
750
750
749
749
754
751
755
758
757
759
761
762
759
764
760
762
764
768
764
769
770
769
771
773
771
772
776
778
774
779
777
777
780
782
785
783
782
788
788
786
791
789
789
792
792
793
793
793
797
799
799
798
803
799
800
806
806
803
808
806
809
808
808
814
812
816
814
815
819
816
820
818
822
822
822
821
827
823
828
830
827
829
833
834
834
832
835
836
836
838
841
841
843
842
843
841
844
846
845
848
848
852
849
852
852
852
857
858
858
855
861
861
863
859
862
865
867
864
867
870
871
870
873
874
870
872
875
875
878
875
880
878
880
882
883
882
885
885
887
886
887
887
889
890
891
893
894
895
897
900
896
900
898
902
905
901
906
904
907
910
909
908
909
911
913
911
917
913
916
920
916
919
920
919
925
922
922
923
925
929
930
930
929
931
930
933
933
933
934
936
938
939
940
940
942
944
946
947
946
948
947
947
950
950
951
951
954
954
958
959
960
959
959
962
964
962
964
968
966
968
968
970
971
973
973
973
973
978
975
979
976
981
979
981
985
983
982
985
985
986
987
991
992
992
991
993
992
998
999
999
1000
997
1003
1004
1004
1001
1004
1005
1006
1008
1007
1011
1008
1011
1011
1011
1017
1015
1016
1020
1020
1022
1018
1022
1022
1025
1024
1027
1029
1028
1029
1030
1033
1034
1033
1032
1036
1034
1037
1040
1038
1041
1038
1043
1043
1042
1043
1043
1046
1047
1051
1051
1052
1050
1051
1056
1054
1054
1055
1057
1058
1060
1063
1059
1062
1063
1064
1064
1065
1068
1066
1067
1073
1069
1074
1075
1072
1078
1079
1079
1077
1080
1078
1082
1080
1082
1083
1083
1085
1087
1091
1089
1093
1093
1094
1095
1094
1093
1096
1099
1098
1099
1103
1101
1104
1106
1106
1107
1107
1109
1108
1110
1110
1113
1111
1111
1116
1115
1116
1120
1120
1119
1121
1122
1125
1124
1125
1125
1124
