1
1
6
4
8
5
7
8
10
13
15
14
16
17
17
20
17
21
21
19
21
23
26
25
24
26
28
27
31
31
34
35
35
36
37
38
37
38
43
43
44
45
43
45
44
48
49
52
48
53
54
54
52
55
58
59
59
60
63
61
60
66
66
65
65
68
71
72
73
69
73
72
72
73
78
80
79
82
82
82
84
82
83
86
84
87
86
92
90
92
93
96
94
95
97
98
101
100
100
104
103
106
102
106
108
105
106
111
108
109
112
113
117
114
118
115
119
118
119
124
120
121
126
123
126
126
130
130
131
134
134
133
133
133
135
135
141
141
142
143
144
146
146
146
144
146
148
152
151
154
153
154
155
156
159
160
157
157
159
160
163
166
165
164
166
165
166
167
170
172
172
174
172
176
178
177
179
180
178
181
180
181
182
185
188
185
188
189
188
192
190
196
194
195
197
198
197
202
202
201
202
204
206
206
204
210
207
212
212
210
212
215
213
215
214
217
216
219
220
223
225
224
227
223
227
227
229
228
233
233
230
233
233
237
234
240
241
240
240
240
245
243
243
247
245
245
246
251
252
250
254
254
256
258
256
260
258
258
262
259
265
265
265
263
267
268
269
270
270
273
270
274
275
275
274
276
277
277
280
281
280
284
285
284
286
289
287
291
293
289
292
294
297
297
297
297
301
297
300
302
300
301
303
305
305
306
308
307
313
311
312
313
312
314
314
315
316
320
319
320
323
323
326
328
326
328
328
327
329
333
335
335
332
334
338
339
341
337
339
343
341
345
344
344
345
350
348
351
350
352
352
355
357
355
359
357
361
360
360
364
364
361
362
365
369
370
367
368
371
371
375
374
375
377
377
375
379
378
381
381
380
386
386
387
388
388
390
391
392
394
394
395
394
398
394
397
398
401
401
401
401
405
406
405
407
408
411
411
408
411
411
416
417
417
415
417
419
420
421
422
425
425
426
426
424
427
428
429
430
433
432
431
432
433
435
438
440
440
438
444
443
446
447
444
448
447
448
452
452
451
452
452
455
454
455
460
457
459
458
462
464
466
462
467
469
467
467
470
471
471
473
472
476
477
478
478
479
477
483
479
480
483
482
483
489
486
486
488
489
493
490
495
492
496
499
497
499
501
499
500
501
501
503
508
507
508
510
507
512
513
514
512
516
516
514
520
521
521
518
521
523
526
523
525
524
525
530
531
531
532
532
532
535
533
537
540
540
540
540
540
544
541
544
546
547
546
550
547
552
554
550
553
557
556
559
557
560
557
560
561
561
561
565
565
569
566
567
571
568
569
572
572
573
576
574
579
576
581
582
583
585
583
587
584
586
586
587
591
588
589
595
596
596
598
596
598
598
602
598
601
601
605
602
608
608
609
611
609
608
614
611
613
615
617
615
619
620
622
622
620
620
623
624
624
626
627
631
627
631
629
632
631
635
635
636
639
641
640
639
640
645
644
642
647
647
650
649
649
652
653
655
655
657
656
658
655
658
657
663
661
660
662
662
664
667
668
667
667
668
671
674
671
673
675
674
675
678
681
682
681
682
686
683
686
689
685
690
690
691
691
694
692
695
693
697
695
701
702
701
704
700
702
703
703
706
705
707
707
711
712
711
714
716
714
715
715
717
717
722
719
721
725
726
727
725
725
728
730
730
733
735
734
737
736
737
736
736
740
742
741
742
741
746
746
745
749
746
747
751
754
750
753
756
754
755
755
757
762
759
761
761
766
764
767
769
768
768
768
768
773
773
771
772
775
776
780
777
781
782
781
782
782
783
787
787
785
788
791
788
790
791
796
792
797
794
799
796
801
799
803
804
803
806
808
809
807
811
808
812
814
812
815
814
816
816
816
818
818
822
821
825
824
827
828
826
825
828
831
833
829
834
832
835
834
834
840
836
838
840
839
842
845
847
847
844
849
851
847
851
853
852
856
857
854
859
856
858
858
860
860
860
865
866
864
867
869
868
870
868
873
875
871
872
873
878
878
878
881
882
883
884
885
885
884
887
886
891
888
893
891
891
893
897
895
894
897
896
901
898
904
904
902
902
906
906
908
906
909
913
909
913
915
913
915
918
918
921
920
923
922
922
925
924
928
924
925
930
932
930
933
930
935
932
938
934
936
941
939
938
942
945
944
942
945
948
948
948
951
949
953
952
951
957
958
957
956
957
958
963
963
961
965
967
967
964
968
967
971
969
972
972
971
977
976
974
978
978
978
983
984
985
985
985
986
985
986
990
988
993
990
994
993
996
997
996
995
999
997
1002
1000
1003
1002
1007
1008
1008
1007
1008
1010
1011
1012
1014
1015
1016
1017
1015
1015
1017
1017
1020
1022
1024
1026
1025
1023
1024
1027
1030
1030
1031
1034
1031
1034
1037
1035
1034
1036
1036
1040
1040
1043
1045
1041
1047
1045
1047
1045
1049
1049
1052
1050
1054
1055
1055
1055
1057
1055
1058
1059
1062
1064
1061
1061
1062
1068
1066
1067
1070
1068
1073
1069
1070
1071
1077
1075
1074
1078
1078
1080
1079
1082
1083
1084
1087
1084
1086
1085
1087
1087
1093
1094
1095
1093
1093
1095
1094
1100
1097
1102
1100
1102
1105
1106
1107
1108
1104
1106
1107
1109
1110
1111
1110
1112
1117
1114
1114
1117
1120
1122
1120
1124
1124
1123
1123
1124
1125
