1
3
2
8
7
9
9
12
12
13
12
11
16
18
15
19
21
21
23
20
25
22
25
25
25
25
27
28
32
30
32
33
37
33
34
38
36
39
42
43
40
42
43
43
44
46
48
49
53
50
52
51
54
55
56
58
61
59
58
61
65
66
62
67
69
68
71
69
68
71
75
75
75
73
75
75
76
79
80
83
85
85
84
87
87
88
86
87
90
89
93
91
95
95
94
100
99
100
100
102
105
101
107
106
104
106
108
108
111
112
113
115
115
116
115
115
120
122
123
124
125
122
126
123
125
126
131
132
128
132
130
131
135
137
135
139
139
137
138
139
142
146
147
144
144
148
148
150
151
150
152
151
154
154
159
155
157
159
162
160
161
165
167
168
166
166
171
168
168
174
175
175
177
175
179
175
177
181
178
181
183
184
184
185
184
186
186
188
189
194
190
191
192
193
196
197
200
202
201
204
205
203
207
204
205
205
210
212
211
214
215
216
217
216
216
215
217
219
223
219
220
226
226
225
224
230
226
230
228
229
230
231
232
236
236
237
241
237
239
243
245
246
247
247
249
250
248
251
248
249
251
254
253
255
258
257
257
260
259
263
265
264
265
267
265
269
266
271
273
273
272
275
275
277
277
276
281
281
280
284
283
284
284
286
288
286
289
290
288
291
293
296
294
293
299
298
299
301
301
301
305
306
304
308
308
307
308
307
313
314
313
315
316
318
315
316
318
317
318
322
325
321
325
324
325
327
329
329
331
334
333
333
334
336
338
339
340
337
338
341
345
341
347
345
346
347
347
350
350
349
352
355
355
353
356
357
357
361
363
364
361
365
366
363
366
369
370
370
369
372
372
375
373
374
378
377
377
381
383
384
383
381
382
385
388
388
390
392
390
390
393
396
396
394
396
398
399
399
403
399
402
406
402
408
407
409
407
409
409
412
410
411
413
414
416
420
417
421
423
421
423
422
423
423
425
427
426
430
428
429
433
433
434
437
439
438
438
440
438
443
444
443
445
446
447
449
451
448
453
454
453
451
457
456
455
455
460
457
459
461
464
466
464
467
465
468
467
471
471
473
474
472
475
476
477
475
478
479
481
481
483
485
487
484
486
490
490
492
493
493
495
491
496
496
495
499
499
501
502
502
502
504
507
506
504
507
510
511
512
511
512
511
513
517
517
515
516
519
523
521
524
525
523
528
525
525
530
532
532
529
534
532
533
535
534
536
540
541
539
543
541
542
546
544
547
547
551
552
551
552
554
555
553
553
554
556
558
562
560
561
562
563
563
568
564
570
570
569
570
574
571
572
574
573
575
576
579
579
583
583
581
585
585
588
587
589
590
588
591
593
590
594
597
597
596
595
598
602
600
602
602
602
603
606
605
608
608
612
611
609
614
612
616
616
615
618
618
620
620
624
622
626
623
628
628
625
626
627
631
630
633
635
634
638
639
639
640
640
640
639
640
643
647
645
648
649
649
652
652
650
650
653
653
658
657
659
661
659
662
664
663
663
662
663
667
669
670
668
673
669
671
672
677
674
676
675
679
678
679
679
680
681
685
685
684
685
689
690
690
690
690
693
696
694
698
696
700
698
699
700
704
706
703
703
707
706
707
707
713
710
713
715
716
713
718
718
717
720
720
720
724
721
724
725
726
725
727
730
733
729
735
736
736
735
737
740
741
740
740
739
740
743
746
747
749
750
748
749
750
751
751
752
752
756
755
755
761
760
762
763
763
764
766
766
766
769
768
772
768
774
771
774
775
773
777
775
778
778
782
784
785
784
787
787
784
785
786
788
789
790
795
792
793
798
796
795
796
802
802
804
801
801
803
803
804
805
808
811
810
813
810
812
813
816
815
818
821
821
820
821
820
821
827
828
825
827
826
828
833
831
835
835
835
836
834
836
841
839
839
843
843
841
844
844
847
847
848
851
852
854
855
855
854
856
858
860
856
859
860
861
861
866
865
864
869
865
869
870
870
874
873
876
875
877
876
880
881
879
878
879
885
881
887
884
885
889
888
887
889
893
890
891
896
895
899
895
900
899
900
903
905
903
906
904
908
910
908
907
910
909
913
915
912
915
914
917
918
920
923
920
922
924
926
925
926
927
929
930
933
932
935
931
934
936
937
939
937
940
938
939
943
942
945
946
947
948
946
950
948
954
952
951
954
954
958
956
959
962
961
961
961
964
963
964
968
965
967
967
972
969
972
975
975
978
975
980
981
982
978
981
985
984
987
986
984
988
989
991
990
990
994
991
994
995
996
998
996
997
1002
1000
1001
1006
1004
1003
1009
1007
1007
1008
1009
1011
1013
1013
1013
1018
1018
1016
1020
1018
1022
1024
1025
1023
1024
1026
1024
1030
1031
1029
1029
1029
1032
1032
1034
1036
1039
1036
1037
1042
1043
1043
1042
1046
1042
1043
1048
1047
1048
1049
1053
1054
1053
1053
1055
1056
1057
1057
1057
1057
1061
1061
1063
1065
1064
1065
1065
1066
1067
1071
1072
1073
1072
1071
1072
1078
1075
1077
1077
1077
1079
1084
1083
1081
1086
1083
1089
1086
1090
1087
1092
1093
1093
1094
1093
1093
1096
1095
1098
1101
1103
1099
1101
1106
1105
1105
1109
1109
1107
1108
1109
1109
1111
1114
1112
1117
1117
1118
1120
1121
1123
1119
1125
1121
1126
1127
1128
