0
3
4
7
7
10
10
10
10
9
12
14
15
16
18
18
17
17
21
23
21
26
25
26
25
27
29
30
29
32
30
34
35
35
35
40
37
42
43
44
40
41
45
44
45
47
46
48
49
50
54
52
55
54
59
58
56
61
63
62
60
65
66
63
64
69
70
68
70
72
70
75
72
76
76
78
77
77
81
80
85
82
84
87
87
86
88
87
93
92
95
94
93
97
94
96
101
102
99
102
100
106
103
105
104
105
110
108
108
112
114
114
115
117
118
116
116
121
120
122
124
124
126
124
129
127
126
130
133
129
130
133
137
134
136
138
141
139
141
143
144
141
147
143
145
145
147
151
152
149
151
152
154
153
156
157
161
157
163
159
164
163
167
163
167
168
170
169
172
172
171
172
174
175
177
180
176
181
178
180
181
185
187
186
187
188
189
189
191
194
190
192
194
196
194
197
198
197
201
203
202
204
205
205
204
205
209
209
208
211
213
211
214
216
217
219
218
220
222
223
222
226
226
227
224
229
230
231
230
231
234
231
235
237
236
239
237
240
240
239
242
242
242
247
245
246
246
247
250
254
255
253
257
253
258
259
257
262
260
263
265
262
262
268
268
266
271
269
273
269
274
274
277
276
279
279
280
280
282
284
285
283
284
287
285
287
290
290
293
289
292
293
294
297
296
297
298
300
301
299
300
306
306
303
305
307
306
310
308
311
312
313
314
314
319
318
316
320
322
321
323
323
323
327
327
326
331
327
328
334
334
334
335
336
336
336
338
339
341
341
342
342
344
347
345
346
350
348
353
350
355
356
352
356
354
357
359
357
358
360
361
363
363
365
364
367
370
367
368
370
372
375
377
376
374
380
377
379
379
380
385
384
383
385
387
388
389
387
389
393
395
396
392
398
398
400
396
402
401
401
403
403
403
405
407
409
406
408
412
413
410
414
414
413
416
416
416
422
419
424
420
425
422
424
426
429
430
428
430
430
431
436
436
435
437
440
438
439
441
444
441
444
447
445
447
448
447
451
451
450
454
456
457
457
455
459
461
457
463
460
463
464
462
468
467
465
468
467
469
474
472
475
473
476
478
480
478
482
481
480
480
481
487
486
487
487
489
488
489
494
493
496
492
495
499
498
496
500
498
502
504
505
505
505
506
505
506
509
511
513
511
514
513
518
518
517
518
518
521
524
523
523
527
526
526
528
529
532
533
529
530
536
536
535
535
540
540
542
542
540
540
544
545
544
544
546
549
549
550
550
552
555
554
558
555
558
561
561
562
562
565
563
563
565
568
565
569
567
570
574
574
572
577
578
577
576
576
582
580
579
583
582
583
587
585
590
591
591
591
593
594
593
593
594
597
598
601
599
603
604
605
602
606
606
604
608
610
610
611
610
613
611
613
614
616
620
617
622
623
620
623
624
625
626
625
627
629
629
631
631
634
634
633
638
638
638
636
642
642
642
644
641
643
645
644
646
647
647
652
651
652
655
652
657
655
657
661
660
661
661
662
666
665
663
664
668
670
668
673
669
673
673
677
675
678
675
680
682
680
681
683
681
683
684
686
688
689
687
691
691
690
695
696
693
696
698
701
702
701
702
702
706
706
704
709
708
710
708
712
711
713
714
715
717
719
715
721
722
719
721
723
721
726
726
726
727
729
729
728
732
731
734
733
735
738
740
738
742
739
739
743
741
745
746
744
749
748
749
753
753
752
752
752
754
758
756
758
761
761
764
761
761
764
764
769
767
766
771
772
771
775
773
774
776
778
778
780
779
783
780
784
782
785
783
786
790
788
792
790
793
794
793
796
795
798
795
800
800
798
800
805
805
804
806
805
805
806
812
811
813
813
811
813
817
819
816
816
821
823
822
824
825
825
828
829
828
827
829
831
830
831
833
833
835
834
838
840
840
840
842
840
842
844
847
849
848
847
852
850
852
851
853
856
854
855
855
860
858
860
861
861
861
863
865
865
866
870
871
872
873
872
872
872
873
876
875
876
877
878
882
884
881
882
887
885
889
886
892
892
894
892
894
894
894
895
896
898
899
900
901
905
903
907
905
905
908
907
911
912
914
914
911
913
913
914
917
921
917
920
920
924
922
923
926
925
927
926
928
929
933
930
936
936
937
937
938
940
937
943
939
943
946
943
944
947
947
946
949
952
952
950
954
955
954
954
957
959
961
963
963
964
963
965
967
965
970
967
968
971
974
970
976
975
976
975
978
981
980
980
981
981
981
986
986
987
987
987
990
989
993
995
993
996
994
997
998
1000
998
1000
1003
1004
1006
1005
1004
1006
1009
1008
1009
1011
1011
1012
1015
1016
1018
1019
1019
1016
1017
1020
1024
1020
1024
1023
1027
1029
1028
1031
1029
1033
1031
1031
1033
1035
1033
1037
1038
1038
1038
1042
1039
1044
1045
1047
1046
1048
1048
1051
1048
1051
1049
1052
1052
1054
1058
1059
1057
1058
1062
1061
1061
1060
1061
1064
1064
1067
1068
1068
1068
1068
1072
1072
1074
1075
1073
1075
1076
1076
1081
1083
1081
1081
1082
1085
1088
1086
1085
1087
1090
1092
1092
1095
1093
1095
1096
1094
1100
1097
1098
1101
1100
1100
1103
1104
1108
1107
1108
1107
1112
1109
1114
1115
1114
1116
1117
1115
1115
1120
1122
1119
1119
1121
1125
1126
1127
1126
