3
4
3
5
7
9
8
10
13
14
15
12
13
13
14
19
19
20
19
21
22
22
23
28
29
30
30
32
28
32
30
34
36
34
35
37
40
37
38
42
40
42
46
43
49
46
51
52
50
52
53
55
55
53
57
57
61
62
61
62
60
62
64
66
67
67
70
71
72
74
74
75
72
77
79
75
80
78
80
79
80
84
82
85
84
89
90
89
93
93
95
94
94
97
97
95
98
97
99
100
103
106
103
103
108
108
108
109
112
113
111
116
112
114
115
117
118
118
121
120
124
121
126
127
127
128
126
127
132
133
131
132
134
135
135
135
137
140
142
141
143
144
146
147
148
150
148
149
148
149
151
152
153
155
155
159
160
160
163
161
163
164
164
163
168
165
170
172
168
173
172
171
175
174
174
179
176
182
179
179
180
183
187
185
186
185
186
191
190
191
190
192
194
198
198
195
199
198
200
199
202
203
202
206
204
208
210
212
208
214
211
213
213
218
217
220
220
222
219
219
222
226
226
224
228
228
226
227
232
230
230
234
236
236
237
239
239
239
241
241
245
241
245
245
244
245
246
247
253
254
251
255
256
254
258
258
260
260
258
263
264
264
264
265
264
267
271
271
273
274
275
274
273
277
276
280
276
280
279
279
285
284
285
288
288
289
286
292
291
290
294
296
293
294
299
298
298
298
301
302
300
305
305
305
304
306
309
312
313
310
312
316
312
316
315
320
321
322
323
321
324
321
326
325
326
327
330
329
329
334
331
336
333
336
337
340
338
340
338
339
342
343
346
344
345
346
347
349
349
350
352
352
353
357
359
360
356
357
358
364
363
364
362
366
367
368
366
368
372
371
371
375
373
374
377
376
377
379
383
381
382
383
387
384
386
385
389
392
389
390
391
396
392
394
395
399
401
398
402
400
403
402
404
405
408
410
406
409
408
414
415
414
413
413
418
418
417
418
422
419
423
421
424
425
425
426
431
430
431
431
435
433
435
438
436
439
438
442
441
439
442
445
442
445
446
449
447
447
449
452
451
452
456
455
455
459
458
460
459
463
463
464
466
468
467
469
471
467
470
472
474
475
477
473
477
475
477
477
481
479
482
486
482
487
489
489
490
490
488
492
491
492
497
497
499
500
500
499
501
500
500
502
502
505
508
509
511
508
512
512
514
514
516
515
517
516
519
521
523
520
525
521
523
527
524
530
530
532
529
530
534
536
536
533
537
538
537
537
538
543
545
542
543
547
544
550
546
547
551
552
551
553
556
553
556
558
558
559
562
562
561
565
564
566
564
566
567
567
568
571
574
575
573
578
579
576
580
577
580
583
581
582
587
585
588
587
590
590
591
590
590
595
597
596
594
598
601
600
598
602
603
601
603
604
605
607
610
609
613
610
612
615
613
613
615
615
620
621
619
620
623
623
626
627
624
628
630
632
631
634
630
634
634
636
637
637
636
639
641
643
645
645
643
646
646
649
651
652
653
651
653
656
656
654
657
658
658
661
663
662
665
662
665
665
665
670
669
667
671
670
674
673
673
674
677
676
679
678
680
679
683
681
682
686
689
687
690
688
691
694
693
692
696
693
699
697
700
700
700
703
705
706
706
705
706
707
710
708
709
712
714
712
717
717
719
720
720
721
721
722
722
724
725
723
725
726
731
732
729
733
735
736
736
736
737
735
741
741
739
744
744
745
747
745
746
746
751
751
749
750
754
751
754
756
755
760
757
760
762
762
761
763
762
764
768
765
766
767
770
772
770
776
773
774
775
777
779
780
780
782
785
781
787
786
785
789
787
792
792
790
790
791
795
797
798
800
801
800
801
800
803
806
802
807
809
808
810
808
812
811
810
812
817
818
819
818
816
822
820
821
824
826
824
825
828
829
831
829
832
830
832
832
837
838
834
840
839
842
843
842
842
846
842
845
846
849
848
847
852
854
853
854
852
855
858
856
859
858
858
864
860
861
864
866
867
865
866
867
872
869
874
875
874
876
876
875
877
880
882
880
880
881
885
885
886
886
888
887
891
891
890
895
897
894
894
899
898
899
903
902
902
904
904
904
905
910
906
908
911
910
913
913
917
913
914
916
917
917
923
922
924
926
923
924
926
929
926
929
928
932
931
933
935
935
934
939
940
941
938
942
943
943
944
946
946
948
951
951
950
950
955
953
957
953
959
955
958
961
963
960
965
961
962
967
966
967
971
968
969
972
972
975
973
976
974
978
976
978
983
984
983
981
987
983
986
987
988
989
993
989
990
994
992
993
998
1000
996
1002
1001
1004
1003
1005
1006
1007
1004
1009
1011
1007
1009
1011
1014
1011
1015
1017
1016
1018
1021
1022
1019
1024
1024
1022
1022
1023
1027
1027
1031
1028
1033
1032
1035
1035
1035
1038
1035
1036
1038
1041
1043
1042
1045
1041
1046
1045
1046
1045
1050
1047
1048
1052
1052
1052
1055
1058
1054
1056
1056
1061
1061
1060
1065
1062
1067
1064
1066
1068
1070
1072
1069
1070
1075
1075
1076
1077
1074
1076
1078
1079
1081
1079
1084
1081
1087
1087
1085
1089
1090
1087
1092
1090
1093
1096
1095
1095
1096
1095
1096
1102
1100
1102
1104
1104
1104
1103
1108
1107
1111
1107
1110
1112
1110
1116
1113
1118
1119
1115
1119
1121
1123
1120
1120
1123
1124
1126
1127
