1490
532
1161
729
356
1606
1368
872
1328
1585
136
1166
248
987
555
463
1182
353
272
1255
609
1429
460
679
267
549
1057
537
1228
1265
390
1519
234
799
290
11
693
868
724
398
148
556
327
1100
739
1100
176
275
67
990
28
928
1566
1430
1436
1066
540
225
100
1391
1437
835
935
391
128
1279
518
279
1328
798
649
630
136
1427
667
661
254
421
165
1450
1486
1547
925
803
580
1455
1387
1567
186
358
599
328
370
641
1026
10
75
730
867
170
964
332
190
311
922
1289
219
1234
1428
1010
387
561
1566
1319
1127
977
624
561
517
625
1349
1197
1568
215
155
1341
1286
1269
1145
708
537
983
1009
482
661
1426
112
712
117
398
43
1357
1550
1468
841
1090
383
1293
1429
525
53
45
865
1591
1100
1159
1436
1443
1342
682
968
1052
1594
570
198
62
1584
386
241
1408
1358
116
107
1160
290
1513
129
145
580
1253
81
1100
475
1346
840
743
444
42
254
650
1016
626
968
478
278
984
1236
780
430
306
721
549
200
1015
896
1147
1399
125
681
1313
1457
645
135
549
59
365
531
570
84
1419
138
845
410
159
181
1577
412
990
131
629
565
1512
1119
416
35
1530
1614
1291
1254
1179
622
115
995
171
1202
335
102
228
1084
297
621
969
992
376
948
1554
760
478
451
962
69
1344
506
963
788
1281
1356
1530
1591
1317
701
252
287
701
749
1580
1349
362
225
964
407
1426
1011
1059
842
911
646
1003
46
830
748
24
1230
763
466
1122
91
97
426
352
617
1518
780
1223
859
627
901
51
1232
1535
1110
981
505
1071
340
840
159
408
1175
1099
1419
1565
766
1204
853
529
1224
216
1597
905
532
118
1180
1207
1243
436
1209
212
548
826
1099
1309
1001
919
1129
443
771
487
478
1397
678
299
384
637
570
152
706
261
1368
306
637
717
693
1059
1443
1459
1357
369
1268
297
1230
206
351
476
807
1339
1134
1401
866
822
1519
997
161
667
1252
141
18
1618
1425
403
557
775
187
456
402
1057
1403
1264
871
770
384
1542
116
1186
320
1359
843
962
805
1141
4
1164
146
1301
1594
1322
250
758
243
140
1440
190
919
848
1125
928
97
2
1062
1160
1194
701
979
663
860
452
75
1260
1137
1492
1169
1204
110
371
676
564
506
734
1414
879
1268
1065
216
222
1190
1214
1579
13
808
949
1468
475
110
1095
159
1509
1401
979
1390
851
517
1503
1399
760
524
752
1406
399
407
913
1186
9
480
1342
759
575
1085
371
241
1361
486
817
1533
1615
960
637
1471
575
996
1283
1406
1038
594
646
1585
1291
145
431
359
536
378
1175
496
447
336
858
602
285
1149
1498
427
1488
1528
1413
488
875
826
1098
1525
1384
1387
744
1385
1052
708
1284
721
1338
952
593
407
705
899
589
1369
294
477
238
368
164
593
700
138
2
360
541
59
354
1423
96
877
434
203
1098
1489
332
907
177
928
205
1152
944
237
454
1034
898
985
876
959
1249
1158
1099
1001
1330
433
1335
1096
422
23
555
788
974
1604
1619
744
207
807
1006
1022
138
395
813
1481
58
1222
422
713
222
106
1344
1447
335
549
411
604
1622
382
1514
472
1029
1416
1109
282
167
284
225
1575
774
1459
529
1310
670
342
257
420
1037
91
1604
177
1197
994
777
1040
487
729
1624
584
597
118
1432
913
692
1074
848
682
689
1054
421
372
290
171
319
140
1525
1502
970
884
1255
1548
503
1459
1409
1343
425
721
659
547
236
527
734
1335
1165
1161
1167
761
1235
1259
396
180
1431
1524
560
354
1476
1335
43
229
428
1329
136
1263
1262
59
1307
510
1486
4
292
1339
1322
1244
519
1309
696
523
146
793
1617
987
32
1531
722
815
825
553
41
245
557
1344
177
1165
751
488
1123
574
1268
991
515
729
507
1603
971
492
1477
1006
354
1257
660
191
251
1387
31
286
1007
803
38
131
1457
1481
607
993
1509
1013
331
624
1188
452
1132
924
241
20
785
495
93
1087
1042
1256
89
326
1070
1586
364
1508
109
222
1295
300
1382
569
1371
1496
1086
1195
1600
1305
1022
364
1232
1213
1212
969
1050
1150
810
433
1341
1363
829
375
1384
1057
824
1419
1346
1231
1192
817
12
12
1072
1268
1323
256
1159
876
319
1407
1425
842
1155
1146
1596
464
183
727
1357
1280
231
753
910
427
201
934
565
1494
1194
596
932
550
502
142
590
30
733
889
363
12
153
500
354
432
624
708
50
555
1052
900
272
476
203
208
92
1395
242
1340
833
393
1428
1228
1203
425
569
289
839
1539
1314
57
609
1304
551
581
690
550
1173
426
1173
1081
231
471
770
1603
25
1075
701
894
69
1412
835
891
514
115
1593
658
1017
794
383
58
639
1490
1596
416
1279
190
554
1268
802
1360
745
78
532
458
926
885
510
554
227
330
834
708
1606
1146
1234
61
327
163
105
1015
1054
946
377
1327
160
470
811
647
1286
1112
1355
426
1567
1465
1602
889
732
938
1203
749
174
1591
97
1245
1522
1435
269
218
913
1350
271
821
280
42
1130
630
551
328
721
551
516
364
1217
705
1043
656
721
535
401
262
1181
106
661
1142
248
473
510
344
1537
93
1126
1326
246
585
270
86
341
759
1312
324
350
1373
869
922
678
1353
1495
1142
883
87
1209
12
478
1445
1356
913
291
740
488
651
492
876
804
869
1495
224
588
1233
366
1280
706
518
369
1557
537
1620
383
683
1538
1500
615
1581
452
695
129
1193
1192
1413
45
1060
1172
803
1206
664
704
762
97
224
561
523
1575
268
1176
1095
238
1336
674
801
500
383
887
1001
852
281
930
1394
24
967
1398
1327
1484
1603
1605
1297
1379
21
1042
1479
493
404
1066
541
861
1080
1550
531
377
405
1437
1584
1159
1614
205
805
1247
500
333
894
1101
307
1551
993
13
1015
372
863
1159
1204
988
283
1295
231
1349
51
202
1102
82
462
1253
1110
348
1202
1408
1270
983
376
443
21
139
153
568
549
817
1146
1374
123
207
1118
695
728
1218
206
40
111
1182
1570
983
414
53
842
775
505
675
394
1567
886
1453
927
851
149
970
1196
1577
1592
931
109
1239
1194
221
1069
1279
1058
833
69
959
1576
1267
73
445
449
1376
644
1234
540
1582
1587
224
1521
386
1107
995
140
333
802
1105
119
153
1392
43
379
738
838
694
728
462
194
1124
783
164
124
689
1623
788
1456
90
1381
1292
922
44
140
65
682
1555
197
1234
560
837
875
644
788
27
350
225
1354
488
109
1388
1491
1101
1390
1338
974
1453
1408
1521
844
1468
728
1539
1554
758
90
1086
0
1121
26
1324
851
1422
365
1509
1362
1337
233
732
1237
935
1174
1307
540
225
1311
782
309
689
551
750
1043
660
969
1253
1229
820
1010
118
1052
1505
847
390
363
1103
627
521
928
608
968
1129
1069
270
1166
96
735
1116
1020
777
667
986
1222
750
840
518
1059
258
809
84
466
320
237
1608
1028
825
1215
853
47
1037
446
172
173
507
179
667
1200
294
375
559
622
276
22
723
733
65
115
195
263
145
716
1424
811
1578
1465
174
762
1020
611
915
1179
147
134
105
1223
1190
125
781
888
1466
1602
869
573
464
619
1068
1625
118
1336
1403
126
1580
1461
179
1360
497
208
1277
301
245
596
503
375
380
499
381
736
1582
697
1300
467
1487
1115
975
1323
1219
1401
1249
653
1091
850
204
778
610
1475
1288
288
1257
1098
612
153
218
1190
228
1618
1582
1027
6
132
1413
364
219
374
807
1118
791
1622
1316
544
416
820
771
578
324
1042
1081
1621
598
1181
586
846
385
1469
49
451
1272
1358
1202
41
1124
906
1126
861
471
638
903
609
789
771
833
574
80
1440
290
1413
751
490
849
597
949
625
915
326
1296
125
909
1384
1487
522
1588
632
1445
299
411
973
270
90
485
88
1477
1148
1437
105
421
1104
1169
1410
1134
1561
1205
379
757
889
1143
704
567
917
582
248
200
610
685
1563
1161
460
945
1415
980
1175
991
82
478
1494
1028
341
668
470
1384
1428
1620
429
269
284
253
895
1597
409
533
648
5
1376
417
1512
1089
1218
338
1101
104
339
661
760
865
1043
1111
135
1488
1512
1398
297
775
1444
69
589
414
1045
1522
957
447
570
526
1599
1376
561
1373
805
1188
813
417
1453
1401
678
360
1292
269
600
37
536
500
483
429
1382
532
1084
