927
1257
1266
827
590
631
1343
958
1123
669
1436
1555
288
1044
1425
322
1371
1247
57
15
1244
534
701
877
696
443
891
417
221
1396
1303
963
504
441
932
1571
1221
119
343
381
1101
814
318
956
3
1046
649
370
398
912
104
720
1520
350
1249
1228
1273
2
857
28
1153
855
493
219
493
1168
1169
1323
1201
278
1222
1362
500
1032
780
547
508
736
489
100
1144
770
643
462
1151
1404
506
694
94
1581
657
192
665
1076
1247
910
237
1290
1099
243
271
1114
1568
545
528
841
1044
642
1383
405
579
225
1167
1122
40
970
140
440
1359
1269
852
1419
994
832
1394
1158
727
53
130
978
525
1502
1122
188
510
606
729
777
238
829
768
863
610
1047
275
743
1477
828
749
938
369
157
1062
185
730
1431
375
1189
382
1433
855
879
536
283
1450
587
1394
1115
50
683
1139
678
824
1192
1520
168
664
1442
132
1606
1178
357
329
1359
1361
425
635
1620
1137
954
1363
1532
427
1121
1333
1117
648
724
549
379
784
1097
761
1029
1117
955
367
400
926
513
574
234
513
836
583
986
558
1544
1364
11
1079
135
1199
1021
728
1625
7
817
1562
773
1150
1070
745
1413
1173
695
875
1501
1284
460
649
1124
1164
192
157
1025
501
490
353
1614
1042
779
833
851
1053
516
373
482
181
287
1217
274
1002
1442
1496
1213
685
1611
1339
955
374
1273
1503
448
648
11
1396
581
1292
628
1021
9
320
1166
9
584
215
1622
665
88
1122
173
34
643
399
100
828
1096
277
645
228
1297
1469
1131
894
1207
462
775
1248
122
583
459
940
1599
1535
1164
1246
656
525
1339
1362
76
1586
211
100
288
1448
1452
1555
1169
247
503
572
518
1064
96
136
595
1107
912
1252
215
567
1172
905
1619
614
408
614
1177
1375
236
815
1423
1565
375
1522
440
1104
1180
1445
781
421
710
1422
1551
1032
612
780
252
1020
1240
1323
1019
1413
1041
365
1477
849
867
818
52
605
759
175
1398
611
774
1518
886
230
564
81
1210
1504
1196
1468
368
559
724
726
1425
927
485
540
373
300
540
43
1186
57
655
874
1487
927
747
124
288
557
1379
748
271
629
480
811
1551
1131
1012
1497
123
456
105
764
286
565
686
1533
438
558
379
1409
1083
1226
1346
674
1235
454
1050
1178
583
644
1204
1301
270
139
903
562
1285
243
1291
1430
449
1337
424
1314
790
652
1143
329
896
664
61
313
1160
1109
1609
401
473
401
1417
765
608
845
967
915
404
1620
161
1415
1377
507
534
741
625
1597
1057
1544
1139
92
32
419
1274
482
1591
31
1295
388
874
1375
1233
650
1143
318
644
131
173
1308
349
63
107
1463
309
355
660
40
1458
1465
839
1087
1318
1207
1532
1255
878
1239
1445
1511
986
1135
453
730
805
16
1111
15
219
547
1332
820
10
1371
10
672
416
465
467
1127
300
214
1521
1463
714
908
1457
982
663
915
1569
1100
1507
1354
148
0
332
1363
359
1448
223
1230
719
593
973
1005
543
440
803
475
799
906
1238
260
612
288
1440
1272
610
367
1527
894
857
1182
418
471
314
830
707
1010
254
345
1560
1182
24
428
908
1012
350
965
785
781
919
1049
272
235
195
732
470
906
708
1301
1202
12
1463
231
548
988
641
549
35
1247
170
1042
1587
878
1332
264
1546
557
103
1523
909
1606
732
761
1491
159
604
478
387
1269
487
712
1005
1558
1500
908
468
782
582
635
1459
1608
774
1529
1027
927
1385
1461
209
1354
536
512
1292
1331
273
827
1457
242
699
873
539
1235
819
341
323
1281
1536
892
156
1453
152
819
943
649
1197
1596
1590
1225
1488
292
771
1138
1317
513
1281
764
450
315
528
142
976
29
798
226
1394
421
631
723
1511
331
27
1176
892
401
769
405
222
1585
690
1354
461
940
1136
157
1343
975
1205
476
657
360
132
600
1154
1454
671
676
1104
295
26
1151
1592
778
92
1282
1311
0
138
1162
1526
1475
549
610
940
720
4
659
385
1401
1577
516
1468
1171
1055
513
401
1220
971
769
1127
1533
1128
808
1073
935
355
837
346
996
972
355
168
264
1137
1154
155
1446
1428
429
1195
1506
411
801
112
1359
559
831
92
648
125
885
1060
77
1531
1448
826
1041
1342
689
414
157
592
948
1494
850
1464
1550
1076
752
106
1202
1051
26
1076
425
1590
944
779
895
64
59
1563
781
7
119
310
723
292
803
1226
803
811
110
937
88
1442
431
240
1346
1448
164
1596
743
1180
1510
480
993
1419
1094
564
476
799
1561
1236
569
1137
902
1577
242
549
419
1469
184
3
1054
1065
1180
337
626
525
1511
934
19
866
670
390
268
1342
33
1274
48
133
665
1151
252
840
1074
1612
1131
126
1563
498
1450
956
1313
1015
760
470
1120
182
511
50
859
1322
165
1559
1539
1040
836
1415
1126
561
1126
1534
255
1190
1344
1190
1415
105
1415
1518
78
353
240
1167
249
141
293
346
905
467
160
973
1465
1134
380
334
1334
1335
889
706
468
964
640
660
1442
312
1255
1029
1151
479
795
1552
289
409
987
554
132
1120
880
559
481
1511
1547
1290
1617
653
871
93
1480
393
1045
1225
348
223
1158
434
506
850
1274
475
441
375
236
1323
1126
729
886
452
1243
843
819
977
924
499
543
1496
1066
760
1068
213
323
625
705
1595
386
154
996
1163
769
1557
1543
541
1312
1186
1366
615
300
1255
1478
295
1201
439
489
571
769
781
1068
349
118
1061
867
1436
1562
784
1360
65
176
1483
55
1187
109
1228
426
555
1553
751
587
399
156
964
533
570
317
1126
145
399
1510
642
298
1171
1546
210
2
1431
397
55
704
1229
1364
1132
921
767
189
476
647
859
392
574
828
728
829
488
1360
925
477
1523
1384
161
23
1514
177
267
1410
888
1331
806
113
595
831
1367
1046
490
633
584
530
1243
447
527
1253
1119
1160
263
854
1030
1348
1425
865
384
1558
186
416
1098
606
750
697
533
1168
1224
1610
722
241
1504
230
1257
1190
769
292
833
307
1462
550
506
598
312
1174
1429
306
1409
303
119
320
1552
337
14
683
945
901
423
1459
1055
1577
888
1101
1547
270
312
1277
978
1514
50
1475
1123
277
30
38
594
414
1600
336
1218
1339
122
1006
230
35
1456
670
1110
1033
1591
1437
1420
1126
505
1486
241
228
1410
194
450
878
1609
250
1032
1620
1267
925
1555
907
808
307
1257
99
603
868
989
769
278
1363
707
509
1257
830
141
1001
1097
165
1596
1323
567
702
328
907
329
1589
1418
1067
1326
1525
805
1291
1576
1163
204
272
579
91
273
307
307
666
1273
1103
950
236
807
1008
531
117
667
415
862
1289
113
792
582
908
523
237
1118
1346
840
976
1426
1333
1380
583
697
464
1133
1154
1365
418
1034
1219
1339
1384
861
632
1029
580
1203
928
1368
437
1455
1443
494
1147
1428
52
107
1086
1541
1593
408
404
1049
414
1138
661
1264
1249
1050
178
804
158
1276
969
1555
1321
591
261
166
477
37
462
505
241
1436
1237
634
620
963
925
650
645
722
532
1100
332
1070
915
1308
1256
258
845
162
780
839
313
330
1084
899
1129
344
1570
17
1323
1004
80
355
714
15
358
451
1570
1535
1122
133
288
1205
1039
430
780
1095
330
159
980
1067
104
112
1369
1410
985
530
1154
96
1193
83
967
1623
330
1481
1575
835
977
244
178
186
1314
1115
193
197
322
228
271
1311
778
1572
1318
58
589
1354
1362
91
7
1566
261
243
1283
1134
571
1535
1233
931
1518
565
1409
1283
495
106
538
775
1596
325
701
1153
58
1561
680
1593
1042
495
308
1342
1574
425
1444
682
137
1227
322
45
942
1248
530
611
750
133
16
671
23
1277
437
797
1561
774
1313
1488
617
121
1125
1177
1326
897
1457
695
562
1543
1548
461
767
1048
1617
984
415
1409
1116
1609
192
376
1127
343
1129
1546
916
1473
918
544
1466
1154
307
1361
642
768
1104
1116
756
1265
557
763
690
804
441
181
1276
1022
499
1203
1419
1332
1540
792
897
897
563
127
827
1596
673
497
633
516
833
532
661
1111
772
13
908
655
1527
1050
147
1104
383
701
243
199
1623
136
1524
1554
1384
440
1220
85
329
591
1064
827
450
730
62
1129
561
1283
1156
206
1616
250
871
1149
124
1519
6
1554
654
610
927
1384
520
843
1041
1119
1257
685
1187
675
867
1362
1240
865
434
