1243
1104
1258
711
929
688
59
1106
965
445
51
1513
1166
1472
1513
1044
1219
410
901
797
9
327
1139
1475
510
583
1142
1469
255
939
1499
329
1600
1587
739
1619
244
1583
362
1446
822
1077
130
374
531
537
609
1220
455
732
375
309
430
275
1169
487
1308
279
370
446
601
583
307
1129
1441
1129
808
736
719
815
446
535
1166
1389
974
973
528
369
636
1582
1261
622
395
408
327
883
400
1284
1209
532
174
814
723
586
134
406
180
934
487
37
1392
395
1254
919
326
897
1282
1549
158
355
1261
777
493
912
1498
1566
1319
1045
269
217
240
1133
594
1019
1168
421
1279
193
404
1460
1546
83
480
1151
482
1062
342
677
453
222
1434
1257
749
663
393
928
1464
18
682
274
147
338
47
923
498
1492
1305
320
530
849
1318
1323
362
396
283
990
1313
642
514
506
352
656
529
664
653
529
887
1220
1227
679
344
1595
1369
941
103
515
750
672
715
1298
325
832
540
603
1586
65
1289
1052
762
1479
1380
1148
165
1324
465
1218
379
815
68
1411
1067
1369
903
765
704
730
1236
251
25
1592
488
861
1240
888
191
986
672
927
938
632
761
677
88
704
1342
1528
1165
1427
44
758
1262
779
179
779
427
1547
357
2
243
494
889
1022
1086
459
1111
1076
1006
937
651
913
358
612
267
199
327
1443
961
1373
496
845
1024
991
140
816
1437
174
211
364
1403
1609
423
256
560
1584
370
233
1581
1169
1268
824
508
1126
1528
342
1531
1119
176
256
1341
670
292
282
1018
219
229
673
1021
1424
979
821
139
1484
1184
636
292
1038
336
273
386
189
601
306
1338
1268
993
262
1144
360
831
1399
1554
7
1452
423
1073
1252
1607
1062
210
867
982
793
1579
833
231
884
628
833
12
718
1255
646
465
1
761
462
111
14
624
1047
37
513
106
1129
19
1029
1407
81
529
1569
1481
219
1116
1336
850
636
1233
1582
355
210
1498
1275
1084
666
1480
355
1069
1411
1178
1311
1070
587
954
1471
75
186
59
1480
413
1219
414
816
1301
1436
1329
750
230
1054
964
783
1191
390
519
179
1424
276
791
966
748
179
609
410
465
1210
113
946
1210
1369
1052
544
816
1139
1310
1267
609
689
1132
218
765
1044
314
1526
853
549
573
1615
1297
445
959
219
405
19
1608
169
779
1404
377
209
119
1492
891
995
1242
841
748
1621
1479
1493
1305
1068
622
1526
444
1603
62
1583
1564
1176
225
74
1442
296
1468
281
209
1130
1601
1097
58
821
1252
1491
1049
412
433
916
1425
1056
702
1224
931
215
176
1563
328
1049
426
735
409
1432
1481
849
1206
189
1360
465
1318
957
382
1612
11
14
990
264
142
1602
1403
67
1262
1298
1241
923
1366
451
159
569
1003
184
546
152
142
1384
1528
210
1176
439
231
1392
902
661
242
268
732
1182
447
466
536
521
1552
1529
1349
1467
1059
1262
1047
999
1585
671
1316
1603
1401
1146
1514
1605
1566
1463
27
55
746
1058
423
40
347
941
1390
985
251
1040
791
1455
1324
381
1552
1356
675
650
393
1530
1281
1115
983
181
603
1501
28
330
744
232
845
925
1476
83
255
196
524
1233
854
1156
193
403
511
1386
970
1155
388
228
1255
1339
724
1548
1371
153
1073
1491
1001
408
155
447
668
1102
356
315
1130
500
1493
101
1527
799
1269
991
1477
389
556
662
1543
418
918
1234
571
542
1319
216
661
415
810
268
1296
1583
674
257
693
700
543
561
898
988
831
904
494
177
178
1147
694
1239
660
1093
1283
262
1399
309
682
1413
158
1613
876
539
143
879
101
454
877
317
10
616
358
1159
1370
90
878
1575
6
1618
441
665
1446
1275
756
552
431
800
1220
818
608
172
745
944
597
831
39
101
1387
780
1397
306
829
1061
1227
1492
863
1008
1551
1536
66
545
761
967
1396
12
1130
193
889
234
1244
438
1026
1103
719
1249
1556
1414
178
780
408
1072
1294
438
593
871
357
530
1012
1475
940
1210
323
577
691
12
215
322
1475
860
24
638
1251
957
1529
1365
1175
32
172
948
432
587
417
812
401
1204
1077
767
1406
1567
1162
395
1530
324
1575
530
1129
456
81
843
989
1438
536
1200
591
692
1323
1419
349
564
1388
950
289
403
1103
590
266
1555
1243
895
604
218
419
1229
1200
1540
1086
1269
803
948
911
532
894
442
1252
1510
261
1546
52
1150
1000
506
49
383
288
337
522
264
1023
1494
718
495
800
999
1573
469
385
104
1372
1090
1400
851
1115
181
1121
1412
585
1037
1434
1477
516
114
235
304
1613
1529
1323
1031
458
232
1559
1538
1413
855
381
1336
523
282
6
1130
731
227
415
273
955
678
178
376
1107
358
1146
1548
135
1037
1198
1587
1210
665
1426
517
1586
426
883
427
895
866
49
471
8
488
708
475
838
1250
725
328
903
1252
61
646
142
1387
974
176
75
1453
530
983
262
1062
13
502
1353
1356
628
1574
667
191
633
435
1356
1169
987
794
1061
215
424
1367
1254
879
312
512
1194
540
129
353
557
1409
1404
1072
549
876
965
165
1259
813
252
1233
223
1514
687
46
1511
1059
855
1186
324
93
89
34
104
303
1521
1185
1545
1614
423
1492
1366
1178
287
1128
1581
323
598
600
927
1189
279
323
31
1385
85
1585
615
375
418
1298
1511
384
1481
1427
1597
1429
1493
656
1221
545
743
470
964
1349
544
1029
1117
1117
724
281
727
495
665
108
529
152
1329
1426
239
1319
1272
400
224
360
7
1330
963
603
808
66
256
11
661
1378
890
259
865
14
1115
1479
1581
498
691
1025
416
1366
562
1609
866
1260
318
26
1362
23
704
1587
898
962
902
1609
119
931
515
7
939
363
331
270
1245
627
516
674
282
1074
1113
152
387
632
1481
610
1016
257
1023
726
942
12
83
1188
811
711
570
1059
100
547
1335
1159
668
605
1624
1485
1503
696
517
1566
1135
147
828
831
966
44
372
1274
1083
1257
1263
787
1077
838
735
153
1590
1167
625
353
1507
1550
797
934
948
532
481
666
160
1453
1249
828
496
1585
1344
1230
885
1176
1117
786
1474
29
1489
92
203
131
1400
1463
1063
1104
418
1202
310
295
429
185
1269
736
1085
1387
1610
1133
832
485
729
755
501
427
1555
178
1083
1497
831
457
1031
1260
348
1415
193
1274
1111
278
481
813
565
255
1313
77
394
849
49
1382
1013
1589
598
973
839
712
1182
1405
1396
194
920
488
167
824
902
837
195
1501
274
373
735
303
800
979
524
139
1048
257
116
880
1248
1123
1373
1082
115
603
1445
775
564
18
1559
990
1388
1566
513
1455
597
1393
1170
257
1228
1014
1368
667
218
811
201
125
382
104
78
749
156
868
100
1558
1318
788
115
376
1137
944
1533
690
997
1268
631
1252
1578
787
738
636
998
123
417
438
1491
1082
979
1477
561
901
1052
921
1150
1572
1536
247
8
1523
551
479
1158
1303
1247
445
1264
55
113
1456
1525
607
809
1209
1210
505
613
608
1218
1246
1348
894
886
1249
604
1202
1200
626
1577
957
1109
704
1136
627
650
829
1557
1512
355
544
559
1306
1147
550
957
27
182
814
1455
314
1412
822
794
995
1618
63
1071
1267
334
1038
453
401
1067
224
427
1419
155
318
994
1373
761
1168
1054
1253
842
671
705
250
1600
771
284
0
1334
105
550
1273
984
547
11
277
801
1603
76
456
997
749
507
685
767
8
162
1021
1377
1155
809
1349
979
744
878
1480
1008
1335
24
1582
106
35
1237
464
1505
1434
867
967
1120
700
1239
1072
1065
323
873
450
897
767
917
1448
1291
1367
1548
1319
321
1261
79
981
634
1464
790
578
1490
600
1470
263
1108
950
179
1242
1438
1355
246
211
1126
950
433
473
1430
1028
442
1340
1497
978
1276
1259
107
316
549
890
878
771
991
1552
1314
911
1018
776
206
960
666
53
480
1070
1295
1238
343
890
1161
1143
311
117
339
1013
411
953
1184
211
1561
362
1301
867
913
1185
1088
1207
363
630
1188
1062
1070
1197
1617
1185
386
1194
1336
232
1584
272
1190
838
1089
1448
464
1550
1475
981
822
416
1610
536
1316
863
1254
665
995
1617
500
1616
234
1094
1185
408
1189
1322
1368
1556
1085
1409
1225
856
923
1008
941
923
1173
404
1503
979
1292
1254
1253
953
1458
292
285
379
1322
1555
698
385
1499
198
1062
1591
60
1004
713
902
865
957
668
1399
207
