1365
457
701
1065
89
451
34
906
661
492
814
965
525
41
95
387
700
839
1275
928
1116
1363
1130
1234
154
543
282
56
53
957
874
89
835
40
136
760
99
1058
935
1067
878
375
1246
657
670
192
20
1231
283
705
483
1506
1181
618
176
435
1455
831
175
99
925
1091
1208
1318
742
122
1600
818
963
1558
999
780
91
1214
1109
1331
688
324
1544
52
664
1136
661
1600
1011
1329
1298
455
1296
659
650
1421
1059
1397
1475
664
1246
1432
646
805
995
1537
923
946
1320
1006
1064
110
930
1012
1288
1398
1450
315
580
1244
87
179
1449
390
68
993
577
1345
568
1544
641
709
1522
1505
119
1041
1404
1468
1404
359
844
380
1580
1229
1436
995
405
723
1088
1324
1371
1423
190
1436
1456
990
210
1229
457
242
1127
1574
989
1373
1247
845
407
802
239
225
1321
723
1026
63
1027
1429
1612
530
578
1263
1540
674
1609
151
1262
812
75
20
388
185
602
1245
316
1258
1222
284
32
1047
373
1014
1240
206
1397
1544
49
916
677
85
25
462
967
288
267
518
816
1187
419
1193
1194
703
343
794
1480
1564
733
732
1547
885
595
1005
485
680
17
1336
567
801
627
717
1478
740
83
301
704
224
958
566
641
992
194
16
45
391
433
1397
1113
51
328
234
347
735
297
338
22
1426
1364
1075
1137
847
605
936
1162
1209
343
645
169
737
912
1536
1464
1121
373
747
559
1322
59
1079
1220
742
864
1016
1079
1255
214
332
136
1562
1288
511
1471
218
1122
341
562
1560
839
1614
809
1547
1215
753
1235
1614
586
1281
1493
1336
1529
712
1429
298
490
998
598
861
576
1398
1078
1282
710
1185
933
68
1299
663
1161
34
73
1439
1463
1052
1553
614
1563
1196
808
1472
307
1083
998
1120
1213
666
737
123
801
1362
844
1523
1518
763
233
957
587
791
744
850
450
1377
993
764
457
920
944
1371
1479
1217
1130
974
1001
543
901
430
141
753
385
142
1122
1314
1583
172
2
1538
50
1147
1345
86
483
1506
523
1496
1437
1075
84
639
1574
978
721
1473
283
98
1585
1423
485
1435
579
1552
451
1342
855
1284
1266
931
1381
139
35
1121
476
261
1300
915
812
1232
846
574
1556
1032
1023
1134
90
1217
1586
1069
1121
569
894
670
570
1536
815
1329
33
1037
52
556
1076
961
1130
1161
1612
412
139
905
349
1383
1185
1480
731
1134
1184
249
784
1288
1254
1453
115
301
912
686
596
387
931
533
1446
249
1376
554
476
794
469
88
1609
743
350
124
1436
74
621
1396
1259
632
838
1379
1543
1105
917
1469
141
965
544
1554
438
1324
1562
526
204
29
212
1354
1488
750
61
83
1341
98
1075
1343
935
781
1157
1150
995
1537
1323
609
1432
1529
1384
600
642
34
339
162
540
643
835
1204
397
512
1321
74
1136
249
1525
517
178
540
1068
438
421
366
784
1153
460
728
348
542
925
656
1507
1275
1257
84
296
97
60
551
953
347
1058
454
412
1433
1018
1526
405
219
1072
112
864
756
792
875
944
497
12
569
901
573
104
12
392
1455
1131
1070
355
879
686
1528
646
1436
1240
63
46
777
420
1130
1278
1196
698
675
1442
982
319
481
937
673
203
1403
159
1264
876
1343
86
1083
452
991
447
251
948
807
61
717
179
3
570
1001
222
644
220
1043
1267
522
572
280
719
1065
425
364
1073
667
474
964
1485
1063
1243
42
15
1077
1338
361
808
313
872
1587
64
838
493
1164
518
743
220
810
838
17
991
1524
1461
1565
547
1610
142
1605
616
996
743
226
393
369
735
66
295
970
807
1092
966
655
804
1617
334
228
1319
1429
1156
819
744
788
983
233
633
3
981
340
1563
1015
927
943
94
176
302
1056
1351
77
865
319
172
1373
17
1539
1312
723
46
560
1243
1580
993
1377
69
723
1172
1024
1370
1228
649
467
906
590
118
488
853
439
2
685
221
710
341
309
567
1454
31
934
1449
945
106
762
1616
194
1565
1071
203
678
642
379
445
1507
1292
949
315
1204
407
1243
1243
555
1160
745
931
1476
1024
47
940
792
202
863
1101
903
420
1450
1412
1073
1064
48
42
724
114
130
218
939
48
1102
110
1384
1579
1498
104
1477
1464
394
696
864
925
890
262
215
748
302
26
1196
1270
560
589
251
311
66
1215
650
628
883
1321
652
955
945
1159
338
133
1393
458
253
992
115
1177
655
48
549
913
1409
341
487
1160
846
1317
59
166
565
1244
555
512
881
1328
881
273
1037
670
1007
1359
795
1543
488
452
720
727
91
1325
63
991
1386
1319
195
10
419
551
970
119
1253
1133
738
1444
338
254
1087
1135
1385
719
735
1108
1509
1373
1275
1414
1358
1096
1349
610
772
1553
792
1589
972
1120
508
757
648
103
1321
1358
500
1045
840
56
486
478
1451
1477
914
972
506
810
950
780
1161
1356
450
710
1043
1468
1012
92
1230
903
714
1203
1255
351
159
1203
1439
1540
601
1459
703
821
338
679
1302
612
1356
387
818
1004
910
871
1527
976
445
610
1349
1009
1198
1063
814
1476
1108
743
747
155
784
1576
982
1559
837
1223
639
269
1086
615
1526
1556
882
384
1601
1195
1484
1212
1447
507
824
37
1267
1063
351
27
893
440
614
1202
523
1236
549
258
1273
1005
623
1123
879
351
849
899
382
1025
728
648
1138
436
357
642
1228
543
1454
856
1402
1044
1558
148
227
1046
1453
1454
899
990
102
12
1032
989
116
1605
40
979
725
1086
1153
117
1546
1380
1165
346
573
118
1452
450
673
496
477
703
1415
1295
645
445
486
1221
355
32
1077
1505
844
752
1321
1501
1213
707
343
157
1618
1170
1376
1077
1605
50
70
688
1229
211
1216
1147
527
1365
437
1396
1473
1360
1397
640
1148
917
1185
228
1020
644
1225
1261
976
970
1407
79
971
290
1206
599
534
1522
791
742
269
1032
1
107
811
500
247
787
843
1232
298
718
1507
421
1148
632
647
1280
361
77
221
197
745
1079
1184
1269
790
44
808
762
1469
1503
908
801
1418
1604
1358
561
428
325
19
824
400
943
700
1295
711
457
937
80
181
119
1066
1030
1559
332
1335
980
832
354
1492
99
780
1226
87
281
222
450
57
1436
666
1365
1296
809
939
367
1542
1513
732
988
613
519
1190
1404
667
254
924
578
1341
1001
670
752
709
564
169
1173
7
1474
616
759
1202
1055
558
1060
681
940
1590
393
1222
1217
504
466
987
730
929
1163
1206
332
1385
1270
1531
1127
826
137
1003
73
1235
1338
324
1470
717
1123
1125
1211
694
211
361
363
1073
1489
910
1437
1349
1488
1005
206
874
506
1328
1342
1298
696
346
522
355
613
702
1373
1039
1403
709
1114
447
1321
455
518
1184
1491
992
1569
165
1316
238
650
881
1170
740
581
742
1379
190
719
1460
1349
987
1615
605
838
379
1622
1303
479
82
646
173
1535
837
769
258
213
273
209
496
946
109
736
1516
426
893
427
1595
1042
552
871
867
1198
230
488
950
1059
506
321
892
483
1109
123
57
1205
949
1391
219
570
1282
138
913
334
565
1593
798
1373
147
872
1625
308
487
1080
1457
475
969
1440
933
228
309
422
323
47
262
1137
249
336
1240
601
259
1556
1372
1558
440
1413
491
821
1568
3
1104
940
841
1088
1612
1133
530
1028
993
148
357
1449
102
1551
312
550
245
907
126
1029
660
1316
1465
750
1278
1333
1213
1301
1536
1325
1580
521
855
1081
301
1373
963
357
457
688
1339
651
1368
1437
614
1435
1497
245
1207
948
571
249
790
1461
1021
1119
328
1235
506
397
432
746
1008
72
846
11
926
313
805
497
647
1303
776
906
561
350
449
333
1234
1168
582
426
1034
1080
1366
499
393
1513
414
326
331
1232
1086
1423
493
1237
1081
1367
609
361
1481
1267
1274
635
566
1267
972
216
1590
637
998
1493
1201
1516
273
1284
697
1424
192
1555
965
107
127
1620
573
1007
1182
1096
1449
906
1363
301
1043
1011
949
726
593
237
1621
967
963
1150
393
88
623
271
1458
525
907
1130
746
1167
1006
246
1161
211
858
937
352
712
469
1336
1293
169
783
1521
1426
525
1169
38
990
852
364
916
76
267
1487
242
206
479
1007
1583
833
152
112
1333
395
661
1210
1459
1283
1449
349
90
508
883
401
1181
320
1144
1406
839
693
1532
1330
199
1130
1487
265
723
258
385
1514
789
551
898
546
962
