265
1347
9
1623
93
185
1453
1423
1378
550
443
1208
489
974
1147
1004
1612
1124
1062
309
1337
204
1008
1417
94
81
253
863
1123
996
1481
150
162
1585
1288
1425
1406
99
906
646
308
1487
540
96
183
919
1400
942
1013
186
41
1252
25
1457
880
20
480
777
1498
1049
292
437
1374
1624
455
214
245
1537
791
1290
1077
120
1517
1560
1212
498
1481
862
1403
1338
1174
340
1400
1429
887
1453
384
854
156
524
1007
290
316
1429
479
461
904
624
267
96
987
1049
403
1521
875
178
1457
1345
66
490
208
420
1359
806
1166
66
816
717
14
846
1318
663
1558
1359
950
1183
1262
227
1414
997
537
1494
1006
125
30
721
153
234
159
53
1420
1545
33
243
789
751
533
1573
868
966
1080
366
407
1024
398
989
1218
804
1211
832
980
183
26
1557
757
126
912
1492
1359
248
807
362
341
39
377
1324
1422
395
1325
303
432
841
1611
507
1024
1435
147
132
42
1072
675
732
1560
174
1463
1567
12
79
1621
279
1091
223
198
1047
1554
601
1181
1500
1320
158
54
160
900
526
1416
117
575
1245
786
745
1479
1400
98
579
1412
1154
788
184
1543
1126
788
1422
1404
1162
35
1421
928
517
1462
765
325
173
1268
101
1297
944
232
1102
616
1320
35
25
1613
930
45
821
16
1530
869
1089
63
623
884
1580
597
480
1408
858
1383
1610
239
1256
1295
1111
22
687
784
843
260
1270
79
567
717
563
154
756
807
100
187
582
1308
537
1621
674
573
468
669
786
747
1174
784
1592
971
618
935
865
676
546
745
404
1589
1273
598
407
1380
1067
686
511
406
1077
1060
1018
1029
118
1395
704
1537
1298
1543
1170
893
218
775
1535
597
480
1006
872
554
681
1359
1051
1141
1188
163
68
593
1432
1586
813
783
81
1269
654
118
948
923
880
915
919
1427
1003
905
481
1253
321
205
1125
631
1499
149
868
907
186
1607
153
1416
196
683
40
678
1103
392
432
1496
1352
267
156
858
1482
1179
298
131
1531
675
119
1466
989
1174
221
383
209
1391
635
357
819
1487
553
1057
1094
1499
1282
808
581
699
7
492
1586
943
1064
967
244
736
152
1008
1230
68
1057
178
1273
1556
502
771
802
1620
758
814
1245
1589
1423
1119
1519
788
1085
77
662
971
57
1393
1578
590
811
1547
1538
1415
183
891
838
818
996
458
1313
987
182
1565
654
1310
145
46
1500
695
92
295
206
704
440
390
1221
672
1469
288
172
1385
555
60
885
380
1439
197
150
1100
91
630
161
562
603
1469
299
564
892
1292
982
1461
555
540
790
1560
1091
1172
731
1230
464
621
1229
972
1384
798
1144
1484
623
1167
1097
447
309
1316
1151
1516
402
570
1408
849
678
485
528
829
1273
884
1090
268
1026
1183
669
774
1317
989
483
1244
1571
97
570
96
1274
945
1004
544
1464
690
1056
456
1371
1341
1181
38
896
1447
705
1056
937
1124
1409
637
1508
583
282
889
883
1383
337
714
361
749
1178
1220
1123
1071
1103
676
354
1311
1358
620
16
740
250
956
1221
1183
449
531
607
47
1187
1117
115
1413
1481
482
1511
1345
873
1163
901
438
380
1418
191
758
315
159
775
1058
32
199
348
1156
668
1080
694
882
1002
706
612
564
1223
1515
930
0
409
157
1007
683
678
688
1524
1395
1089
1015
384
1432
542
506
1424
288
994
315
811
886
194
1595
58
550
335
127
871
129
762
896
1594
102
875
793
307
490
1541
647
241
38
195
657
1066
1344
1194
164
97
981
254
196
1353
16
1223
741
1478
1389
1157
724
191
859
1176
323
758
364
723
274
374
536
1310
1508
1399
826
353
1261
659
577
1122
471
939
483
905
1053
817
1545
78
1045
664
1199
125
1077
677
106
1208
1042
504
1033
1425
1187
451
852
644
1231
1096
794
1377
896
605
430
1222
786
1239
631
1486
196
591
161
1461
668
1332
1386
406
943
665
1285
1365
1452
1015
1025
1039
86
1517
1035
780
694
95
656
453
423
1006
1103
605
250
1086
201
72
410
21
1240
312
1029
1413
776
1444
1132
91
1200
877
1012
190
1243
293
151
1240
1069
256
1248
803
1595
928
971
1336
203
91
677
1204
1341
950
445
8
1268
1138
1536
1068
1029
1230
423
1085
125
1521
318
1003
160
1413
597
451
767
821
1138
241
229
781
44
904
799
1204
522
683
46
1183
1257
280
751
45
749
128
725
487
667
391
1404
1542
1141
1586
745
1078
23
623
638
1041
1294
25
1053
562
811
254
1522
98
864
1511
1179
790
1258
1193
593
1437
1519
1062
854
462
890
1457
990
656
1034
828
139
558
1200
950
405
1385
1271
857
1548
1393
669
1589
1120
415
320
890
1246
686
73
1602
1353
375
1386
1625
1599
79
903
321
886
1061
1284
1620
237
1577
570
1540
78
176
1018
1102
1285
751
787
964
1118
546
377
220
125
515
749
1203
1454
1364
139
335
1080
462
617
326
1470
560
1169
222
109
579
394
1020
633
471
254
550
1053
957
676
1587
1070
1200
486
1186
820
411
1351
1337
643
84
1564
769
1432
424
1220
1193
1135
469
1047
1136
851
1088
627
649
760
87
628
165
180
15
1278
1366
1369
34
18
171
1406
1621
309
671
1110
567
468
468
1390
1002
1057
1534
651
614
352
312
755
532
1001
1376
1533
1395
501
1566
1367
787
1268
200
828
630
343
99
598
409
1189
152
380
1013
598
373
957
1448
403
673
361
257
811
228
1151
1438
595
1058
890
1143
212
241
1419
903
1496
1524
592
629
677
5
421
1408
1535
936
1597
275
573
323
1130
1101
246
1608
1146
1090
1199
1338
178
153
50
921
347
1151
1212
655
1439
1435
848
1343
232
1507
68
514
1404
59
572
1414
87
1362
1284
531
1367
1158
601
193
255
483
851
1608
290
943
322
173
1509
709
1489
1457
1163
752
753
1375
484
445
1571
962
1401
1017
317
1113
1510
1069
1288
1217
284
1470
254
900
1176
116
717
290
1510
556
1353
1404
730
619
192
1116
1480
417
1050
488
39
932
1466
646
1334
13
1157
632
1532
558
1299
1360
814
104
94
287
754
1115
753
1623
295
397
1103
884
948
82
1291
308
1008
556
1110
396
1607
1207
939
1088
241
283
1620
1557
1575
785
597
1254
549
428
1002
1001
701
328
1431
28
781
525
1246
350
661
25
477
349
43
436
906
497
88
1298
406
351
661
1029
96
1017
268
306
1425
1324
1297
2
1037
412
1573
26
1093
371
1388
948
1139
682
1292
1094
533
1136
992
1476
1103
1613
820
1437
98
954
273
1139
1253
581
427
1221
544
1068
1065
280
1249
584
825
723
163
1399
1004
718
488
144
176
1103
108
1277
1269
836
5
1151
1326
886
1102
1514
1040
815
1204
841
773
11
700
1513
867
797
630
1092
1093
455
206
1530
730
1091
1257
1348
1257
1397
1350
84
834
727
82
698
1209
54
443
591
212
947
1354
1057
350
20
987
1197
938
563
156
673
429
77
1227
897
1125
628
873
1315
856
751
500
348
399
704
824
311
411
914
901
429
729
594
1366
1074
1339
638
1357
1518
783
286
1100
1505
356
1445
1442
366
35
337
340
879
1147
770
642
96
394
347
1608
234
528
836
519
982
996
1017
1499
1494
1147
1399
1440
803
449
719
1067
103
1542
1553
1119
1110
644
6
633
230
31
1363
605
1128
133
1141
258
139
547
335
473
1462
1549
851
561
1510
925
1511
170
622
1006
1409
1005
369
1443
1107
880
1161
1525
1388
168
1446
1027
843
342
545
956
330
872
1356
801
1293
1186
101
1362
727
1615
49
536
871
1613
1366
154
1119
198
119
359
625
122
911
535
54
386
615
95
1308
28
205
666
377
214
352
1369
49
636
678
938
96
768
675
70
1142
584
459
326
417
65
1171
111
361
1364
12
781
90
1277
23
1383
311
44
1110
943
1569
940
580
633
1294
434
414
580
1307
143
405
1418
1200
915
879
221
497
904
893
1127
261
213
117
473
1442
316
1433
769
378
193
1393
1437
529
711
816
562
755
1255
594
516
1068
842
163
329
137
970
1212
119
902
558
352
1060
199
1122
903
1472
1090
739
1084
605
215
1135
864
1050
391
1301
1529
1229
1305
468
1000
250
1051
667
731
1062
239
1420
948
880
52
903
561
1125
1446
178
5
424
1555
1441
262
1511
192
85
1194
905
929
1188
564
194
1393
778
648
1467
1236
314
765
1153
1516
491
775
803
1153
980
50
1303
