49
215
1160
1140
1255
965
1042
905
445
991
827
177
1598
528
167
625
1066
201
170
137
235
416
284
545
33
789
3
840
96
604
426
237
429
1597
1219
360
727
996
335
1426
1478
798
235
677
680
464
424
1172
151
701
313
993
518
1119
1550
812
483
335
983
636
604
45
97
377
189
648
184
865
1288
1186
1351
1232
887
972
612
935
133
606
1468
112
827
1176
913
309
1368
888
1530
1486
1578
471
1616
721
1579
154
624
277
664
967
481
540
219
203
755
36
1493
242
1505
93
371
927
943
816
1168
133
263
1164
31
375
165
1235
1194
511
485
158
431
1246
43
1273
396
123
1401
1623
853
1153
652
1340
985
921
895
785
1056
646
1351
1393
1367
294
246
852
697
1188
1013
378
14
1252
387
432
1332
1111
1157
793
169
834
629
782
1311
942
963
1001
703
1578
1212
442
1147
1456
549
1624
293
588
1245
920
893
1621
1188
1388
963
1133
253
69
1185
898
118
543
420
973
666
925
1204
373
1602
458
1158
122
436
169
1193
749
832
805
1157
511
1332
1573
439
1605
274
885
1499
366
1528
909
912
1547
180
1113
972
995
1265
663
994
532
1470
1163
632
101
1066
1052
330
652
307
1483
1194
283
622
1473
926
899
523
1015
1588
987
1401
678
639
270
1442
457
923
468
1227
1531
155
1239
197
1314
327
1165
1104
788
695
5
437
953
1081
1505
446
1210
888
1415
714
1088
1339
1101
819
1569
254
1552
1601
1218
790
87
1214
1288
863
440
374
1528
825
1032
897
1230
387
865
59
1267
134
818
1424
1608
423
890
83
706
1617
1344
605
55
1521
1408
1277
500
1491
386
1480
906
916
1369
339
798
1019
1435
324
478
285
1355
1540
1015
1432
352
241
1045
1015
58
463
143
460
90
693
679
1353
89
178
416
523
137
89
423
1390
650
613
143
977
616
652
12
1491
1303
1312
132
1473
1436
1302
531
868
8
1419
357
176
935
275
994
1581
1
393
706
139
826
1285
1093
808
31
57
567
334
1369
483
1423
1376
284
1517
818
1552
904
515
1353
473
1606
755
1285
1262
282
401
840
827
70
1188
612
245
24
366
1515
69
486
835
1032
269
1288
608
818
1345
648
1360
1073
234
349
941
463
1199
710
333
1433
1579
1453
728
501
993
1426
735
794
166
491
1410
790
954
465
3
280
810
284
784
422
13
1421
1231
1575
441
1231
518
716
294
997
510
7
305
1266
310
478
815
89
1205
169
1622
1221
1078
1185
784
777
430
266
1226
1277
1440
1156
212
268
1071
1411
628
102
1168
128
1605
385
1035
665
590
1434
1015
185
405
211
926
1142
135
325
1077
773
655
1207
718
1034
1408
974
1390
808
1335
71
1523
747
1199
105
666
1203
158
1124
198
989
1266
1254
1363
447
723
1171
934
1481
96
813
1105
975
1239
402
598
434
709
1090
1490
1090
810
1031
360
687
315
1017
1566
195
1381
1314
971
1341
242
1359
1316
759
987
977
505
1553
717
1570
687
254
296
340
386
1204
207
1565
880
380
1012
829
205
784
837
114
122
417
589
202
524
943
143
1609
804
354
1024
1334
1266
907
1454
556
1439
1284
1124
354
1210
922
1138
74
983
1104
419
458
1580
1621
393
527
1262
1300
1143
1574
1393
1555
515
113
90
496
756
1465
1462
1221
394
1602
1195
469
422
1210
44
1567
327
80
735
1382
1175
1573
1603
981
1532
1451
921
872
807
486
425
400
924
254
619
926
1523
1401
1087
111
1442
1194
1302
1513
818
561
721
684
1143
1368
1048
527
785
1155
546
626
1005
968
1283
1392
733
57
593
336
1110
1504
10
187
299
1547
852
265
1069
47
187
568
98
650
550
972
431
1133
283
343
770
1335
730
287
1036
1085
1283
1285
130
187
1017
383
240
1228
757
371
495
578
195
335
512
513
436
1625
190
925
602
352
435
911
1253
1163
588
759
1228
1085
1623
865
1253
910
1065
645
584
690
821
463
1040
853
1102
20
400
1114
622
1401
478
1548
730
849
157
399
156
1593
592
584
1005
208
130
999
756
375
1020
610
502
344
490
516
389
1073
712
744
22
221
739
1490
695
711
319
188
699
662
1611
997
1275
1098
731
484
1171
1031
1414
1233
1084
627
453
533
1449
398
1574
259
1243
976
79
324
192
326
237
268
1431
643
1552
967
511
1334
500
948
1122
1567
1202
498
1140
455
263
1457
341
673
1240
529
1078
469
779
97
1555
354
529
967
422
204
448
1303
1208
840
1236
646
1164
371
633
618
1220
1060
179
938
336
1427
881
567
905
1346
692
367
1255
519
1362
1087
1029
1001
1417
426
374
814
310
1528
1012
1622
721
774
360
1090
175
609
1170
217
150
352
875
794
188
799
751
260
1082
1426
1468
205
620
327
1572
769
282
1280
1531
1600
537
1077
1316
484
714
596
855
587
970
1558
1290
1238
743
969
1495
698
1104
1067
841
1195
348
267
392
215
456
1578
820
1005
134
642
1554
402
258
1242
1397
1385
659
846
725
618
890
1516
811
1362
835
575
89
12
497
24
1270
1403
1440
454
517
1186
834
429
972
1000
966
1227
751
1435
336
1622
1186
1461
1395
1069
832
1326
231
349
991
504
1216
1103
1298
1225
1338
810
245
806
1107
494
419
711
1185
16
1442
1420
173
1507
1181
488
141
1282
1345
520
1262
245
6
886
1457
541
748
566
1024
133
1533
973
1530
1004
363
601
761
1370
740
548
116
876
619
586
1605
165
1178
1352
1521
1449
1243
558
959
1477
763
1174
45
1293
530
1522
1277
756
585
449
1168
932
1143
1391
1615
1412
240
19
573
440
1214
799
1367
90
927
1154
1350
318
1392
1322
1287
992
1404
415
964
872
1009
1267
134
1038
281
791
1529
666
1589
1152
688
612
1413
1220
1404
96
856
433
545
958
1236
1437
997
806
69
1023
443
338
827
343
287
625
274
1574
371
1456
995
28
1584
481
251
978
590
229
1312
355
1010
876
109
386
709
373
622
783
1008
1331
196
555
49
395
169
909
236
1589
1319
115
311
1540
172
1378
1053
952
160
12
1359
412
1584
856
1054
175
953
770
1434
75
27
677
1322
223
684
592
148
1429
202
446
95
10
257
599
296
1051
1245
1006
842
544
620
1079
18
635
745
1360
675
981
1065
1044
1242
931
1007
1511
1257
997
849
1090
1118
1594
1284
487
524
563
1315
355
1509
527
1385
1245
885
525
1291
578
451
108
1583
153
1111
1212
645
459
1268
994
637
1230
1384
46
1316
1166
1479
1156
481
286
665
165
70
1027
1266
565
536
1327
537
689
257
976
748
38
314
1119
1050
470
630
1213
1513
1175
612
31
1510
788
1285
566
907
179
1033
1622
1136
1375
275
1019
189
312
831
1606
1010
1050
616
1602
38
1397
45
263
1236
52
199
297
46
602
425
1417
1486
653
972
462
1175
609
798
858
1537
81
1624
654
1223
855
657
594
89
1143
841
1596
1110
1481
1387
733
162
668
229
987
1387
795
665
1537
1619
873
1065
1222
365
1099
1492
135
68
172
705
537
225
1286
156
183
690
236
727
297
1298
1179
806
1360
871
943
934
950
150
436
849
1202
918
1257
1070
313
1274
455
1572
1490
1037
380
1162
132
610
1088
1483
362
657
285
299
1467
1258
1324
942
200
304
777
550
781
828
838
735
458
985
454
1453
1021
713
893
499
483
123
744
631
1048
404
502
1414
626
1431
1057
85
851
1072
1126
833
715
350
182
1218
1191
712
580
151
291
522
860
461
520
1162
1353
93
910
11
599
17
235
602
507
1216
1607
625
1363
183
576
532
376
1136
388
1384
901
636
1516
1065
825
977
1068
793
433
1034
691
895
1091
1074
1489
1205
794
547
1191
389
293
1614
1398
1391
1154
891
464
1028
7
506
843
617
1143
1157
494
728
1487
143
1365
65
802
1295
133
344
622
770
409
705
1106
1000
1252
1394
1406
1380
50
1064
1505
1223
1595
626
1318
1450
509
743
1453
701
1521
535
18
1011
168
694
877
1134
226
411
62
918
1355
827
309
922
806
444
897
335
665
1309
561
1017
1414
254
702
1183
273
967
451
616
593
1451
1413
1611
983
844
2
1537
1520
1615
1487
128
171
1296
1078
484
919
251
203
1150
985
1058
575
423
436
216
1405
126
1604
1432
1507
990
726
1094
1462
468
1587
446
1421
682
1353
871
832
1439
1560
828
18
1201
439
95
111
429
1121
536
223
71
1154
1245
244
1459
864
879
721
144
