612
201
1265
246
1093
527
123
712
900
1447
670
172
122
1616
400
351
935
821
482
1457
1530
1463
1265
531
87
875
121
917
1622
327
269
874
711
614
1500
408
528
534
186
499
400
869
1251
914
592
1542
889
579
940
1095
894
1424
611
4
1532
304
534
1557
4
217
735
1588
375
1220
698
731
1196
1207
1529
80
45
570
525
1170
865
560
1397
730
1240
293
1505
355
82
78
491
554
751
1333
1360
1266
850
1442
949
1132
15
291
295
1031
993
879
575
1189
816
1410
1001
320
471
1048
1397
1086
823
869
1363
47
819
1471
598
516
1101
1329
354
946
743
1319
742
189
685
703
1559
165
733
1492
1050
579
280
524
321
460
22
670
1189
269
1400
280
1519
120
1036
41
660
1495
1156
268
956
1490
230
87
799
1259
514
1128
1163
1210
1289
500
410
1018
1103
732
500
130
1068
1328
1158
1329
28
227
1028
1153
512
343
802
882
1609
1513
988
862
350
242
74
907
1383
633
423
170
238
1084
1556
435
1205
732
1049
1569
1514
367
99
723
720
1193
877
560
947
1605
200
27
533
806
798
1285
1159
1152
878
364
548
1114
257
92
612
105
1591
289
808
1328
528
671
1424
16
1399
1099
788
1247
422
972
1550
239
251
478
90
1520
181
1005
57
767
907
1612
232
504
1586
1322
925
1241
616
172
954
1105
942
1360
154
536
620
215
7
1318
1219
1480
1172
500
1275
450
1558
687
514
1137
219
290
1548
718
1128
1561
296
530
21
1351
1150
217
1607
669
490
316
1385
58
411
296
1573
986
928
326
1610
1312
1111
1122
1516
1105
1218
1358
55
1279
1418
1202
1491
1114
1600
403
373
82
745
421
1151
1139
933
939
1023
1484
508
28
864
1309
1548
575
966
1495
503
758
905
779
219
1549
416
873
531
1166
687
1014
525
263
512
17
286
1262
1487
1625
298
617
969
1193
750
988
1076
753
520
846
1482
1114
342
662
1615
431
389
1380
260
154
290
678
1016
68
957
956
961
221
1486
771
333
962
482
794
381
1325
255
183
597
843
1031
1367
1419
7
1261
708
1306
1057
714
436
1519
1511
532
1010
603
386
395
38
3
31
11
1479
1492
586
1232
499
691
758
1149
1583
994
1210
666
1418
289
954
791
337
1258
247
1053
1211
42
426
501
146
986
393
300
467
683
140
602
1337
930
865
408
1131
554
1086
8
925
1597
1133
1593
1
358
239
973
940
874
1156
843
287
1524
322
262
514
585
1317
711
97
384
119
218
736
146
1037
921
1337
1251
184
690
203
1507
738
1117
72
36
310
1266
887
1279
748
410
611
347
990
1241
394
1086
947
848
198
871
101
212
523
563
450
765
1092
533
1096
26
1481
645
1056
387
1500
868
939
147
1028
14
1218
842
473
1084
1055
1099
246
606
708
441
1434
635
759
266
1332
931
1222
1442
690
539
628
692
160
841
783
1346
851
1578
997
1070
1405
1467
1041
677
860
918
694
726
161
1424
447
769
650
1550
651
1397
595
361
739
1489
439
499
189
1612
114
926
1019
252
613
544
148
753
791
1555
68
413
1584
11
217
1338
728
1032
736
997
550
951
727
1036
1451
1204
740
1074
169
1357
492
859
1137
1433
1417
1571
251
154
1573
1045
237
1134
1162
1134
1304
132
377
847
245
3
1345
706
1138
185
321
1246
1378
708
1405
459
698
243
581
130
487
1221
560
54
1343
1367
1115
114
457
1005
982
1212
462
667
1133
1616
1527
1282
1307
1591
1035
1217
3
529
1471
1285
1457
736
359
431
1558
1402
1423
582
675
1307
379
1322
1312
1314
280
775
1548
650
691
1152
1313
1292
1368
575
423
1116
909
480
582
111
145
1579
1205
247
712
144
57
981
802
528
497
688
157
947
755
607
1042
1397
269
1008
828
1608
1274
155
973
362
173
31
1365
838
1613
42
276
447
1381
584
947
122
449
1047
1290
440
1009
473
996
1553
654
162
468
1570
33
962
251
728
47
1218
97
230
60
1299
1579
807
1023
1300
706
121
581
1278
135
1002
518
116
457
1617
27
1549
1565
1481
998
286
1388
1126
1491
531
305
1088
1148
71
285
808
1339
564
743
1579
1452
785
330
732
436
1288
435
1326
931
1349
438
408
279
462
50
624
374
416
1545
1358
1017
685
303
157
1268
343
1230
709
790
1156
314
1222
53
912
1375
537
1348
1176
796
1199
1014
623
826
490
765
1068
272
75
186
1336
856
291
996
26
1353
1037
728
866
340
10
41
1516
1211
552
1242
320
1424
295
478
738
255
657
151
292
1517
856
632
445
152
93
197
495
816
214
943
338
860
501
236
1613
938
347
421
1532
416
918
481
172
178
1194
1083
1093
1485
437
946
1584
349
1611
1080
912
100
822
103
971
583
1586
248
1014
753
428
1063
1301
509
1522
1227
850
1549
90
983
91
377
370
1069
11
745
1620
1110
268
643
1212
1615
1367
575
914
857
1197
76
1240
125
1312
2
119
642
796
227
474
1113
189
1393
534
319
1576
532
654
257
1327
898
1618
527
360
1402
1606
204
358
286
172
1015
284
526
1434
916
506
407
282
1578
1316
973
1395
710
904
349
707
1252
1491
156
525
431
750
985
803
562
340
1069
1485
1094
1118
1609
886
1110
1142
597
1077
137
1064
1300
1294
1261
962
849
1600
616
651
750
291
700
990
833
182
675
1213
1198
224
341
854
243
1154
108
317
1285
1360
1125
40
638
683
1279
1257
889
1211
651
441
1438
1202
1405
1389
456
209
417
352
325
986
433
339
1603
1117
157
15
132
782
1283
1501
1150
1503
481
1430
1575
1145
195
1053
245
1109
52
527
117
517
296
121
677
442
979
954
556
1144
515
1260
1492
1067
625
1002
39
1157
540
1535
966
1547
1354
726
227
484
1234
831
576
165
831
917
1051
1099
298
1208
129
220
260
779
497
789
928
251
871
610
1396
965
1508
1544
335
431
467
1060
1429
713
192
1558
1278
35
514
696
1484
289
1003
562
1550
264
842
274
620
1444
1157
459
1114
1135
564
887
571
781
1055
606
369
172
1592
858
787
465
124
1619
133
1103
934
684
1074
840
643
236
959
305
1323
112
1012
1561
1070
795
119
1165
1047
345
597
1442
1530
481
1390
279
480
1599
805
1617
59
561
602
14
1031
1530
119
1375
625
1141
548
1559
1421
1051
81
1511
142
273
1453
1590
1054
649
166
489
958
913
1174
1372
1270
487
190
1047
1295
402
680
125
1032
60
9
1143
1272
1280
710
597
1449
1591
211
781
664
133
1030
743
517
1374
1266
1485
351
783
1369
809
495
480
166
1178
1330
1557
1415
934
1524
459
400
1296
652
797
626
1453
1039
903
1194
50
791
145
159
1013
1082
433
736
210
1051
1511
151
1247
1517
1625
341
50
207
184
154
268
933
1086
1352
1128
1421
996
1102
1464
509
168
756
1419
653
352
1265
1285
1338
944
681
1220
1349
205
229
1109
1505
0
347
1437
420
1259
351
1209
532
688
36
1616
321
722
1055
107
1600
1112
30
971
426
1070
270
979
1316
392
594
1297
1619
646
14
1487
366
1319
60
135
1469
99
822
573
189
938
370
441
1439
173
1081
1500
769
1355
550
328
32
582
368
1030
391
747
1281
1596
1505
743
109
979
1493
706
1444
877
439
454
1121
453
818
354
1441
722
639
503
522
1587
23
1474
648
978
766
1219
408
1414
63
486
441
848
12
925
1285
859
38
130
1018
1534
664
624
618
407
1410
1157
186
697
922
1254
1383
723
608
1203
1117
289
1123
979
1389
1118
905
1246
1600
1604
1274
538
1624
348
1421
483
1122
1298
620
990
582
889
301
210
1533
863
1367
129
1468
394
312
1243
1235
371
1465
1329
275
681
1117
13
635
837
730
1178
1417
554
1608
475
397
1485
1416
439
373
1514
1295
684
353
303
229
312
1204
666
709
986
360
597
646
390
806
400
247
1109
476
694
878
732
1572
222
1352
788
1297
1393
112
1545
172
1622
1431
381
682
372
695
66
1544
391
93
120
865
67
81
1240
521
1622
506
1320
1085
790
845
277
312
709
638
1336
1042
778
1486
1434
1260
52
1569
902
1239
781
515
403
1315
1027
138
1350
588
24
240
315
1625
1613
1587
620
1091
1044
1271
963
542
398
885
1536
1025
679
132
865
616
621
227
903
975
1460
1470
561
477
1141
703
1188
738
1301
430
129
592
473
105
741
1349
1540
581
1438
875
1504
289
1028
526
63
19
219
985
298
