99
318
792
1135
1366
80
1583
1136
653
458
839
880
1276
1020
137
225
214
1114
36
1270
921
407
889
391
45
999
1545
1394
701
1014
97
279
287
359
153
973
902
794
42
692
1
1300
1014
710
977
224
976
1062
7
1255
1424
574
1413
940
1411
1171
812
1535
153
812
852
1271
145
1291
410
1594
176
1415
207
606
492
1210
1215
944
888
1487
58
697
837
1384
969
1391
1275
128
1274
47
1240
1440
149
1012
908
412
24
996
93
452
458
144
948
914
1154
996
784
268
70
1149
1236
1288
702
675
969
1139
1104
977
57
659
134
1156
60
832
114
1129
614
1173
1577
210
1107
1549
1145
72
118
641
649
1014
655
906
654
1400
165
470
158
1360
726
70
286
329
1185
594
782
789
523
362
1608
616
1544
255
544
1541
414
464
776
102
1457
540
1606
1301
1481
780
952
57
809
1452
583
629
522
190
1591
1581
223
1030
1539
730
342
1279
323
679
1300
225
1195
1615
1480
730
1305
504
524
1544
1187
1494
1232
444
1368
1562
1203
683
143
214
1089
285
418
432
570
784
183
798
1598
1151
380
1569
964
1422
1322
444
758
1097
992
78
633
361
1092
1558
363
526
146
223
1039
302
1515
13
509
1172
211
1005
1547
937
1177
545
865
1198
560
1081
1583
651
91
774
1215
62
1257
700
624
915
1508
458
592
945
842
51
289
1406
1591
625
893
8
349
392
91
1171
513
540
1193
910
1386
1194
927
991
1313
357
1047
93
1524
41
119
1395
1221
1462
72
779
268
894
1402
579
1014
1300
238
942
1373
542
1373
1250
1197
1444
1132
343
1536
974
324
445
1353
751
814
253
841
300
963
152
810
209
550
235
303
1422
1276
853
1071
125
950
755
927
530
48
771
907
855
440
405
1515
168
52
574
501
1253
879
85
587
237
1038
1217
1064
1569
340
599
1039
239
713
1147
365
20
1329
1437
541
1039
1009
726
1119
1060
39
1457
481
1083
47
1579
68
884
261
877
502
1248
1169
1545
1449
964
1330
680
1096
592
1017
621
376
1477
312
547
173
1600
1173
9
201
701
862
1247
1547
178
116
704
291
402
1155
711
35
474
56
1231
83
499
476
1414
79
440
1621
30
1489
762
1412
826
50
762
965
54
1333
837
1596
493
1408
1453
445
1610
1300
690
851
1008
1432
179
551
1528
579
1102
591
1490
159
128
799
1623
961
212
1027
1421
1181
1187
335
585
810
1114
871
629
1069
38
1088
627
274
907
1156
238
1284
1246
14
641
852
1240
1530
739
1431
227
1612
13
1522
1583
978
811
1277
1091
1402
229
719
1571
1424
90
208
1460
1584
1
1555
773
428
753
1324
243
1293
1185
996
576
545
64
902
3
43
491
1024
414
850
792
952
1496
307
1270
97
1623
602
1490
1416
1305
1029
830
654
307
787
820
905
1232
658
125
1057
978
570
18
748
35
1133
195
1469
950
358
1049
1184
241
188
1265
977
637
218
385
1079
1459
644
1596
142
1084
1584
1526
1153
352
551
865
24
836
1008
750
947
987
1074
1316
212
111
1019
1142
126
1014
87
517
836
941
240
1548
1098
1503
443
453
907
442
1437
135
627
1197
895
91
292
1375
1451
1168
1121
227
1242
1466
1388
645
1384
1460
611
1208
1143
177
11
798
891
461
433
1103
1253
433
1619
170
953
1564
988
116
1353
1551
535
61
1139
386
823
1443
1445
1552
341
1558
1249
543
1041
368
1409
379
1130
558
455
125
9
1113
1575
754
975
328
1269
1408
1077
607
478
1516
304
1270
486
1624
309
274
123
646
180
1278
199
1321
46
1524
283
836
780
1133
43
290
1167
23
499
1101
1277
45
1588
465
429
71
872
851
787
104
131
472
1011
883
742
918
1603
736
1045
724
1135
539
1191
39
1118
585
1353
258
787
709
326
1299
397
1005
916
557
477
672
1252
1355
23
339
299
1065
674
1139
1051
1495
1055
1245
846
270
25
1510
925
1521
760
1069
1547
901
1334
1338
31
961
1424
27
1625
1562
1620
551
352
831
1282
637
1053
295
72
539
672
1243
955
204
1576
516
403
898
746
387
865
892
1027
133
1580
1623
747
641
1541
169
1181
805
718
607
367
38
1084
56
1094
1141
855
74
780
1002
1612
687
1360
305
294
1614
1462
1226
70
962
570
89
164
1021
753
1260
1358
676
294
1009
340
911
51
803
1443
1616
101
1478
348
364
95
966
1493
253
22
1344
1022
1609
1234
75
101
162
1085
1526
795
159
1517
1538
76
880
1063
963
459
611
497
1151
896
1166
2
233
247
761
104
1239
453
132
342
20
754
461
1594
1063
930
361
587
1453
996
189
1154
226
654
1270
1323
1344
716
1075
1525
1598
1265
619
1416
17
424
359
1595
514
417
811
307
285
969
563
433
1453
980
929
663
411
580
32
287
1286
302
1198
1195
1393
407
296
1207
1115
1574
560
1606
60
778
411
628
12
770
454
1083
1313
851
1290
1164
443
1554
821
741
938
1412
371
948
1409
332
595
947
598
911
455
310
796
164
1048
148
729
1180
1234
1074
1559
699
1419
1350
654
143
970
804
633
71
694
837
1000
576
1625
1521
567
1567
1171
1155
1355
662
785
1164
468
46
451
655
329
918
1481
222
1438
881
1357
1324
1510
191
1526
1364
563
139
1569
594
1518
1069
68
1442
716
452
1270
454
345
8
1153
1210
627
1199
220
971
90
364
1485
513
1137
1389
1491
1081
714
1385
332
1297
130
1358
1408
1377
473
643
524
35
484
437
1178
901
1011
234
1305
967
1241
993
1323
212
829
958
412
96
1325
1513
183
1559
1453
1154
839
218
1586
20
419
1551
1175
764
1039
1301
338
571
114
25
242
1111
1463
1135
161
93
388
525
1489
255
190
540
637
618
644
210
740
218
211
90
833
434
44
153
1420
218
1107
52
304
1380
894
1514
607
1473
980
1093
637
900
141
96
937
151
1617
177
903
100
398
753
428
788
201
1543
1134
779
499
1180
888
394
1419
156
1055
1584
1268
1053
1143
96
217
1558
917
1556
1412
1295
1228
99
1052
1501
1375
203
227
219
19
1344
607
561
250
132
45
1349
1117
1472
140
654
1221
149
262
698
286
652
1208
238
49
225
300
1526
1499
227
1029
98
1352
389
527
331
1478
1428
1302
1621
470
1370
111
1259
616
472
1539
1295
863
276
1338
972
1287
973
684
1181
702
250
1199
1313
1607
835
81
147
1145
1603
234
1487
186
2
95
1601
750
244
899
1611
1309
746
785
1470
1426
750
1028
733
583
316
1597
1414
1317
1236
399
263
1275
943
1386
1291
1227
445
66
762
1018
611
666
890
970
1151
1290
720
665
14
851
223
1158
712
1121
688
834
854
778
568
1493
612
1357
1482
423
518
1339
1134
1106
422
1457
242
994
1295
961
732
616
81
703
610
1249
676
354
1061
1142
519
634
1202
327
286
108
462
1263
909
350
826
56
1035
1063
633
1444
626
229
429
684
628
406
845
945
524
342
1029
98
694
477
1360
493
564
145
205
1339
1440
147
763
280
1577
482
387
378
1231
295
903
1448
827
739
1147
22
1209
232
1166
551
70
45
1525
328
1506
1273
116
725
466
1519
275
712
880
70
462
1242
1619
833
155
601
1239
348
1021
293
790
401
469
438
1235
1294
491
218
1535
953
715
1557
1008
873
1170
1165
909
632
509
1401
852
719
322
830
723
1493
64
293
1260
1043
1486
1507
524
1606
1391
1391
280
316
1575
307
1200
488
674
363
965
1471
472
28
517
456
1522
437
1407
1295
1417
519
663
1547
131
447
285
974
1540
291
1318
915
1369
778
541
1302
1418
1056
1371
367
722
1261
1169
903
161
561
62
1161
1616
408
912
1595
1356
32
417
1442
1293
3
476
1120
131
1341
810
124
765
759
1095
1435
480
496
523
137
1188
1103
566
50
226
1506
1025
1350
1437
1266
1529
1496
844
421
425
276
867
1564
1298
987
307
492
196
1000
1269
710
248
422
201
1166
8
340
753
370
870
644
928
818
388
1020
1162
602
162
652
424
1361
1323
419
111
698
434
25
1193
11
148
361
241
663
1567
1472
1095
187
14
513
1369
326
1601
313
1066
1097
653
31
860
409
679
1595
366
348
1321
153
564
161
189
540
1311
1538
1583
1165
1565
817
1125
502
951
827
939
799
153
883
663
1134
1493
61
1086
1434
564
209
1490
899
299
290
829
1470
1503
1527
243
1307
438
1409
1014
414
223
697
757
125
311
1578
364
934
30
294
1125
