431
474
106
723
1008
1277
787
1388
942
825
1097
1179
1227
1597
225
271
125
1147
837
780
212
498
800
412
220
825
243
1030
172
625
758
589
560
418
1329
857
547
1562
836
1357
858
1589
393
179
761
1395
265
387
1029
1242
669
805
1490
1395
843
1428
260
1449
861
1026
619
174
529
467
260
1271
429
638
171
28
836
770
1014
1291
1150
321
1503
238
649
75
377
403
500
1207
1463
1623
24
430
478
399
1607
1219
858
1625
1232
1131
1577
829
1276
862
1161
1188
1122
503
1291
92
670
125
1108
970
147
363
1166
548
530
159
794
1315
265
1
1261
488
678
66
326
1481
254
1435
1235
1602
1210
931
713
604
1312
1334
674
1067
471
154
154
941
1168
243
935
591
1272
1109
910
1538
732
1571
400
1106
121
1622
1299
1440
1438
521
938
1054
435
959
1361
199
1607
501
1020
1110
648
1077
735
686
966
260
365
1203
644
368
1104
225
1075
1057
1300
880
35
287
984
314
201
1327
333
923
72
59
236
926
856
27
564
232
1550
1516
653
774
129
0
886
1035
197
1290
1470
1585
962
8
777
1534
699
1371
974
860
449
588
387
487
1374
106
1021
355
1583
1524
1094
253
1026
340
1514
86
721
1519
749
420
1512
1081
1447
1160
1606
472
372
670
523
1468
482
747
9
1580
926
563
1067
32
342
890
1171
1183
107
298
451
484
993
1482
145
81
605
759
106
420
739
1167
1254
501
1084
1475
1335
1323
1509
216
366
182
764
1397
338
691
992
506
1592
1239
1528
781
421
1482
1148
1004
1623
1204
174
1264
519
1592
1297
215
1386
1491
905
1099
1216
934
336
12
733
335
1278
780
843
1563
73
569
1026
609
1473
504
195
1592
491
876
700
31
1506
549
147
925
1584
801
914
34
243
960
280
164
934
749
1348
1009
326
725
138
832
1134
758
986
1023
1568
905
944
1259
739
63
692
256
414
175
736
423
678
1371
307
1107
824
1067
303
12
52
1134
600
0
1414
670
1037
1063
1116
566
480
496
1588
564
1031
839
1035
846
866
1414
562
1240
587
963
332
1066
1098
1472
1223
1301
1487
948
1538
1591
737
894
1357
1277
1560
1354
1330
265
442
1008
1049
784
770
849
1549
1139
1317
1334
113
849
1054
1483
1086
570
789
9
104
897
438
311
307
1490
800
1248
1037
952
1281
505
1569
1471
284
865
1113
1373
551
881
817
463
1175
50
810
374
1033
1436
1545
570
1557
870
166
303
272
1303
315
762
730
949
694
1117
104
1025
1043
91
829
73
1187
174
572
513
691
291
41
1467
101
921
1421
227
394
1084
1595
342
401
1298
1317
1227
672
939
253
240
1199
1352
928
1144
286
1427
622
672
1609
589
777
569
1232
449
1244
891
1409
1087
1040
1508
1545
1322
118
1288
715
1334
24
940
926
1594
1167
352
653
352
76
371
1562
1547
389
533
805
309
618
76
1556
400
962
961
866
792
1288
431
1464
811
1191
983
1345
698
506
797
1046
723
616
438
1534
1375
1327
1341
1622
1401
54
715
757
469
1528
891
1039
1182
750
1591
1462
351
1225
1041
1428
1513
564
320
87
491
605
955
532
1205
658
691
275
477
311
88
1510
196
826
682
1204
25
1516
278
293
477
1483
572
1421
793
1013
1519
463
476
1525
634
508
193
1223
1378
1607
138
1418
298
1136
1545
174
1495
587
1547
685
1614
368
57
1150
1062
1182
207
1373
931
1605
917
347
1206
1541
747
456
6
225
1315
53
1309
271
1400
127
79
432
1128
681
541
1267
1523
1168
1513
1323
197
1461
1427
1446
1618
1164
414
551
1027
348
1211
404
548
648
26
929
257
275
666
284
337
777
1110
601
236
824
1300
1115
478
923
448
266
1475
1295
247
1350
860
1032
462
239
867
419
1410
491
782
1249
193
67
329
442
539
516
237
1046
1285
1015
1606
1098
695
1383
42
20
1314
1198
999
1489
355
489
1500
1332
897
946
1429
1310
472
1497
166
1032
1441
1191
1597
918
967
1204
1376
89
13
130
1393
575
238
502
173
178
77
1431
467
945
893
362
1154
1020
58
869
303
1485
1017
113
620
1619
333
705
1032
1049
1355
587
31
1002
200
831
509
1279
313
1405
399
1538
1367
761
530
275
425
287
300
89
551
563
115
744
941
1151
163
1347
1272
1033
1182
430
772
150
137
1031
1467
1207
1131
395
1605
1265
1001
774
1583
38
1014
1468
1521
153
730
582
523
992
1581
801
275
701
1164
987
901
767
718
172
1485
973
448
273
188
1365
189
1067
76
1490
532
306
179
1241
1410
687
572
962
898
1607
159
1145
1307
1229
530
790
467
1014
497
878
1622
1547
1055
133
1174
3
1261
319
850
882
225
593
1453
1304
1244
110
1315
327
1099
222
1285
481
1098
984
140
902
1318
363
12
849
342
344
396
639
1090
1091
244
607
251
100
809
1456
436
783
1304
751
1189
267
860
577
1012
1327
749
448
1493
1411
57
752
273
955
1303
465
999
520
148
241
792
902
1111
30
1329
1374
971
1554
1316
248
696
803
27
1479
540
1277
1353
1589
357
712
1240
1497
1062
265
575
1542
1118
860
1011
683
1233
1202
618
916
1485
925
825
1236
882
717
191
352
1612
826
224
353
286
872
30
714
1571
1541
1202
494
483
1164
1259
685
886
568
1095
1387
1077
88
75
339
108
994
167
1536
1463
555
946
57
589
837
262
429
118
705
1578
1101
522
485
1224
603
252
334
849
920
1394
1375
740
1300
1323
140
1267
877
1338
1028
190
1027
315
510
1503
1073
1378
631
890
1366
964
1470
114
216
647
466
1309
1535
671
1081
1085
539
1244
659
232
694
120
1004
1549
264
1185
1112
456
991
1265
34
294
735
869
428
201
971
15
727
131
866
1117
1065
1062
568
923
1368
389
1395
532
89
221
664
973
34
657
459
382
980
802
1598
20
43
4
582
1345
794
1211
861
91
1549
1082
1508
388
813
214
1360
432
926
3
457
530
982
74
134
1104
1086
817
695
971
1256
1073
575
1484
1518
1079
1201
983
120
703
9
710
96
110
1525
1583
900
5
613
931
915
1516
655
350
705
1621
88
1327
163
1279
328
1485
563
475
484
737
1212
201
361
1087
227
893
1609
1072
1529
596
1049
1424
713
92
1616
270
1191
286
1026
1456
984
1322
509
123
444
536
259
188
1043
894
1406
1538
869
438
1499
962
70
496
1015
706
43
1228
883
599
1109
446
211
1025
1320
1518
376
1510
121
1433
284
780
692
792
360
1188
674
196
649
204
477
683
465
271
795
1236
161
642
304
252
235
660
588
480
287
430
525
13
1455
690
289
1171
540
21
782
1325
316
286
658
145
1034
940
1467
155
1343
1383
119
1201
742
1106
225
1029
174
1463
1525
704
413
1039
1157
1368
1581
396
46
200
555
44
951
1228
423
14
312
760
1594
1350
541
1245
923
43
83
1014
588
852
316
1580
342
1094
743
717
623
14
394
784
1598
742
428
1000
1059
1153
225
1548
325
1127
704
603
181
892
1420
81
1177
939
663
730
30
1218
149
906
1581
1097
449
235
1543
858
1242
285
1298
27
160
1287
177
1381
712
280
398
856
444
565
715
831
1072
1231
860
763
1181
990
1114
522
1174
644
1441
1536
175
1527
824
606
1284
1210
292
1390
1125
1155
1236
1288
634
1108
1359
1203
1272
675
1196
595
487
598
271
130
928
575
173
287
1606
1261
1337
158
1541
273
1207
294
431
1474
1028
995
1401
1199
218
957
246
92
1571
1545
438
14
954
1022
472
540
1170
438
373
445
1438
1205
423
17
910
391
217
513
1138
1123
113
661
769
517
295
892
716
501
228
1039
914
19
1124
1378
840
1538
365
315
1183
417
314
120
747
1339
1500
144
670
945
841
1028
50
1383
47
401
1364
935
1217
661
568
594
537
1224
83
15
382
1595
464
726
926
828
769
1491
362
630
1260
469
1499
1547
507
1167
75
51
1355
62
371
1591
458
51
619
1086
1048
973
1401
155
342
879
430
1520
566
1422
1343
353
450
896
1499
1493
297
1300
154
887
541
1250
223
240
313
1273
731
1210
343
739
121
731
945
289
307
644
128
654
269
1402
355
1297
1322
289
1284
722
1098
105
113
955
441
986
1388
1154
1558
128
528
630
989
605
1152
431
978
1586
1589
1580
642
628
740
1119
1328
84
636
836
1480
268
1252
574
215
472
387
1612
140
382
541
1078
805
1037
1221
630
341
163
55
502
43
1368
65
