703
866
229
224
1481
669
489
1040
304
926
74
689
959
360
1124
1398
41
645
1251
1346
418
1607
1077
800
275
1099
1432
646
1209
842
1481
921
488
722
188
1018
1171
1195
15
1013
1396
35
275
572
591
643
464
1142
1076
866
63
170
812
715
222
1478
874
1608
170
870
823
1510
1223
986
1031
684
986
425
92
594
301
808
1620
379
1387
91
51
263
1264
468
1510
155
1505
1249
1584
1399
1591
1334
1139
1217
1411
1069
1480
1299
493
1120
893
219
1310
198
1152
1122
717
179
1002
792
728
1467
958
53
1427
1386
694
1100
1398
1402
276
1100
1620
1347
513
1489
403
539
1317
154
134
929
1581
1117
1135
504
1215
750
1112
1129
635
915
637
1062
889
743
596
680
162
1524
824
898
193
622
847
999
1047
841
1231
1437
1392
1101
1004
640
868
1619
1322
1460
1038
37
237
1011
1030
1251
615
23
1623
626
1263
228
27
553
1199
176
269
91
1202
307
856
819
896
1208
1485
187
450
1612
491
1582
820
1493
1504
737
749
455
66
1237
788
944
86
764
1580
1109
1370
1205
803
879
1098
17
1583
484
547
1460
1580
562
587
947
1156
1202
979
736
1341
739
1412
567
123
1244
76
248
153
1584
1444
161
1304
314
196
444
1170
1355
1504
329
288
1189
455
1279
624
518
654
410
1039
905
1547
1007
1001
698
1033
875
634
848
694
431
744
101
347
270
1487
409
671
1109
1446
699
1442
1609
827
1099
239
1204
607
36
1243
1570
272
1549
725
357
1163
1192
1614
1016
1341
1547
810
810
790
506
500
726
817
533
1102
378
473
1360
729
293
287
917
1583
1596
517
401
943
138
212
156
1527
1449
657
368
1009
1461
1271
508
1235
1325
1512
430
507
1497
295
92
479
587
1532
815
1534
971
274
1318
893
921
352
1353
513
723
1517
323
453
6
920
637
309
1047
1476
1143
1596
539
1490
429
838
1098
1239
678
727
1289
693
415
940
435
1547
542
464
1544
39
456
1326
1452
1153
1487
922
1166
1523
790
1523
1101
748
1472
793
1404
562
1312
516
434
316
264
1298
43
1368
435
866
755
338
465
298
1333
42
19
1464
455
1070
138
549
302
1074
1225
929
593
716
344
901
599
229
7
1393
42
1347
1238
448
653
732
941
1603
1242
1160
1380
291
975
248
1141
1097
1481
323
465
562
213
1414
534
391
943
232
1033
1489
501
1325
380
529
583
703
378
522
1280
786
218
16
80
803
1271
1546
508
598
121
1443
1063
974
123
1004
9
141
633
1510
224
871
6
1256
1496
1270
331
722
1108
1325
574
1623
738
459
962
1524
37
737
1383
988
1187
426
399
343
85
742
1090
92
112
289
761
939
1222
83
1561
311
1594
882
141
1417
519
211
1554
793
1563
1002
105
528
548
170
1376
1356
218
810
1472
247
1472
722
1558
1486
104
1417
1518
520
45
1090
998
100
1127
1427
1343
230
1000
1612
615
1491
686
1158
1133
94
522
625
1170
1061
313
1001
282
555
843
1585
719
101
1225
92
884
558
1151
1194
857
111
1087
666
248
851
1369
1108
1427
1493
1299
1238
677
527
1141
399
272
790
281
1390
1261
387
855
171
344
1160
144
907
1294
331
652
115
845
815
869
1504
715
329
1097
1624
1189
230
892
1160
832
902
1452
1000
429
1185
763
1002
304
1470
74
718
142
843
1169
1509
865
551
137
1217
1625
718
60
634
480
335
589
1023
569
117
496
201
588
1260
499
1056
1421
542
946
434
1548
138
1522
592
1264
1317
1240
85
932
932
1213
1260
990
462
824
691
33
1307
1402
169
854
1498
556
1159
654
1154
641
787
1156
1172
1362
1399
582
1214
957
1339
1221
599
973
966
994
450
1218
551
1126
1518
862
1300
1246
1192
241
84
533
1266
1577
1202
805
1469
345
277
1117
1245
938
919
239
360
1054
651
484
1514
1160
275
800
13
1429
4
920
156
1483
612
678
1048
840
1501
609
1446
664
72
325
259
1373
1306
723
1221
1590
816
963
47
395
971
548
283
1550
1219
392
1543
582
1123
658
436
1576
1116
1486
1030
1134
1331
35
1092
357
461
923
443
392
306
1138
269
812
1611
528
444
987
8
1210
1154
1096
183
1602
1258
487
67
498
512
1041
254
1004
1458
1434
694
678
322
511
632
426
783
881
1561
1542
608
819
1119
605
980
200
621
1306
1330
641
765
212
1458
634
924
580
107
235
1179
778
645
795
1325
950
1068
933
503
655
917
13
1430
1430
550
1276
997
1571
1563
1057
1560
1396
409
1346
317
805
35
291
1432
342
819
1249
497
828
639
1117
1262
769
122
1564
1595
930
1136
17
505
1199
968
179
1288
322
172
1194
1523
37
114
247
117
1107
1099
525
304
513
1073
1271
1215
1605
910
153
503
365
893
1382
770
1126
577
972
1243
1386
1601
951
908
614
194
1576
951
720
140
886
793
684
398
315
366
1376
653
855
1045
280
1439
244
700
468
166
562
575
1549
728
849
395
634
482
651
853
141
413
1548
564
1621
1045
1023
1404
317
116
1587
21
779
20
1545
288
344
0
436
821
130
901
367
168
641
853
1410
615
1397
1265
222
363
196
319
935
136
219
791
1467
1469
610
754
773
283
199
88
299
102
1222
839
806
538
466
1178
1055
413
750
1161
788
1338
1479
887
1530
806
1582
1619
1541
472
600
1591
1595
1252
1338
1477
241
387
62
22
410
792
350
19
971
1613
546
1511
875
286
13
572
1415
565
1515
128
874
871
529
1452
617
1263
995
333
160
217
228
1404
3
1547
1507
920
784
400
202
1531
600
1610
190
391
1142
583
1214
1534
54
330
792
1224
1118
8
1435
1507
886
1359
188
214
905
687
591
521
176
594
305
1541
688
716
1080
458
115
941
1587
803
436
138
1373
607
127
894
1363
641
940
883
666
1072
408
539
1247
365
2
158
337
619
668
273
719
1078
386
1513
176
1114
19
671
708
521
464
208
671
624
1474
1260
1578
419
792
1506
1411
55
661
1444
1421
1557
7
192
751
303
149
203
1458
1578
252
284
334
515
35
736
292
910
323
589
1197
204
327
1055
220
1545
1123
810
437
1097
796
809
562
221
477
42
49
1081
530
82
1341
1466
1101
541
1208
951
990
1246
334
951
1106
134
545
351
1152
1625
949
1087
399
1205
926
51
1613
1569
1600
1618
1568
632
1409
1038
654
1297
49
662
1212
1226
223
256
241
275
1599
736
235
1505
6
211
897
1506
32
1161
106
1307
1564
154
1169
397
618
456
147
1615
541
671
70
1020
1433
176
1355
789
620
332
1382
797
13
1576
191
1435
44
926
1261
961
1167
108
1584
128
808
1587
1351
1319
1601
441
474
460
1197
1356
523
379
1416
1101
486
453
413
1314
636
1014
309
70
1244
977
592
704
560
1102
942
693
1523
1601
1377
605
367
1417
1039
1194
1223
1300
685
1189
887
265
921
1488
1041
543
766
1057
232
882
1013
1356
959
1175
166
884
1265
96
466
1571
1103
227
1062
1377
105
203
811
595
875
305
711
594
1610
54
617
127
305
406
1279
455
1542
132
1087
716
625
1614
425
303
1199
57
1063
49
1246
1361
369
534
1197
1510
363
1215
1443
27
1211
966
805
1499
1249
469
1597
1353
329
159
407
13
1041
1160
802
1581
1612
471
824
1102
575
1159
821
1288
1008
1146
501
307
1261
542
1268
880
174
637
463
720
1130
1505
116
227
754
603
975
203
1455
1071
71
473
701
1332
1528
1121
238
126
386
1056
1406
283
298
1278
1022
77
1159
43
818
116
871
765
83
983
28
14
828
665
786
1217
274
613
1351
1161
1363
1276
384
426
438
30
886
1230
770
555
1338
491
1486
1014
1359
497
894
1479
81
1159
1103
772
1614
42
1495
586
1222
1601
474
1341
194
1446
1423
254
1126
959
70
161
1048
627
220
1035
3
1581
508
1398
147
28
390
117
1252
1242
699
1107
1157
230
1059
856
739
213
500
35
1622
281
997
1140
1377
781
552
1315
999
229
212
1124
428
422
243
762
462
520
504
460
478
1346
466
930
671
455
3
311
326
1188
1320
1441
743
1441
1475
1163
1050
939
1463
1464
487
402
975
897
671
538
427
491
930
1353
685
82
973
846
1210
552
1160
1191
173
800
911
300
1131
171
1463
1224
1575
1339
616
894
107
139
1615
732
1053
654
1373
532
198
1625
200
1317
838
1421
650
25
1167
1461
1535
1452
726
1609
1581
1049
926
213
1230
1189
1294
136
1067
1608
145
909
