263
822
1540
540
1241
990
1361
1305
84
937
1616
430
342
432
1586
246
459
918
1291
238
755
254
866
932
192
454
322
156
1201
231
631
1002
788
1607
1282
468
1014
1499
702
1200
1437
123
1415
153
920
848
417
519
731
1525
981
1339
355
1087
1322
323
376
314
250
637
243
1583
957
146
418
984
383
1470
843
1369
1610
322
1115
164
1499
102
217
348
540
495
775
672
253
291
1056
263
416
1302
184
1236
25
1394
1299
808
1520
653
766
744
937
924
1584
1199
430
1367
538
1243
757
508
1146
64
329
1091
48
727
449
145
1468
1557
845
1303
96
1006
838
303
189
292
1613
123
1544
1535
31
541
914
235
785
946
1572
1431
73
883
194
1584
821
993
1569
1504
855
1398
971
1569
480
1587
336
1406
88
827
449
1614
498
18
837
1008
1449
791
1621
1227
744
489
984
1203
1421
1504
523
1476
83
871
1473
1340
155
1241
713
70
1558
713
246
1225
83
1187
1405
663
852
429
1548
77
996
357
86
286
1239
1177
1305
672
178
45
1181
1358
1155
100
1296
38
496
939
336
55
905
309
205
806
665
495
1356
1557
1055
817
1168
280
979
1430
1586
68
52
1367
85
56
1264
56
1210
933
13
717
1461
1041
1587
659
704
1417
511
413
339
694
962
666
1260
1164
327
668
577
236
377
156
1115
566
1399
1502
466
1571
1052
1167
1551
1091
251
442
1276
537
1335
1092
1096
1341
1013
844
1409
670
416
376
565
944
928
1332
942
892
765
1364
969
1529
1056
1096
1565
770
145
365
554
875
1291
1115
845
1261
18
1165
1225
1313
337
1283
358
1476
372
1610
496
1229
1038
663
895
202
610
111
1085
634
1287
926
1096
738
1310
1308
1
1470
957
1595
675
399
636
1013
664
868
1348
1147
281
208
593
1484
1250
793
1585
1422
351
1542
153
605
483
1026
165
1299
1134
1163
1318
101
946
922
346
25
1418
1241
1416
187
539
815
370
188
22
1110
1620
717
637
738
850
877
1070
607
1479
194
527
12
1243
368
511
1092
891
1139
1555
313
324
462
291
23
1403
1551
411
998
1317
665
146
469
50
1284
629
155
1149
1534
842
1201
533
708
626
311
805
1102
13
1508
869
1412
1197
1492
980
1381
1001
669
448
241
730
378
664
345
962
1001
1438
905
775
8
1602
1397
331
1444
418
228
549
873
1602
1242
1345
386
567
903
823
1473
1219
1514
1433
1046
563
1016
1018
524
84
75
73
1098
546
280
1615
1475
807
85
106
1614
251
1065
137
446
751
1205
373
1384
699
1314
650
790
267
474
566
869
1051
810
475
348
555
1012
671
1530
244
1255
1106
1030
959
808
361
413
834
1212
962
635
1472
1330
1301
644
95
126
71
1352
531
1508
862
1075
11
1503
403
1202
344
1154
1397
670
45
139
625
1307
967
1086
2
1414
896
724
890
300
863
1187
1188
1066
186
869
536
1290
1002
1466
665
625
831
836
685
1110
252
1255
1507
697
592
1453
187
453
393
846
639
964
882
1248
410
696
699
1330
1462
1405
1486
211
331
7
598
103
1245
792
294
145
528
1299
1593
1136
1557
1462
47
196
1422
1483
893
119
1130
1279
864
151
1085
1512
620
715
1421
1243
1001
451
628
338
576
1588
346
1169
404
435
1175
1169
1558
1039
1596
268
1159
1432
1074
615
153
1594
148
1337
315
627
1541
720
962
1352
293
1567
196
93
552
96
1592
207
993
109
425
640
673
638
1072
928
283
640
1611
647
514
988
389
170
59
317
714
671
322
1625
1222
1442
484
1237
1612
1180
1466
334
701
1153
240
191
1422
1306
540
784
1157
1131
1017
1133
1079
1391
1549
878
1152
693
1179
309
1375
921
357
978
719
352
374
622
914
525
393
1228
934
1362
1073
57
979
633
836
708
757
763
1318
684
1569
1024
914
1608
1191
368
409
571
318
1408
1049
1455
1078
1019
348
1064
590
208
1554
880
877
493
198
893
1109
144
582
1405
27
381
992
12
736
1026
1285
501
1591
334
1527
833
595
1459
1121
2
1338
1534
1007
1240
458
748
782
1256
1302
841
936
997
826
1001
463
1261
546
1484
1427
1514
846
1277
543
250
974
384
973
816
1386
554
1040
566
1292
418
431
144
458
1091
895
432
137
660
817
1514
1001
1121
663
694
125
1202
1566
824
844
703
896
799
1250
1309
1589
1229
1365
579
42
932
940
716
364
1385
80
712
587
245
621
1455
837
868
248
936
476
482
202
88
202
1518
322
1579
662
711
817
300
193
1312
1189
1223
724
398
1070
1085
534
10
390
871
786
1378
609
1022
1395
573
1206
175
324
800
94
312
839
1081
541
1173
1512
698
1418
51
425
1080
1344
826
153
1523
48
17
1290
118
706
911
793
974
819
1432
218
50
1038
1081
1486
1612
1083
1340
456
339
537
1523
116
126
584
883
366
181
483
732
99
109
1091
631
612
254
563
130
940
294
1339
738
580
1185
1487
841
899
1108
343
1445
1059
508
1619
786
1488
163
756
1217
1243
265
258
1349
444
978
872
866
793
1192
592
1068
1520
204
1457
1467
225
979
438
503
192
1232
1418
1247
423
1412
82
575
88
935
304
615
235
50
764
394
1320
1030
579
377
1109
971
237
1503
269
896
844
788
1494
1060
321
970
1001
599
175
538
662
1604
466
984
880
1135
1496
1298
941
1309
1275
907
155
1354
769
299
467
1
907
97
403
1299
845
618
1073
988
112
368
108
1562
1251
93
1371
738
733
1157
40
697
200
1029
365
1387
778
1402
488
634
496
1216
139
587
950
248
1114
1310
1280
462
611
757
1235
279
1377
590
1277
819
14
1371
1058
142
749
1253
1616
1423
466
197
1205
441
871
890
1589
468
590
733
649
1307
2
933
1445
1053
1141
801
1473
623
614
1451
1495
1511
988
1364
593
632
1258
1140
180
737
555
34
565
1398
450
1517
828
616
1390
751
1291
626
418
970
68
732
433
400
1405
131
1073
234
325
230
1043
1452
369
53
1479
924
29
182
241
1410
1406
959
1497
486
373
129
860
584
676
761
209
759
45
1101
1085
967
237
1353
1586
1597
410
187
346
209
424
39
352
1371
434
1170
218
1131
907
144
1159
181
292
348
571
1114
139
1243
1547
935
1052
265
1240
1261
1606
1139
426
56
923
1254
203
114
309
1196
1521
1455
755
223
3
1099
884
1422
542
336
830
839
1184
962
1123
267
1034
146
817
1543
236
144
583
824
1163
69
1328
248
716
832
657
1389
221
955
1014
560
65
713
157
791
541
763
1613
1295
272
1227
491
651
152
252
1370
252
105
74
59
1142
1065
305
127
279
1239
1081
236
612
782
1563
1269
1615
952
1368
1418
1357
346
537
14
1231
158
1388
214
1583
1553
715
1612
654
816
886
1322
251
417
1273
176
1531
292
541
373
1154
1567
1166
54
742
941
1130
96
519
312
905
1025
154
1522
779
1601
27
871
668
45
215
350
308
985
412
793
612
1489
25
1223
833
346
525
757
626
378
1105
617
753
1017
531
727
1456
1319
1114
1024
661
1082
1488
316
837
1356
415
684
1208
122
658
883
1282
491
1265
475
104
566
220
790
513
579
908
1076
376
1028
500
669
249
116
5
1078
1405
232
1620
359
1047
1068
1063
333
811
188
1474
1476
91
1294
399
959
1343
1196
823
318
1363
1191
220
19
533
489
419
1402
490
792
11
1599
1274
168
1082
1331
1035
943
244
367
790
1112
956
1547
477
1108
572
1333
1125
1436
1269
503
177
567
1066
1113
1311
559
205
240
563
1485
336
646
1508
1229
78
183
516
1395
217
1525
872
784
1581
1356
758
1349
1100
600
1313
387
1253
924
563
1064
1330
15
1197
218
1136
1596
211
290
108
760
771
866
202
823
249
519
1233
78
1331
1343
215
456
1076
242
1239
1185
1103
1589
608
187
1277
488
564
739
849
440
761
402
744
729
1093
1166
730
291
915
609
70
1274
1193
1174
1492
337
1101
1600
1259
1127
62
1319
723
364
940
379
1350
594
605
181
1166
442
323
182
295
1407
732
786
1218
1152
1595
898
580
522
694
242
838
18
233
1097
1448
227
164
486
1509
806
1460
1168
919
65
1502
1190
436
1071
567
859
1614
1368
814
1454
490
728
347
736
235
1217
399
754
361
1309
756
609
1455
70
1287
421
129
953
301
132
1468
674
1380
1589
1382
1615
371
1317
572
1033
1237
879
1351
795
1336
1576
720
1157
763
242
482
1000
1315
1147
677
263
1029
1526
