656
1355
964
1384
393
219
1578
426
817
184
424
1308
604
677
581
650
1197
819
1137
1355
1381
1326
29
1510
230
1425
923
1540
932
387
934
489
329
1384
642
598
1029
298
960
1102
681
3
1062
1327
431
439
1135
1299
633
763
503
883
1151
694
1576
86
925
1451
1591
337
703
824
1531
352
505
1514
1456
1086
276
40
1153
1509
1196
1368
863
600
1456
93
145
820
1392
1194
665
83
1391
1592
955
482
133
1371
1198
647
1345
1623
1002
1500
1086
1103
1506
308
1166
1254
906
161
1263
706
437
557
977
107
248
1095
947
1594
300
1397
440
112
981
455
1573
1132
1081
542
60
156
38
1030
974
1478
1493
1393
525
1184
1433
915
976
1241
207
1500
1155
1407
1283
374
1279
1157
1284
1292
376
1623
577
193
442
138
701
1029
561
409
1254
235
1151
1576
1440
1404
421
1432
861
576
1244
519
1018
370
428
542
1373
809
371
1535
1348
525
473
130
1445
276
159
1360
582
1290
11
1079
366
454
935
1169
867
918
1538
93
1286
449
758
1393
1412
531
624
280
1161
339
612
1017
91
638
869
749
582
217
803
1377
1531
84
1127
48
363
270
333
858
1556
1312
1327
1516
1587
532
351
100
26
1206
1620
1457
850
770
672
929
1265
968
1476
178
219
499
826
91
1487
1489
1425
1041
1434
256
576
1264
380
356
300
505
1268
883
1088
225
1229
276
191
608
153
140
931
1091
960
230
678
641
765
169
472
857
444
991
4
849
1396
1520
250
596
455
546
558
932
1617
1070
517
1006
1243
209
1130
1607
576
1488
770
1019
760
1182
1551
120
353
732
158
690
578
897
15
651
1316
385
8
833
1401
547
1472
1599
800
634
771
245
912
993
1160
1062
1540
1347
517
1456
747
1060
1230
1618
1079
1598
1158
1370
1473
1296
883
1078
1518
1220
1309
881
343
806
28
98
1582
188
30
1433
34
975
1583
1359
1080
378
1524
838
1086
564
339
366
588
1382
1535
346
929
107
788
183
344
117
97
1255
818
569
487
1110
516
1174
1350
1069
1183
1125
92
650
659
1081
203
1601
1022
154
675
1340
1270
256
194
1366
1596
396
1184
31
167
207
1024
424
1382
1202
1165
1121
595
169
1429
562
1194
1155
1316
1593
1167
1436
93
1224
907
1420
1582
670
28
906
83
694
621
694
1314
364
698
570
142
399
1188
678
1001
576
654
1350
377
1474
1365
1554
1324
1603
1558
1515
256
900
1115
994
1176
41
579
1586
625
128
1372
662
1403
75
1146
580
1129
1206
223
1090
1433
960
252
1283
1478
776
1392
1599
1266
1096
677
378
1079
811
532
1133
614
775
294
1420
792
1173
1267
1334
1082
459
1065
671
433
1044
882
1405
741
903
427
23
782
524
549
612
423
290
1386
797
591
338
173
1425
666
674
827
1465
1353
217
1259
975
57
501
959
154
575
856
303
219
812
657
1442
1169
808
508
1534
690
338
329
1106
64
6
28
998
955
1133
145
1489
887
1246
1321
989
960
1250
286
1602
819
883
984
136
917
898
1030
918
923
1153
732
266
25
453
620
1244
1517
484
412
1040
1517
1610
695
235
393
880
839
1110
761
1010
768
665
1584
71
600
231
182
289
1189
762
1052
694
871
1235
294
1269
71
468
670
785
1139
1139
1622
1050
182
86
718
508
268
1458
408
591
1601
678
460
198
972
932
267
701
1067
1448
464
509
1040
1483
1250
676
830
245
478
1206
294
211
999
984
856
1437
88
973
1363
740
699
425
1318
68
1005
18
770
757
532
799
1106
893
1033
1004
347
1597
1606
88
469
431
1504
196
575
539
938
1070
93
1044
792
675
815
846
1261
606
304
102
432
16
476
422
1164
392
1232
609
1450
189
182
373
1164
514
420
239
1538
800
546
741
905
133
1472
152
313
431
394
922
1275
968
442
461
1251
123
1248
194
838
980
1601
505
1220
151
748
1068
440
1090
435
790
128
1118
1103
1471
1363
1406
779
150
1076
323
420
1253
440
115
1179
579
310
508
478
956
130
1080
1379
556
1585
272
926
1275
537
292
1347
191
1476
302
788
742
200
159
513
1310
531
666
1565
449
181
881
233
32
775
112
766
1084
1413
1173
1423
1623
273
3
273
1398
17
582
1449
629
749
916
1002
2
1613
1206
1340
177
1509
629
1280
589
863
1145
752
600
1271
1455
417
710
695
203
1058
629
1192
1349
1014
582
1249
1278
857
222
442
1028
678
981
893
1193
1006
776
1019
124
764
647
713
631
654
803
81
1088
1161
175
1457
480
1172
930
1093
961
626
1144
1032
766
1262
267
791
1098
1434
594
511
943
1564
839
697
854
709
928
419
402
229
84
1323
518
478
33
1539
1396
1599
1172
1140
1488
561
329
626
927
169
1392
14
1103
586
154
834
327
132
675
1477
921
1369
1317
237
196
167
436
1375
52
655
79
84
892
1568
446
1160
264
256
644
867
766
1107
17
331
1214
250
982
164
182
1547
431
1024
434
629
1272
1063
1391
761
347
1527
1323
174
1558
1072
1334
1523
1146
936
1112
766
1457
242
315
727
311
80
480
1483
485
474
1399
919
1356
1020
728
409
1584
1318
214
1082
1192
1204
798
1013
90
1360
824
110
361
450
1326
175
931
1151
1099
108
285
1200
908
1259
769
1553
795
211
1452
1506
1063
875
1420
745
393
1012
846
688
859
1178
206
443
129
480
532
965
748
1144
728
1581
223
991
86
946
1036
1290
1144
209
912
824
785
483
480
651
668
1409
268
946
112
716
1417
1472
416
837
1083
544
388
581
606
1388
520
399
878
946
1396
1569
849
1485
17
1550
705
768
634
1055
1101
1431
1577
1524
186
233
94
1584
1546
409
1384
1535
1464
1227
128
120
1612
693
798
412
1116
544
1070
988
145
695
1222
480
989
360
566
979
741
1461
318
544
1027
986
50
1550
829
713
1226
1014
838
371
1103
649
1118
549
1099
320
489
1413
843
803
1086
1444
1508
1092
719
1308
750
542
813
249
325
1233
1135
1512
955
1036
1155
493
469
910
1135
792
1190
1130
757
955
767
585
1339
154
1278
895
1081
1417
1148
89
1583
521
130
354
1060
1206
173
585
1043
1483
632
618
200
124
1333
208
1108
646
876
1230
103
1156
1619
1519
1572
310
1131
24
1104
54
1537
843
518
787
479
618
571
1490
758
717
1064
87
877
809
747
523
896
1411
223
791
1439
881
115
454
454
1568
713
881
608
538
316
471
1542
703
618
38
1239
1142
1545
378
976
583
1093
1144
55
274
14
766
1255
338
368
1377
787
263
236
93
495
1007
686
434
1331
9
881
756
1612
581
1313
749
612
210
357
454
468
4
586
531
1036
115
499
1350
471
70
546
1456
1257
692
1388
1137
958
1056
169
602
225
1344
1614
1290
251
561
1313
160
1248
535
1408
783
23
1212
423
453
517
1611
1167
229
592
492
1210
1421
1508
22
1586
1445
1236
557
302
719
1329
395
354
515
238
459
137
1276
1109
363
462
1120
989
454
910
730
46
1291
370
584
364
717
872
568
272
1166
1598
1394
1587
1291
57
1308
1513
1187
1263
492
1175
551
840
254
1395
49
788
1205
1331
645
23
1392
236
573
1591
651
560
653
1327
328
533
1056
340
143
1059
277
502
366
337
1442
263
1148
36
113
824
121
167
1478
1453
637
1092
1423
450
67
1036
1440
511
288
1536
1081
673
303
1084
151
1084
106
1417
642
375
711
1584
248
672
1507
656
780
1589
159
968
211
866
103
643
128
1131
1050
1102
198
125
1367
1621
333
733
1074
406
941
1348
151
280
945
1114
297
996
1000
627
108
161
433
858
98
356
406
111
897
572
1066
105
242
582
334
476
1083
491
486
1441
519
722
454
155
366
267
159
36
1295
608
433
213
1102
1125
37
580
281
239
774
1036
1591
839
1422
1390
1530
595
93
1156
186
392
1239
930
222
1110
636
641
1173
886
421
201
463
181
814
722
525
997
668
1038
1320
1485
13
745
1565
41
522
1385
208
1239
776
1460
787
942
297
229
223
1419
224
800
679
1622
1069
740
1473
1175
511
988
673
959
341
1316
834
276
249
1424
491
1308
427
93
780
1047
482
821
1272
666
1186
422
570
80
1405
1209
411
561
383
721
652
1377
1417
1445
1266
643
1049
1139
1493
510
636
1272
717
1466
843
89
1452
228
318
1265
1447
1251
823
1290
770
513
862
95
429
1247
1204
530
151
776
555
1567
685
1
199
1067
1052
267
228
1182
