1159
800
1442
143
275
815
1359
1122
337
1010
1496
669
1548
273
519
408
1531
744
1554
1569
565
976
261
1372
403
209
897
976
945
294
620
53
217
821
1352
1316
318
80
1371
976
576
818
682
1474
1206
544
256
442
724
131
1543
217
1505
1533
952
926
1478
912
956
1421
649
1291
1207
28
1207
1372
580
348
1078
1388
1157
117
1408
147
1367
1521
227
540
94
1498
1306
1330
902
254
21
26
134
1311
863
457
433
412
925
361
758
667
701
299
193
258
97
517
1351
235
376
112
351
756
833
481
381
612
1503
226
1082
721
214
1140
83
779
1293
980
729
211
1087
1105
1100
434
829
1289
733
812
1609
1431
260
505
1038
1189
223
555
1088
608
231
1020
406
151
1547
395
1079
76
425
226
498
1142
551
368
1397
1083
684
185
1593
592
1080
736
634
769
935
402
1146
1401
1217
736
675
466
859
396
1197
1599
1477
465
66
356
1550
789
318
775
1588
327
909
217
492
133
1074
687
1315
414
814
12
117
612
1127
1009
1514
549
889
1431
1223
1609
300
835
132
1110
774
230
514
1099
204
598
362
652
789
1510
1303
1283
1067
915
814
1443
382
1180
1185
1102
1193
1334
153
346
948
1205
1009
1330
993
851
542
481
1489
1210
1048
1420
668
532
746
1573
627
1125
883
1527
664
951
1231
302
640
848
1118
1545
487
918
126
1121
514
331
816
1248
943
429
185
1048
992
717
1352
253
1138
581
346
1214
349
703
1061
1420
1555
1202
1484
541
461
516
534
1463
275
62
1134
880
1152
1427
299
1262
1028
825
251
479
1143
19
685
622
1431
1434
983
178
699
15
1249
1159
934
754
1261
1614
574
1492
959
1358
1272
855
1340
301
452
405
103
939
1303
370
1410
1438
952
757
919
1212
759
401
1385
589
1340
489
1597
1082
433
1348
1294
1016
376
1207
73
474
716
1176
974
95
1005
1264
1245
711
618
486
138
1071
623
1217
1444
241
1371
1048
696
1598
386
1238
1366
1240
1308
597
699
224
220
1385
118
1446
1040
505
1520
1509
1437
458
779
652
464
530
300
1058
104
1102
1164
675
673
43
900
594
545
608
1403
478
1221
881
1063
1616
416
70
734
104
1225
790
548
1136
1375
1298
1118
829
234
61
1210
701
1090
738
1299
320
893
641
1403
298
650
1320
464
1285
324
978
113
1137
844
1101
973
1002
1517
510
1229
610
823
705
1526
1462
1030
127
298
365
1539
133
230
256
949
175
136
433
40
1567
1391
1276
53
711
1506
1173
547
143
400
1028
135
788
1245
567
714
1133
1524
327
618
1024
38
1177
1024
1405
1562
591
551
762
1442
335
1227
897
1546
66
1033
1120
57
1387
696
1131
964
152
756
1152
584
1465
274
868
678
841
637
512
1478
1113
1149
1588
1569
1398
633
433
298
1374
192
1064
1330
1065
1154
1477
1201
16
1365
903
220
141
647
1564
1093
290
580
1504
629
933
1126
998
249
1109
798
920
527
669
110
406
883
314
1550
1071
1286
1525
294
1528
49
1383
160
447
1057
234
574
1517
821
1128
1160
103
396
205
440
30
692
780
1091
577
513
391
722
127
667
92
1162
1187
303
992
1011
840
28
1207
1366
91
1597
1160
937
104
308
512
1023
994
1123
460
1050
974
457
0
922
154
259
71
1241
652
1510
900
918
402
181
1351
997
586
34
618
48
390
775
779
192
291
296
1488
1006
281
1515
1146
1175
842
411
247
1404
906
796
1178
791
1187
1185
1017
1416
1392
1608
159
119
386
1268
417
1226
1538
368
1532
1393
166
754
1079
681
1225
655
288
1486
984
427
525
1584
870
1607
368
1515
775
108
163
444
737
1234
1342
806
225
927
895
117
1396
503
621
1118
738
115
962
224
848
995
802
450
487
742
1073
1094
1399
1599
174
418
715
42
181
381
1031
1427
898
147
267
1420
239
771
1101
249
80
1047
610
1536
919
1204
715
62
715
442
332
1048
1611
169
1299
789
936
461
861
1499
375
396
915
482
571
1361
433
851
1227
414
1252
1333
1268
1425
1377
457
66
1313
848
985
1088
1562
1555
637
258
540
1218
59
1492
1092
804
1582
668
38
1283
1192
1295
468
1432
472
1400
1120
1570
1244
330
1116
15
369
292
1297
795
1016
286
72
108
1596
105
1446
97
1415
36
834
858
893
973
1020
717
1342
780
1133
997
466
857
1113
1336
1233
1387
328
911
688
1156
1407
661
1282
166
483
721
947
1154
68
266
887
576
240
455
1112
294
1009
55
1532
824
620
1565
1582
811
764
205
1029
49
815
234
218
723
1277
1352
944
964
672
1410
1575
203
840
641
1588
972
325
1274
189
938
1549
861
1215
4
585
378
1539
1470
613
90
883
141
680
604
1328
22
1393
1577
1544
520
1515
1439
1261
1237
1560
1223
661
802
1398
114
1089
974
856
871
195
1146
707
593
409
835
1120
867
1490
1109
77
257
254
143
352
1557
105
1268
242
1518
243
218
885
515
246
1538
1006
1050
1036
1618
829
889
1146
925
1546
281
772
665
595
993
175
1360
70
1416
295
95
367
1060
205
416
1193
419
1129
1191
1377
882
1415
56
105
389
727
179
1411
1267
1159
7
1201
1026
496
1240
20
1033
621
251
65
750
79
549
1469
637
551
1012
821
2
659
621
577
505
1625
655
224
1328
281
1601
932
243
1177
1492
1318
762
746
376
1577
173
613
131
1066
1480
734
1519
1080
1380
1320
625
69
777
136
1406
128
1465
478
1285
726
1519
1172
1178
117
397
750
1090
730
471
112
15
983
538
260
711
1609
234
207
532
1200
745
137
1463
974
1342
1085
1308
1530
710
445
1222
144
932
1067
1459
98
362
1265
286
1040
952
381
645
999
1245
990
72
1072
884
176
975
1207
862
1448
1511
1232
1154
1305
72
1297
1510
249
439
717
810
1110
1588
429
273
1374
1085
218
1131
53
59
310
1530
1179
1041
279
1473
1093
96
1166
215
389
1570
1493
1336
1371
330
1509
858
1418
718
929
71
1163
1261
875
794
1042
131
401
306
1532
389
399
1590
81
955
32
1432
1261
1253
257
681
368
396
738
1548
1009
948
22
1289
883
622
361
1247
132
762
175
749
1168
728
1310
316
1000
1512
61
352
1037
977
1590
323
1540
1077
1200
104
688
1232
1449
1155
1531
490
844
1285
91
1595
1524
549
1595
507
983
1528
520
1302
458
277
987
1013
206
493
208
897
850
74
1044
1009
1240
1130
1349
145
928
979
494
1056
794
596
1362
842
786
160
1146
523
1165
744
904
567
1318
1327
34
634
555
257
546
376
219
908
1526
1071
22
1621
575
1550
229
546
515
837
658
975
347
437
371
917
928
748
537
1396
442
1088
1559
76
1474
61
176
979
1465
913
510
299
1607
1552
1570
954
541
214
17
407
313
1173
1352
1054
405
299
1403
1418
1284
1090
758
1510
934
883
501
697
1020
802
1559
1205
758
556
1505
537
1041
327
1166
1268
441
1393
760
167
908
1266
505
1404
1522
732
114
325
1352
336
1248
613
31
1091
574
495
619
885
102
325
888
437
349
691
882
962
338
1061
56
1244
1385
612
1166
254
471
188
1058
54
1110
161
1611
945
563
1314
1120
154
679
405
1200
288
1273
1223
688
1120
1241
1515
15
1232
103
1137
189
202
451
1212
355
1150
1432
326
167
344
581
1396
8
729
249
1002
1207
863
1403
1526
622
1585
211
1503
50
50
911
43
1156
1099
1479
35
343
1393
990
180
1620
596
580
1228
306
763
1563
1560
1087
475
462
994
393
366
1265
1583
15
27
1030
375
261
6
921
458
819
488
550
914
223
1083
1134
892
212
612
1402
924
1529
240
373
46
1315
1491
1478
1041
1223
331
1515
1012
1454
725
127
1094
1346
312
911
348
1493
645
234
607
1129
1523
772
330
1138
1271
423
45
991
1527
1301
528
359
574
754
1062
462
298
1015
1186
608
966
25
1129
865
785
1537
996
172
216
840
1299
275
1208
991
766
889
936
973
1459
610
555
1267
1331
1206
1315
793
170
902
615
154
310
635
558
921
82
516
469
663
930
1144
497
80
1515
366
480
628
777
1405
1002
575
1507
715
745
1235
1165
1089
529
410
133
105
1458
1209
802
552
363
1396
629
66
789
27
1412
564
1467
36
513
979
560
440
1489
390
556
485
1180
710
19
951
306
419
1020
1331
930
144
1424
48
213
815
1306
627
1078
147
1160
219
6
1014
748
1193
1269
7
976
1238
39
1224
683
649
1344
1433
635
1216
