1199
784
1615
4
354
355
109
271
947
1227
1297
328
1445
374
950
303
1322
1578
37
528
981
1303
1127
451
830
768
313
565
566
420
1463
1416
752
858
789
1503
705
132
67
897
1555
614
298
1139
1519
1083
150
10
155
737
231
872
649
48
280
1105
747
1192
731
240
1164
866
911
723
248
1431
281
140
216
1500
883
197
1200
70
1160
398
1031
408
1548
1349
1096
1525
637
464
1478
952
1039
818
97
1513
1353
938
1545
1255
933
20
1132
1376
993
1414
547
169
52
623
1031
743
154
625
859
741
1548
1050
935
102
1467
1002
281
438
1588
1456
480
1534
1286
1541
1393
927
1419
1160
172
506
152
561
1489
786
803
1529
685
1086
1136
262
1458
1555
1481
1039
510
240
51
100
67
949
512
1131
1494
322
208
422
70
1376
101
960
329
220
439
445
436
1582
995
57
1160
265
701
670
1117
1396
514
1560
1106
639
444
1244
1404
1298
317
1054
1443
518
863
131
1303
281
691
663
600
1418
1365
1261
468
1573
934
103
206
1212
1610
107
32
144
704
1609
823
1090
623
1049
71
1598
1294
1091
665
279
325
1192
853
1237
820
952
1540
1477
838
256
1449
273
1529
340
422
426
723
1197
1171
593
84
1345
2
1515
1514
66
120
431
1152
1281
1072
368
1426
692
1135
1075
1447
778
801
696
957
985
528
1357
485
1050
1568
5
69
48
646
759
491
1194
418
184
196
849
212
1315
680
989
178
862
678
811
1229
591
456
69
1475
677
1483
1328
852
171
1460
385
212
130
554
1434
684
720
908
880
419
470
152
430
1187
739
777
424
48
858
1447
760
460
1244
746
283
220
221
810
445
657
411
350
1080
1512
921
207
1161
537
316
1496
217
1384
252
879
1319
154
1133
1364
1256
1545
1019
1231
652
1081
790
1033
1206
473
1160
1260
972
1044
729
1121
1403
631
684
1449
1315
1165
1231
1239
765
1009
1536
269
1507
171
733
556
1593
633
898
1561
1272
676
208
1535
194
685
686
564
26
416
550
1597
394
122
1226
208
61
1620
280
119
1024
787
400
1219
453
346
1060
148
880
871
1094
1592
305
717
392
417
1133
1053
176
277
655
1196
1251
642
662
1470
547
1125
739
1356
12
830
1214
226
646
302
918
770
1306
906
1040
871
767
616
326
1492
302
767
491
91
1409
548
585
48
618
495
1487
1341
715
926
1536
858
323
200
224
702
373
1046
1048
284
75
866
1307
266
285
914
1232
1547
101
605
1045
1277
1057
136
1157
221
897
1081
381
617
915
284
99
1365
929
830
1039
398
1436
761
264
1321
176
1095
98
629
147
1580
389
1393
404
1225
930
555
1513
230
949
1259
135
1337
477
460
1381
242
1596
1214
453
479
645
652
617
748
279
1212
1351
229
1272
1351
254
82
357
723
682
716
411
325
1234
698
321
1289
664
179
217
1282
1076
759
536
1402
979
1044
1160
807
341
872
392
1033
1068
103
154
1326
111
242
1001
692
967
466
1060
655
1592
1425
1376
1101
537
552
1469
170
160
1134
439
1607
1255
502
751
1140
1299
10
888
699
279
1193
548
1509
1133
543
304
1058
571
699
1523
57
8
957
207
264
634
599
787
11
763
170
286
1423
333
1274
174
779
1263
676
779
142
877
449
887
1350
788
1342
755
1187
495
949
1453
1472
585
265
647
504
1509
1579
707
822
901
793
418
398
1407
501
976
1180
575
1454
418
1504
767
1213
22
1194
333
977
903
983
1019
1098
1034
288
1192
723
183
303
1216
1192
266
448
1423
728
165
1200
52
954
1182
1478
1202
1031
553
307
1356
1281
534
1059
965
1607
627
893
330
1277
108
1074
1264
371
167
1574
682
1378
1221
349
167
833
36
202
1484
696
904
355
36
933
1134
1033
887
716
1470
1560
535
962
1247
1406
1428
141
495
604
992
1451
1145
182
1459
1192
771
691
769
1264
1557
669
487
1587
457
651
157
391
234
1569
1439
588
386
837
1312
1125
1185
207
133
656
220
341
1538
597
1238
93
609
993
65
1429
1485
335
321
603
158
1129
1549
1531
1112
1587
278
336
781
603
866
394
911
62
1408
2
940
962
1282
1161
977
176
1056
1081
1008
289
275
1326
1318
84
617
1221
108
986
1299
1496
353
580
834
1356
1472
715
650
1491
550
870
976
645
580
785
607
1525
1218
1554
6
1423
849
145
690
966
228
300
1502
184
899
111
45
286
1511
442
553
1404
1509
1201
83
1260
435
46
9
368
684
453
931
90
384
731
568
527
921
1588
556
1606
374
156
1203
1288
1005
882
660
98
756
801
768
482
1528
373
591
413
976
683
271
385
1132
1068
876
410
517
1516
405
416
599
1184
1588
1562
534
320
722
1598
645
1214
1234
170
200
790
523
1528
325
606
1412
1348
1446
329
48
1214
935
121
561
652
346
1516
909
1080
1231
120
294
1611
402
1061
1133
299
60
551
1280
1139
715
128
147
80
418
273
187
1240
917
1077
501
1240
181
161
136
188
1281
310
799
987
356
865
1504
656
1447
258
495
1057
1503
1245
97
847
1567
53
1403
778
1298
371
84
1235
324
1395
579
987
1109
537
714
659
1115
1490
1356
1488
823
728
199
160
805
262
1036
1238
207
703
442
879
666
1037
1218
412
1416
1517
49
592
837
819
528
411
71
681
660
1310
263
1282
792
1058
559
1482
414
1596
416
321
1011
465
525
298
913
471
1029
125
475
633
800
805
151
1482
795
68
20
1008
759
1452
823
203
228
13
794
535
1276
1417
1071
860
377
32
264
1603
1011
699
1496
1300
721
1523
1320
933
1269
784
439
1621
195
997
764
1265
1338
807
423
812
214
1151
82
371
992
65
566
664
1096
590
1165
929
1417
555
212
938
1175
746
541
717
527
1419
508
477
168
1059
67
200
1555
35
269
673
1378
1171
413
1582
879
1004
543
1271
1026
1267
1418
850
1002
391
603
563
1083
758
104
320
842
678
282
1534
908
1007
374
1468
1019
1221
223
110
591
924
396
1490
22
774
140
1477
1117
449
855
1184
58
1397
1142
620
730
782
601
1308
902
49
936
890
210
870
1015
1089
237
1371
1037
1563
174
1134
1483
476
146
1183
276
640
489
903
330
343
165
1529
1464
337
505
709
842
532
871
250
325
1230
414
832
1033
336
1413
565
1431
1119
956
526
731
1499
1407
536
1598
273
1585
213
133
1476
495
1128
23
24
898
293
492
708
1122
975
860
66
608
650
334
1252
1270
834
464
394
918
126
898
1236
1262
1310
111
901
932
630
332
543
300
1092
968
1082
1073
869
803
636
223
579
771
1280
1322
1234
423
660
1376
1335
282
428
201
1537
1557
644
1478
234
1562
666
1467
22
1281
1244
1061
119
107
1178
882
1160
683
303
1307
500
230
1198
266
222
222
622
26
635
1268
961
1431
1259
249
910
736
1130
908
576
1246
113
1327
206
846
1002
1329
737
609
1068
1297
32
704
303
219
1396
1400
1036
1199
680
304
1494
371
208
821
790
1003
859
806
308
411
405
408
90
837
20
725
586
1017
890
1351
226
536
172
368
558
970
433
1034
224
1229
905
764
388
213
799
636
701
414
1391
606
1512
159
1440
175
467
1376
888
1035
1333
155
645
308
1426
1445
1455
803
611
1059
1012
1411
1394
404
1101
859
611
123
1479
1000
375
527
548
639
686
794
1155
815
1482
1018
904
907
908
4
80
1461
431
1478
312
861
694
1376
969
1077
300
1308
1
1026
434
232
449
38
606
901
924
746
1045
1099
887
1199
606
504
185
837
423
1339
323
532
359
1412
336
25
692
588
566
758
866
1516
1291
1491
638
1343
910
1098
955
1496
633
323
580
1218
318
55
545
11
1030
446
1400
816
793
638
719
149
1468
62
1469
325
420
103
359
109
158
408
325
751
679
315
724
612
907
694
343
957
826
552
727
920
1452
1306
234
1336
1287
354
406
775
1356
1572
313
117
681
1085
667
1524
547
104
879
1119
595
392
436
619
1593
98
404
222
624
126
1217
926
971
299
493
1255
305
794
1033
939
669
908
1425
950
380
424
386
1210
528
697
1459
931
684
14
38
1532
1518
1439
21
1279
385
119
283
1491
286
116
819
1164
1235
267
816
14
420
1503
1254
155
968
1202
1392
646
1153
1322
1540
181
347
205
689
1447
1459
1194
609
1480
1507
368
1551
1463
880
916
564
282
266
769
558
1139
1007
1573
1225
1203
258
