1058
272
1618
536
736
143
319
1106
746
12
95
17
1251
1106
1151
535
1061
355
717
614
1162
103
1152
1202
5
547
617
752
559
372
559
13
1417
59
433
350
984
129
774
557
1340
593
752
587
831
92
642
1057
182
1536
170
1052
970
196
1160
281
975
510
233
1253
510
537
846
597
1405
177
1370
562
157
829
1119
1144
1434
906
939
99
259
142
777
804
877
896
936
1057
1502
863
1375
29
385
789
672
391
629
540
1066
725
447
370
297
855
1350
759
1492
211
1597
1555
1554
427
1439
797
1477
720
1098
759
816
902
1028
1330
726
27
827
411
7
88
1493
164
4
72
1264
1571
215
824
1507
1541
1191
418
1280
658
1197
61
1016
265
423
600
178
1595
1259
10
1495
1151
545
1342
206
1382
422
1357
1326
1590
726
1621
636
567
91
229
1212
1364
1441
1499
846
1493
922
373
1467
218
413
635
1100
1226
890
943
148
909
612
1494
1022
548
1134
306
1405
1148
484
774
678
602
1534
1229
828
567
1400
251
262
977
1137
337
719
132
233
595
843
954
1339
448
1249
425
1162
684
947
203
1445
765
822
627
79
1090
129
1549
1256
308
727
1422
395
680
743
1456
557
129
237
1539
500
1054
697
417
1582
618
1382
544
578
207
1248
803
1611
155
1247
1333
213
1397
843
836
339
700
497
1479
1418
1293
863
949
943
1292
1217
875
790
610
715
271
975
145
1014
763
145
1613
890
673
1391
73
90
1251
235
940
418
181
1471
959
144
85
1205
514
1480
135
1474
265
1435
451
1484
257
867
1061
1434
180
1377
813
3
213
1107
1258
1574
1583
741
503
255
1278
634
1047
980
709
886
457
832
841
957
514
1227
17
1122
287
975
1175
676
1116
1422
1286
602
797
1134
166
706
1486
423
325
937
471
705
512
1217
587
93
836
1522
476
1082
1
1047
1119
485
633
1405
1384
844
1419
1543
1585
336
1484
1522
260
475
977
35
406
1354
375
524
221
1427
31
1040
960
617
280
694
1320
547
382
347
1014
287
139
171
915
915
857
803
1611
1371
301
1089
1372
227
377
827
954
1316
143
627
104
1154
946
191
554
1301
1353
1285
162
1365
1060
1011
87
1161
1058
601
1152
574
986
1592
1123
791
580
504
610
732
1022
784
1153
800
956
1060
1586
736
1236
1112
992
910
636
261
934
554
540
568
972
1367
306
546
1472
1108
964
400
567
734
437
1455
620
448
1148
510
275
415
425
141
388
449
431
790
1058
1157
624
657
1130
451
394
144
317
656
1617
1255
977
631
332
1098
1595
797
673
1029
1457
179
1029
249
244
396
1180
18
422
1605
1283
126
678
360
512
1242
978
232
637
1405
1138
344
1165
1531
1143
905
887
631
135
937
15
351
1045
1314
1494
95
197
640
1376
566
1468
940
546
1125
457
1021
1143
297
191
435
932
387
782
1388
291
312
279
1465
1552
1343
925
873
279
653
88
1136
1154
1528
237
1486
1202
1624
570
1140
1514
1201
745
793
368
1278
1196
280
1589
1510
538
797
1536
445
689
1612
860
1169
1326
499
1200
1602
671
1044
201
923
968
428
1533
287
924
289
1101
1070
783
1021
426
1140
38
420
1138
1456
131
501
9
365
1097
782
83
578
110
1598
1623
658
946
50
972
1097
951
100
116
1150
1358
1146
367
940
1320
1242
1000
361
414
713
1117
1622
1224
97
1028
1535
172
345
792
1377
1431
667
740
214
623
150
300
288
839
1089
599
1039
148
1353
844
124
1564
216
1484
766
1322
315
37
1585
56
688
762
7
1180
1439
1347
1469
1125
396
1526
1169
376
265
1424
932
1142
945
676
1564
576
368
234
579
1159
1407
87
645
35
1480
771
734
918
1569
115
926
953
1201
1352
735
862
526
966
31
1329
1412
1159
262
463
1116
1116
334
1257
364
1510
438
367
1386
910
251
492
493
160
1206
1354
1572
1263
1467
419
345
1095
838
810
420
1607
1425
197
432
1473
1367
1188
540
399
512
1152
864
1226
1364
1613
28
318
1347
606
1608
506
1068
68
28
1406
515
751
85
1030
652
1560
110
32
628
855
1433
1018
1175
424
1194
538
451
397
701
1560
1205
790
1243
50
561
1396
862
1565
547
96
1402
517
916
696
1316
1603
557
473
186
187
1312
473
1454
760
882
1081
1182
1512
1090
184
1492
741
1206
475
1299
841
781
1432
825
1335
1467
935
1271
192
348
1241
1005
409
822
1422
1592
1096
1079
1196
409
223
1289
93
309
973
275
661
864
562
198
125
627
30
1320
635
862
1554
1129
1136
628
22
1262
496
547
598
1003
20
488
1279
693
604
815
714
855
211
247
973
731
693
1010
43
151
176
147
191
1379
1518
1605
1105
213
180
1010
1342
356
1042
425
1179
694
1415
1361
757
1419
787
1520
78
201
1557
195
151
508
183
64
396
349
49
1515
769
1048
316
1064
998
354
317
736
790
1115
849
689
282
175
1482
421
901
596
174
290
1008
1235
504
34
1024
1067
1513
1016
1592
1105
705
523
5
1237
182
1500
1006
1142
274
961
1299
1000
98
800
739
16
1083
1322
389
1545
1273
1101
1151
29
1546
1212
499
742
141
1409
303
1059
83
474
1176
1566
659
427
870
1211
1018
565
71
1330
1186
1039
1621
883
1201
150
507
1370
646
687
1167
1178
402
1411
721
272
504
376
1321
1322
1015
786
903
910
601
494
146
727
776
510
1317
1288
1201
1385
257
1058
1352
169
733
1603
899
1376
766
897
886
1016
1219
1123
1186
330
826
1517
1613
87
557
1221
738
356
1405
1053
1319
1170
76
777
1433
423
132
676
172
237
1182
586
1567
1345
1080
726
1275
707
231
519
863
18
248
919
1410
1080
1038
390
678
1620
340
1457
137
712
914
400
219
143
1344
1162
1197
1593
599
445
695
1400
1192
1128
1410
1558
437
582
1500
1195
962
1425
1096
8
513
739
1361
1594
955
841
250
270
819
1181
1080
399
1324
450
711
824
589
635
416
1404
535
1455
406
1051
1557
342
1612
1279
41
537
534
1178
1306
1020
1230
377
49
634
1529
1495
141
1401
895
1266
354
1205
1524
541
1585
1338
782
132
1229
298
1609
21
576
114
931
341
1285
1295
992
1088
909
1230
901
1586
612
1487
400
865
1149
157
249
556
26
187
1440
1448
922
509
624
1273
1129
256
1078
80
105
1113
425
307
694
267
1375
1455
1385
742
1455
1604
625
1412
1282
1560
1187
1297
335
1326
1474
271
378
1442
24
876
802
4
964
617
950
214
268
886
1009
744
523
842
405
622
1223
410
981
1075
1007
282
92
677
1546
1501
164
466
195
1533
677
1589
1375
598
1277
393
603
63
419
733
1220
1447
902
248
165
251
512
1035
605
1238
1019
417
1125
842
36
1365
612
169
929
539
554
885
1035
609
121
584
708
664
522
1203
960
598
901
1516
102
659
1182
506
1170
1056
803
1435
506
1564
36
345
618
755
656
494
588
1350
656
503
170
1417
193
1026
1344
967
1375
542
103
246
118
966
365
990
641
93
179
861
714
550
985
681
1093
95
1469
1263
811
588
717
658
142
243
232
429
427
872
1385
958
662
397
1128
644
687
1222
137
559
405
1138
160
696
778
306
1073
724
1345
1334
998
1592
487
1203
244
397
1507
412
155
930
1165
1138
463
832
1580
1624
379
87
137
161
871
1110
499
1154
502
479
831
201
701
1085
77
1447
218
854
785
1489
701
535
1363
403
1541
1051
1536
477
1088
239
80
1128
988
1119
256
1181
1374
850
692
1010
335
1013
817
142
123
234
1461
745
544
311
659
782
973
670
1348
1202
134
1568
1231
172
143
925
1540
1350
294
1417
366
12
1454
298
178
549
760
560
1368
829
173
290
1462
765
810
75
149
1131
176
1377
246
185
1435
180
942
800
311
1060
740
517
274
1233
1425
996
480
569
252
1102
1451
1072
1223
1534
634
1248
31
609
872
807
60
1263
928
1200
1584
1003
1017
223
696
229
824
629
1354
973
859
699
303
1098
868
1379
1503
388
403
1290
1122
674
1512
228
445
170
1509
593
418
510
629
535
1612
227
257
627
510
1172
872
437
116
1168
898
254
1022
1521
827
1089
235
985
564
821
681
293
852
307
441
649
1382
27
553
20
1559
581
186
1420
758
1044
1345
771
1293
105
1302
1178
514
1574
1190
716
576
47
1562
297
327
543
1300
279
42
735
1289
14
341
1294
317
925
1108
576
1392
1149
1470
1023
1473
1151
69
545
1000
977
