492
702
981
271
99
447
364
248
1046
244
572
253
50
958
178
642
969
13
93
65
562
462
880
656
60
669
632
163
461
872
881
600
657
261
780
173
103
49
92
171
760
26
350
797
308
463
159
1122
384
320
890
723
540
6
171
405
381
125
830
882
1029
149
221
1076
413
1062
1077
396
923
536
362
66
918
1071
133
246
1122
65
921
647
408
369
96
1096
17
18
309
800
698
1033
977
308
740
527
526
1024
627
686
706
678
900
980
828
81
218
976
572
131
436
99
363
616
104
539
780
809
822
848
1122
117
1018
870
283
590
1111
205
919
190
159
487
778
1010
701
747
1004
394
898
1071
616
509
1015
609
653
303
619
73
167
960
1055
468
24
891
103
875
985
480
1074
260
918
685
715
511
308
436
803
365
436
954
74
701
305
777
592
638
479
140
265
170
272
509
468
324
1018
869
397
423
407
355
496
163
462
854
20
681
736
1024
494
916
811
770
348
101
614
781
260
137
229
655
359
715
582
273
82
287
477
1118
205
802
1004
333
1093
356
577
832
47
885
809
850
130
481
450
224
391
687
283
571
430
677
814
421
231
270
72
606
558
690
778
608
603
881
420
1007
805
714
946
939
237
12
107
693
493
87
1016
499
443
285
358
222
244
1080
381
908
739
426
105
161
577
81
603
267
474
1003
571
247
179
31
1020
157
472
8
284
968
971
808
348
1104
289
1125
518
309
436
633
904
630
744
59
705
830
588
300
882
410
649
286
693
962
632
603
582
732
946
106
625
93
482
100
862
121
398
453
538
1064
186
850
98
430
924
424
315
922
939
578
247
219
965
250
640
664
142
54
1085
166
23
351
590
523
499
482
515
776
139
585
65
616
722
478
744
491
256
69
8
675
218
972
241
938
14
747
420
204
160
795
583
1108
494
512
473
390
628
927
166
767
881
735
70
335
1033
203
995
242
1116
966
73
23
52
150
456
328
814
685
279
378
753
854
524
904
1117
724
912
651
20
528
102
401
848
250
954
752
695
641
911
799
463
1103
454
543
1011
695
827
977
837
500
889
516
1046
884
1078
983
396
36
564
499
1026
1011
6
372
594
1017
651
313
384
984
991
530
179
708
4
872
346
300
481
1102
555
808
1040
124
835
745
762
303
1060
131
140
1070
719
131
15
157
355
693
588
662
780
509
36
730
450
586
587
829
986
1003
225
945
631
911
1081
207
715
690
457
905
818
78
442
147
694
595
915
402
681
320
600
891
491
609
556
366
136
1056
158
729
114
649
570
814
345
1100
291
182
1113
123
396
329
211
1032
299
1005
545
326
254
89
648
590
445
451
440
434
608
467
787
66
573
61
184
845
994
855
362
70
759
45
195
985
427
939
246
342
995
302
22
725
523
271
24
81
1125
345
327
438
199
1118
764
291
421
741
368
625
393
432
101
772
807
160
528
494
531
588
256
1022
667
693
742
308
285
181
150
428
260
1120
463
973
916
100
1124
276
661
188
1006
634
699
475
930
198
903
1059
169
1045
611
492
506
615
781
265
831
232
415
118
599
887
1008
711
286
710
897
341
941
124
737
1047
320
1018
796
650
48
911
77
399
872
1072
509
1101
468
290
936
410
1072
894
206
701
564
659
998
781
149
256
245
692
70
269
1062
435
41
1104
1075
688
998
311
254
866
70
1108
1069
895
386
1059
211
736
1112
16
1092
275
1082
1086
993
920
373
107
272
183
324
532
1076
975
110
683
451
659
817
986
94
942
413
779
1046
776
483
417
520
487
64
56
506
956
858
215
49
90
86
211
657
1039
434
71
654
1007
801
806
833
537
48
1069
475
236
231
26
389
104
884
127
610
442
395
208
504
1062
1051
1033
944
100
156
126
4
835
782
920
216
303
494
242
323
1018
141
1016
725
1058
537
851
487
409
1052
1043
50
611
260
11
522
845
582
382
892
952
380
469
277
475
793
786
472
771
577
158
599
825
190
798
251
372
397
848
140
124
79
483
1007
3
576
430
760
455
979
5
1119
1056
226
634
872
487
57
773
731
748
539
524
5
495
402
982
273
681
978
265
195
432
186
743
569
316
718
891
983
143
486
394
610
484
1079
766
294
849
983
1027
124
398
878
950
636
946
93
404
466
510
862
731
229
28
911
683
928
758
528
214
526
42
689
480
1008
725
918
612
583
122
507
669
657
139
382
854
222
1068
338
910
682
220
1044
759
1085
450
403
346
615
288
448
105
183
659
91
708
223
532
201
324
904
172
399
735
700
64
875
193
171
734
360
222
403
732
323
529
1064
648
989
918
446
844
967
651
936
429
282
488
640
757
1079
189
141
800
580
1049
346
105
864
200
730
193
669
1109
368
72
193
583
1035
422
598
561
567
1036
411
895
969
628
859
320
1101
1120
271
377
433
803
718
779
428
906
615
865
324
346
928
848
620
28
203
596
627
555
942
1055
1009
320
37
117
515
797
852
309
860
968
520
550
1093
749
619
1059
261
559
311
502
13
352
934
523
477
638
761
262
1119
815
900
663
430
477
823
411
678
431
543
581
187
323
761
208
600
348
773
976
635
1036
7
1060
232
658
182
627
850
818
853
567
954
57
425
646
398
399
177
706
128
756
82
90
932
1121
12
918
879
840
276
723
302
971
702
1067
286
189
205
855
420
224
532
1089
677
594
544
737
1054
1030
268
