571
345
138
1069
49
1069
491
603
632
637
1029
453
65
505
157
134
852
756
554
960
107
778
588
657
616
301
261
1051
590
1040
454
240
8
99
280
64
970
999
709
6
1111
877
313
330
269
69
933
111
762
138
377
144
438
442
527
528
913
494
58
185
490
514
996
709
496
369
493
122
224
996
979
872
255
186
764
192
641
265
1041
916
602
883
952
59
176
537
109
1110
480
367
624
495
441
389
877
798
74
469
559
148
529
1023
780
673
1041
671
123
926
544
476
360
13
817
334
258
321
36
929
663
232
1052
1018
600
1108
313
6
245
364
563
637
361
930
108
424
461
47
184
1008
687
500
396
115
25
688
564
729
68
1043
651
297
298
836
99
863
28
65
395
88
552
639
1
412
528
302
690
705
631
797
34
963
581
890
603
797
469
764
755
464
844
267
824
1007
987
181
521
833
587
131
555
1032
861
625
310
1035
872
1091
687
489
365
775
139
129
974
184
1057
643
668
655
411
49
175
852
722
511
710
564
464
256
46
76
351
1055
471
119
42
1006
991
1069
722
895
902
1066
55
94
437
718
540
604
613
1121
376
161
584
361
299
1016
676
318
742
360
973
612
160
708
34
128
209
280
97
1057
362
362
169
54
921
1004
12
237
970
245
788
889
212
548
729
687
851
420
894
482
630
538
64
507
208
55
624
455
688
667
212
688
1056
171
276
427
912
320
1059
707
804
677
723
187
375
531
630
742
35
891
75
533
208
547
428
731
1058
3
946
1098
1110
934
1012
632
51
477
1088
509
70
1040
42
40
684
566
468
798
656
727
403
1106
14
262
512
1110
268
340
397
426
938
797
605
860
387
1066
66
707
72
1109
43
470
375
401
925
946
1115
380
722
169
206
760
1088
483
1084
208
352
1016
395
4
647
78
980
155
39
632
929
633
102
898
643
757
246
1104
588
354
483
605
510
1033
202
857
821
1008
609
22
276
295
568
337
942
617
136
278
904
519
582
903
728
281
163
287
919
877
597
193
609
1009
641
970
96
1124
715
844
499
829
671
777
1008
598
981
284
1110
267
682
685
813
23
338
894
234
162
634
703
345
599
564
293
427
985
666
320
712
77
643
1107
490
1121
662
229
364
334
776
281
244
1123
61
524
61
232
706
1061
854
134
129
601
891
24
355
367
163
613
457
16
389
565
355
862
225
713
657
238
692
1103
290
755
434
621
1000
1032
25
975
1029
199
1030
723
529
436
704
157
105
102
1087
911
986
638
428
136
492
409
210
791
121
398
317
189
904
891
940
541
313
1065
768
631
815
905
776
511
644
6
274
176
667
905
163
318
136
1103
421
180
952
54
962
102
373
373
824
857
173
72
1079
1010
739
771
847
688
649
951
565
650
755
839
757
964
822
323
648
470
21
874
1123
508
800
893
122
731
739
256
751
541
518
972
576
823
956
234
344
911
201
744
148
24
772
290
185
933
812
83
328
1031
378
1083
969
862
1087
28
470
843
733
585
782
60
828
747
1009
789
1103
1072
431
647
303
670
389
13
103
866
671
615
394
572
1121
353
651
98
601
1115
1117
806
810
1102
975
143
275
159
824
821
115
792
90
277
445
906
731
708
360
631
992
279
386
526
424
831
962
273
925
825
882
394
339
346
934
588
369
115
1076
947
409
171
563
661
840
649
241
1047
840
703
1095
911
1078
772
624
941
58
756
951
1114
673
660
846
508
114
649
338
784
1016
663
992
245
478
976
56
732
328
755
1011
116
138
718
48
719
1004
902
328
206
228
235
511
501
250
37
702
980
231
789
640
194
562
162
204
554
129
144
1020
864
144
705
137
245
713
442
1079
975
12
1092
721
142
525
707
655
654
248
694
615
947
426
920
957
156
653
941
386
794
289
283
1066
971
279
405
505
312
325
87
35
121
48
499
996
611
994
540
48
877
251
509
462
1120
441
123
149
810
790
550
329
26
12
701
409
418
839
610
252
819
729
1036
751
969
1067
478
969
381
139
335
619
710
319
394
1008
284
184
49
218
208
622
1072
592
37
56
921
452
223
754
90
587
255
606
55
267
725
29
823
753
210
321
728
882
1075
722
696
1053
913
442
548
1114
638
484
1015
165
246
991
273
126
827
1104
1117
480
569
965
309
2
619
985
123
81
341
177
927
913
579
1097
474
87
469
216
235
580
285
800
161
14
362
772
807
725
723
359
0
783
660
334
1106
423
572
732
374
479
939
171
780
634
109
511
383
26
625
1073
175
450
63
468
856
333
666
350
215
821
644
64
608
503
247
670
116
944
1031
1042
113
849
1112
757
1010
555
519
394
1053
1085
47
1026
654
75
507
208
365
684
372
1090
421
847
939
147
806
937
45
938
104
645
667
511
799
597
1045
982
104
367
137
207
490
919
900
252
87
198
457
877
224
883
860
264
409
263
455
1075
456
667
106
149
509
924
501
698
529
33
513
116
26
475
121
521
888
225
935
580
1013
75
543
208
792
191
66
370
768
1108
130
1022
997
249
952
593
1003
1116
829
334
1047
890
1048
892
534
20
949
1009
884
707
280
509
463
845
136
158
741
804
818
907
377
1091
21
691
32
78
1052
877
863
775
806
320
796
411
623
1106
797
442
518
72
261
221
973
739
25
519
981
929
87
624
615
1120
660
755
385
780
177
300
481
123
348
741
296
1087
273
89
