606
255
319
810
197
55
1022
801
54
1005
57
1124
84
503
780
353
921
808
595
1029
825
1050
795
599
43
1064
101
1009
126
680
153
485
1001
192
172
581
423
910
632
435
1056
1114
486
159
163
669
64
767
838
838
704
46
931
983
370
580
982
1035
983
367
732
460
57
587
1067
173
229
383
745
1089
702
1006
1067
689
20
213
560
444
533
91
205
766
483
967
15
982
551
521
838
1066
694
311
351
8
1013
657
671
121
1085
201
322
189
182
437
875
669
735
365
774
881
409
1000
1059
701
446
500
274
306
681
683
338
504
1076
258
631
22
690
389
573
648
989
515
530
949
971
719
540
1104
921
759
674
996
1066
328
424
229
473
345
833
454
577
923
1104
77
283
103
249
517
228
644
224
553
248
782
531
32
1004
499
103
1116
549
351
678
42
846
282
271
4
478
696
336
1055
383
550
266
1073
1038
196
962
15
477
1072
208
550
195
612
481
760
807
728
291
345
474
272
829
983
426
61
1003
516
561
1113
955
894
144
566
197
296
915
947
333
1014
583
662
346
446
321
174
315
806
90
459
1071
380
641
915
844
629
1024
292
287
722
295
56
970
245
644
1110
909
234
1072
883
578
250
217
28
197
302
897
310
1028
109
52
942
317
740
1010
880
913
259
178
389
1074
550
1020
73
145
579
772
568
434
800
501
55
410
618
380
234
898
711
803
105
1115
549
835
431
361
674
517
1116
776
484
639
38
627
928
1068
750
931
997
1121
652
266
568
903
319
692
411
940
888
82
640
365
333
952
847
80
638
387
95
851
489
955
254
662
425
1061
1114
734
107
648
133
662
94
118
815
70
22
235
427
36
119
317
830
238
1112
818
58
1122
827
138
759
263
36
766
158
137
895
909
93
699
803
201
674
574
817
802
181
1081
268
677
50
252
27
1104
755
769
789
230
215
943
589
121
393
138
1093
234
176
139
784
413
602
1102
401
1051
934
131
660
562
229
904
787
829
201
766
811
980
61
22
1075
154
341
283
3
176
243
514
335
158
98
852
254
761
248
848
790
927
708
187
497
704
342
902
25
516
364
896
1068
103
213
651
204
581
348
549
863
1118
919
1021
489
385
465
756
780
890
851
1112
886
347
739
146
823
245
277
93
634
746
879
833
1012
659
662
1073
242
569
165
91
592
1120
427
711
489
632
353
465
1101
1
935
991
510
664
635
185
974
158
250
123
590
64
967
734
964
850
56
218
1104
1100
446
437
838
803
300
311
241
594
313
931
409
772
513
365
644
617
681
870
404
774
817
627
837
1017
951
421
810
345
376
953
1063
608
929
663
736
1034
804
239
1114
79
1044
352
881
739
1120
106
869
213
11
996
189
101
484
1096
664
1043
507
389
381
484
189
592
242
451
690
165
451
464
552
635
762
26
181
278
818
447
586
1008
748
891
702
444
50
937
325
241
931
1022
226
983
755
854
686
1041
1055
903
136
724
165
1023
293
612
957
262
57
821
308
1060
307
473
1062
511
923
0
188
52
392
422
225
387
1064
485
568
661
662
366
595
854
921
892
996
896
299
498
180
224
343
742
770
275
276
591
1109
62
677
1087
833
794
514
884
745
988
940
954
771
655
429
32
758
433
470
921
743
82
388
277
644
574
193
447
498
651
742
389
650
806
779
426
409
443
368
111
113
426
67
261
642
1116
203
304
266
798
178
1078
268
785
621
755
952
747
706
389
103
142
125
190
741
13
261
27
526
836
914
485
1064
894
802
416
401
431
470
456
756
995
618
644
103
1072
889
51
572
540
521
127
374
669
362
993
37
411
1104
415
1058
429
428
663
982
375
889
226
893
718
833
990
918
30
202
704
200
1070
89
930
759
967
812
679
825
1000
451
164
675
461
620
503
596
322
949
609
232
453
913
1119
63
550
575
295
545
677
407
1103
403
22
1085
884
113
654
152
777
1006
491
922
687
186
285
392
1040
72
177
720
554
901
120
554
629
389
897
163
887
845
596
689
372
723
366
63
1006
21
335
1101
978
303
1036
294
138
116
751
248
1054
851
187
981
79
847
1049
1093
819
211
304
492
321
528
527
710
632
893
85
421
1067
72
207
987
965
463
237
791
993
36
109
584
127
262
247
384
196
621
143
924
619
399
668
417
299
992
354
265
26
429
1051
73
645
41
924
98
1021
172
869
216
306
101
603
9
523
387
730
518
1124
128
801
752
469
91
773
642
663
1122
493
685
255
142
379
568
150
699
721
162
971
15
919
327
381
183
796
83
510
398
1100
122
739
1026
534
415
943
1029
896
230
584
1104
1091
185
976
614
357
655
905
27
1064
979
83
308
103
220
922
995
1112
351
809
361
887
1031
386
371
363
350
657
700
290
1082
311
999
122
898
1011
221
265
485
813
371
330
498
279
54
34
998
210
726
871
863
187
1086
1118
169
278
947
4
790
789
799
846
930
691
974
353
334
1095
650
243
651
713
783
590
607
283
1107
492
279
308
379
112
559
1050
889
30
499
5
1034
64
321
346
130
828
456
643
1068
688
328
846
80
895
306
622
1027
105
519
895
775
43
94
831
547
221
712
765
540
720
377
682
829
197
547
490
909
986
919
1064
742
9
1077
71
595
800
349
24
956
593
666
493
212
27
940
680
1059
6
581
443
943
1025
764
293
1110
265
501
1022
808
890
718
874
281
112
