946
705
271
472
1115
691
820
948
477
993
351
596
1103
912
748
246
829
589
15
758
674
855
230
145
16
826
326
693
530
151
529
7
287
1117
148
1078
321
1058
737
396
1110
33
79
656
621
450
215
239
166
580
1096
311
280
762
70
1083
344
240
669
885
846
499
465
920
335
1091
299
552
635
425
37
247
674
298
1035
713
632
919
1064
681
240
932
936
483
706
994
475
574
408
962
546
278
6
929
996
1008
999
780
185
1016
496
1017
1124
1077
222
153
1009
960
283
474
634
16
208
999
616
539
158
1086
1075
1046
7
165
379
413
394
855
542
552
754
276
408
942
1045
552
505
255
777
54
192
275
212
492
28
352
942
724
359
210
332
816
262
355
1082
190
902
74
1057
1033
895
649
795
779
527
288
760
178
1011
897
488
793
752
1120
619
371
230
505
448
237
754
898
735
533
139
191
853
259
649
527
925
1048
561
405
655
509
256
581
1033
102
260
908
786
876
298
499
899
212
302
46
1119
301
902
474
528
47
861
87
344
693
906
831
677
620
180
949
218
1042
758
769
559
79
303
602
452
299
1091
962
359
418
250
851
1066
816
704
903
1050
981
488
696
899
425
747
985
670
29
935
723
453
362
1018
185
174
26
856
604
185
685
825
1111
640
764
730
998
581
531
1040
107
1046
160
953
977
22
1020
204
243
352
335
1087
436
201
719
126
1066
740
429
792
1035
682
522
678
921
326
993
5
112
872
473
791
368
1035
545
162
641
888
812
671
130
520
288
424
395
961
513
940
320
552
951
285
20
558
429
183
882
1085
641
603
43
262
616
486
66
954
747
872
18
863
19
326
966
664
1075
12
365
178
340
554
169
194
302
556
1110
701
136
573
948
249
934
1009
408
1082
700
769
904
615
163
937
494
1112
22
800
982
274
859
889
956
231
246
510
1047
694
1023
208
711
501
1022
1023
862
378
426
75
548
1062
1021
818
115
104
891
913
569
48
39
395
971
737
906
496
90
977
533
394
39
726
475
142
260
742
382
509
518
634
45
935
258
1004
548
119
81
226
561
393
1042
142
383
390
138
315
193
746
713
84
75
1046
456
742
1056
463
555
736
295
570
887
724
278
975
299
607
986
105
795
29
84
276
579
588
833
312
1042
122
804
696
710
122
812
984
33
142
779
568
18
288
867
745
519
449
136
211
165
1018
689
989
871
715
68
128
167
1079
317
91
777
990
1083
175
118
432
862
241
900
356
1122
605
396
878
151
255
16
296
777
379
447
317
189
1051
773
261
94
446
912
37
602
328
26
458
484
983
1102
702
75
867
508
467
471
852
973
573
458
119
402
624
509
933
631
975
571
324
111
473
601
1122
643
847
716
583
455
620
864
227
424
1076
541
746
905
557
777
409
951
263
542
788
276
1044
886
972
578
864
813
892
266
1103
26
875
1038
780
832
200
162
826
449
90
1082
372
548
524
350
63
28
601
887
245
167
405
390
247
471
489
612
154
31
833
609
1099
566
464
523
16
793
659
291
122
702
961
148
1064
219
1057
252
851
263
318
658
601
1108
1067
542
462
32
93
247
586
223
1017
671
991
534
907
155
77
607
987
651
561
339
635
123
154
561
516
309
599
581
48
515
112
104
193
395
260
415
134
864
868
98
819
51
699
52
877
85
720
427
892
623
209
435
324
6
319
897
1069
250
344
481
9
729
704
623
755
1096
974
1011
56
918
584
26
353
755
390
409
1015
874
122
1051
372
234
470
21
359
218
1113
314
806
203
466
1112
484
696
656
181
545
411
1098
766
159
735
103
673
242
575
879
156
193
405
601
850
407
489
452
120
107
799
65
888
814
502
191
1075
137
385
1067
133
734
971
645
1079
101
1051
1122
589
1038
1038
834
113
839
559
396
51
1103
897
183
893
646
510
652
1031
483
162
797
844
800
757
1054
229
1080
903
663
423
108
875
914
544
492
662
821
553
317
617
653
546
980
919
181
74
612
50
224
806
689
426
272
728
764
499
788
334
32
782
132
255
962
379
531
1001
968
745
562
363
9
1094
683
440
380
1038
8
768
660
299
732
81
700
275
782
240
76
65
479
1094
779
913
174
8
42
902
332
4
102
715
1020
704
838
531
999
907
1095
1034
393
453
474
1088
92
610
1082
697
955
79
152
821
730
254
937
710
820
134
768
764
1048
573
693
445
41
73
98
296
671
918
763
660
145
454
551
793
167
652
85
87
534
940
419
810
923
202
180
354
323
893
796
611
159
218
315
869
1038
553
560
717
1015
485
1021
272
1103
425
111
127
210
155
53
729
493
673
184
936
375
44
492
215
624
1060
460
791
835
1001
556
127
699
845
1039
952
363
198
703
965
767
683
933
955
427
994
1032
739
737
394
523
664
1115
1010
980
996
415
619
18
77
129
889
861
320
770
160
532
250
509
274
245
803
447
733
548
1042
267
543
877
554
624
987
1099
230
763
869
428
360
460
103
452
254
632
261
87
245
775
194
1001
959
821
446
706
905
808
6
963
540
1073
116
514
304
1091
996
367
204
378
708
187
489
81
1011
398
794
495
634
354
383
346
946
984
1067
801
1022
1001
603
931
651
1122
938
551
151
302
998
654
417
505
12
383
676
88
437
439
219
600
201
567
936
999
124
195
897
209
1092
779
360
900
258
784
581
920
468
184
332
334
187
898
