1024
796
564
26
911
864
990
479
571
71
6
481
40
543
574
862
509
420
18
655
244
1107
256
476
815
243
639
531
4
698
741
626
1094
781
1042
461
36
209
287
482
152
745
868
36
839
440
5
506
874
587
815
4
394
1037
265
666
910
852
696
413
426
19
348
77
560
80
443
171
966
504
192
924
221
990
125
841
765
868
933
950
200
13
809
978
426
981
881
875
391
759
172
347
712
425
224
142
594
132
94
757
579
110
521
852
804
1119
684
982
1047
595
1
171
360
25
197
442
213
17
515
22
172
415
638
965
291
878
945
96
110
695
947
387
906
948
111
276
806
308
377
687
726
283
969
859
544
969
641
211
377
547
77
653
937
109
981
335
833
418
558
1006
787
789
573
335
379
485
173
540
460
641
442
164
848
704
777
743
131
689
838
730
316
554
348
1002
868
463
15
584
864
778
466
926
792
535
619
560
424
498
785
957
634
662
641
730
881
901
701
833
428
186
892
974
269
807
900
883
588
686
255
538
1021
1096
806
990
581
157
101
667
1112
1088
1068
1107
438
900
543
371
131
472
370
905
957
1093
655
309
839
68
145
132
551
291
611
990
923
167
900
865
228
603
803
170
612
38
635
870
255
1096
386
322
249
233
632
52
268
1124
330
913
173
1070
939
414
616
501
158
3
218
137
743
979
27
128
1
8
101
376
910
12
381
11
892
780
379
776
178
94
1124
771
371
431
369
1091
1095
706
240
312
365
31
892
427
321
1032
595
228
1100
661
677
731
440
448
184
572
426
1071
622
45
960
684
509
260
253
1021
1112
213
488
834
113
554
913
810
1123
713
688
152
990
990
623
1119
1084
218
739
1030
989
285
645
53
398
1014
214
640
221
328
1026
879
285
1055
214
698
237
324
32
941
821
504
27
911
345
209
952
560
291
432
556
892
55
363
294
1042
193
962
1122
513
927
552
459
393
239
1057
415
790
464
69
1010
727
1058
1092
1053
660
525
1029
883
722
695
1114
349
776
576
184
1108
179
244
516
1097
245
41
442
1091
282
1079
582
93
464
261
142
248
315
188
874
506
1033
613
652
79
511
381
644
962
216
1073
55
715
571
282
434
922
45
459
765
737
670
710
483
367
686
390
842
477
466
314
225
524
776
689
661
584
234
582
500
814
922
575
890
50
813
913
443
893
597
296
32
489
840
103
1002
304
28
209
315
521
1029
938
513
100
130
676
1006
478
402
735
659
186
1017
143
352
721
452
855
601
343
873
447
250
86
954
919
826
959
269
757
608
88
158
270
754
22
394
708
716
464
204
188
987
619
699
7
459
563
185
154
411
1066
490
7
164
944
870
381
270
626
83
635
890
619
225
207
284
546
611
95
27
510
731
617
229
945
1067
211
96
83
666
258
647
821
758
1085
148
581
158
604
147
57
243
817
484
999
221
99
644
1088
1035
637
716
843
146
541
639
654
211
566
809
952
82
785
946
235
711
1105
757
349
280
813
850
869
497
306
1
894
998
996
102
954
723
362
389
121
48
166
219
769
948
1017
257
1099
1075
755
1000
1021
667
151
312
879
1124
506
432
746
631
636
3
629
477
932
43
348
285
682
495
792
252
192
999
1099
602
1069
248
58
97
78
6
153
764
728
89
296
214
626
1100
899
302
377
91
174
238
603
259
818
419
941
916
719
393
398
932
64
962
490
490
531
872
221
245
835
942
1092
783
144
69
577
437
261
1125
489
116
474
645
1014
1027
264
454
1102
319
88
484
332
806
741
121
375
101
1047
586
716
873
778
374
337
319
659
928
447
371
740
530
603
474
504
639
850
310
298
776
502
617
940
19
340
776
522
194
727
324
549
666
131
120
448
297
418
544
453
61
794
892
41
150
660
1016
1108
211
465
49
389
104
171
697
847
604
621
1041
813
109
20
405
291
602
100
523
199
424
140
991
135
994
173
1027
458
214
319
940
381
915
418
764
441
276
9
487
476
966
207
314
204
568
203
437
364
694
84
18
891
1083
16
634
834
622
845
1053
101
551
93
76
936
823
1039
501
434
810
920
341
358
292
608
898
908
246
651
45
328
540
770
872
720
559
93
482
339
180
672
817
862
382
210
910
570
3
148
473
957
37
926
1045
946
1047
99
16
530
342
286
649
36
700
178
93
592
690
596
874
789
721
701
22
968
575
689
137
136
280
785
940
547
654
389
71
572
329
317
123
1114
160
525
525
669
576
899
633
722
804
954
749
833
718
258
1007
656
46
963
205
56
572
984
845
448
128
491
399
518
281
627
242
136
392
318
702
800
1051
881
763
475
48
318
989
823
315
541
187
950
832
276
342
1088
314
799
201
25
745
157
1029
189
1049
1097
642
660
529
478
184
251
803
976
731
366
737
55
214
209
537
532
554
989
1062
551
942
417
671
789
926
548
1068
853
724
927
981
796
742
526
272
47
695
948
259
888
297
502
1101
960
341
933
33
695
155
960
123
429
351
185
28
582
492
481
598
973
528
924
1005
679
1084
624
23
722
53
843
900
858
639
123
396
598
111
888
270
129
878
547
481
127
162
406
1091
135
1123
342
28
102
119
722
920
735
126
1040
970
658
1001
4
707
1040
726
882
335
826
88
339
288
552
281
708
327
939
251
896
444
88
639
1075
123
908
792
967
204
681
