21
342
902
622
87
511
306
56
392
350
494
923
1008
622
873
965
655
1027
260
84
967
371
399
710
487
423
531
125
1054
701
411
545
489
78
914
849
1101
1010
991
1072
527
660
217
347
189
870
484
794
314
183
918
1051
299
366
205
266
604
300
475
892
10
190
579
243
55
1004
876
635
241
1015
170
269
397
1056
814
223
703
837
296
518
935
702
445
1121
867
343
585
915
476
1122
498
862
297
786
398
75
530
319
605
558
342
269
33
243
559
286
1029
687
169
351
297
333
840
1077
874
1082
876
535
460
536
703
748
821
392
90
843
5
413
350
1019
366
680
598
105
545
512
299
281
252
1003
605
184
486
202
483
620
462
902
422
27
511
98
579
300
966
868
236
1041
509
575
1080
513
569
406
1087
741
1099
3
1110
161
548
184
477
207
793
600
50
285
594
885
448
728
522
937
418
595
536
126
837
989
498
408
243
706
296
908
1099
287
39
608
641
626
572
512
884
585
692
370
127
892
506
1125
774
267
958
300
151
950
733
661
771
756
170
199
680
1075
1054
1046
457
836
619
496
140
967
211
591
267
1043
793
232
483
210
499
319
470
15
351
391
18
495
172
1050
841
958
1005
385
363
137
20
902
150
325
1067
1059
465
1116
1064
868
572
118
303
452
162
368
274
446
1115
293
662
1079
543
744
1123
325
922
10
502
257
562
303
125
647
223
353
559
332
23
76
176
510
515
345
996
261
115
91
743
743
1111
287
958
408
788
1033
336
647
509
167
911
736
318
105
377
709
293
513
857
967
635
712
1116
169
670
977
612
1088
723
444
425
331
586
508
794
222
718
1010
190
180
781
767
252
1093
340
905
226
279
180
158
150
803
706
940
955
884
390
273
783
468
244
735
383
279
925
64
32
1073
943
355
451
1040
796
54
644
790
591
770
258
233
663
1079
171
475
202
593
71
1079
896
679
781
177
732
74
814
64
1063
716
472
711
992
499
731
173
888
254
836
8
201
1085
20
838
836
1000
312
802
379
845
927
57
657
381
1053
665
697
966
312
626
102
1069
870
297
215
845
974
393
25
1065
634
974
685
1056
993
272
272
442
969
14
360
253
686
265
493
304
908
735
145
704
143
775
938
143
353
1099
684
139
29
593
789
812
1067
259
460
652
220
205
986
805
238
261
930
217
718
345
111
331
460
570
962
157
923
499
856
1061
856
136
533
867
428
776
516
181
609
1014
1056
624
483
539
303
281
553
1039
67
507
958
895
830
1015
172
26
882
624
52
269
109
230
770
13
973
665
1076
204
472
962
382
858
877
294
749
828
249
651
654
115
1008
792
165
32
794
876
617
517
188
836
241
1118
601
41
201
352
106
69
413
836
370
958
888
1053
218
1056
63
766
663
886
764
1125
344
573
772
257
137
5
321
457
1094
933
806
970
637
519
113
169
198
1019
1116
895
821
161
961
434
876
556
948
1003
661
502
1004
100
505
505
194
1081
995
332
495
430
148
1096
69
1008
22
505
450
869
575
493
249
320
1108
48
814
1069
474
255
845
1115
1047
561
6
1010
381
384
173
883
1078
10
551
26
415
468
438
59
1113
240
1048
1048
440
1117
332
599
758
183
204
193
837
77
1105
41
414
711
317
617
934
449
484
412
334
310
839
1073
244
638
907
592
479
945
252
745
1119
566
652
1067
756
593
576
98
157
1042
817
536
205
329
419
668
508
663
907
712
503
387
161
213
765
95
217
399
656
346
503
743
23
1
1089
1121
282
792
1020
486
918
829
139
855
271
166
391
806
100
491
438
743
1026
541
208
492
696
123
121
498
120
188
446
641
806
658
494
140
468
556
1086
954
897
962
285
782
290
129
726
789
703
888
899
1016
12
509
45
458
631
847
1054
18
374
810
461
462
862
884
303
824
926
759
536
873
530
1112
381
575
538
83
535
1058
796
459
150
205
515
418
927
646
743
944
342
590
18
141
894
1030
1087
586
310
620
490
598
470
425
903
350
296
83
54
943
74
983
477
269
549
934
564
879
777
619
903
1110
917
68
851
1109
319
726
205
1030
963
556
90
368
312
438
960
834
324
189
1102
794
367
966
878
663
860
909
277
70
290
535
539
258
873
246
1088
453
565
264
708
45
594
988
867
498
1087
738
1124
797
4
796
703
441
975
991
737
995
871
369
326
288
619
1115
793
434
363
124
311
490
359
1071
778
658
224
435
977
966
1079
290
378
279
242
457
1006
565
133
474
728
902
953
700
349
179
414
236
873
653
301
354
100
685
686
878
371
414
603
1047
877
968
254
773
915
767
744
540
1040
23
741
179
833
707
123
302
452
780
1091
463
165
70
658
0
440
802
380
475
425
604
1081
451
368
148
76
495
705
917
1092
227
321
938
480
1092
911
1110
1111
550
424
264
874
742
201
78
620
1110
935
342
162
752
1011
315
415
125
948
116
146
187
760
572
609
464
334
848
791
1012
582
676
569
500
690
297
1031
330
973
814
972
551
626
253
451
97
283
798
91
363
152
57
186
33
939
725
237
943
1079
866
782
490
918
388
890
878
902
361
3
997
36
45
99
1042
478
342
155
264
1094
396
721
239
1
895
89
1125
593
862
590
631
89
557
512
147
1003
864
933
276
213
781
809
661
572
316
183
501
538
756
719
865
230
621
241
274
112
71
951
414
163
94
621
857
18
