18
79
397
203
939
740
299
561
191
388
1035
1078
167
719
477
1081
620
561
1018
869
56
123
149
945
953
308
849
802
430
41
889
499
719
977
200
147
1004
546
37
948
1
707
18
370
1096
671
105
746
644
660
1090
662
397
853
330
665
95
936
672
1025
628
383
397
611
309
51
1009
915
782
625
283
903
338
1029
804
877
78
75
1021
1023
798
1058
402
218
824
1050
336
523
1015
847
846
1010
767
890
1106
158
336
850
659
183
723
963
840
800
446
183
448
380
874
713
386
846
261
320
409
1118
327
443
881
624
260
202
440
9
294
763
708
1061
531
948
806
808
702
1064
545
1
292
60
315
956
1023
909
857
373
517
275
1102
378
130
64
963
337
547
79
819
859
1070
42
61
559
780
562
993
461
923
656
207
1111
649
711
816
1061
928
1075
1042
759
48
1107
481
1011
1098
1042
316
276
1103
508
1094
1125
675
641
131
960
130
108
453
1108
118
403
190
425
368
555
740
320
983
883
184
15
627
746
537
14
481
415
735
618
929
155
921
575
290
354
804
767
184
782
450
63
351
740
566
180
450
126
472
701
539
724
946
312
1019
943
190
762
631
238
645
544
174
590
8
4
31
1090
63
553
9
911
708
773
129
598
741
621
79
1054
429
689
100
962
188
1096
1048
831
840
804
729
62
41
837
437
770
480
689
676
602
479
952
36
884
896
939
953
284
679
705
631
349
868
540
171
163
849
794
1039
751
889
798
896
562
257
335
974
157
931
635
758
1096
174
1113
26
906
380
1123
346
364
709
258
479
355
972
408
208
886
874
1109
356
870
383
817
242
1122
752
616
1094
395
18
902
844
311
86
638
1084
631
360
378
24
818
729
399
723
437
1125
192
688
340
21
810
686
444
24
315
166
277
739
329
571
701
380
1079
197
335
635
410
720
683
22
500
196
1032
72
231
896
625
293
575
1067
122
213
707
26
730
967
176
260
8
249
1010
940
166
120
865
662
1056
695
718
1108
292
1005
230
990
689
808
835
371
88
1093
989
619
314
1064
587
108
705
1002
543
803
1056
382
23
1102
903
19
460
850
361
455
926
959
91
695
401
127
597
32
156
541
187
377
915
385
1014
381
515
416
1066
869
270
600
353
325
709
365
291
937
23
1057
801
68
348
153
654
181
754
940
103
424
524
610
212
13
1105
7
108
166
642
774
569
859
246
450
490
48
911
705
482
32
883
459
888
806
250
506
41
161
932
268
876
669
443
618
469
810
77
973
814
941
985
924
827
832
1033
949
1039
344
392
964
49
1004
1080
573
383
170
505
1055
999
583
468
54
905
945
240
755
468
480
700
257
526
568
647
36
726
761
812
1077
1058
702
226
211
369
681
440
330
180
680
759
830
290
860
220
664
257
232
339
219
271
1074
432
138
273
151
760
1074
870
168
968
456
816
1094
423
181
729
883
235
793
382
91
188
423
743
433
218
364
377
380
818
397
718
663
935
108
650
667
565
519
427
486
450
1031
798
439
608
586
849
159
170
561
1059
809
522
267
107
638
447
1030
382
498
1087
949
811
1038
800
834
669
239
264
882
370
568
1017
452
1088
885
1024
68
1029
124
407
769
256
740
461
840
330
297
1064
918
981
1076
403
218
245
7
839
1061
601
95
361
204
73
282
525
162
703
1115
296
943
305
285
680
588
894
1051
445
907
708
300
1094
1004
38
1093
449
726
339
887
422
920
131
342
444
978
691
946
317
439
475
217
517
896
526
176
84
16
996
1009
725
286
441
779
604
127
932
103
110
1118
511
279
1059
916
293
537
725
802
722
373
1116
705
928
648
75
931
182
60
249
616
387
497
766
832
496
869
407
406
383
284
277
317
583
363
202
714
284
1124
374
749
635
149
506
341
758
134
1046
639
25
115
71
626
982
1011
311
197
807
64
918
72
222
288
829
929
593
676
696
464
120
54
963
874
416
1041
680
674
1002
476
1118
561
1117
381
970
95
216
179
205
1049
474
255
579
909
433
277
1031
886
1061
5
707
148
352
432
536
173
636
194
115
636
17
584
685
885
136
378
399
253
295
171
585
790
750
63
622
508
980
719
1031
573
263
160
169
612
932
410
633
610
53
470
61
854
151
21
514
66
869
783
125
430
709
508
1081
65
178
975
95
982
645
423
397
13
400
859
674
1001
1048
1024
61
989
69
951
1028
1030
154
755
965
159
1068
875
176
1038
916
199
108
189
491
52
499
662
21
993
173
88
757
849
200
339
676
618
579
1053
1022
469
540
320
270
178
1063
225
632
760
91
553
891
971
406
119
754
418
720
789
63
308
973
950
407
417
477
722
617
92
298
437
389
164
940
598
54
521
1068
1037
405
921
358
43
73
644
569
858
521
42
182
543
941
884
961
505
574
341
654
723
168
325
1081
878
374
844
151
296
692
237
583
307
73
450
211
623
826
614
1046
516
995
184
1069
63
568
464
84
62
160
1009
893
342
273
719
188
1001
820
869
71
926
979
386
261
802
623
437
994
1056
858
373
429
1125
780
982
408
21
881
168
1031
813
244
860
82
905
418
104
1038
77
658
147
1080
641
712
977
222
226
340
737
98
650
39
133
859
184
144
616
883
1012
171
161
121
727
747
196
929
855
713
330
1095
489
302
1070
894
670
406
420
926
286
642
464
163
316
569
614
1017
3
390
1072
867
285
