576
656
487
21
229
524
1076
17
69
748
314
68
297
678
847
994
585
756
376
305
418
106
34
336
366
559
505
835
130
1095
665
851
747
560
872
1048
934
358
856
894
569
952
813
1060
300
133
84
824
1035
622
108
663
680
805
349
1014
302
432
468
387
739
313
529
75
5
305
225
70
948
920
928
689
887
1042
131
319
113
816
372
1075
1119
46
521
650
424
837
716
504
425
1120
154
1008
406
530
952
577
300
364
358
489
94
107
816
85
357
816
203
707
388
602
201
924
338
888
1090
687
75
507
796
968
837
317
845
498
355
355
559
803
313
83
820
232
1026
185
565
834
812
1064
852
857
33
1080
205
487
343
655
756
740
949
974
886
946
270
850
30
821
772
429
561
1117
81
538
275
1039
939
0
1093
721
754
790
1061
560
135
353
1007
806
723
1082
460
1024
141
669
439
396
546
589
90
193
700
963
461
676
266
950
765
644
832
241
459
689
290
802
767
1018
187
18
226
850
593
21
490
922
538
250
294
1037
311
471
125
956
300
293
807
170
981
815
1032
700
652
646
746
794
623
331
96
921
738
342
131
1124
335
1043
615
1006
541
1038
447
236
744
31
301
380
713
484
544
409
41
1116
1015
363
28
610
620
736
930
1014
302
493
36
904
798
115
201
961
627
267
690
1035
1010
1068
799
925
734
1108
216
735
284
528
1016
1075
9
528
461
59
151
766
115
114
1098
320
104
242
945
1092
351
492
223
486
621
969
496
829
32
937
879
155
762
13
476
37
39
149
1090
431
409
1062
812
191
283
1125
514
1106
775
237
875
147
830
1069
137
516
984
1040
618
1084
320
836
1021
1052
1089
743
290
945
156
1004
1002
498
173
97
847
97
307
893
898
48
289
382
443
809
119
968
69
1112
1049
236
68
115
997
988
823
290
1077
896
955
1006
546
651
855
443
667
652
645
674
570
938
464
267
878
667
457
640
495
818
724
284
970
704
758
194
339
695
135
322
894
999
826
108
360
307
976
148
551
280
412
378
812
1117
362
920
732
544
116
212
162
917
658
990
821
890
188
797
649
179
969
619
903
771
1011
240
675
649
323
452
460
409
859
1102
190
87
259
980
111
608
291
1041
834
259
6
893
179
519
558
93
440
115
911
124
503
628
828
162
1027
394
458
101
1008
514
287
981
85
781
608
868
844
127
939
316
1031
202
737
1118
511
464
293
486
329
1118
414
309
496
800
344
359
535
1067
254
1088
470
789
864
63
510
130
1070
347
114
380
184
672
847
875
1049
777
159
1029
594
562
313
243
620
820
263
180
617
350
1008
1041
894
91
190
41
785
644
968
403
116
583
616
1069
215
542
102
784
982
152
454
73
1076
589
843
948
125
200
1074
26
54
1065
42
1035
244
778
321
169
548
541
28
864
1085
94
311
822
91
302
567
1102
694
139
811
725
57
617
995
993
525
431
356
635
26
1112
777
500
683
53
966
495
642
477
755
1012
598
843
878
863
1029
203
125
1095
32
15
453
720
745
172
1108
609
700
1089
353
1059
770
443
436
394
755
1067
107
909
996
94
259
665
174
205
745
187
119
560
846
292
851
390
1033
266
597
505
780
846
1031
921
892
222
567
691
492
341
256
323
431
580
765
459
209
300
579
396
785
723
666
767
652
1124
349
538
209
330
29
1071
1089
748
810
393
581
575
524
94
480
265
4
1060
332
281
722
627
1034
1093
798
271
285
737
542
25
928
641
270
80
901
696
535
161
1041
136
576
960
1042
582
605
871
509
735
124
483
427
1020
14
804
793
64
873
68
50
925
457
837
315
519
429
56
614
629
965
544
362
49
796
523
287
9
97
900
778
909
130
1049
922
519
448
1026
671
957
849
1075
140
561
712
335
537
1069
562
699
53
961
1042
806
70
572
436
769
920
836
704
495
853
259
619
584
299
205
984
569
368
277
0
184
561
929
40
599
164
323
421
410
924
1065
549
565
523
768
508
383
349
1066
979
620
736
391
376
307
498
1055
145
364
178
407
275
327
757
1107
299
400
501
1088
243
504
675
111
371
1111
648
778
284
277
102
1042
917
1096
131
610
464
866
377
70
23
421
202
1071
987
135
539
680
302
380
836
307
932
1
562
409
184
864
547
680
690
864
364
562
1045
338
1010
610
77
286
495
1071
550
229
294
750
590
232
937
563
203
956
610
1114
902
361
467
458
499
362
280
927
678
933
993
199
212
288
362
33
241
406
131
867
311
819
961
123
95
467
476
202
1093
67
880
626
436
875
110
396
247
380
217
1071
1038
35
1000
740
1088
766
138
1106
480
1071
156
430
709
1048
561
484
481
1040
8
918
237
965
634
687
180
9
1058
783
833
1096
180
286
747
468
607
739
433
207
364
224
78
690
653
543
534
1074
85
1030
692
518
647
128
726
628
70
761
773
342
33
3
731
553
504
814
212
989
622
887
869
322
919
640
657
838
166
32
374
102
598
302
103
1116
5
372
1113
296
673
646
333
709
302
46
946
583
175
699
687
451
1007
32
203
423
686
87
888
351
347
904
986
364
609
713
181
763
193
826
338
958
592
295
177
783
1035
66
1091
988
831
432
442
690
332
578
62
912
610
1122
920
50
1053
41
756
574
669
1040
457
924
660
711
972
183
1114
786
1026
1077
596
242
850
772
801
63
186
247
21
177
451
117
506
914
953
960
117
