428
532
104
85
228
652
80
72
612
1092
254
674
292
587
756
115
291
1123
289
1078
329
447
320
318
772
692
714
69
216
1035
783
742
843
234
632
917
820
418
190
595
73
863
323
794
982
276
153
309
680
617
252
593
114
465
657
40
451
512
988
290
449
120
34
848
777
823
264
1076
419
108
754
750
159
455
294
551
306
905
567
750
514
501
388
342
279
883
416
408
460
1124
521
404
907
491
4
179
273
427
387
311
263
975
758
713
537
987
198
559
210
585
351
475
571
622
607
1033
498
957
68
1081
466
1070
106
253
1058
832
225
781
1019
346
449
923
43
593
511
818
1069
28
570
73
129
405
36
1025
263
1045
1045
676
268
31
1066
612
770
899
864
700
475
80
1005
849
194
374
820
942
280
83
48
540
1063
407
324
256
786
672
579
1006
663
867
455
751
584
88
779
63
561
632
1097
252
100
135
854
965
869
383
392
27
767
813
987
352
242
1092
579
241
417
573
1027
236
1118
496
715
1061
703
763
236
755
375
843
750
221
837
355
695
840
218
668
717
835
1117
654
258
318
544
884
650
485
1011
760
671
122
420
246
376
1085
283
646
376
345
28
388
837
743
326
218
564
509
792
1019
894
330
1069
467
714
528
105
127
265
847
888
365
606
221
112
1053
508
740
195
487
386
112
1029
614
502
389
255
162
589
34
827
826
467
900
956
675
615
61
391
823
319
510
828
724
182
1122
553
323
440
292
551
271
781
1063
717
22
837
316
468
811
381
402
604
536
579
436
53
833
433
143
836
661
835
911
332
652
850
1125
503
102
801
636
546
571
352
744
823
20
899
398
1117
3
25
445
627
462
423
695
485
126
1017
256
250
319
119
231
158
288
417
929
22
185
29
76
819
954
888
351
320
892
153
59
90
884
749
485
958
909
1030
1093
331
523
135
798
922
886
365
471
1036
953
985
690
167
13
555
42
225
88
386
449
625
5
81
514
735
246
326
68
471
75
700
1116
249
240
990
926
831
842
106
73
251
214
835
668
425
893
532
750
91
861
517
764
571
917
136
344
981
283
999
17
1046
848
641
971
1106
100
798
335
903
582
769
1054
1111
348
963
172
191
1054
857
430
762
813
951
647
595
448
27
496
1068
1028
710
469
484
531
1079
23
1048
31
556
660
340
1085
674
76
828
867
127
463
762
10
685
377
301
1002
229
832
645
606
736
888
1111
590
365
612
386
784
312
854
572
156
927
903
98
1026
49
519
904
776
524
183
133
696
493
86
436
314
490
47
353
474
112
486
260
518
601
1044
610
274
148
659
878
1010
1055
431
957
425
73
599
149
720
351
760
259
304
1028
164
298
81
664
653
871
81
262
344
1017
844
11
166
844
424
477
32
1117
316
660
294
416
353
915
598
877
137
869
135
136
84
402
754
280
312
795
733
759
140
582
1057
116
886
1120
904
309
868
777
979
773
732
51
101
710
141
142
137
468
804
1047
1124
1076
813
1040
851
865
450
564
935
577
259
564
130
538
421
460
293
373
414
1101
449
829
990
480
299
765
1004
295
153
326
470
786
801
109
187
819
476
467
1054
400
722
277
970
674
72
111
593
346
770
109
554
141
743
240
738
603
622
566
944
1042
36
239
157
544
146
270
299
564
1037
1065
40
334
107
170
120
377
855
930
56
1078
535
623
634
237
59
249
567
488
689
834
282
878
259
1120
828
205
185
975
1088
751
159
518
966
367
762
395
105
1051
1114
772
888
453
854
990
538
420
880
109
397
867
1105
19
822
1107
365
910
275
506
396
4
1073
612
982
117
1073
348
489
555
290
1004
38
749
624
591
154
395
417
1043
675
402
616
464
1018
863
397
377
940
627
862
311
1067
479
267
973
891
166
1114
679
631
484
682
705
1063
439
355
725
147
976
909
703
207
381
698
688
468
838
590
1062
849
907
829
224
604
793
279
704
1031
913
102
632
113
745
413
751
5
825
831
624
667
923
538
726
399
1006
152
857
917
677
347
121
511
432
248
261
132
366
46
335
144
187
1065
1085
128
766
470
548
534
709
1037
364
573
992
462
781
70
742
30
282
408
995
644
164
744
406
453
496
45
874
498
190
444
1026
109
1122
976
315
125
149
715
715
630
111
221
5
49
255
479
443
474
291
577
38
509
442
906
704
929
1009
983
455
938
532
134
468
1096
464
113
434
133
141
232
619
51
1041
976
249
856
82
552
776
491
1028
943
1074
228
890
1087
976
157
462
885
329
188
521
375
847
410
438
398
83
263
27
539
311
627
1035
830
430
711
397
98
1003
1091
21
886
440
104
533
291
51
518
130
412
262
416
547
596
89
477
583
524
82
955
217
342
550
835
798
198
868
234
220
1008
21
568
642
211
997
157
198
944
703
731
812
581
923
776
344
61
640
1087
335
533
909
837
1054
632
91
484
1117
653
167
246
985
482
176
542
561
675
354
174
737
916
350
1097
1109
148
309
717
319
666
647
284
483
569
344
161
607
804
392
333
119
1058
756
657
633
867
312
934
610
620
1055
592
455
1091
210
508
957
975
1045
386
329
667
762
684
196
305
1032
243
111
761
1007
575
973
35
83
589
85
59
132
1063
1040
181
666
880
474
581
121
922
366
279
817
807
272
420
715
1052
802
114
1067
858
341
757
913
1039
650
189
1109
1072
507
1115
929
