597
67
678
462
883
938
147
1009
774
715
174
713
978
1044
405
653
911
258
960
185
891
756
643
910
433
1042
847
854
291
907
223
1115
69
276
478
944
916
1113
8
1082
883
1107
398
507
174
1101
455
484
764
939
249
488
15
59
770
1069
1106
958
562
691
253
17
357
986
19
632
951
1071
848
883
463
331
354
817
613
956
120
452
442
1121
697
467
984
1030
486
536
958
217
769
546
170
113
1025
549
80
132
1031
281
249
43
605
1108
1013
787
200
95
365
316
972
919
213
838
635
571
1099
346
128
168
145
949
1020
804
1000
492
1086
993
833
865
200
465
781
734
827
692
159
400
950
620
677
832
471
408
1054
518
343
13
530
741
237
487
739
733
368
1097
139
723
98
51
1094
430
640
868
471
618
243
1123
742
917
58
270
130
799
152
61
133
947
843
159
678
195
571
96
843
780
953
771
529
682
564
357
678
1045
344
365
250
433
814
862
463
1030
886
693
1001
389
411
518
813
867
1113
794
175
1085
719
419
101
679
616
977
56
58
54
1089
1066
1043
167
172
1072
824
1025
992
580
778
782
442
848
728
1071
584
506
654
968
23
208
455
486
633
312
889
514
375
114
1037
713
84
362
187
228
926
679
642
501
838
29
745
328
112
1011
280
671
149
87
223
70
614
552
582
802
2
675
901
63
24
837
1051
467
870
903
924
652
741
210
962
30
28
570
386
738
701
85
413
583
201
260
1110
145
590
252
1029
188
844
231
806
673
1047
278
606
732
338
208
73
666
648
430
780
980
815
99
970
410
850
271
340
594
433
808
18
772
482
101
1092
747
1071
409
864
881
756
423
330
682
113
515
319
837
996
185
1114
269
110
1059
476
908
1092
86
947
482
777
397
573
840
126
894
248
292
41
863
892
45
364
1067
447
576
565
528
886
818
910
996
1070
843
477
707
433
305
221
174
926
576
17
1064
996
558
958
334
1010
657
737
579
455
36
61
902
1097
566
1086
474
1051
137
340
0
291
746
15
289
184
346
1018
2
585
1111
211
559
283
776
426
362
585
101
733
809
89
1051
988
261
61
275
693
389
554
162
178
968
130
102
617
991
289
644
629
1004
100
110
426
202
986
546
1000
155
462
1096
220
726
374
88
667
907
695
441
455
108
402
1003
45
829
1095
698
1098
1049
661
607
105
476
333
383
948
316
1064
1015
779
1007
552
599
226
1014
1024
888
657
478
683
331
469
191
387
133
931
1040
260
911
392
888
579
1040
729
807
539
611
1100
876
163
535
958
647
599
820
466
216
639
403
425
55
245
661
163
982
341
744
1050
392
890
564
297
692
921
354
184
357
728
161
914
89
280
243
1077
304
1095
573
362
1055
950
222
506
34
484
773
617
112
1001
126
481
127
63
60
287
792
900
158
829
518
896
337
20
1122
341
311
473
932
1010
501
782
22
717
72
658
1035
163
766
608
382
111
174
31
284
1099
622
269
1085
530
926
998
689
129
861
1108
281
54
534
940
346
254
33
145
677
1009
459
417
923
1085
1050
714
772
1044
755
1118
75
1000
998
881
1026
219
100
741
920
368
491
798
867
629
1109
797
128
923
695
335
393
549
766
862
938
389
1027
279
565
407
326
223
387
605
1026
317
1101
1026
759
359
450
646
1057
820
255
103
1
297
182
372
924
497
132
21
393
74
486
937
581
19
456
184
991
817
165
996
523
195
86
37
162
1064
523
1016
153
712
848
929
1011
128
41
641
49
715
548
1080
886
417
1022
332
319
118
44
632
463
143
696
8
113
378
583
341
377
72
12
1122
678
483
426
464
872
767
635
424
173
204
1068
688
747
766
431
936
120
1058
239
164
78
314
917
1077
268
150
119
492
381
555
956
302
971
192
821
858
441
546
726
924
291
7
843
577
310
980
1042
301
999
730
1106
419
290
718
166
779
143
877
833
135
216
1038
656
290
389
1063
1013
742
0
257
563
1036
1096
105
1018
524
284
1018
614
251
700
794
273
342
793
997
1051
397
933
107
768
525
382
135
420
1082
783
195
652
518
245
861
229
775
176
620
933
1115
404
678
421
798
270
1038
748
343
549
990
2
316
2
649
11
824
816
1006
448
780
946
928
868
332
552
378
1077
925
669
727
521
88
654
319
595
344
1102
406
580
1009
37
358
449
304
985
975
721
541
214
425
237
692
532
1039
103
872
957
512
589
455
1104
300
31
862
602
239
837
861
129
1075
1015
182
676
588
684
873
1124
393
141
308
1034
625
606
637
790
412
764
966
396
1121
48
532
975
180
67
426
377
9
909
325
266
1015
692
514
290
395
1125
926
631
274
396
671
569
209
635
614
1068
226
24
985
147
66
95
625
874
617
768
850
935
1012
982
88
782
797
922
886
1059
800
82
523
424
326
1098
9
145
1031
1027
961
565
673
732
315
1113
893
164
107
543
934
588
747
909
93
858
809
580
514
526
216
638
669
560
1094
1122
1121
31
854
361
135
446
879
746
205
1
436
254
998
134
914
1064
111
735
407
184
67
368
764
975
309
1045
445
144
221
474
302
683
289
657
986
402
112
832
152
557
820
463
1012
69
704
167
1117
285
832
930
978
970
635
906
774
236
539
918
85
728
88
427
493
114
476
874
764
484
989
1083
919
683
477
251
722
28
316
859
675
568
219
660
333
870
163
1034
240
727
1012
464
718
248
876
23
553
836
