490
311
1056
232
557
677
559
811
685
367
605
651
314
658
71
525
330
783
1066
151
57
947
915
371
1070
107
961
868
879
545
644
465
655
912
972
230
880
9
265
514
36
758
661
909
1081
493
784
526
717
554
428
977
902
577
998
1115
554
613
729
1058
131
745
95
639
852
661
762
1080
817
34
105
771
340
41
1125
604
498
990
466
970
487
489
548
568
329
727
859
452
564
384
1032
584
182
470
639
65
1072
97
281
558
354
730
987
924
853
192
868
720
945
401
82
516
861
855
935
968
28
848
271
853
893
1098
649
725
944
592
968
385
751
249
490
969
824
34
450
199
366
730
911
693
5
974
749
585
103
733
425
368
193
1079
325
431
148
649
632
672
544
989
122
1010
106
543
665
993
486
29
922
788
170
380
1047
261
98
325
414
269
52
296
642
517
971
74
69
783
224
832
421
774
933
504
610
22
375
640
448
6
805
234
387
350
181
948
124
804
349
819
915
666
552
13
179
714
645
161
982
963
361
719
1013
406
427
726
742
11
402
837
1048
169
80
234
1093
8
755
422
720
305
409
404
988
131
820
758
549
263
1091
1072
1104
119
381
304
1018
262
208
57
198
281
810
1029
363
672
797
244
319
916
231
1072
170
145
61
494
961
198
458
941
574
571
710
803
455
694
37
719
318
314
35
120
264
1038
190
1104
576
242
815
494
654
261
1115
760
121
245
576
454
705
885
783
985
290
125
532
639
178
1110
91
407
1067
311
791
1114
724
11
155
185
523
603
462
534
206
505
611
1125
767
371
30
960
380
324
794
69
426
399
365
449
694
786
268
1016
58
1113
177
1068
207
143
979
319
41
968
1052
891
951
240
227
992
102
476
245
1105
413
980
364
438
632
137
880
1060
848
770
431
537
903
442
163
730
852
446
598
226
308
408
31
250
565
150
348
1020
1095
130
1075
837
1085
1060
1125
540
755
425
611
909
1078
847
716
755
322
388
938
1042
906
666
583
324
799
227
701
961
376
1063
148
357
646
157
725
898
625
336
612
177
536
924
763
1044
184
599
489
696
333
498
929
738
315
1054
343
1119
555
994
486
543
314
988
585
85
348
399
1124
673
983
39
953
119
152
598
57
939
902
174
667
478
1109
223
277
1008
965
428
62
560
99
421
694
11
796
35
176
358
631
73
593
530
473
847
666
496
1106
844
1077
721
102
466
1076
919
671
84
983
678
1032
696
1013
941
503
149
1084
453
715
332
406
701
554
1005
616
884
728
33
235
904
1041
861
1
594
771
1046
768
1096
56
133
975
828
695
475
691
1073
38
599
38
238
1071
597
453
136
896
1041
861
287
773
416
808
28
1056
342
1116
438
842
837
144
946
941
518
218
117
406
572
718
64
814
803
919
341
782
960
333
1029
955
398
884
805
988
939
1115
607
1115
579
956
779
397
671
681
502
538
713
240
283
128
723
166
1057
167
746
587
260
78
85
92
390
1026
468
756
496
295
577
1109
1105
1089
1115
89
500
383
827
780
500
322
53
611
318
392
165
728
1029
636
50
767
883
20
809
265
651
902
855
132
451
124
992
28
470
325
429
510
1063
880
462
718
590
944
1117
372
1080
869
785
239
979
469
823
947
787
960
125
262
661
761
373
516
676
911
10
1025
542
838
279
298
78
867
900
428
95
127
709
136
203
522
557
536
362
851
993
872
476
623
1028
444
545
743
110
797
454
505
47
588
468
866
254
274
778
604
948
428
31
869
652
355
146
1081
1096
259
775
994
806
710
720
783
270
955
1007
999
906
691
426
288
266
1082
296
720
640
1117
693
779
588
143
594
869
352
448
908
1064
416
329
122
87
872
311
252
190
259
635
1026
109
971
866
240
323
726
97
863
864
352
550
950
184
40
1101
622
758
173
561
641
158
836
416
271
186
838
495
37
581
921
941
732
43
644
241
276
1107
623
487
871
97
262
296
640
362
934
254
1084
608
712
312
326
219
988
936
907
7
694
694
535
96
568
630
977
92
1119
295
776
984
824
318
405
92
444
917
353
71
509
220
364
496
821
237
808
479
623
579
874
894
903
552
327
1021
900
272
419
658
23
437
787
65
396
210
665
755
754
574
762
597
388
361
375
40
954
866
391
393
719
171
840
516
483
392
682
629
27
962
839
792
462
1039
503
976
595
65
818
1027
60
359
1118
166
342
372
268
984
701
341
373
1095
451
1119
229
932
656
42
1021
830
389
896
572
105
914
448
525
890
244
446
896
1078
1104
533
696
239
142
610
855
979
1007
1114
382
728
921
377
257
273
524
510
476
794
610
181
731
340
348
509
379
1044
216
952
570
801
727
775
945
849
38
287
434
965
559
25
315
690
861
621
185
190
582
895
1068
905
516
895
196
990
212
178
729
497
728
300
896
356
933
553
180
755
125
1057
145
364
632
202
878
671
213
480
416
480
59
313
475
807
310
937
359
714
323
1030
145
1070
330
408
1024
738
418
240
107
862
713
907
380
70
499
930
645
525
502
207
277
1021
682
56
910
702
655
206
40
355
1096
769
821
162
510
685
225
836
1082
1115
897
363
634
940
234
722
118
565
198
926
370
672
871
788
664
921
1013
900
615
727
49
1058
85
591
710
750
952
700
816
446
885
1019
1058
722
254
601
286
370
597
500
427
361
639
136
230
275
1085
843
