284
1011
588
191
513
1050
277
267
516
505
682
306
54
1099
548
1014
850
437
702
304
585
505
266
394
503
623
408
975
818
760
858
137
161
1016
108
88
652
963
490
427
113
919
728
431
540
334
341
471
376
888
482
151
1088
179
788
588
498
1008
518
1023
806
588
231
936
1070
1082
933
165
315
587
721
1111
903
340
1003
981
645
1012
378
472
430
316
490
237
625
466
938
650
749
503
611
504
112
648
541
228
57
474
269
121
520
996
184
10
202
129
412
32
313
525
561
727
251
1046
368
467
259
178
383
1004
710
782
638
40
1067
513
471
471
842
502
13
264
147
499
1114
562
15
214
109
304
572
597
1089
64
779
288
632
712
1015
902
231
173
315
407
838
998
645
165
478
224
263
591
138
739
199
33
857
804
45
550
398
1025
627
1089
15
562
49
113
855
181
353
479
169
281
630
554
49
290
573
1011
607
246
863
118
154
824
448
771
724
429
186
919
450
912
1028
876
253
898
547
130
138
1063
622
286
380
30
165
426
50
905
221
560
892
734
98
999
998
612
339
528
705
35
86
814
272
876
130
192
76
848
904
976
328
594
501
703
1035
316
567
746
464
86
411
895
1100
253
86
859
7
427
908
732
318
660
191
808
920
583
1096
74
1072
554
169
397
362
547
265
914
522
152
461
184
532
641
691
1117
190
665
705
300
1004
991
132
448
594
480
143
260
28
698
773
54
281
126
454
386
1095
204
563
328
97
392
1076
336
963
866
1034
36
460
918
160
948
710
207
49
463
435
327
297
67
941
211
19
834
630
572
119
1062
873
613
882
123
321
856
1055
34
891
614
269
170
508
408
181
802
901
859
986
806
824
834
730
366
146
307
1094
858
508
787
425
459
60
1086
603
174
607
1022
257
178
633
1065
91
707
5
604
548
676
1025
551
1053
239
369
630
941
599
6
349
554
574
827
961
801
940
1066
783
1076
756
210
630
481
472
973
712
6
683
909
72
329
491
351
362
1108
170
375
275
20
946
541
254
471
903
888
489
617
68
1073
1085
447
697
919
173
781
327
290
277
164
288
615
905
725
804
325
1097
599
465
690
547
955
203
619
643
16
167
203
588
7
206
509
451
349
407
1062
178
131
614
189
235
520
23
1036
228
632
349
478
248
311
189
466
743
635
377
494
225
207
1006
196
983
51
411
459
695
395
6
348
474
1116
873
1004
666
927
1007
568
714
346
3
701
233
238
942
863
582
691
1071
1031
411
656
682
561
1094
1106
837
1037
1051
1048
400
96
592
860
374
219
795
266
450
1046
474
468
987
431
846
415
674
838
912
395
925
226
1023
36
599
588
959
853
1075
488
44
42
430
955
395
298
337
1023
1014
768
958
308
428
1061
470
631
970
1
882
1051
460
917
634
212
854
544
633
319
145
286
712
626
744
239
341
237
1084
719
260
349
118
320
876
1094
920
856
645
724
91
337
1052
549
521
1023
301
1085
782
693
5
1109
157
500
521
14
544
346
1047
142
874
715
418
1073
298
312
803
466
551
194
551
282
483
454
343
1118
606
901
404
149
104
556
300
792
532
267
698
163
939
225
838
657
609
331
132
1113
236
1003
1067
104
88
371
756
240
767
748
922
346
11
217
689
76
893
864
176
391
377
1041
906
671
998
989
575
38
557
585
233
686
251
991
197
952
1053
895
652
857
92
392
315
728
113
696
728
202
374
622
371
488
576
619
941
919
71
560
108
206
1109
662
844
747
1089
235
508
808
1093
16
1061
487
860
222
59
595
817
539
525
1019
713
142
137
103
67
1021
169
590
1024
253
1003
438
198
1057
536
763
775
136
420
916
163
555
183
935
421
413
257
129
519
1044
825
202
186
577
936
917
14
76
377
100
274
92
903
397
643
10
290
807
686
906
217
548
3
1027
1032
379
143
812
464
883
513
769
310
914
827
1031
453
479
344
912
342
901
673
757
701
440
745
756
852
170
41
686
191
608
641
137
583
443
752
379
985
486
210
527
910
1060
1063
8
784
234
282
995
686
748
786
980
965
315
117
817
885
76
168
132
18
44
15
407
173
392
256
365
521
1073
267
115
164
79
739
387
157
392
317
34
335
669
971
700
276
797
718
644
578
528
868
420
899
899
174
863
1096
903
938
500
128
454
166
278
1023
552
886
425
525
985
558
844
453
833
923
646
242
1006
86
3
30
343
51
502
1084
777
539
309
1053
133
76
600
570
845
421
488
21
171
622
42
990
318
352
182
705
620
144
936
827
804
397
394
732
833
411
918
1011
434
500
740
89
570
678
654
767
829
60
18
19
186
678
131
640
147
953
396
330
808
761
481
629
1085
575
670
768
355
147
589
90
876
993
136
923
75
953
258
384
488
356
7
969
418
204
314
1080
644
223
109
634
755
680
927
675
1108
798
376
989
61
34
420
164
213
475
1037
716
11
925
821
347
1029
1024
33
501
250
863
419
453
492
965
932
437
192
1047
882
255
194
426
425
111
425
968
68
4
439
688
74
967
1019
512
926
265
302
863
1089
990
112
218
1058
985
1030
146
969
887
965
153
585
74
912
494
752
1090
311
290
685
1050
450
170
1106
702
393
915
423
244
909
133
391
321
582
949
52
727
502
987
741
886
208
292
1094
139
933
194
398
528
735
94
859
936
23
424
360
1125
943
828
819
