557
1009
156
432
345
1011
1086
221
614
67
663
1058
82
936
846
126
484
540
351
355
1086
872
579
549
333
1026
20
834
956
190
354
272
362
682
488
505
372
544
333
96
557
161
513
648
912
963
596
631
598
642
856
193
74
240
428
799
192
645
496
416
243
854
580
171
617
1101
112
869
59
25
429
86
1110
786
853
764
455
725
133
937
905
373
1053
979
480
1057
626
977
1013
354
672
446
561
587
427
92
902
702
346
816
950
993
838
88
825
124
135
593
1102
733
912
724
229
256
473
847
1040
997
747
420
585
657
702
436
1018
867
639
345
622
1122
474
1121
501
207
672
960
378
207
1020
1076
56
811
1030
1105
774
1080
518
146
1093
1048
577
949
545
761
978
159
954
828
374
742
738
957
798
581
580
568
609
734
831
504
952
1046
196
1015
401
253
313
663
169
302
687
505
77
102
204
923
1031
862
794
975
43
148
387
898
150
438
218
141
184
274
932
801
52
703
785
492
871
935
774
819
1121
394
323
300
789
1082
116
1056
951
867
952
82
623
1069
341
201
110
649
483
274
448
415
771
224
833
988
1006
5
19
333
100
1112
1030
193
741
314
409
166
505
1118
114
83
411
287
216
78
778
815
213
193
1041
325
582
232
455
651
1042
435
670
489
874
1095
913
573
1007
591
864
607
392
138
971
1013
685
865
773
547
698
780
930
952
768
424
275
853
734
439
713
962
952
393
831
1083
682
859
296
637
106
210
362
879
144
46
533
947
6
1
855
398
314
53
968
98
648
173
28
94
655
45
28
1044
106
275
152
1031
446
850
21
818
248
682
912
514
855
229
319
1038
469
521
686
993
86
237
722
932
683
159
172
603
273
1064
791
1049
601
372
954
641
109
243
890
280
200
310
73
968
577
115
1117
1105
179
916
929
602
276
804
1103
967
458
949
441
540
504
1010
205
282
673
879
18
1112
582
714
1042
489
479
882
687
340
29
829
767
728
982
633
367
456
1119
688
373
761
706
352
1060
239
853
142
372
354
808
1011
207
123
600
760
751
840
263
846
953
127
96
349
1071
787
1094
760
784
507
185
32
797
451
651
16
285
885
89
808
911
919
256
277
251
361
43
813
844
1048
383
426
948
182
329
275
755
913
138
564
824
85
1081
526
429
792
608
598
359
523
964
1026
610
255
17
598
986
1113
424
371
188
178
880
596
1001
739
270
298
679
975
263
750
69
311
581
644
614
42
48
955
571
893
478
362
302
774
36
713
629
576
282
217
482
7
836
56
822
1014
350
734
710
1096
964
456
625
229
840
312
329
1
512
903
816
310
501
663
69
184
399
96
1052
805
886
1017
503
708
600
436
602
700
386
928
400
834
371
903
681
154
1007
1087
72
427
901
19
109
326
594
698
263
706
759
1076
1010
236
1020
912
961
867
169
121
815
437
426
159
1035
1070
804
85
73
152
1068
917
525
923
869
877
60
578
1096
895
457
1005
380
437
950
476
553
28
783
731
755
696
446
388
102
167
310
650
586
639
674
700
207
341
547
505
133
673
182
824
164
618
291
901
1022
217
856
777
207
132
885
414
49
852
1013
753
1017
732
62
650
345
256
734
245
1032
32
395
442
385
42
678
998
15
555
165
1025
274
1080
274
479
874
1039
300
400
105
582
151
187
446
141
280
379
159
692
1058
121
52
273
256
958
628
1028
465
442
201
407
770
688
931
527
302
130
13
438
658
190
1106
250
288
183
911
730
629
1042
1018
329
820
1122
756
972
485
67
487
1113
319
638
410
288
881
1057
654
452
937
495
843
471
183
656
138
764
733
167
82
449
870
897
1091
280
331
573
649
949
976
747
750
579
105
664
975
390
432
823
448
198
613
72
1002
1121
290
94
545
555
957
373
571
1037
999
580
825
504
962
248
56
670
650
16
490
585
1118
821
325
564
746
267
355
546
357
795
710
196
705
406
1116
601
791
179
154
789
129
62
961
314
494
732
577
29
822
120
99
1071
105
602
926
939
891
849
261
699
834
671
264
477
287
733
782
474
896
21
658
1106
917
1031
1090
549
448
400
87
171
612
849
877
447
1025
845
379
664
619
1046
905
320
1051
61
567
281
962
442
166
366
351
769
788
1015
921
111
803
142
65
878
646
276
385
661
459
963
287
484
1035
837
485
243
272
896
580
1062
508
698
385
440
419
648
693
586
530
938
373
412
989
981
449
288
1057
115
748
689
38
878
752
326
214
189
262
675
166
43
1057
347
129
510
872
832
711
1005
1109
431
846
1095
929
139
244
235
88
685
958
726
595
984
831
645
1109
661
775
348
31
361
901
1072
625
745
353
597
356
695
183
499
537
259
381
1042
662
121
953
608
496
990
646
844
470
28
25
171
1034
408
23
248
998
560
84
578
692
521
735
89
528
130
567
1040
340
68
657
1058
1076
865
354
845
522
7
1095
102
1108
357
191
759
993
425
1088
749
954
929
266
604
946
639
1010
155
945
159
399
1119
804
58
163
798
392
482
195
504
1069
14
685
484
58
491
589
913
695
838
475
952
536
160
497
1081
784
564
200
897
859
549
1063
163
119
1046
1077
336
821
970
1096
882
820
400
1035
84
190
240
20
843
1087
666
354
830
637
492
323
1024
534
57
481
850
241
258
395
512
980
1000
16
1074
108
427
207
626
68
895
450
491
701
830
754
398
755
