402
17
483
127
12
229
770
756
335
237
927
497
396
565
192
369
943
257
702
55
562
934
756
121
223
851
859
930
419
521
900
746
524
477
700
318
206
1023
560
1005
752
1025
18
625
262
482
663
1088
529
826
855
1031
776
211
380
147
800
827
992
1053
838
688
538
233
357
476
261
666
6
843
108
228
823
98
1026
1038
735
498
373
126
766
602
156
30
316
243
816
388
1005
675
695
656
1003
1067
425
938
999
659
265
124
513
213
251
310
346
988
62
911
454
120
1056
160
387
1077
671
111
1014
360
252
243
972
927
400
997
373
1094
517
409
1059
716
934
424
137
513
757
143
303
424
1054
917
1118
108
945
623
46
1026
538
869
73
701
107
474
1022
307
476
378
969
972
903
723
957
326
224
189
374
986
1083
41
555
1017
1122
555
863
681
659
945
368
1075
173
876
576
56
680
1121
195
28
174
634
911
985
308
328
344
473
1059
854
602
1098
764
1019
578
700
981
105
648
600
590
46
460
429
862
942
97
1101
223
575
1024
835
282
196
360
251
904
585
948
61
394
374
1040
326
722
528
145
721
1027
949
1089
1093
475
101
555
668
873
140
258
596
166
667
57
964
742
273
531
126
778
971
779
279
4
678
141
792
208
945
353
479
463
1021
512
753
644
693
705
1027
273
302
714
429
470
940
1007
947
538
408
1031
750
567
729
770
922
909
89
775
312
233
17
130
881
761
750
711
1063
893
168
911
773
985
185
276
291
723
210
612
478
831
732
541
1112
915
582
944
385
308
228
144
866
62
650
705
880
739
654
214
952
606
1080
797
998
102
519
2
50
58
251
615
1004
334
242
732
363
562
417
863
547
732
460
908
87
304
258
93
543
81
605
167
645
341
172
563
1022
1009
680
852
894
617
498
749
643
831
100
790
172
627
308
306
784
1002
883
323
663
492
799
291
803
216
1056
1120
212
452
273
715
430
148
3
185
840
724
327
1112
933
678
33
80
615
835
829
1015
1111
647
1120
124
136
644
658
1099
541
692
860
381
401
616
849
1007
875
969
1024
774
1043
51
507
196
428
1084
994
231
314
755
754
488
368
911
106
1071
411
475
883
183
721
800
155
124
884
692
257
586
1033
1119
138
154
885
723
1000
626
375
1047
140
248
155
445
879
1080
364
983
772
109
350
23
144
873
935
697
523
719
435
131
221
677
299
1012
84
1076
621
1084
170
226
949
154
341
122
537
389
278
376
1100
430
787
844
707
251
125
1009
362
573
481
425
812
711
849
862
198
6
254
112
1054
305
88
981
846
591
272
466
932
1123
698
496
326
946
1045
414
1020
940
1095
1050
47
285
272
931
78
140
637
673
629
680
929
154
656
200
586
446
629
723
568
218
24
83
327
580
852
78
585
16
37
1080
923
571
926
811
405
493
906
31
422
326
989
541
1121
423
227
659
744
448
927
262
472
361
202
943
424
882
368
175
908
578
981
516
698
1094
424
589
560
890
584
363
956
368
103
897
575
203
1036
914
565
147
827
879
122
785
1021
348
754
1011
771
742
74
922
686
1116
937
910
990
568
1029
725
977
878
613
747
761
1055
135
702
461
770
1034
191
360
327
229
1002
1079
128
719
910
931
401
733
624
243
1111
803
859
855
758
67
183
1060
1115
858
348
110
698
20
655
90
739
26
152
240
104
1011
97
1046
466
218
142
249
483
961
370
1093
942
819
566
557
115
91
710
244
388
203
1046
1063
624
928
959
756
1043
51
301
568
796
805
257
1044
174
872
358
190
132
167
382
465
769
1099
318
597
456
527
144
490
1008
834
321
82
513
126
517
787
820
1061
64
449
92
736
583
134
61
483
916
38
528
517
621
594
898
870
913
830
486
242
213
1047
745
441
36
982
22
233
376
788
250
4
817
46
332
807
481
723
266
1037
988
836
455
430
1068
429
16
588
1053
493
483
900
373
376
1098
339
525
948
437
452
946
992
411
104
850
391
1114
840
409
334
905
537
772
79
180
187
868
878
284
64
0
927
1086
513
942
57
712
236
787
263
420
892
990
382
196
608
437
708
731
493
469
370
388
678
361
167
948
679
998
552
251
616
402
516
567
874
504
80
746
464
336
615
1035
294
219
1062
733
300
1064
293
567
899
106
315
253
246
784
1076
1103
644
815
513
524
453
581
85
503
1071
391
77
300
804
730
291
376
276
1046
884
64
215
299
284
115
996
515
899
648
220
611
827
732
228
794
247
201
1006
648
515
825
876
538
609
116
194
964
1069
616
38
967
488
1085
254
376
999
232
651
279
970
269
78
645
819
787
632
605
50
345
340
412
890
425
212
885
1051
430
89
412
888
360
654
584
1015
518
813
645
352
283
481
105
355
724
182
242
1050
440
1116
553
371
830
780
743
89
1031
681
944
585
540
329
642
783
471
69
576
1049
625
178
187
211
949
1037
1115
3
169
863
415
795
1
503
725
907
182
209
1076
646
309
506
1039
305
1044
637
217
816
1005
926
139
671
23
360
100
501
953
1057
211
687
52
1030
1102
112
711
399
1024
352
536
224
299
864
31
817
627
0
848
116
1017
789
660
234
239
855
1044
25
294
348
283
304
107
1099
279
342
455
601
830
1066
196
514
91
113
869
1020
1078
164
553
1119
1098
757
959
61
808
791
844
83
1034
685
361
1084
659
297
419
206
668
248
488
1024
290
719
181
