735
170
461
533
1033
1040
746
351
363
193
847
1026
25
583
294
40
63
1019
847
537
908
134
740
886
599
887
951
980
687
273
888
515
424
479
619
968
710
881
152
79
268
506
855
523
121
372
963
376
998
1059
777
199
299
344
760
155
792
133
200
521
529
1058
453
241
570
178
52
504
46
795
398
512
749
480
550
1112
248
745
1045
481
1114
248
31
472
1015
229
964
229
412
1009
85
135
599
1051
883
878
403
471
418
118
794
847
151
1107
780
884
426
632
457
64
627
940
22
900
90
669
935
1094
85
323
973
718
989
602
1024
1032
322
132
379
1035
147
1110
603
642
490
601
181
822
314
755
47
115
644
1110
968
680
442
562
151
1037
93
189
1108
1071
613
722
722
77
836
951
507
146
664
812
527
984
1032
721
569
13
964
189
807
148
692
966
626
726
923
306
811
360
872
748
15
804
344
401
814
857
88
178
4
744
126
967
736
459
970
825
937
704
562
180
209
972
1007
102
501
1014
218
476
191
134
884
352
626
88
647
751
909
966
237
1073
887
285
49
684
832
845
475
732
94
187
781
443
718
138
806
244
579
1024
1086
12
480
181
776
67
961
653
993
980
335
854
91
1123
405
461
634
992
179
414
300
16
471
339
476
553
694
752
17
215
377
832
405
533
940
623
589
164
519
30
55
933
483
1061
163
819
152
466
331
536
144
948
425
841
738
853
457
309
739
312
204
513
122
596
952
659
300
811
872
719
893
29
832
420
364
332
118
1076
731
931
63
1010
480
101
215
112
69
1017
710
573
372
530
119
821
631
1084
596
1035
339
103
502
353
304
1110
1072
931
65
874
387
964
757
825
306
498
685
327
672
734
717
579
1119
1000
915
367
580
219
725
348
329
784
815
386
844
432
1083
315
452
918
650
1087
1104
674
219
620
1028
589
75
579
182
620
345
660
643
887
25
488
633
397
842
399
147
117
758
148
87
216
1075
178
1017
912
1075
258
708
649
1086
940
864
497
250
237
190
107
1107
488
304
150
846
94
37
792
9
415
184
659
1043
455
1021
770
30
792
902
973
225
159
688
1100
482
146
1017
1020
69
674
450
484
93
791
328
1016
354
194
775
340
798
417
514
943
615
171
685
930
959
651
541
420
533
1006
463
555
1002
1118
1037
840
787
830
583
358
622
885
136
284
1022
507
243
1077
432
641
890
809
1086
46
407
403
4
798
339
1118
854
584
89
803
1013
527
587
209
291
64
527
853
608
876
606
1081
1117
563
694
1087
365
102
584
615
475
714
646
788
847
163
449
252
296
1022
56
942
969
950
889
1001
509
567
445
523
346
322
943
521
162
334
222
1053
269
700
1001
769
331
516
750
211
711
518
693
676
145
404
839
1079
28
281
53
145
229
113
355
1061
615
30
965
485
173
156
202
469
256
991
1001
477
254
491
472
82
889
637
7
814
322
1052
157
256
806
530
266
345
810
493
834
427
597
138
1063
187
86
892
81
802
466
510
314
360
531
576
961
37
889
554
1031
1087
149
364
544
146
640
975
748
323
585
706
189
907
133
985
1121
507
577
46
194
540
546
1077
1089
821
304
331
679
894
149
408
719
1111
752
640
279
232
686
98
589
333
142
359
287
287
915
537
29
56
1009
24
692
998
364
66
454
950
479
93
601
213
504
231
742
496
1061
80
715
783
561
338
565
870
155
772
876
226
390
1031
452
678
1089
374
132
128
1114
93
880
1047
158
50
350
415
912
256
49
555
969
821
443
698
11
305
841
301
915
268
336
272
758
1062
525
304
602
1008
978
46
81
175
151
933
566
777
821
858
855
936
832
893
702
122
978
13
159
536
639
60
117
422
884
604
299
858
1057
552
301
113
479
898
451
802
306
235
555
392
725
178
1070
751
40
852
261
994
992
496
482
965
659
617
643
537
818
374
434
243
198
27
616
573
228
281
691
882
1064
113
651
219
698
662
592
661
696
888
1016
130
202
97
25
888
251
831
298
832
375
541
1037
1018
796
864
884
160
638
80
940
1117
883
210
971
1008
38
611
152
555
1102
450
92
690
605
324
783
581
246
304
828
607
488
412
78
872
795
610
339
856
903
883
452
435
1090
539
836
40
170
1021
595
965
695
737
966
824
13
951
907
572
701
185
89
684
1096
862
863
337
86
1012
928
799
674
379
108
317
600
832
1094
272
86
558
532
591
949
155
826
693
305
1040
490
1023
598
583
431
359
973
50
422
101
1065
628
615
155
294
713
560
463
236
82
625
475
357
289
1064
755
25
511
40
254
12
560
215
1015
1088
568
609
293
1034
1094
682
585
773
773
574
678
129
379
50
374
754
614
123
643
1048
26
667
846
795
600
266
266
773
388
889
776
120
561
960
771
450
268
728
408
367
731
934
1094
420
477
1019
657
303
778
328
767
454
28
376
94
840
519
517
787
43
86
584
938
103
267
589
124
180
357
799
1061
498
933
581
94
80
68
515
462
1042
938
245
827
104
968
528
276
1105
525
512
1118
176
815
1116
969
564
900
842
461
560
946
386
379
859
1088
454
1062
246
331
153
1115
197
409
478
549
430
394
114
485
871
323
670
474
546
579
281
250
452
326
932
28
296
1095
874
594
315
408
669
476
381
724
636
190
577
1093
949
207
552
516
343
225
206
782
487
472
405
601
827
600
164
867
255
