0
5
3
5
6
10
9
7
10
12
13
12
12
13
14
17
19
19
19
23
24
22
23
25
26
25
30
30
30
32
30
34
34
38
37
37
36
39
38
40
44
46
43
44
45
46
47
50
53
52
54
55
57
53
54
59
60
61
61
59
62
63
67
68
65
66
69
71
69
70
73
76
77
76
77
79
80
80
79
79
82
83
83
85
89
90
88
88
89
93
93
94
94
98
96
100
96
101
99
103
100
101
102
107
105
105
109
111
108
109
113
113
112
116
118
120
117
120
118
123
124
123
122
124
128
126
128
132
130
131
130
134
134
136
135
135
141
141
142
142
143
144
144
148
147
146
151
149
148
150
153
152
152
153
158
156
160
161
160
162
165
165
166
166
165
165
166
171
168
171
173
173
175
174
174
179
177
178
182
179
183
182
185
187
189
188
189
191
190
190
191
196
196
196
199
197
200
201
201
201
201
201
207
204
205
207
207
211
212
212
212
214
214
213
216
218
216
222
221
224
224
225
222
224
226
229
229
232
233
231
234
232
236
238
234
237
239
237
238
240
244
241
246
244
245
249
251
247
251
253
253
256
252
253
255
258
261
262
262
259
260
263
264
263
266
270
269
269
269
272
273
274
273
277
278
280
279
280
278
281
281
283
285
287
287
285
291
289
288
289
292
296
296
294
294
296
299
300
298
303
305
303
307
303
307
306
308
311
312
309
311
316
315
318
316
317
316
317
318
319
322
324
326
325
324
325
328
328
332
330
333
332
337
334
337
336
340
340
338
339
344
344
345
348
349
345
351
347
349
353
355
351
353
357
354
356
360
359
360
359
364
366
365
364
369
368
371
368
370
371
371
375
376
378
375
378
378
382
381
382
383
384
382
386
386
385
391
392
388
391
391
394
393
395
396
397
397
400
398
401
400
404
404
407
405
409
410
408
413
410
411
412
413
418
416
416
416
418
422
420
424
424
424
424
428
426
426
427
430
429
434
435
437
438
437
439
438
441
439
440
443
446
447
444
447
445
449
451
450
454
450
452
453
458
454
460
458
461
461
462
465
464
464
464
464
470
469
472
471
469
472
476
477
473
478
479
478
481
482
481
480
481
482
487
485
490
488
487
488
493
494
491
494
495
495
495
500
498
502
502
502
502
506
503
506
510
508
510
513
511
513
511
517
515
519
515
518
517
523
521
522
522
525
526
528
528
528
528
530
532
530
533
532
537
538
540
539
537
541
539
541
541
545
544
548
550
550
551
549
552
555
553
556
553
555
558
560
558
562
562
560
564
565
564
564
566
567
568
572
572
572
572
572
578
577
577
576
582
579
580
581
585
586
583
588
589
586
588
588
593
594
594
595
594
599
595
597
601
599
602
603
606
604
606
606
608
609
607
611
609
610
616
612
613
617
616
621
618
620
620
623
622
623
625
627
625
630
630
632
633
633
631
635
634
638
638
639
638
643
643
644
642
642
644
648
649
649
652
650
651
654
651
652
658
655
660
660
659
658
661
660
665
664
667
667
670
669
670
670
671
674
672
676
673
676
678
676
682
678
683
680
686
685
688
685
690
689
690
692
693
692
696
693
697
695
699
697
698
698
704
701
702
703
707
706
709
708
707
713
709
712
716
713
717
714
716
720
718
720
724
720
726
724
723
724
730
730
732
728
734
731
733
733
734
736
739
739
737
742
743
740
741
744
744
745
745
747
751
750
754
753
756
755
753
755
760
760
758
763
763
761
762
762
764
765
766
771
768
768
770
771
775
776
774
775
780
780
779
779
784
785
786
784
785
785
789
786
789
790
794
791
793
796
793
799
797
798
797
801
799
801
802
806
806
807
807
806
809
812
810
813
815
816
815
814
819
820
817
821
821
823
826
827
824
826
826
827
831
831
834
835
831
834
834
835
838
837
838
841
841
841
844
847
843
848
845
850
848
852
850
852
856
855
858
855
857
860
861
861
861
860
864
863
867
867
869
869
871
870
870
874
876
874
874
874
880
879
878
881
880
880
882
884
883
886
885
890
887
889
890
890
891
894
898
895
895
900
898
900
900
904
906
907
908
907
908
906
909
912
912
910
916
914
913
915
915
920
921
921
924
923
923
926
927
928
930
927
927
931
932
934
932
934
936
936
938
940
939
940
942
943
946
942
947
949
948
949
951
952
949
952
956
953
958
955
959
958
958
961
963
964
961
965
968
966
967
968
972
970
971
975
973
977
974
978
977
980
978
982
982
982
983
986
984
984
990
987
992
990
989
992
993
993
994
994
996
1000
997
1001
1001
1002
1006
1006
1005
1006
1010
1008
1012
1010
1011
1010
1011
1016
1013
1018
1015
1018
1020
1022
1019
1020
1021
1024
1023
1027
1025
1027
1027
1032
1029
1032
1035
1036
1034
1034
1035
1041
1041
1039
1039
1042
1046
1047
1044
1046
1048
1049
1051
1049
1051
1055
1054
1056
1058
1055
1057
1061
1058
1061
1063
1062
1065
1064
1063
1065
1070
1069
1070
1071
1070
1072
1075
1076
1075
1076
1079
1080
1081
1079
1079
1081
1083
1084
1085
1089
1088
1088
1088
1091
1093
1093
1093
1096
1094
1099
1098
1100
1102
1102
1101
1100
1106
1102
1108
1106
1106
1107
1111
1113
1112
1110
1115
1117
1114
1117
1117
1117
1119
1120
1122
1124
1124
1122
1127
1125
1126
1128
1129
1133
1130
1130
1132
1133
1135
1138
1136
1140
1141
1141
1143
1142
1143
1142
1147
1149
1145
1147
1149
1150
1152
1152
1151
1157
1155
1157
1155
1159
1158
1162
1160
1161
1164
1165
1168
1166
1166
1170
1168
1169
1169
1174
1172
1177
1173
1177
1180
1177
1181
1179
1181
1182
1186
1187
1187
1189
1190
1188
1189
1189
1191
1192
1194
1197
1193
1197
1197
1199
1197
1198
1199
1201
1204
1205
1203
1205
1208
1211
1212
1209
1210
1213
1213
1215
1218
1216
1217
1217
1220
1222
1223
1225
1222
1227
1227
1225
1225
1228
1232
1228
1234
1233
1236
1235
1236
1235
1240
1238
1239
1242
1244
1245
1243
1244
1248
1244
1247
1247
1248
1248
1252
1255
1251
1253
1258
1256
1257
1258
1257
1263
1262
1265
1263
1266
1266
1269
1267
1266
1267
1270
1272
1274
1275
1274
1275
1279
1275
1278
1279
1282
1284
1282
1284
1285
1287
1285
1285
1288
1289
1289
1290
1294
1296
1296
1293
1297
1295
1299
1302
1298
1304
1305
1305
1305
1308
1304
1307
1309
1307
1312
1310
1311
1311
1316
1316
1317
1316
1319
1320
1320
1319
1325
1326
1326
1327
1328
1328
1331
1328
1328
1330
1331
1334
1337
1338
1336
1335
1340
1342
1338
1344
1341
1345
1343
1346
1345
1346
1350
1352
1350
1349
1351
1356
1353
1356
1354
1358
1358
1362
1360
1364
1363
1361
1362
1367
1367
1369
1371
1368
1373
1369
1372
1374
1373
1374
1375
1375
1378
1380
1378
1382
1380
1382
1383
1387
1386
1387
1391
1392
1392
1391
1390
1394
1397
1397
1397
1399
1398
1398
1400
1403
1404
1403
1404
1407
1405
1410
1411
1408
1410
1410
1415
1412
1412
1417
1419
1419
1417
1417
1418
1423
1423
1421
1422
1423
1429
1426
1431
1431
1431
1434
1434
1436
1435
1433
1439
1436
1437
1438
1443
1444
1443
1441
1447
1445
1445
1450
1448
1448
1449
1450
1455
1455
1454
1453
1455
1460
1458
1461
1460
1459
1464
1466
1462
1464
1465
1469
1469
1468
1472
1469
1471
1474
1474
1474
1476
1476
1478
1481
1478
1479
1482
1483
1482
1484
1488
1488
1487
1488
1493
1491
1490
1496
1493
1496
1494
1498
1501
1498
1502
1501
1501
1501
1507
1503
1504
1506
1506
1512
1512
1512
1513
1513
1512
1513
1519
1515
1516
1517
1520
1521
1525
1522
1523
1526
1524
1529
1530
1530
1531
1531
1533
1532
1533
1536
1538
1540
1537
1538
1543
1543
1544
1545
1543
1548
1546
1546
1546
1547
1550
1553
1551
1553
1552
1557
1558
1555
1559
1562
1560
1560
1563
1562
1566
1567
1567
1568
1571
1567
1571
1573
1574
1574
1577
1575
1578
1576
1576
1577
1579
1581
1584
1585
1582
1585
1588
1589
1589
1592
1593
1589
1593
1592
1596
1595
1599
1599
1598
1598
1601
1604
1602
1601
1607
1606
1605
1606
1608
1609
1610
1609
1614
1613
1617
1618
1616
1615
1616
1619
1623
1624
1625
1622
1626
1626
1627
