0
3
5
6
4
5
11
11
12
12
10
11
14
14
18
17
18
18
23
24
25
26
27
23
26
26
30
31
33
29
31
35
35
35
38
37
38
41
40
43
41
41
46
43
44
49
51
51
48
49
50
51
56
56
55
55
58
58
60
63
64
63
65
65
69
67
70
67
69
74
70
72
76
77
76
80
81
77
80
79
80
83
83
84
88
89
90
91
93
90
92
91
92
96
94
99
99
101
103
103
103
102
106
105
105
107
106
107
113
111
110
115
115
118
115
117
118
117
118
122
123
124
125
123
124
129
127
129
128
134
134
131
135
133
135
135
136
138
141
140
145
142
147
148
148
147
150
151
148
152
151
156
152
157
159
156
161
157
158
160
161
161
167
167
168
168
167
172
170
170
173
172
174
174
178
178
179
181
179
184
181
181
183
183
187
186
188
187
189
189
191
191
194
193
199
197
199
199
199
201
203
205
204
208
208
210
209
211
213
212
215
212
216
216
215
215
221
218
220
220
221
226
227
227
226
230
230
229
233
230
230
232
236
237
235
236
241
240
238
240
242
242
246
248
245
245
250
251
250
253
253
254
255
258
259
260
259
261
258
260
263
261
267
267
268
265
268
268
273
273
274
272
273
274
274
279
280
280
282
284
281
286
282
288
287
285
290
292
292
293
291
293
292
296
296
300
299
297
298
302
303
303
306
303
309
308
308
308
308
314
314
316
317
314
317
316
317
322
322
321
321
326
327
324
325
326
329
332
331
330
332
331
333
333
339
339
339
338
343
343
340
345
344
345
347
346
349
352
352
352
350
352
354
353
357
357
359
361
359
362
362
362
366
365
367
365
371
368
372
373
371
374
377
378
376
377
381
381
382
384
385
386
385
385
388
385
388
392
390
394
394
391
395
397
398
396
398
399
399
403
401
404
406
403
408
408
409
408
409
410
413
414
412
413
419
420
416
422
420
422
425
424
422
427
424
430
427
431
428
430
435
433
436
438
439
435
436
441
439
441
442
445
446
448
446
445
449
450
449
453
453
453
452
455
458
458
459
459
458
460
463
466
467
463
469
468
470
467
471
472
471
473
475
473
475
480
481
479
481
483
480
484
485
488
488
489
488
492
490
489
495
493
497
498
496
496
496
497
500
503
503
505
504
508
505
506
507
510
510
513
510
512
512
513
517
519
519
519
523
522
521
522
522
523
526
526
531
528
529
534
532
531
535
535
534
535
541
541
540
540
540
545
546
546
546
549
550
547
553
552
554
555
553
557
557
557
557
562
561
564
564
565
563
564
568
569
566
570
569
574
574
575
573
574
578
577
577
580
581
579
581
581
587
587
588
590
587
587
593
591
591
592
592
597
594
600
600
599
600
601
604
605
602
606
606
607
609
609
609
609
611
614
614
613
618
617
616
620
620
620
622
624
626
624
624
626
631
627
632
630
634
633
633
638
635
638
641
641
638
644
641
641
645
644
644
646
646
652
650
653
650
656
653
657
657
657
658
660
662
659
664
661
664
665
666
668
670
670
669
673
671
674
677
676
679
677
679
681
678
684
682
683
683
687
687
685
687
689
690
689
695
694
695
694
694
697
699
698
700
700
700
701
704
708
708
710
707
712
708
713
715
716
714
715
717
719
720
722
721
720
721
723
724
724
724
728
731
732
731
731
734
732
736
738
738
739
737
742
740
743
745
745
746
748
746
745
746
752
749
750
755
753
756
754
758
760
758
760
759
760
763
766
762
765
769
767
766
772
771
770
772
773
776
775
776
777
780
780
779
782
783
782
782
786
789
786
788
790
788
789
795
793
792
798
795
795
800
800
801
800
804
804
807
807
804
806
811
807
808
812
810
815
813
816
819
820
821
820
818
821
823
823
827
823
825
826
829
828
829
830
834
833
834
835
838
836
839
837
838
842
842
842
843
846
849
849
851
850
853
851
850
854
854
856
858
855
856
858
863
860
863
864
862
868
866
870
871
871
868
869
872
875
872
873
875
880
876
882
881
881
882
881
887
888
887
886
889
890
890
890
891
895
893
895
896
899
896
902
898
904
905
903
905
903
906
906
906
909
909
912
915
914
915
913
914
919
919
919
918
919
920
923
922
924
925
926
930
928
929
934
932
935
934
936
935
939
939
938
942
940
945
944
943
948
946
946
951
951
948
950
953
955
954
954
954
959
957
957
958
961
964
961
962
966
968
967
969
968
968
974
972
976
977
976
974
975
977
980
981
981
984
983
986
983
984
987
991
989
993
991
991
991
995
998
995
996
1001
999
998
1004
1000
1004
1004
1008
1008
1006
1006
1008
1010
1014
1014
1013
1017
1014
1019
1019
1017
1021
1022
1022
1024
1026
1024
1025
1025
1025
1031
1029
1032
1031
1032
1032
1033
1035
1039
1037
1041
1039
1041
1039
1041
1043
1042
1043
1046
1046
1050
1052
1052
1052
1052
1051
1057
1058
1054
1055
1059
1058
1060
1061
1063
1061
1066
1064
1065
1069
1067
1067
1071
1069
1073
1076
1074
1078
1075
1078
1080
1081
1083
1079
1081
1083
1087
1085
1087
1088
1089
1091
1090
1094
1092
1095
1095
1097
1095
1100
1096
1100
1099
1102
1104
1103
1104
1107
1109
1106
1111
1109
1109
1109
1114
1113
1116
1114
1118
1118
1116
1119
1118
1121
1124
1123
1125
1124
1125
1130
1128
1127
1131
1133
1130
1134
1135
1137
1137
1138
1141
1138
1143
1142
1142
1144
1143
1144
1146
1147
1148
1151
1149
1152
1153
1155
1154
1156
1157
1155
1160
1159
1163
1161
1160
1164
1163
1166
1164
1166
1171
1167
1168
1173
1171
1171
1174
1175
1179
1178
1180
1178
1179
1183
1180
1183
1187
1184
1189
1186
1188
1191
1193
1189
1190
1194
1196
1196
1198
1197
1196
1197
1199
1204
1205
1205
1205
1203
1209
1208
1206
1210
1211
1214
1211
1211
1217
1217
1215
1220
1219
1222
1218
1221
1224
1222
1225
1225
1229
1229
1231
1228
1230
1232
1234
1233
1232
1233
1237
1235
1238
1237
1242
1240
1245
1246
1242
1243
1248
1246
1246
1250
1253
1251
1254
1253
1252
1258
1258
1260
1260
1260
1258
1261
1262
1265
1263
1265
1268
1265
1267
1269
1268
1269
1275
1273
1275
1273
1279
1280
1276
1281
1280
1283
1280
1286
1284
1287
1284
1288
1291
1292
1293
1290
1291
1291
1296
1294
1298
1295
1296
1300
1300
1299
1301
1305
1306
1306
1306
1310
1306
1312
1312
1309
1312
1315
1314
1313
1315
1316
1316
1320
1321
1321
1321
1323
1325
1326
1328
1325
1326
1332
1331
1329
1331
1333
1332
1337
1338
1339
1339
1341
1341
1342
1344
1344
1346
1348
1349
1347
1351
1349
1348
1351
1351
1355
1352
1356
1355
1360
1360
1360
1359
1362
1365
1366
1362
1363
1368
1366
1368
1372
1371
1371
1375
1376
1376
1378
1378
1377
1380
1381
1378
1384
1382
1382
1383
1387
1389
1388
1389
1389
1388
1390
1391
1392
1393
1396
1394
1398
1400
1399
1399
1401
1400
1402
1405
1404
1408
1408
1408
1408
1408
1409
1412
1411
1413
1416
1414
1417
1420
1417
1419
1419
1425
1424
1423
1428
1425
1429
1431
1430
1433
1430
1432
1431
1435
1435
1435
1435
1440
1438
1439
1442
1444
1442
1443
1446
1444
1448
1448
1450
1449
1454
1453
1451
1453
1455
1455
1459
1459
1461
1463
1459
1463
1461
1464
1467
1468
1468
1466
1472
1468
1474
1473
1476
1476
1478
1476
1479
1478
1478
1482
1482
1482
1484
1484
1488
1486
1490
1486
1490
1489
1491
1495
1496
1496
1495
1495
1498
1501
1499
1501
1501
1502
1503
1504
1507
1509
1509
1511
1508
1510
1513
1514
1511
1514
1515
1515
1517
1520
1520
1522
1522
1525
1525
1523
1525
1527
1530
1529
1530
1531
1531
1534
1534
1537
1538
1537
1540
1541
1538
1539
1539
1544
1544
1546
1547
1548
1546
1549
1547
1553
1550
1551
1552
1554
1558
1556
1556
1559
1562
1559
1564
1564
1566
1562
1566
1568
1565
1569
1570
1570
1573
1574
1571
1573
1576
1579
1577
1578
1577
1582
1579
1583
1581
1584
1587
1584
1585
1589
1590
1592
1594
1593
1591
1592
1593
1597
1599
1601
1601
1602
1601
1604
1604
1605
1607
1607
1605
1610
1608
1610
1612
1615
1615
1613
1615
1616
1620
1616
1617
1621
1622
1625
1625
1627
1625
1626
