1
4
5
3
4
6
10
10
9
14
10
11
17
18
19
15
21
22
21
20
21
21
23
25
24
26
28
30
33
32
33
34
33
36
39
35
37
39
43
41
45
46
46
45
44
48
49
48
50
50
50
53
56
57
55
60
61
62
63
64
61
66
65
67
69
65
67
67
73
74
74
73
77
77
77
78
76
77
79
84
80
81
87
84
89
87
89
87
90
91
95
95
95
97
95
96
96
101
103
100
103
105
106
106
107
108
108
111
111
109
113
113
115
113
116
116
120
117
120
122
124
126
123
123
128
129
131
132
129
130
135
133
135
138
136
139
138
137
143
141
143
145
146
144
146
150
150
150
152
149
152
154
152
157
159
160
159
162
159
162
165
165
166
165
168
165
167
169
170
174
170
174
173
178
178
175
180
182
181
181
181
186
187
186
187
185
186
191
192
191
194
191
194
193
196
195
198
199
200
199
204
201
205
208
209
209
207
211
209
212
213
211
216
214
219
215
217
218
219
224
225
224
223
227
224
225
231
228
231
231
231
232
237
237
234
240
237
237
243
244
242
244
243
246
247
246
248
248
252
252
254
256
256
254
256
255
256
259
259
262
263
266
262
265
268
270
270
267
271
269
271
274
273
274
277
278
281
282
280
284
280
284
285
286
286
288
289
289
291
291
290
294
293
293
295
297
300
299
302
300
305
305
302
307
304
309
310
308
312
313
315
311
316
318
315
317
319
317
323
319
323
321
325
325
327
326
326
331
330
331
333
333
335
337
334
335
341
340
338
339
342
341
345
348
348
347
348
347
351
351
352
356
356
353
358
355
360
362
363
361
363
364
362
364
365
368
371
371
373
369
375
371
372
377
379
379
379
380
378
382
384
386
382
385
387
390
389
387
392
394
393
394
396
398
399
400
399
400
402
400
400
402
407
406
408
407
406
408
409
411
412
413
414
415
417
418
421
421
423
419
423
426
427
424
424
425
427
432
432
434
431
436
437
438
439
437
441
441
438
443
442
443
443
447
446
448
448
448
453
451
450
454
457
455
455
459
457
458
463
462
463
463
466
467
468
470
469
469
469
472
473
476
476
474
479
476
478
482
483
479
482
482
482
488
486
488
490
491
490
490
492
493
496
494
499
495
501
500
500
503
505
506
507
506
509
509
510
507
508
513
510
516
517
518
519
517
521
517
518
523
520
526
525
527
527
526
530
529
530
531
534
531
535
537
536
538
539
540
540
542
543
541
544
544
544
548
549
550
553
550
551
554
555
554
557
558
559
559
558
559
561
563
564
563
566
570
571
568
571
572
575
575
573
573
574
576
579
580
583
581
582
585
584
585
587
585
590
589
593
594
592
592
594
598
599
595
596
600
599
602
605
604
602
603
605
608
607
609
608
610
613
613
616
614
619
618
616
619
621
620
625
626
626
627
624
630
631
628
628
631
635
631
636
637
638
639
641
640
639
643
640
645
642
644
647
645
648
652
649
649
653
651
657
655
659
655
656
661
663
664
665
663
662
663
668
667
667
672
671
673
670
672
673
674
677
675
680
681
683
681
685
681
684
683
684
688
691
688
689
691
691
693
697
697
697
695
698
699
700
700
703
701
703
707
708
706
711
709
710
714
714
711
713
715
718
715
721
722
719
719
725
725
724
728
726
730
726
727
729
729
733
733
733
733
738
736
736
742
739
739
745
743
744
744
745
750
748
750
749
754
751
756
753
758
758
755
760
757
763
761
762
766
765
765
766
769
767
769
770
773
773
775
775
773
774
780
779
777
781
782
784
785
784
785
788
789
787
788
792
794
794
795
797
797
799
795
799
801
802
803
801
802
803
808
804
807
809
807
809
811
810
811
813
814
815
818
819
819
818
819
823
825
826
824
824
825
831
830
831
829
833
835
836
834
836
837
838
838
842
840
841
843
846
847
849
846
849
851
849
851
852
856
855
857
855
856
858
857
859
862
862
866
863
866
866
865
870
870
873
869
871
872
874
873
875
879
877
879
881
879
882
883
883
886
888
888
888
891
890
890
890
891
895
896
899
898
896
902
902
901
901
902
905
903
905
905
909
908
912
913
911
913
913
914
914
915
916
919
918
920
920
924
923
926
929
930
928
929
932
933
931
935
933
937
936
939
936
941
940
943
940
943
942
948
946
948
951
949
949
949
955
955
952
956
958
956
958
962
959
964
965
961
965
968
968
968
966
972
973
969
975
975
972
974
978
980
979
978
980
980
985
982
982
988
987
989
988
991
993
990
995
994
997
994
997
998
1000
1002
1001
1003
1003
1004
1004
1003
1004
1009
1010
1007
1009
1012
1012
1013
1016
1016
1019
1019
1020
1019
1020
1022
1025
1024
1024
1024
1028
1029
1031
1032
1033
1033
1032
1034
1036
1038
1039
1038
1038
1042
1041
1042
1043
1043
1042
1043
1047
1048
1050
1048
1051
1054
1055
1056
1053
1053
1058
1057
1056
1062
1059
1064
1061
1063
1062
1066
1064
1066
1069
1070
1070
1069
1071
1076
1074
1075
1076
1077
1077
1082
1083
1084
1084
1085
1083
1083
1088
1085
1090
1089
1093
1091
1093
1093
1093
1095
1097
1095
1101
1102
1099
1103
1101
1103
1106
1105
1107
1105
1111
1107
1109
1110
1111
1112
1112
1113
1114
1120
1120
1121
1121
1119
1124
1123
1125
1126
1124
1130
1127
1128
1130
1134
1131
1136
1136
1138
1138
1138
1136
1141
1143
1140
1143
1143
1146
1148
1148
1146
1148
1152
1151
1150
1153
1153
1157
1158
1154
1159
1158
1158
1163
1160
1160
1162
1165
1163
1167
1167
1169
1168
1173
1174
1175
1172
1172
1177
1178
1179
1179
1179
1179
1180
1185
1182
1186
1184
1185
1187
1191
1190
1192
1194
1194
1191
1195
1198
1194
1200
1200
1201
1202
1204
1204
1202
1206
1204
1208
1206
1206
1207
1211
1211
1213
1215
1214
1216
1219
1216
1220
1222
1218
1222
1220
1226
1225
1227
1228
1228
1227
1227
1231
1229
1230
1233
1233
1235
1237
1236
1237
1240
1240
1242
1240
1243
1244
1245
1248
1249
1246
1247
1248
1253
1252
1251
1257
1257
1254
1260
1258
1257
1260
1261
1264
1263
1263
1265
1269
1266
1266
1267
1268
1272
1275
1274
1274
1274
1274
1277
1276
1280
1281
1284
1282
1284
1282
1283
1284
1285
1289
1292
1290
1291
1295
1291
1293
1294
1299
1295
1301
1298
1303
1299
1304
1303
1302
1306
1306
1310
1307
1308
1309
1309
1314
1315
1312
1318
1316
1319
1316
1320
1320
1322
1325
1326
1327
1327
1329
1325
1329
1331
1331
1332
1335
1331
1333
1338
1339
1336
1341
1342
1340
1340
1344
1343
1343
1344
1347
1348
1349
1351
1349
1354
1352
1352
1355
1356
1356
1359
1361
1360
1358
1362
1361
1366
1367
1364
1368
1367
1366
1372
1372
1374
1370
1372
1374
1373
1377
1378
1378
1377
1378
1384
1381
1384
1383
1387
1385
1386
1389
1390
1389
1389
1391
1395
1395
1395
1396
1396
1399
1402
1401
1404
1401
1401
1405
1406
1407
1410
1406
1412
1413
1412
1414
1411
1417
1413
1414
1419
1417
1417
1421
1419
1421
1423
1422
1424
1424
1427
1430
1430
1433
1430
1431
1433
1432
1434
1434
1439
1436
1441
1441
1443
1443
1446
1443
1447
1445
1445
1448
1447
1452
1453
1455
1456
1455
1455
1458
1460
1457
1457
1460
1459
1465
1465
1466
1468
1466
1469
1466
1467
1472
1472
1470
1474
1473
1478
1475
1475
1481
1479
1483
1483
1485
1481
1486
1483
1484
1486
1488
1492
1488
1490
1490
1494
1493
1498
1495
1495
1497
1499
1500
1499
1501
1506
1506
1508
1508
1507
1507
1512
1509
1511
1512
1511
1516
1513
1518
1519
1517
1521
1522
1522
1524
1523
1523
1526
1525
1530
1530
1531
1533
1531
1534
1534
1537
1534
1537
1536
1537
1541
1541
1542
1540
1541
1542
1545
1547
1549
1547
1547
1551
1554
1554
1552
1556
1553
1555
1560
1556
1561
1558
1564
1561
1563
1563
1566
1568
1567
1566
1568
1571
1573
1573
1571
1573
1577
1574
1575
1576
1582
1579
1579
1581
1586
1586
1586
1588
1587
1589
1590
1590
1591
1595
1595
1592
1593
1596
1599
1599
1597
1603
1602
1604
1604
1603
1605
1604
1608
1608
1609
1608
1614
1611
1614
1615
1616
1615
1620
1620
1617
1621
1624
1622
1622
1622
1624
1625
