0
4
7
8
5
9
8
7
10
13
15
16
14
15
16
18
18
19
18
24
21
26
23
23
29
28
29
29
28
34
32
34
34
37
34
38
37
40
41
42
43
44
43
46
48
48
46
50
52
50
52
56
55
57
55
56
59
58
59
62
60
62
66
63
67
70
70
68
71
69
70
75
73
73
76
79
81
78
80
82
83
81
85
85
88
88
91
90
90
93
93
94
92
97
96
99
100
98
98
102
100
103
102
106
108
108
111
111
113
112
115
113
116
114
118
118
121
118
120
123
124
123
124
124
127
130
127
129
128
134
132
132
133
136
135
138
138
137
141
141
145
144
144
143
146
148
146
149
150
149
152
152
155
158
154
156
159
157
159
159
163
165
164
164
164
167
169
171
173
172
171
174
173
177
176
176
177
177
183
179
180
183
186
188
188
190
190
191
192
192
193
196
196
196
196
198
199
201
198
203
205
205
204
207
209
209
207
212
208
214
214
215
212
217
218
218
217
219
219
221
225
224
224
224
228
230
231
228
231
233
232
231
232
237
239
240
240
242
241
243
245
245
244
243
248
249
251
251
252
254
255
254
256
254
255
259
257
261
258
260
262
265
266
266
267
266
267
267
269
273
272
275
272
276
275
280
279
277
281
282
284
283
285
285
285
290
288
289
291
293
295
293
295
294
298
295
299
299
303
299
300
304
307
306
307
309
307
310
310
309
314
312
312
315
318
318
319
318
322
323
322
323
327
325
324
329
329
332
332
332
330
332
337
335
337
339
337
342
340
341
343
344
343
346
347
349
348
351
350
349
353
353
357
356
355
357
360
361
361
363
364
365
362
367
366
368
368
370
372
374
374
373
375
378
374
376
377
378
380
383
385
386
386
385
389
386
386
389
389
394
391
393
397
394
395
397
401
402
398
399
401
404
402
404
407
405
407
410
410
414
414
414
414
416
414
417
416
421
419
424
422
422
425
425
429
427
430
428
431
432
433
434
433
435
435
435
437
438
443
439
443
444
443
443
447
450
447
452
450
453
455
454
453
454
454
458
456
461
461
462
463
461
463
467
467
466
466
468
473
470
472
474
474
474
474
479
479
479
483
481
482
484
482
485
484
485
489
491
490
492
494
495
496
493
498
500
497
498
498
502
500
504
506
504
504
509
511
508
510
513
510
511
517
518
514
516
519
520
521
523
522
526
524
527
525
528
529
532
530
531
534
531
532
535
536
538
537
537
543
539
544
545
547
544
549
550
551
548
548
551
552
552
552
555
559
560
560
558
563
562
561
561
564
567
564
566
567
568
571
573
574
573
576
578
577
577
581
579
579
579
582
581
582
588
584
590
588
589
592
591
590
596
593
594
594
596
599
598
601
601
604
605
605
605
608
608
606
609
612
609
610
612
614
617
614
618
618
617
618
622
622
621
625
625
629
630
627
630
631
629
633
631
635
636
634
635
640
637
640
642
644
642
646
646
645
649
650
649
649
651
651
656
656
654
656
656
660
660
662
661
660
661
662
663
666
669
671
668
670
672
673
673
677
675
677
675
676
678
680
681
685
685
684
687
687
685
687
687
689
690
692
696
692
698
697
699
699
702
699
704
701
705
703
707
709
706
706
712
709
709
715
711
714
716
716
716
717
722
723
723
722
721
723
727
725
729
731
727
728
729
731
734
737
733
737
739
740
737
742
740
740
744
744
748
747
748
749
748
750
749
751
752
752
755
756
760
760
758
762
759
761
763
764
768
764
769
768
769
770
773
774
775
772
774
778
778
776
782
780
783
783
784
786
788
784
787
790
792
788
791
791
791
797
794
797
798
798
800
800
799
802
801
802
807
807
807
806
808
813
813
812
813
814
813
817
819
819
820
818
824
821
821
823
827
827
826
827
831
829
831
834
835
835
836
838
837
837
839
842
844
845
845
847
848
844
846
846
849
848
849
855
856
855
855
859
855
859
858
862
861
862
861
864
864
868
867
871
867
869
874
874
876
872
877
879
877
879
881
881
883
883
881
883
883
884
889
886
887
891
893
893
892
893
898
896
897
897
902
898
899
901
903
904
906
906
905
906
912
910
910
913
913
916
914
917
915
917
920
923
924
924
924
925
926
926
930
927
927
929
934
935
936
933
936
938
939
937
938
939
940
940
944
945
946
948
946
949
948
949
951
950
956
956
956
956
955
960
960
962
962
964
964
962
965
969
969
969
971
972
969
974
972
977
978
975
977
979
980
983
980
980
983
986
985
987
986
986
992
990
992
995
991
997
994
995
997
999
998
999
1002
1004
1003
1003
1008
1006
1005
1009
1008
1012
1010
1013
1014
1017
1013
1018
1015
1016
1020
1021
1021
1020
1021
1023
1024
1025
1026
1026
1030
1029
1030
1035
1031
1036
1037
1038
1038
1038
1042
1043
1043
1041
1042
1043
1045
1046
1045
1047
1050
1048
1049
1051
1055
1052
1054
1056
1060
1057
1057
1058
1064
1062
1065
1066
1067
1064
1069
1066
1072
1068
1071
1071
1074
1073
1073
1079
1079
1078
1078
1078
1083
1080
1085
1086
1088
1084
1090
1086
1089
1091
1092
1090
1096
1092
1093
1094
1097
1096
1097
1103
1102
1101
1102
1107
1106
1108
1110
1108
1108
1110
1111
1112
1111
1115
1118
1117
1119
1120
1119
1121
1124
1120
1123
1122
1123
1126
1129
1127
1131
1129
1131
1131
1136
1133
1137
1134
1136
1139
1137
1138
1140
1144
1143
1144
1143
1144
1150
1150
1149
1151
1153
1153
1155
1155
1154
1155
1157
1156
1158
1158
1162
1161
1163
1162
1164
1166
1167
1168
1171
1172
1173
1170
1173
1177
1175
1178
1179
1176
1179
1183
1184
1185
1182
1186
1187
1185
1186
1189
1192
1191
1194
1190
1194
1196
1196
1195
1196
1197
1201
1199
1202
1202
1201
1207
1205
1207
1208
1208
1208
1208
1213
1214
1214
1216
1213
1217
1219
1221
1219
1220
1221
1223
1224
1227
1223
1226
1230
1228
1229
1233
1232
1235
1232
1232
1238
1237
1239
1237
1238
1241
1240
1245
1246
1244
1245
1248
1246
1248
1251
1253
1253
1250
1256
1252
1258
1258
1260
1256
1257
1261
1260
1262
1265
1262
1264
1267
1265
1271
1267
1270
1272
1273
1271
1277
1275
1277
1276
1280
1280
1279
1279
1284
1282
1285
1288
1287
1288
1291
1292
1290
1291
1295
1296
1294
1294
1295
1298
1299
1299
1303
1300
1303
1304
1306
1306
1308
1305
1306
1312
1309
1313
1315
1314
1317
1315
1318
1317
1320
1319
1321
1319
1324
1321
1325
1328
1325
1328
1331
1328
1329
1331
1333
1333
1337
1335
1338
1336
1336
1339
1343
1342
1343
1343
1342
1343
1347
1345
1349
1348
1353
1354
1355
1352
1352
1358
1356
1358
1360
1357
1362
1364
1361
1363
1366
1367
1366
1370
1368
1367
1373
1369
1373
1371
1373
1377
1376
1379
1377
1377
1378
1379
1384
1383
1383
1386
1388
1387
1386
1392
1388
1394
1391
1391
1394
1397
1398
1398
1396
1397
1400
1401
1401
1402
1406
1404
1405
1406
1411
1411
1413
1413
1414
1416
1413
1415
1416
1420
1416
1419
1422
1424
1422
1425
1425
1427
1426
1426
1431
1427
1430
1430
1433
1433
1433
1438
1434
1438
1439
1438
1439
1442
1442
1443
1445
1447
1446
1448
1446
1449
1448
1453
1451
1453
1456
1458
1455
1459
1456
1462
1458
1464
1461
1465
1467
1464
1464
1468
1468
1467
1470
1472
1474
1474
1476
1475
1474
1480
1480
1481
1478
1481
1483
1484
1482
1486
1487
1488
1487
1487
1488
1490
1490
1491
1493
1493
1496
1500
1499
1502
1500
1502
1504
1504
1503
1504
1506
1509
1508
1510
1508
1509
1513
1512
1513
1517
1518
1516
1517
1517
1518
1519
1525
1524
1525
1523
1524
1528
1531
1529
1529
1532
1535
1531
1535
1537
1536
1538
1538
1540
1538
1543
1544
1546
1546
1544
1545
1550
1551
1548
1550
1552
1550
1553
1555
1553
1559
1556
1560
1558
1561
1564
1564
1566
1565
1563
1565
1567
1571
1572
1569
1574
1571
1576
1576
1577
1579
1579
1581
1579
1583
1582
1583
1581
1586
1588
1585
1590
1588
1589
1590
1590
1594
1593
1593
1593
1598
1598
1597
1600
1599
1599
1600
1604
1607
1606
1607
1606
1607
1612
1611
1612
1610
1612
1616
1615
1616
1620
1617
1619
1622
1624
1623
1622
1627
1626
1625
