2
1
6
4
8
7
7
12
13
12
13
11
14
15
14
17
21
22
20
21
22
22
25
23
25
30
27
27
33
34
32
35
34
34
37
38
38
40
42
40
43
42
43
47
47
49
50
52
48
49
52
51
54
53
54
57
60
60
61
60
64
63
65
65
68
68
66
71
71
71
72
71
73
76
78
79
81
77
83
82
85
83
85
87
85
86
88
89
89
92
92
95
94
98
97
100
97
97
100
104
100
101
102
105
106
110
111
109
111
110
113
115
112
118
114
118
116
117
122
119
121
122
127
124
125
128
131
131
132
129
130
132
135
133
137
138
141
141
143
142
141
143
144
143
146
147
146
147
153
150
154
153
152
156
158
155
156
162
160
162
160
161
164
167
164
168
170
170
173
169
171
174
174
173
174
175
181
177
182
183
182
182
182
187
187
185
190
187
189
191
195
194
196
196
195
199
196
199
200
202
205
202
204
208
205
205
208
211
208
213
210
214
212
217
217
216
218
218
223
220
223
226
222
225
227
226
226
232
233
232
231
231
235
238
237
239
238
242
241
240
243
243
244
248
244
246
246
250
253
249
252
253
252
257
258
258
256
261
261
262
260
265
264
265
264
267
267
269
271
272
273
276
273
277
276
279
280
277
278
281
285
286
285
283
286
285
290
292
288
293
293
295
292
298
299
297
301
300
300
304
304
302
302
303
304
309
311
311
310
309
312
315
315
316
316
319
320
319
323
320
322
325
324
328
328
328
326
327
332
330
333
333
333
338
338
335
340
341
342
342
343
345
342
346
345
345
351
349
348
354
355
351
354
356
356
356
361
357
358
360
365
362
363
367
369
365
370
368
368
374
372
373
376
374
379
375
380
377
380
382
380
382
384
387
389
387
388
389
390
389
390
396
396
398
394
397
401
400
399
402
400
405
403
403
406
405
410
409
412
413
411
415
414
414
414
417
420
422
423
420
424
424
427
424
426
429
426
427
430
432
434
435
433
438
435
435
437
442
442
443
442
446
444
444
445
450
450
450
451
449
450
452
453
457
457
455
459
459
462
460
463
466
464
465
466
465
466
471
470
472
471
476
474
473
478
479
477
478
478
483
483
481
487
486
487
488
487
489
492
494
490
492
494
495
498
500
497
502
502
504
500
501
506
503
508
507
511
512
510
512
515
511
513
518
518
516
519
522
521
522
523
523
527
528
525
525
527
528
529
534
530
532
532
537
538
536
538
540
538
543
542
544
545
543
549
545
550
551
550
550
551
553
554
553
555
556
558
561
561
559
562
566
566
564
569
565
567
571
573
572
570
573
572
576
578
579
577
578
578
581
585
583
582
585
587
587
590
589
588
593
595
596
594
595
597
598
596
601
602
603
605
601
603
606
606
608
610
611
613
612
615
614
615
618
617
615
618
622
620
623
621
626
622
623
629
628
630
631
631
629
634
631
635
638
636
637
638
637
643
640
645
643
646
643
648
649
647
652
653
652
651
652
652
654
659
660
659
658
662
660
663
663
667
668
664
668
668
672
672
671
670
674
674
677
674
679
679
680
681
684
680
684
682
684
687
690
686
690
689
691
690
696
697
696
698
700
700
699
702
699
702
701
705
704
708
709
711
710
709
713
710
711
714
718
716
718
716
720
722
720
721
723
726
728
728
729
727
732
732
729
732
732
733
734
736
739
738
741
742
740
744
744
746
744
745
748
749
747
751
752
751
752
755
757
757
760
760
762
758
760
762
762
765
766
765
767
768
771
768
770
772
774
777
775
777
776
781
779
779
783
781
786
785
784
784
790
787
789
792
791
794
795
792
793
797
796
798
797
800
799
801
801
802
804
805
809
811
812
812
812
810
814
815
818
815
815
820
820
823
821
824
826
826
826
828
828
828
828
831
829
833
834
836
838
834
838
839
837
840
843
840
841
847
845
845
848
846
852
849
850
855
853
852
855
854
858
856
861
858
861
865
865
865
863
864
867
869
868
868
871
871
871
874
876
875
879
877
882
880
882
884
884
886
885
888
890
889
891
892
893
893
895
893
896
897
896
897
902
900
903
902
904
904
906
905
910
910
911
908
913
913
914
916
917
916
920
916
921
923
919
921
924
922
928
926
925
929
927
929
934
935
933
936
938
939
940
939
939
939
942
941
945
946
943
946
947
950
947
950
951
951
953
953
957
958
955
956
961
961
961
961
965
966
964
965
965
970
968
968
973
970
975
976
977
974
975
976
977
981
983
980
983
983
985
988
986
989
987
990
990
995
994
993
997
999
999
996
997
998
999
1000
1005
1006
1004
1005
1005
1008
1012
1011
1010
1013
1013
1015
1015
1017
1017
1020
1019
1018
1024
1022
1024
1025
1024
1024
1028
1026
1031
1029
1034
1031
1031
1034
1037
1036
1036
1039
1041
1043
1042
1041
1046
1043
1045
1046
1047
1047
1052
1052
1050
1052
1056
1053
1055
1059
1056
1059
1058
1062
1060
1064
1064
1067
1068
1066
1066
1069
1072
1071
1071
1074
1076
1076
1075
1077
1075
1078
1077
1082
1084
1080
1081
1087
1084
1085
1089
1088
1090
1091
1094
1093
1094
1095
1097
1097
1096
1101
1100
1100
1100
1104
1102
1106
1108
1105
1105
1106
1109
1110
1109
1114
1113
1115
1113
1119
1117
1118
1120
1121
1122
1123
1124
1122
1128
1126
1128
1130
1132
1131
1129
1132
1133
1135
1135
1137
1135
1141
1137
1142
1141
1140
1142
1147
1145
1144
1148
1151
1147
1153
1151
1151
1153
1157
1154
1159
1156
1159
1157
1159
1164
1162
1166
1165
1168
1166
1170
1169
1169
1173
1173
1172
1174
1175
1174
1175
1179
1178
1180
1182
1179
1182
1185
1183
1184
1184
1187
1186
1190
1190
1191
1192
1191
1193
1198
1196
1200
1201
1197
1202
1201
1202
1203
1207
1204
1208
1207
1211
1212
1210
1209
1214
1215
1216
1213
1214
1215
1220
1220
1220
1220
1221
1226
1223
1225
1224
1227
1229
1231
1232
1229
1232
1232
1233
1233
1235
1236
1240
1241
1243
1242
1242
1246
1242
1246
1246
1246
1249
1251
1250
1252
1250
1255
1257
1256
1255
1258
1258
1258
1258
1263
1265
1265
1264
1265
1269
1266
1270
1269
1272
1269
1274
1275
1274
1273
1279
1280
1280
1280
1278
1281
1283
1281
1286
1284
1287
1285
1291
1291
1292
1293
1295
1296
1297
1294
1296
1299
1299
1298
1298
1301
1301
1304
1306
1307
1307
1309
1310
1308
1309
1313
1311
1312
1316
1315
1316
1316
1316
1320
1320
1320
1321
1321
1323
1327
1326
1328
1326
1328
1329
1330
1332
1332
1334
1334
1339
1338
1338
1342
1340
1342
1340
1344
1344
1348
1346
1350
1349
1348
1348
1353
1352
1352
1357
1353
1355
1360
1360
1362
1361
1363
1363
1364
1363
1368
1367
1367
1369
1368
1372
1370
1372
1375
1376
1378
1376
1378
1381
1379
1383
1384
1382
1383
1382
1383
1387
1388
1388
1390
1388
1391
1394
1394
1396
1393
1395
1395
1399
1400
1399
1400
1404
1402
1405
1404
1407
1408
1407
1407
1410
1409
1412
1412
1416
1418
1414
1419
1418
1419
1421
1423
1420
1422
1424
1423
1424
1425
1429
1432
1429
1429
1430
1433
1437
1437
1434
1440
1440
1437
1438
1444
1440
1446
1443
1444
1445
1449
1448
1447
1450
1449
1455
1453
1456
1453
1459
1460
1456
1460
1459
1463
1461
1463
1462
1468
1466
1469
1467
1471
1469
1469
1474
1475
1472
1478
1474
1478
1477
1479
1478
1479
1480
1484
1484
1486
1487
1485
1486
1492
1491
1493
1491
1491
1492
1493
1499
1497
1499
1497
1503
1502
1504
1506
1502
1503
1508
1507
1509
1511
1511
1513
1511
1511
1512
1515
1518
1517
1519
1521
1522
1523
1523
1524
1525
1524
1524
1530
1528
1527
1533
1530
1532
1534
1534
1536
1536
1535
1539
1539
1540
1543
1545
1542
1546
1548
1546
1546
1551
1549
1552
1549
1553
1554
1555
1556
1556
1556
1556
1561
1558
1562
1564
1564
1562
1564
1566
1565
1569
1571
1572
1569
1571
1575
1575
1577
1578
1578
1576
1580
1578
1582
1585
1585
1583
1584
1588
1590
1589
1587
1590
1591
1591
1591
1592
1593
1594
1598
1600
1598
1600
1600
1601
1603
1603
1603
1604
1608
1609
1612
1608
1610
1612
1615
1617
1618
1618
1615
1617
1620
1622
1622
1622
1626
1625
1624
1624
