2
4
7
8
9
8
8
7
13
14
15
15
17
16
14
15
18
20
23
24
21
25
27
26
28
29
27
27
31
33
31
35
34
38
39
35
41
38
40
40
43
42
43
43
47
50
46
48
52
49
51
52
56
57
54
57
56
61
61
63
62
63
62
63
69
67
67
72
70
72
73
73
72
74
77
80
80
78
78
80
83
81
84
85
86
86
88
89
92
90
91
94
95
93
94
98
101
97
102
104
103
104
106
108
108
109
107
112
110
110
115
114
117
113
119
117
119
120
123
119
125
126
125
128
127
130
128
130
129
132
132
136
136
135
135
137
140
141
139
140
142
145
144
144
144
147
150
147
153
153
155
154
156
153
156
156
157
162
162
163
161
162
166
163
165
169
169
167
170
173
170
175
173
173
175
176
181
181
183
181
181
183
182
183
186
187
189
189
193
193
195
196
196
198
194
197
201
202
203
199
204
202
206
205
208
207
206
211
213
212
212
213
216
215
218
219
219
220
221
222
222
221
223
227
229
228
228
230
230
232
231
236
232
234
235
239
241
241
242
242
240
243
243
245
247
250
248
249
249
254
253
251
255
254
254
260
257
257
262
261
261
265
263
263
267
269
270
269
270
269
270
272
275
278
277
276
281
278
279
282
283
282
285
283
284
289
290
292
293
289
290
291
297
297
296
296
297
302
299
303
304
306
302
303
307
308
309
309
310
311
311
313
317
316
314
317
318
319
323
324
322
324
324
323
326
329
329
329
329
334
335
335
332
334
339
335
339
337
342
341
345
343
342
348
349
347
350
347
349
354
350
353
357
354
355
359
356
359
359
359
365
361
365
363
364
369
368
367
371
369
371
375
375
376
375
378
381
382
379
381
383
381
385
384
384
389
387
387
388
394
390
394
397
395
395
397
396
399
401
401
400
402
405
408
407
408
406
407
410
412
410
412
416
417
418
418
421
420
423
421
425
423
423
425
428
430
431
428
430
434
432
435
432
435
437
437
438
439
439
440
443
445
444
445
447
448
449
449
449
454
451
456
456
454
459
460
458
460
460
460
463
466
463
464
469
465
471
470
472
471
473
476
473
474
475
476
481
478
480
482
484
482
485
487
489
489
491
489
493
494
494
495
495
496
499
497
499
498
499
504
505
502
506
505
508
506
507
512
513
512
514
515
512
515
517
518
519
521
519
524
521
522
525
525
525
525
527
527
533
534
535
536
537
537
535
536
536
537
539
543
545
543
547
548
544
550
550
551
548
553
555
554
552
555
557
555
561
561
563
562
565
562
567
567
569
570
567
572
570
571
570
575
576
577
576
578
576
581
583
580
584
582
582
584
586
590
587
589
589
593
591
596
595
595
598
598
596
597
602
601
600
601
603
605
609
606
606
611
608
614
614
613
613
618
619
617
621
617
619
622
620
626
623
625
625
630
631
630
628
630
635
636
637
635
639
636
641
637
641
643
642
641
644
644
649
649
651
648
650
653
651
655
654
654
657
660
661
657
661
661
663
661
662
664
666
665
671
670
673
672
675
676
674
676
677
678
678
678
681
682
682
681
687
685
688
687
687
690
692
692
692
695
695
694
697
700
697
697
703
704
702
706
706
704
706
706
706
712
708
710
711
714
714
718
716
717
721
721
720
722
723
726
722
723
728
729
730
729
728
729
730
734
734
738
736
735
739
739
740
743
744
744
745
748
748
749
750
752
750
751
753
751
752
754
757
758
756
759
763
763
764
764
765
768
769
765
768
767
770
774
770
771
775
775
776
778
776
779
779
781
780
783
787
784
787
786
788
789
793
790
794
796
796
793
799
795
798
800
798
799
802
806
803
803
804
806
810
809
809
811
811
816
814
816
815
817
819
818
822
820
822
822
825
826
827
830
827
829
833
830
831
831
837
833
838
838
837
839
841
840
840
845
845
848
848
846
851
848
851
853
854
853
857
857
859
856
860
857
863
859
865
865
863
865
869
865
866
868
871
874
875
874
872
873
879
879
880
880
880
880
884
881
882
888
885
887
890
890
891
892
895
895
897
894
894
899
898
899
902
903
904
906
907
908
905
906
906
910
911
909
911
913
917
918
916
915
919
919
923
919
921
925
926
925
925
930
928
930
929
930
933
936
933
937
934
936
936
940
941
941
941
942
945
945
945
950
948
951
952
950
954
956
954
958
956
958
959
961
960
963
962
961
963
967
968
968
967
968
970
971
973
973
972
974
975
975
978
977
979
981
982
986
986
985
988
988
991
990
993
990
994
996
993
993
997
998
996
997
1003
1001
1004
1002
1005
1008
1009
1010
1006
1011
1008
1014
1011
1011
1016
1013
1019
1018
1018
1020
1022
1023
1023
1025
1027
1028
1029
1026
1027
1032
1030
1030
1031
1036
1036
1035
1039
1038
1036
1041
1040
1043
1043
1043
1042
1044
1044
1048
1046
1049
1051
1052
1055
1054
1055
1058
1057
1058
1059
1060
1059
1060
1064
1065
1064
1068
1064
1065
1071
1069
1069
1069
1072
1076
1077
1075
1074
1080
1077
1078
1078
1081
1080
1083
1087
1086
1089
1086
1089
1089
1091
1094
1093
1093
1097
1096
1098
1098
1099
1099
1099
1104
1102
1106
1102
1108
1108
1105
1108
1111
1109
1112
1111
1112
1116
1116
1118
1116
1121
1121
1120
1123
1121
1123
1125
1126
1124
1130
1129
1128
1132
1131
1132
1135
1134
1137
1138
1136
1139
1138
1139
1139
1144
1141
1144
1145
1146
1148
1150
1148
1149
1153
1155
1152
1156
1157
1159
1158
1157
1157
1159
1160
1165
1164
1162
1166
1169
1167
1167
1172
1173
1170
1170
1174
1172
1174
1176
1178
1180
1181
1181
1180
1183
1182
1187
1185
1184
1186
1188
1190
1192
1190
1191
1191
1197
1196
1194
1195
1198
1202
1199
1202
1202
1204
1207
1205
1208
1209
1206
1208
1211
1209
1210
1212
1212
1216
1214
1216
1217
1218
1220
1223
1224
1222
1223
1224
1224
1229
1228
1230
1233
1229
1233
1236
1236
1235
1234
1240
1238
1242
1242
1244
1242
1245
1243
1248
1249
1246
1251
1248
1248
1249
1254
1251
1257
1255
1259
1256
1261
1261
1261
1263
1262
1264
1267
1268
1265
1267
1271
1268
1269
1271
1274
1271
1276
1276
1279
1276
1278
1280
1280
1281
1282
1285
1286
1284
1287
1287
1290
1289
1292
1293
1291
1295
1295
1297
1296
1298
1301
1298
1298
1304
1302
1302
1305
1306
1308
1305
1307
1310
1309
1312
1315
1311
1314
1313
1316
1320
1318
1319
1320
1321
1324
1324
1326
1324
1325
1326
1330
1332
1328
1332
1335
1335
1335
1338
1337
1340
1336
1342
1340
1339
1344
1342
1347
1345
1349
1346
1347
1349
1352
1354
1350
1353
1352
1357
1357
1359
1358
1362
1359
1363
1360
1364
1367
1364
1368
1368
1368
1371
1373
1372
1375
1375
1374
1374
1379
1376
1377
1377
1383
1384
1382
1385
1386
1385
1386
1390
1391
1391
1392
1393
1394
1391
1394
1393
1399
1399
1401
1398
1401
1399
1405
1405
1406
1403
1407
1406
1406
1407
1410
1411
1413
1411
1417
1415
1414
1420
1419
1422
1419
1420
1424
1422
1424
1427
1424
1430
1426
1429
1428
1432
1434
1433
1436
1438
1437
1439
1440
1440
1439
1441
1441
1445
1447
1443
1448
1445
1446
1451
1453
1450
1455
1451
1453
1453
1457
1458
1458
1460
1461
1461
1463
1466
1467
1468
1468
1466
1469
1471
1469
1473
1473
1474
1475
1478
1477
1475
1479
1482
1482
1483
1484
1482
1486
1484
1486
1488
1487
1487
1488
1489
1494
1494
1497
1494
1494
1500
1497
1498
1503
1500
1503
1503
1506
1508
1506
1505
1508
1507
1509
1513
1513
1514
1512
1516
1519
1518
1517
1522
1523
1519
1525
1524
1523
1527
1527
1525
1531
1532
1532
1533
1534
1531
1534
1538
1537
1539
1539
1537
1539
1539
1543
1545
1547
1545
1549
1547
1549
1548
1548
1551
1550
1554
1557
1555
1558
1555
1558
1559
1561
1562
1562
1562
1563
1566
1566
1567
1569
1567
1569
1574
1574
1575
1577
1577
1577
1578
1579
1578
1582
1582
1583
1581
1582
1585
1589
1585
1591
1591
1591
1591
1590
1596
1596
1594
1596
1596
1601
1602
1600
1599
1604
1603
1607
1607
1605
1608
1607
1611
1613
1614
1612
1614
1617
1618
1616
1615
1616
1617
1619
1621
1623
1622
1624
1627
1629
