4
2
4
3
4
6
9
11
8
14
13
14
13
18
14
15
19
18
23
22
24
25
24
28
27
29
31
28
31
33
32
31
36
33
34
37
38
37
42
43
40
46
44
47
46
49
48
49
50
53
53
52
53
54
54
55
57
57
62
60
61
63
65
63
66
67
66
69
70
71
72
71
76
78
76
77
76
77
79
79
82
81
83
88
87
89
90
89
93
92
94
92
94
98
97
100
99
101
99
102
101
102
107
106
106
109
107
107
111
111
111
114
114
113
117
120
121
117
122
121
122
125
126
124
127
130
129
132
132
129
135
134
133
135
135
137
137
137
139
141
143
144
145
147
149
146
148
149
148
154
152
153
157
154
156
156
160
162
162
164
163
162
162
164
165
169
171
170
172
169
170
171
176
178
174
177
179
178
179
179
184
181
185
185
184
187
191
192
188
193
194
196
193
197
196
198
199
197
201
204
202
204
205
206
208
210
210
211
212
214
213
216
214
216
219
218
221
217
218
223
220
225
225
224
229
230
228
228
230
234
234
235
236
238
238
240
240
238
238
243
240
246
243
247
244
245
247
247
252
252
254
256
252
253
254
257
258
257
259
259
264
263
264
263
266
267
268
269
270
271
271
273
272
277
276
278
278
277
280
279
284
282
287
287
289
287
291
288
293
293
292
293
294
295
299
299
301
298
301
301
302
305
304
303
307
305
309
310
310
313
310
315
312
318
318
320
320
318
323
322
324
321
323
328
327
325
326
330
332
333
334
332
332
338
339
337
337
338
343
343
341
345
346
343
346
346
348
350
349
351
352
355
354
358
355
356
360
357
361
363
364
362
366
364
368
368
366
368
372
372
371
371
372
374
374
376
378
378
379
383
383
385
384
383
385
385
388
390
391
394
393
391
397
397
398
399
400
398
403
399
400
404
404
406
404
405
409
408
413
414
415
411
417
414
418
416
418
421
418
422
421
422
422
423
426
430
430
427
429
434
430
434
434
437
437
440
438
438
443
439
443
444
443
444
444
448
446
449
452
454
455
456
452
458
457
457
459
457
458
464
465
466
462
464
464
466
469
472
471
473
470
475
473
475
475
479
481
481
479
479
482
486
482
488
487
490
490
489
491
493
491
495
496
494
497
498
501
501
500
499
503
503
502
504
506
508
508
510
508
509
514
513
514
516
515
517
517
521
523
520
524
522
523
524
524
529
527
531
532
533
530
534
536
536
538
538
540
537
543
540
543
542
547
548
546
547
551
552
548
553
554
553
553
556
558
556
557
559
562
564
561
564
566
563
564
569
568
569
571
573
571
576
573
578
576
576
580
581
583
581
581
584
586
586
586
590
586
590
588
589
594
592
595
593
596
597
597
599
602
599
604
606
605
606
606
605
606
607
612
611
611
613
614
615
618
620
617
622
622
620
625
621
624
623
628
625
630
629
629
630
634
633
636
638
638
636
637
642
638
640
642
642
642
645
648
646
649
652
651
651
652
653
652
658
657
660
656
657
663
660
662
666
666
666
666
668
670
672
671
669
674
674
676
675
676
680
681
680
683
684
682
686
682
687
686
685
690
687
693
694
694
691
696
694
699
698
698
698
698
704
700
704
702
707
708
706
709
710
709
713
714
713
712
718
716
718
719
719
718
723
721
723
726
728
729
728
728
728
729
733
734
734
734
737
738
738
738
738
740
741
743
745
743
743
746
745
750
752
749
753
752
753
753
758
758
759
761
762
759
763
765
761
762
768
765
769
768
772
770
772
773
774
772
777
778
777
776
782
781
779
781
783
784
785
785
786
789
788
791
790
790
796
794
794
795
797
796
802
800
801
801
804
805
804
804
810
806
811
810
814
811
816
812
817
818
817
818
818
820
819
824
821
827
827
824
825
828
829
831
831
833
835
837
835
838
839
839
840
838
841
840
844
844
845
848
845
849
849
848
850
850
854
857
858
858
860
859
859
859
861
865
863
865
868
867
868
867
871
870
870
873
874
877
878
878
877
878
877
880
880
885
885
883
887
889
886
890
891
891
892
891
894
894
898
899
898
900
897
901
903
905
902
903
907
909
907
907
909
908
909
910
912
912
917
917
916
917
922
920
923
920
925
927
928
928
928
928
928
928
929
930
932
932
938
936
940
940
940
943
939
940
942
944
945
945
946
947
949
949
954
950
954
956
958
956
959
956
957
959
964
962
966
962
963
965
966
971
968
970
974
971
974
976
976
979
975
977
981
979
979
981
982
982
984
986
989
986
989
990
992
993
991
994
995
998
997
1001
1001
998
1003
1001
1006
1006
1004
1009
1007
1011
1009
1010
1013
1012
1012
1013
1015
1014
1015
1016
1021
1021
1022
1022
1023
1026
1023
1027
1028
1030
1027
1033
1032
1034
1035
1034
1035
1038
1036
1038
1042
1040
1041
1043
1044
1044
1043
1047
1046
1046
1047
1048
1050
1054
1055
1057
1055
1056
1058
1056
1060
1060
1063
1061
1063
1062
1063
1064
1067
1067
1070
1070
1073
1071
1072
1075
1077
1074
1076
1079
1080
1079
1084
1080
1086
1087
1084
1085
1085
1089
1092
1089
1094
1090
1093
1096
1093
1096
1095
1097
1101
1098
1100
1100
1101
1105
1107
1105
1109
1106
1109
1110
1109
1112
1112
1112
1116
1114
1120
1116
1119
1119
1122
1120
1125
1126
1124
1129
1130
1126
1128
1129
1133
1130
1133
1133
1137
1136
1137
1139
1140
1139
1139
1140
1141
1147
1144
1146
1146
1146
1147
1150
1150
1155
1153
1153
1156
1157
1158
1158
1162
1159
1163
1164
1161
1164
1163
1168
1166
1166
1168
1172
1170
1170
1175
1176
1177
1179
1176
1181
1180
1183
1181
1180
1182
1182
1184
1185
1185
1189
1190
1188
1192
1192
1192
1197
1194
1196
1195
1198
1201
1203
1203
1205
1205
1203
1203
1209
1207
1210
1208
1210
1213
1210
1211
1217
1218
1219
1219
1221
1217
1220
1224
1222
1226
1222
1226
1224
1229
1227
1232
1231
1234
1234
1236
1232
1236
1239
1240
1240
1240
1243
1240
1242
1241
1246
1247
1247
1249
1249
1249
1250
1249
1250
1251
1255
1253
1255
1257
1256
1262
1263
1262
1264
1264
1262
1266
1267
1270
1266
1272
1272
1273
1271
1271
1273
1276
1277
1275
1280
1279
1280
1283
1280
1286
1284
1284
1284
1286
1288
1290
1292
1290
1294
1296
1293
1295
1295
1300
1296
1302
1303
1299
1305
1304
1303
1308
1304
1310
1306
1311
1308
1313
1314
1314
1315
1313
1319
1320
1318
1317
1322
1322
1323
1322
1323
1323
1326
1328
1330
1332
1328
1333
1331
1336
1334
1336
1336
1335
1337
1337
1338
1339
1341
1341
1342
1348
1346
1345
1346
1348
1348
1352
1353
1351
1355
1357
1354
1359
1356
1359
1363
1361
1364
1361
1367
1367
1365
1366
1368
1368
1371
1372
1373
1376
1377
1376
1374
1379
1379
1377
1380
1379
1382
1383
1382
1388
1388
1385
1388
1387
1388
1391
1393
1391
1394
1396
1399
1396
1399
1400
1403
1402
1400
1404
1407
1407
1406
1406
1411
1408
1408
1412
1412
1412
1417
1413
1415
1415
1416
1417
1422
1423
1423
1423
1422
1424
1428
1430
1430
1432
1431
1429
1433
1435
1434
1433
1436
1439
1436
1441
1441
1444
1443
1442
1445
1448
1444
1450
1448
1450
1448
1449
1450
1451
1454
1458
1455
1455
1460
1462
1462
1462
1461
1463
1465
1465
1466
1470
1467
1471
1471
1474
1472
1476
1476
1474
1479
1475
1479
1479
1481
1483
1483
1481
1483
1484
1484
1486
1486
1491
1490
1491
1494
1492
1497
1496
1499
1495
1500
1502
1499
1502
1504
1504
1503
1507
1507
1510
1508
1509
1511
1511
1512
1514
1517
1517
1518
1517
1518
1518
1523
1519
1522
1522
1523
1526
1529
1527
1527
1529
1528
1530
1532
1535
1532
1538
1535
1538
1539
1539
1538
1541
1540
1544
1544
1546
1546
1547
1548
1548
1548
1552
1555
1551
1557
1557
1559
1558
1560
1560
1558
1559
1562
1561
1566
1568
1566
1565
1566
1567
1568
1570
1575
1573
1573
1577
1575
1578
1581
1577
1582
1583
1584
1583
1584
1583
1584
1588
1590
1592
1589
1594
1594
1591
1596
1598
1598
1597
1601
1599
1602
1602
1605
1605
1605
1607
1607
1610
1608
1607
1613
1611
1610
1611
1616
1613
1616
1618
1621
1617
1620
1624
1625
1622
1624
1625
1625
