5
1
5
4
7
8
7
12
11
10
12
13
13
18
16
18
21
20
18
21
23
24
23
25
25
30
26
27
33
31
31
31
34
35
38
40
39
40
43
40
43
43
43
45
48
47
46
47
51
54
55
52
56
58
56
57
58
61
63
59
60
65
67
63
66
68
70
71
73
70
70
72
74
74
77
79
76
79
80
81
80
83
85
88
87
88
91
91
89
91
91
91
93
96
96
96
100
98
101
103
100
105
106
106
105
105
107
112
113
109
114
112
117
115
116
120
121
121
119
123
121
121
125
127
129
130
128
129
130
133
134
135
135
136
139
137
140
138
139
141
144
142
147
146
148
146
148
151
153
149
150
151
156
154
154
155
156
157
159
161
162
162
164
166
165
165
167
168
173
174
171
172
177
178
176
176
181
181
179
180
185
182
185
185
188
190
187
192
193
190
190
193
197
198
195
198
197
198
201
201
201
201
206
206
207
210
208
212
211
213
212
215
216
216
219
216
219
220
220
222
221
224
223
225
225
226
228
230
228
231
234
232
234
234
234
239
241
240
243
243
240
245
242
245
244
247
249
251
252
252
250
254
255
254
258
257
261
262
259
264
262
265
267
265
268
270
267
268
269
273
272
275
274
278
277
279
277
277
282
280
280
284
282
285
287
287
286
287
290
289
292
295
297
296
294
299
298
299
303
304
302
305
305
306
307
308
311
309
310
313
315
315
313
318
319
315
316
318
321
320
322
322
325
324
328
327
331
332
331
331
335
335
335
337
335
338
340
341
340
344
341
343
344
343
349
348
349
352
353
351
354
354
353
356
357
358
359
361
360
359
365
364
367
365
368
368
371
368
369
370
372
374
374
374
378
375
379
382
379
383
384
386
387
384
387
389
387
391
393
391
395
393
395
394
395
396
399
397
399
403
401
403
406
408
407
409
411
412
408
413
412
412
417
414
415
417
420
418
420
419
422
424
425
425
429
426
429
432
432
434
434
433
433
436
438
435
439
440
439
443
445
443
446
445
445
447
448
449
449
454
450
454
456
455
459
459
457
459
462
461
462
466
463
464
466
465
470
469
468
469
475
471
475
473
476
480
477
482
480
482
480
486
487
484
488
489
489
489
490
492
494
492
495
493
496
498
498
502
498
499
505
506
502
503
504
505
508
509
508
512
514
512
512
515
517
519
520
520
518
523
524
525
526
526
528
529
526
527
533
533
533
532
532
534
539
539
536
538
541
543
544
543
544
548
547
547
547
551
550
551
551
553
557
558
557
558
556
558
563
559
564
563
567
567
567
569
570
568
573
574
573
576
577
573
578
578
578
582
580
582
580
586
582
585
589
585
587
591
591
591
594
593
596
598
599
597
598
602
600
602
602
605
605
604
605
610
608
608
610
614
610
614
614
618
614
615
616
619
621
622
622
622
622
623
625
626
627
629
628
633
633
631
635
634
635
636
638
642
639
639
640
644
647
645
647
647
648
650
650
650
653
652
654
655
659
658
661
657
661
661
662
663
666
663
664
667
667
671
670
669
671
675
676
673
675
677
677
680
682
682
680
681
686
685
685
690
691
692
688
689
692
691
693
695
695
695
699
699
699
700
700
702
705
708
708
710
711
709
710
711
712
716
713
717
714
719
721
719
720
724
720
726
725
725
726
728
727
732
729
732
730
736
736
736
736
739
740
742
742
744
742
746
745
745
746
750
750
748
751
753
750
753
757
753
757
759
758
761
762
762
763
764
767
767
765
770
766
772
770
772
772
772
772
774
776
777
778
779
779
783
780
784
785
785
785
786
790
790
793
793
795
796
792
798
795
795
801
797
803
799
804
802
804
806
807
806
807
812
810
812
810
816
817
816
815
819
818
820
819
823
824
822
823
827
825
827
828
831
833
834
835
835
833
835
836
837
837
839
840
841
845
846
844
844
849
846
850
850
850
854
850
855
857
853
856
857
856
861
862
863
862
864
864
867
865
865
871
872
871
872
871
873
876
874
877
877
876
879
880
884
884
882
884
883
887
889
889
890
889
891
895
892
896
895
897
896
897
898
901
902
902
901
907
906
907
910
910
912
911
912
912
911
914
915
918
920
921
921
921
920
924
923
925
928
928
925
926
932
928
933
932
932
935
936
936
936
939
941
943
941
941
941
944
943
944
950
946
948
948
951
953
951
956
953
956
957
960
960
958
960
961
966
963
968
967
968
971
971
968
974
971
976
976
973
974
978
977
980
979
980
984
986
985
986
987
986
990
990
991
993
994
994
995
997
995
995
996
997
1003
1002
1003
1006
1004
1007
1008
1010
1006
1008
1008
1012
1010
1012
1017
1016
1015
1020
1016
1017
1019
1023
1025
1025
1026
1026
1027
1026
1027
1032
1031
1031
1032
1035
1032
1036
1035
1035
1038
1040
1043
1043
1044
1044
1046
1044
1048
1046
1046
1048
1052
1049
1051
1053
1054
1056
1059
1055
1061
1058
1060
1060
1061
1061
1067
1064
1069
1070
1066
1067
1073
1070
1073
1073
1077
1077
1079
1080
1079
1078
1079
1080
1083
1085
1087
1086
1087
1087
1088
1091
1089
1092
1094
1091
1094
1094
1097
1100
1099
1102
1103
1103
1101
1103
1103
1105
1104
1110
1111
1107
1113
1109
1115
1112
1114
1116
1114
1119
1120
1120
1123
1121
1125
1126
1125
1125
1129
1126
1130
1127
1133
1130
1135
1136
1136
1133
1139
1135
1138
1141
1142
1139
1145
1141
1146
1147
1146
1149
1146
1151
1153
1153
1153
1154
1154
1154
1155
1158
1160
1160
1160
1159
1163
1163
1162
1164
1164
1168
1168
1167
1172
1173
1171
1172
1176
1175
1176
1180
1177
1177
1181
1181
1183
1184
1186
1187
1184
1186
1191
1192
1192
1190
1194
1196
1192
1195
1198
1199
1198
1197
1202
1204
1202
1201
1203
1207
1206
1206
1209
1209
1213
1211
1211
1216
1216
1217
1215
1219
1217
1222
1221
1222
1224
1221
1225
1226
1228
1225
1231
1228
1230
1233
1234
1236
1235
1238
1235
1235
1241
1239
1238
1243
1242
1246
1244
1246
1246
1246
1248
1249
1249
1249
1254
1256
1253
1254
1257
1259
1257
1262
1263
1262
1265
1266
1262
1263
1265
1270
1268
1268
1269
1271
1272
1275
1277
1278
1276
1275
1276
1277
1282
1284
1282
1286
1284
1286
1284
1287
1288
1290
1288
1294
1295
1292
1295
1298
1294
1297
1301
1298
1299
1300
1303
1304
1303
1308
1308
1309
1311
1311
1312
1314
1314
1315
1317
1314
1315
1318
1317
1317
1319
1320
1325
1322
1324
1323
1329
1329
1328
1330
1331
1332
1333
1336
1335
1336
1336
1337
1339
1338
1341
1343
1340
1341
1345
1344
1347
1348
1348
1347
1350
1354
1355
1352
1353
1354
1355
1357
1360
1358
1358
1361
1360
1363
1367
1367
1364
1366
1366
1369
1368
1374
1375
1376
1376
1374
1378
1375
1381
1379
1383
1380
1384
1382
1386
1385
1386
1389
1388
1392
1392
1391
1390
1394
1395
1397
1394
1398
1396
1400
1399
1399
1405
1404
1402
1406
1409
1406
1410
1407
1411
1409
1414
1415
1412
1413
1418
1418
1417
1422
1423
1422
1421
1421
1425
1427
1427
1427
1426
1430
1428
1430
1432
1431
1436
1436
1439
1440
1441
1442
1442
1443
1445
1442
1447
1446
1448
1448
1447
1449
1453
1453
1455
1455
1457
1454
1456
1458
1460
1460
1458
1461
1460
1464
1467
1464
1465
1470
1466
1469
1469
1469
1471
1472
1476
1476
1474
1479
1478
1480
1478
1480
1483
1482
1486
1487
1484
1490
1491
1491
1489
1492
1495
1496
1492
1494
1496
1495
1499
1502
1503
1503
1500
1506
1504
1504
1509
1506
1509
1511
1513
1514
1514
1513
1517
1516
1517
1517
1516
1522
1520
1521
1522
1521
1524
1526
1529
1528
1530
1527
1528
1531
1533
1533
1535
1535
1539
1540
1536
1538
1543
1541
1540
1543
1546
1547
1549
1549
1551
1552
1550
1550
1552
1553
1555
1556
1555
1555
1561
1561
1562
1560
1563
1564
1565
1567
1566
1567
1570
1572
1571
1574
1575
1571
1576
1575
1575
1579
1578
1579
1580
1580
1583
1584
1585
1587
1589
1587
1591
1591
1591
1593
1594
1595
1594
1595
1595
1600
1601
1597
1603
1599
1602
1605
1603
1604
1607
1610
1610
1612
1608
1614
1611
1615
1617
1618
1616
1615
1621
1618
1623
1623
1623
1623
1624
1628
1624
