0
1
2
5
9
6
6
7
8
12
13
12
17
17
15
15
20
17
20
19
21
23
24
26
27
29
31
29
29
31
35
36
35
34
39
38
38
41
40
41
44
44
45
46
48
49
48
52
51
54
53
55
52
58
59
57
60
57
62
61
61
61
64
66
66
65
66
72
71
69
72
71
75
75
76
77
77
78
82
79
80
83
84
85
84
87
89
88
89
90
95
91
95
97
97
98
100
100
101
103
105
101
104
104
106
108
107
107
110
112
110
113
114
113
117
118
121
122
120
120
120
121
125
125
126
128
130
127
132
130
135
135
136
135
134
139
138
137
139
143
141
144
143
147
144
150
150
147
150
154
152
152
153
153
159
156
160
158
163
164
162
164
162
166
164
165
170
168
172
174
172
172
176
175
174
175
176
178
183
180
185
183
182
184
186
187
189
187
188
190
195
193
193
197
196
200
197
197
198
200
204
203
203
208
204
210
211
209
210
212
214
212
217
217
215
215
216
221
222
219
222
222
224
224
226
230
230
228
233
232
235
236
232
233
239
240
236
238
238
244
240
245
245
246
249
248
246
251
252
253
255
254
256
254
258
259
257
258
260
262
265
262
265
266
264
266
270
272
270
271
275
272
274
274
277
275
279
281
279
282
280
284
287
284
286
285
290
288
289
292
293
291
292
297
295
296
298
298
298
301
304
306
305
304
307
306
307
308
309
314
315
316
316
314
315
318
319
321
321
319
322
324
325
327
327
326
329
331
329
329
333
335
335
333
337
337
339
339
342
344
344
341
344
343
347
348
349
349
350
353
352
352
356
355
359
359
361
362
362
363
362
363
366
364
367
367
368
371
372
372
375
372
372
374
379
376
380
377
378
382
380
385
387
383
388
390
387
390
392
394
395
393
395
394
396
396
401
402
398
399
403
405
404
408
408
406
408
408
413
409
415
414
413
416
415
419
419
417
423
422
425
422
425
423
424
428
430
427
429
431
435
435
435
436
436
435
441
440
439
440
445
442
445
444
444
446
451
450
452
451
454
456
457
456
457
457
461
461
459
460
460
463
467
467
468
467
466
469
472
470
470
474
477
474
474
478
476
479
480
484
481
486
482
488
485
486
487
489
490
491
494
493
494
495
498
499
501
502
502
499
502
502
505
505
505
509
510
511
508
514
514
512
512
518
515
520
520
520
520
523
523
526
524
528
529
530
526
530
530
533
534
534
533
535
539
537
541
538
542
539
540
544
545
548
548
549
551
547
553
550
555
552
557
556
554
558
557
562
559
559
564
562
566
567
564
568
571
570
571
573
570
572
573
574
574
576
578
580
578
579
581
585
582
585
585
587
588
592
588
589
593
595
593
596
599
596
599
602
600
599
603
606
603
608
604
605
608
612
610
613
613
614
617
616
619
619
621
617
620
620
622
624
623
624
629
627
629
627
632
634
632
636
634
635
635
637
639
641
641
642
640
643
644
647
644
645
648
648
653
650
652
653
654
657
658
658
657
657
663
664
663
661
662
664
665
667
667
669
668
673
674
672
676
676
675
679
679
682
683
684
683
681
687
685
686
685
686
689
692
692
692
693
696
697
694
697
698
698
702
704
701
701
703
708
707
708
709
711
713
710
715
713
715
718
716
719
717
719
723
720
721
725
727
727
729
725
728
728
732
734
731
731
737
734
734
736
741
741
741
740
741
744
742
746
747
750
748
750
752
754
751
752
753
756
757
756
757
757
762
759
762
764
765
763
765
768
771
769
773
770
772
773
773
775
777
775
780
780
779
780
783
784
782
787
789
786
789
790
791
792
793
791
796
793
799
799
798
797
800
801
805
805
804
807
804
808
806
812
808
809
814
813
812
818
815
815
819
817
822
821
821
823
822
828
827
829
831
828
828
832
832
834
837
838
839
839
836
839
839
844
844
844
847
847
849
846
850
848
850
849
855
853
856
855
855
858
858
862
861
860
862
865
867
867
866
865
869
868
873
870
871
875
874
875
876
876
876
879
879
881
882
882
883
883
884
886
888
887
893
890
893
894
896
894
894
900
896
901
903
901
900
903
907
903
906
906
910
909
911
912
910
916
915
916
916
919
917
920
918
921
920
924
925
923
926
925
928
928
928
930
934
933
934
938
939
937
941
938
938
939
943
945
947
944
946
946
949
949
949
951
955
954
952
957
954
959
956
961
960
964
964
962
963
963
967
966
967
971
971
969
975
976
975
974
977
975
976
977
978
980
981
982
983
983
986
990
988
989
991
990
992
994
996
996
998
997
1000
999
1002
1004
1004
1005
1004
1004
1004
1009
1010
1008
1010
1012
1011
1014
1015
1017
1019
1015
1016
1018
1018
1020
1024
1026
1025
1028
1028
1026
1030
1032
1030
1031
1033
1034
1035
1037
1039
1040
1037
1038
1043
1041
1040
1043
1045
1046
1046
1047
1051
1047
1049
1051
1052
1055
1057
1053
1058
1055
1056
1062
1061
1064
1065
1063
1062
1065
1066
1066
1071
1068
1068
1074
1072
1075
1077
1078
1076
1076
1079
1078
1080
1083
1085
1083
1083
1084
1089
1085
1086
1088
1093
1090
1091
1096
1092
1098
1096
1100
1100
1097
1101
1100
1100
1102
1102
1104
1108
1109
1110
1111
1109
1110
1114
1112
1115
1117
1115
1116
1116
1122
1118
1123
1121
1126
1123
1128
1126
1129
1126
1128
1128
1134
1130
1134
1137
1133
1137
1138
1141
1140
1142
1142
1145
1141
1147
1143
1144
1145
1151
1151
1148
1150
1151
1156
1156
1157
1157
1155
1160
1160
1160
1162
1164
1161
1163
1167
1167
1168
1171
1168
1173
1169
1171
1171
1173
1178
1179
1177
1179
1180
1182
1181
1184
1186
1184
1185
1186
1186
1187
1192
1192
1192
1194
1194
1194
1198
1197
1198
1200
1199
1203
1202
1201
1203
1207
1205
1208
1208
1207
1210
1210
1210
1214
1214
1214
1217
1218
1219
1219
1218
1218
1224
1224
1226
1225
1225
1224
1225
1230
1230
1231
1229
1233
1236
1237
1236
1236
1237
1237
1240
1243
1243
1245
1246
1245
1246
1245
1249
1247
1251
1249
1249
1255
1253
1256
1258
1259
1259
1261
1259
1263
1264
1263
1263
1266
1263
1266
1267
1269
1267
1271
1271
1272
1272
1272
1277
1278
1278
1280
1278
1280
1281
1282
1285
1286
1286
1286
1288
1287
1287
1289
1294
1291
1296
1294
1295
1299
1297
1299
1302
1298
1304
1301
1303
1306
1303
1306
1310
1306
1312
1313
1312
1314
1311
1312
1317
1316
1315
1319
1320
1322
1322
1325
1322
1325
1325
1324
1325
1328
1332
1330
1331
1335
1335
1336
1338
1337
1338
1341
1340
1341
1342
1345
1342
1345
1346
1345
1346
1347
1352
1352
1352
1352
1356
1353
1354
1358
1358
1359
1357
1363
1359
1361
1365
1363
1368
1369
1365
1370
1368
1373
1370
1374
1372
1377
1373
1379
1379
1377
1378
1379
1379
1383
1381
1386
1383
1386
1385
1389
1391
1389
1393
1395
1393
1393
1398
1394
1397
1397
1402
1402
1402
1403
1401
1406
1406
1405
1409
1406
1409
1410
1412
1414
1412
1417
1414
1416
1415
1419
1422
1423
1421
1423
1422
1423
1426
1426
1430
1426
1428
1432
1430
1433
1432
1434
1438
1435
1439
1441
1440
1440
1440
1440
1442
1444
1448
1447
1449
1447
1452
1448
1452
1453
1451
1454
1455
1454
1456
1457
1458
1460
1461
1460
1466
1462
1463
1467
1469
1466
1470
1470
1471
1473
1476
1473
1478
1476
1478
1480
1480
1479
1480
1484
1483
1485
1487
1488
1487
1491
1492
1493
1492
1494
1495
1496
1494
1496
1498
1497
1501
1503
1504
1505
1501
1502
1505
1506
1509
1507
1511
1510
1510
1511
1515
1514
1518
1517
1518
1516
1519
1518
1520
1522
1523
1525
1527
1526
1528
1528
1530
1528
1534
1531
1533
1537
1535
1539
1535
1537
1539
1540
1542
1544
1545
1543
1545
1547
1546
1547
1548
1548
1550
1550
1552
1552
1558
1557
1556
1559
1559
1560
1561
1560
1563
1565
1565
1566
1569
1569
1572
1572
1572
1570
1576
1573
1577
1577
1575
1576
1581
1580
1582
1580
1585
1583
1583
1588
1586
1589
1587
1591
1591
1590
1594
1595
1594
1594
1596
1597
1601
1599
1604
1601
1603
1607
1606
1608
1609
1610
1610
1611
1611
1610
1616
1613
1616
1615
1620
1616
1619
1619
1624
1622
1621
1624
1624
1624
