1
3
7
6
8
9
10
10
11
9
12
14
16
17
14
15
17
19
21
24
21
23
22
26
29
30
29
30
28
32
32
34
32
33
39
40
36
39
39
44
41
46
43
44
45
47
50
50
50
54
50
51
56
57
55
60
59
57
60
60
60
64
66
68
64
66
71
72
70
70
74
73
74
74
77
79
80
80
83
82
84
81
86
83
87
86
86
91
92
94
93
92
97
96
97
97
97
100
101
104
104
105
104
105
105
105
108
107
113
112
111
111
114
114
119
118
117
121
123
120
124
126
127
126
125
125
127
131
128
129
133
133
136
136
134
138
140
139
142
140
141
145
144
146
148
146
151
149
152
152
151
155
156
153
158
157
156
157
159
160
162
164
165
165
169
170
166
170
169
173
171
175
173
175
178
180
179
182
178
184
184
182
185
186
189
189
186
187
189
190
193
195
196
196
199
199
196
202
198
203
203
205
204
206
206
210
210
212
211
210
215
215
213
218
219
220
218
219
220
219
220
223
226
225
224
228
230
230
228
232
233
235
232
238
238
240
238
242
242
242
240
244
244
246
249
248
251
248
251
251
250
252
252
255
255
256
260
259
258
263
263
263
262
268
269
268
266
272
268
269
272
274
275
275
274
277
281
281
278
280
282
282
282
287
287
286
289
289
291
292
295
293
297
297
296
297
300
302
303
301
303
306
306
308
306
306
309
310
313
309
311
315
317
317
315
320
321
321
323
320
322
323
324
323
329
325
327
332
329
334
334
335
334
338
339
336
338
342
340
343
340
341
346
346
349
349
348
347
351
354
351
352
357
356
359
357
356
362
358
361
362
363
363
366
365
370
367
372
370
370
373
376
377
373
377
380
379
381
378
379
382
384
384
385
384
390
391
388
388
394
395
391
395
396
395
398
400
401
403
401
405
404
403
408
407
409
409
411
413
411
410
416
413
417
416
417
416
421
419
423
421
423
422
423
429
427
427
431
428
429
431
432
433
434
439
438
439
438
439
441
441
446
445
448
449
448
450
448
452
451
451
451
454
455
458
456
458
459
458
459
463
465
464
463
465
468
469
472
473
474
475
471
473
475
478
476
480
482
478
482
484
481
487
488
488
485
486
489
493
492
490
491
494
494
497
496
500
497
503
503
505
503
504
505
506
505
509
509
513
511
514
514
512
518
516
516
519
519
518
524
525
525
524
527
526
527
528
532
532
530
533
531
535
534
537
535
541
541
540
542
540
545
545
545
546
545
550
549
551
552
553
553
555
553
557
557
560
559
562
563
560
562
564
563
564
567
569
568
571
569
572
574
577
575
577
579
578
579
581
580
580
585
586
588
585
589
589
591
592
590
590
594
592
593
599
595
599
598
600
600
601
603
602
608
606
609
607
608
613
609
611
616
613
613
616
618
620
619
620
624
625
624
622
623
629
628
628
631
630
629
630
633
636
636
637
639
641
639
643
643
642
646
643
646
646
646
651
647
650
649
655
655
655
657
657
659
658
657
663
660
663
663
667
663
665
667
667
670
672
674
670
675
672
678
675
680
677
682
679
680
685
682
686
688
685
685
687
688
689
689
693
696
692
696
694
698
699
698
698
700
700
701
702
708
709
706
709
709
708
714
710
712
712
713
714
716
720
720
718
719
724
725
722
723
725
727
728
732
731
730
735
735
733
736
737
740
741
738
743
741
741
745
744
748
748
748
747
747
751
753
752
755
755
757
754
755
761
757
758
763
764
766
766
767
765
766
767
768
768
773
773
771
774
776
776
775
776
778
782
781
780
785
784
784
787
785
788
787
793
794
795
792
797
797
794
795
798
802
803
799
800
804
805
805
807
805
806
812
813
814
812
811
815
816
817
817
821
819
821
819
824
822
823
827
824
828
830
832
830
831
830
831
837
838
836
836
836
840
839
843
845
845
844
845
847
847
851
847
849
853
854
854
856
855
854
857
861
861
862
860
863
861
862
868
869
866
870
869
870
870
870
871
874
873
875
877
881
878
878
879
883
882
884
884
888
886
886
891
888
891
895
894
895
896
899
897
901
901
901
902
904
905
905
903
906
908
911
910
908
910
914
912
914
914
914
919
917
918
919
924
924
923
927
926
928
928
930
928
933
932
933
934
933
936
936
935
941
940
939
941
944
942
946
943
947
945
946
950
951
952
955
953
953
956
959
959
959
959
959
962
963
961
962
966
964
969
968
967
969
969
975
971
973
974
976
978
979
981
978
984
982
986
987
986
985
986
989
987
992
991
995
991
995
995
994
999
997
999
998
999
1000
1001
1002
1008
1005
1006
1008
1012
1011
1013
1014
1011
1017
1013
1016
1018
1016
1019
1021
1019
1023
1023
1024
1025
1027
1026
1031
1027
1028
1031
1033
1033
1037
1035
1037
1039
1037
1042
1043
1041
1040
1046
1042
1046
1044
1045
1051
1047
1048
1051
1053
1053
1055
1054
1057
1058
1059
1058
1059
1062
1062
1064
1065
1063
1064
1069
1070
1068
1072
1072
1075
1073
1074
1073
1075
1079
1077
1080
1078
1083
1085
1084
1082
1088
1089
1088
1087
1092
1093
1090
1093
1092
1096
1097
1094
1096
1096
1099
1103
1104
1100
1102
1106
1107
1105
1109
1107
1111
1109
1114
1112
1113
1114
1117
1119
1120
1117
1120
1121
1119
1125
1124
1125
1126
1127
1127
1126
1131
1132
1131
1132
1133
1137
1135
1136
1137
1140
1138
1138
1144
1143
1142
1143
1145
1148
1150
1150
1148
1151
1152
1150
1155
1152
1157
1155
1157
1156
1157
1161
1164
1162
1165
1167
1163
1164
1167
1168
1167
1169
1171
1174
1174
1174
1178
1176
1177
1181
1177
1183
1179
1182
1183
1184
1183
1189
1189
1191
1187
1190
1189
1193
1191
1194
1198
1197
1198
1200
1202
1203
1201
1204
1205
1203
1204
1206
1207
1210
1208
1213
1210
1210
1212
1213
1214
1219
1216
1218
1222
1220
1220
1225
1224
1227
1224
1225
1227
1227
1230
1232
1232
1235
1236
1232
1237
1237
1240
1237
1238
1240
1240
1242
1245
1245
1243
1249
1245
1246
1252
1253
1251
1250
1255
1254
1255
1257
1260
1260
1259
1258
1263
1264
1266
1266
1263
1269
1267
1270
1270
1272
1269
1270
1271
1276
1275
1275
1275
1281
1277
1278
1280
1281
1286
1282
1286
1286
1286
1289
1292
1292
1291
1294
1296
1295
1298
1298
1296
1296
1301
1298
1303
1304
1301
1306
1307
1306
1309
1307
1312
1313
1314
1313
1313
1315
1316
1318
1317
1318
1322
1323
1321
1325
1324
1327
1323
1324
1328
1326
1330
1328
1330
1332
1335
1335
1337
1336
1339
1339
1338
1339
1340
1341
1343
1346
1344
1347
1347
1347
1347
1350
1354
1351
1354
1354
1353
1359
1356
1356
1358
1361
1364
1364
1364
1367
1365
1369
1367
1367
1369
1370
1373
1370
1376
1372
1376
1374
1380
1376
1380
1383
1380
1385
1382
1382
1383
1384
1387
1388
1388
1388
1391
1390
1393
1395
1393
1396
1398
1401
1402
1402
1400
1405
1401
1406
1404
1408
1407
1407
1410
1413
1409
1410
1414
1414
1416
1415
1419
1416
1421
1423
1423
1423
1422
1423
1428
1425
1426
1427
1427
1432
1430
1432
1434
1434
1436
1436
1437
1441
1437
1443
1439
1443
1441
1447
1448
1447
1450
1448
1452
1451
1449
1452
1456
1453
1453
1456
1455
1458
1461
1461
1461
1462
1461
1462
1464
1469
1470
1471
1468
1468
1473
1474
1474
1475
1478
1478
1480
1480
1481
1480
1481
1483
1482
1482
1484
1484
1486
1487
1487
1488
1490
1492
1491
1494
1495
1496
1497
1499
1502
1500
1504
1505
1506
1506
1508
1504
1506
1507
1510
1509
1509
1513
1516
1517
1516
1518
1515
1517
1519
1520
1520
1523
1521
1527
1523
1527
1527
1530
1527
1528
1533
1534
1534
1534
1537
1536
1536
1537
1540
1539
1544
1540
1543
1546
1544
1549
1548
1551
1552
1548
1553
1551
1555
1557
1553
1554
1555
1559
1560
1562
1564
1560
1564
1564
1567
1569
1569
1569
1569
1569
1571
1574
1571
1574
1577
1574
1577
1577
1581
1583
1581
1582
1582
1584
1587
1588
1588
1590
1590
1592
1589
1590
1591
1595
1595
1596
1599
1600
1597
1602
1602
1600
1604
1605
1608
1606
1607
1607
1612
1613
1614
1611
1611
1617
1615
1618
1616
1617
1619
1618
1621
1620
1624
1625
1623
1625
