1
5
7
7
9
5
8
9
13
12
13
13
16
13
18
16
16
21
21
23
21
24
22
27
26
28
26
31
30
33
32
33
33
36
37
35
38
42
38
40
43
42
43
44
48
46
50
47
50
54
54
55
53
53
55
59
61
62
58
59
65
61
63
65
69
70
71
69
71
72
74
73
73
73
78
76
77
79
78
81
84
86
83
86
84
88
89
89
89
94
91
96
93
95
97
98
97
100
98
104
101
104
105
103
109
107
108
112
111
111
115
114
114
116
114
117
118
121
118
122
121
126
125
127
127
126
130
132
132
130
134
134
137
134
136
140
136
142
143
141
140
142
146
143
148
148
150
147
152
153
152
155
152
158
156
160
156
159
161
163
161
164
162
167
168
165
167
169
169
170
173
171
176
178
175
176
176
182
179
180
180
186
182
186
189
190
188
192
192
192
192
191
197
193
196
198
200
202
203
199
205
202
206
208
204
208
211
207
211
209
211
216
212
218
215
218
217
222
219
224
224
224
225
224
226
229
229
227
232
229
231
234
235
234
234
236
239
240
239
244
240
242
244
245
247
246
249
250
251
251
253
254
256
257
255
259
258
262
263
262
262
266
265
266
269
267
271
267
270
269
274
276
276
273
276
280
277
282
283
280
283
286
286
284
284
288
288
291
289
290
295
291
295
297
299
296
297
298
301
303
305
302
303
307
308
310
310
311
312
313
310
314
312
314
315
318
317
320
318
322
321
324
327
325
327
327
326
330
333
333
332
331
337
337
338
335
341
339
341
344
345
345
345
343
349
349
350
348
349
352
353
352
354
358
359
357
357
358
359
360
363
366
365
364
366
369
370
371
371
371
375
371
374
376
376
379
381
381
379
380
383
386
383
385
385
388
388
390
391
391
390
395
394
396
399
396
401
402
403
403
403
401
404
404
408
408
406
407
410
413
412
415
412
417
419
418
419
421
421
424
424
426
423
426
429
428
430
430
432
434
434
436
432
434
436
440
436
438
439
440
441
441
445
443
444
445
448
452
448
449
454
453
453
455
457
458
456
460
461
463
460
462
467
465
465
467
471
471
468
471
475
473
474
473
479
475
480
480
479
484
485
481
485
487
486
485
487
491
493
491
491
494
497
498
496
500
496
501
498
501
500
501
505
507
504
507
510
510
513
512
514
512
514
515
516
516
516
521
521
522
521
522
524
523
529
530
529
528
529
534
535
531
534
537
537
539
538
538
540
540
540
543
544
545
549
550
551
549
550
552
550
553
552
556
557
557
559
561
561
559
562
566
562
567
568
569
570
571
570
569
572
574
575
578
579
578
579
577
580
579
585
581
587
588
589
588
591
590
593
593
591
593
597
595
597
598
599
597
598
599
602
601
606
605
606
606
608
610
609
614
612
614
612
615
619
618
618
619
620
624
625
626
622
628
628
627
627
628
629
633
633
632
637
635
637
638
639
640
640
644
645
642
643
648
645
649
650
649
649
651
651
652
652
657
656
655
660
658
661
664
660
665
667
663
669
665
667
670
670
670
671
671
675
675
674
677
676
681
681
683
684
682
687
684
687
690
688
690
690
691
694
693
693
695
697
696
699
702
698
701
703
706
705
707
706
706
707
708
708
711
714
715
717
717
718
720
718
717
718
724
724
722
722
728
727
730
728
732
729
731
731
736
734
738
739
737
739
739
741
740
744
743
744
748
746
749
747
748
751
752
750
754
754
755
758
756
761
758
761
763
764
762
762
766
768
769
766
772
768
772
771
774
774
777
779
779
779
778
783
783
785
785
787
785
785
789
790
791
793
793
790
796
794
797
798
798
799
800
800
802
801
803
807
806
808
810
806
808
812
811
813
815
816
817
815
815
817
817
820
824
824
821
826
826
825
830
831
827
829
829
833
831
833
834
836
836
836
839
839
844
845
843
847
845
849
845
850
847
850
851
853
851
853
856
859
858
860
861
861
860
861
862
867
863
866
867
867
868
872
870
870
871
876
876
879
879
880
881
883
884
883
881
887
885
886
889
890
892
891
891
894
895
896
894
895
896
901
901
900
899
901
905
904
905
908
910
908
908
910
909
911
914
916
915
919
918
919
917
920
921
924
921
924
927
929
925
930
931
933
929
931
932
932
935
938
940
937
937
943
941
942
941
944
947
948
948
946
947
953
953
954
955
952
958
956
960
959
958
958
964
960
962
963
968
964
967
971
970
970
973
975
971
977
973
979
979
981
981
981
979
980
981
984
986
987
986
986
992
991
993
995
994
996
993
998
999
996
997
1002
999
1002
1001
1002
1004
1006
1006
1011
1009
1008
1009
1012
1016
1016
1014
1016
1018
1019
1022
1023
1022
1024
1022
1027
1027
1024
1025
1030
1027
1029
1031
1034
1032
1035
1037
1035
1039
1039
1037
1042
1041
1044
1043
1047
1048
1048
1049
1051
1049
1052
1049
1054
1053
1056
1055
1056
1060
1059
1060
1062
1062
1062
1064
1067
1068
1064
1067
1067
1071
1068
1070
1073
1073
1076
1077
1076
1078
1081
1078
1079
1080
1083
1082
1086
1083
1084
1085
1088
1089
1092
1094
1093
1092
1097
1093
1094
1096
1098
1097
1100
1103
1105
1104
1107
1104
1108
1110
1107
1107
1113
1113
1112
1114
1112
1118
1119
1120
1117
1120
1119
1120
1121
1124
1124
1127
1124
1130
1131
1132
1128
1132
1130
1133
1134
1135
1139
1136
1141
1139
1140
1142
1142
1146
1146
1147
1149
1145
1150
1148
1151
1154
1150
1155
1152
1156
1157
1156
1156
1158
1162
1161
1163
1161
1163
1167
1169
1169
1171
1172
1171
1170
1170
1172
1175
1177
1175
1179
1180
1181
1180
1182
1182
1185
1184
1188
1189
1187
1190
1192
1188
1191
1194
1196
1197
1196
1194
1199
1198
1199
1203
1203
1200
1206
1206
1203
1209
1206
1208
1208
1209
1211
1212
1211
1215
1213
1215
1217
1221
1222
1223
1224
1221
1223
1224
1226
1224
1228
1231
1231
1232
1232
1232
1233
1234
1234
1237
1240
1241
1241
1241
1241
1245
1245
1246
1243
1249
1245
1246
1252
1252
1254
1255
1251
1252
1254
1255
1256
1256
1261
1260
1262
1261
1261
1263
1267
1268
1268
1267
1270
1269
1272
1275
1275
1276
1277
1279
1279
1279
1278
1282
1282
1282
1282
1287
1285
1289
1285
1287
1292
1293
1289
1292
1295
1294
1296
1297
1300
1298
1298
1303
1303
1301
1306
1306
1307
1305
1309
1311
1309
1308
1312
1314
1314
1313
1318
1314
1318
1320
1322
1320
1323
1322
1326
1325
1326
1327
1325
1330
1329
1333
1329
1334
1336
1333
1333
1334
1335
1339
1341
1338
1340
1344
1341
1343
1344
1344
1345
1349
1352
1351
1352
1354
1355
1353
1353
1358
1358
1356
1358
1360
1362
1360
1364
1366
1364
1364
1368
1367
1368
1369
1370
1371
1372
1375
1373
1379
1379
1378
1377
1383
1383
1385
1384
1383
1383
1385
1387
1391
1391
1388
1394
1392
1396
1392
1398
1397
1400
1400
1398
1400
1402
1401
1404
1406
1404
1409
1410
1409
1407
1411
1414
1412
1415
1413
1416
1418
1418
1418
1418
1419
1424
1421
1422
1424
1427
1429
1429
1430
1428
1429
1434
1433
1436
1435
1438
1436
1436
1437
1440
1438
1440
1441
1442
1447
1443
1447
1448
1449
1449
1451
1453
1452
1455
1453
1457
1454
1455
1459
1460
1461
1460
1462
1465
1464
1465
1465
1466
1467
1468
1471
1474
1475
1473
1474
1478
1475
1477
1479
1481
1478
1482
1484
1486
1487
1488
1485
1486
1491
1487
1493
1491
1495
1493
1494
1497
1499
1499
1498
1498
1502
1503
1500
1503
1503
1505
1506
1510
1508
1511
1512
1510
1513
1515
1517
1517
1516
1517
1520
1518
1521
1520
1521
1522
1526
1525
1524
1525
1527
1527
1531
1531
1534
1532
1533
1533
1539
1536
1540
1538
1539
1540
1540
1542
1545
1546
1545
1549
1551
1547
1552
1550
1551
1554
1552
1553
1557
1556
1557
1559
1563
1560
1565
1562
1562
1567
1569
1567
1569
1569
1568
1572
1572
1571
1577
1578
1577
1578
1579
1579
1580
1579
1582
1584
1586
1585
1588
1586
1586
1589
1593
1593
1593
1594
1597
1598
1596
1600
1596
1598
1603
1599
1600
1605
1606
1608
1609
1609
1611
1607
1611
1610
1612
1611
1616
1616
1616
1617
1618
1620
1623
1622
1625
1621
1622
1625
1624
