3
5
4
4
4
8
7
7
11
13
13
12
15
16
15
18
21
22
21
22
21
24
25
26
29
28
31
30
30
33
31
36
32
37
35
40
40
41
40
39
41
45
45
48
45
45
50
48
48
52
51
52
53
55
55
60
57
61
61
63
60
64
62
65
67
70
66
68
68
74
73
72
74
74
78
79
81
77
80
83
82
86
83
88
87
87
90
92
93
90
92
92
97
95
96
100
99
102
99
103
103
106
105
104
109
106
111
111
108
111
111
116
116
118
119
117
121
121
121
119
120
123
123
125
128
130
126
129
133
131
130
134
132
135
136
138
136
138
138
141
143
143
143
144
148
146
149
147
152
150
150
155
154
154
158
158
160
161
163
159
163
163
164
168
167
166
171
169
170
169
172
175
174
175
178
179
178
182
179
179
184
185
183
188
189
190
190
188
191
190
190
191
192
193
196
199
199
199
199
204
200
203
206
205
208
205
206
212
209
213
211
214
214
215
216
219
216
217
219
219
222
225
225
224
225
227
231
232
230
231
230
231
236
233
235
236
237
239
239
240
241
245
245
247
244
247
249
249
251
251
254
254
254
253
255
258
257
260
261
260
264
264
265
266
265
268
270
271
270
274
270
271
273
277
277
276
278
281
282
284
283
286
283
283
289
285
287
291
289
292
292
294
292
294
296
300
299
299
298
299
303
305
304
305
308
306
306
310
310
314
310
313
315
314
319
320
320
321
321
323
321
321
325
326
324
328
329
331
333
334
334
332
335
336
334
338
341
340
343
344
341
343
342
347
344
350
350
352
351
353
350
356
353
356
356
359
359
362
361
364
362
362
363
365
369
368
367
367
371
371
372
372
374
378
377
379
378
380
378
383
384
383
382
387
384
388
387
390
389
390
391
391
397
395
398
396
396
400
400
401
401
404
407
403
405
406
410
411
412
413
412
413
414
418
419
419
417
421
423
421
423
423
423
424
427
430
427
431
431
431
431
431
437
433
439
437
438
441
442
441
444
442
443
443
448
448
451
451
452
452
452
453
454
457
456
459
456
460
460
460
461
466
463
466
468
469
466
472
468
473
475
476
474
474
479
476
481
479
482
481
482
481
486
484
486
485
490
490
492
490
493
495
494
497
495
496
498
501
501
500
500
504
507
506
505
505
508
510
510
510
511
511
515
518
519
517
517
521
519
523
521
523
526
527
529
525
531
527
532
529
530
534
537
534
536
540
539
541
539
544
543
541
544
543
549
550
551
551
548
552
550
556
553
557
556
559
556
559
563
559
563
566
566
563
567
569
568
567
572
573
570
574
576
574
578
576
576
582
579
584
583
586
583
586
588
585
590
591
592
589
595
591
596
595
598
597
600
600
601
599
601
602
607
603
605
606
609
610
612
612
611
612
612
618
614
616
616
618
621
619
623
622
626
624
625
627
631
629
633
632
635
636
632
634
637
639
639
637
638
641
641
643
647
646
644
650
649
648
648
652
655
652
654
654
655
658
656
658
661
660
663
661
666
665
665
666
669
671
669
671
674
673
672
678
678
680
676
677
681
681
681
685
687
684
686
686
686
690
693
693
693
696
693
698
694
695
699
699
703
702
702
703
704
703
707
709
706
709
710
712
713
713
713
718
718
717
719
720
719
722
720
722
724
728
728
725
729
732
728
730
734
731
737
737
736
739
738
737
740
741
740
742
746
743
747
745
750
748
752
754
750
755
757
754
758
758
757
758
763
764
765
763
767
768
767
765
771
772
770
770
770
774
776
774
774
780
781
780
781
781
785
786
783
788
787
785
790
792
793
789
791
795
794
798
796
798
800
798
800
800
804
805
805
805
806
809
809
807
808
811
812
812
816
818
815
819
816
818
823
822
823
822
823
823
827
830
830
827
829
834
835
834
836
836
836
837
837
837
841
842
843
843
843
846
844
847
847
850
853
854
850
854
856
857
856
860
858
860
860
864
864
865
862
867
865
867
869
870
869
869
873
874
872
878
875
878
878
880
880
880
883
885
885
883
888
885
890
892
890
891
891
895
896
896
897
895
899
901
898
899
905
906
903
908
908
905
910
909
909
912
915
911
914
917
916
918
916
919
923
920
924
924
926
924
926
926
929
929
929
933
932
931
935
933
938
938
937
941
938
943
944
944
947
944
948
947
946
950
951
954
950
955
954
954
955
957
960
960
958
960
960
965
962
963
964
966
966
968
972
973
970
974
977
973
978
979
977
980
981
980
984
983
984
985
984
989
990
990
990
991
994
994
996
997
997
996
999
998
998
1004
1005
1001
1002
1004
1007
1008
1008
1012
1011
1009
1011
1012
1015
1015
1018
1018
1019
1022
1021
1024
1025
1023
1026
1025
1029
1027
1028
1030
1028
1034
1030
1032
1035
1035
1038
1036
1041
1040
1042
1044
1045
1043
1043
1048
1047
1049
1046
1052
1049
1051
1050
1055
1057
1056
1057
1056
1056
1059
1063
1062
1065
1063
1065
1068
1066
1065
1071
1070
1072
1070
1072
1076
1075
1076
1076
1076
1080
1079
1083
1083
1082
1083
1084
1085
1089
1090
1089
1091
1092
1094
1094
1094
1095
1095
1099
1097
1097
1097
1100
1101
1103
1101
1107
1106
1107
1109
1110
1112
1112
1114
1110
1114
1117
1114
1116
1116
1119
1122
1122
1120
1120
1121
1126
1126
1129
1127
1130
1127
1130
1129
1135
1133
1132
1136
1135
1136
1136
1139
1143
1141
1145
1143
1144
1146
1144
1149
1149
1151
1148
1153
1154
1151
1154
1156
1154
1157
1161
1158
1160
1160
1165
1164
1166
1163
1164
1167
1166
1170
1172
1171
1175
1173
1176
1176
1178
1175
1180
1178
1181
1180
1184
1182
1187
1185
1187
1187
1186
1188
1191
1191
1195
1195
1194
1196
1194
1195
1199
1198
1202
1200
1201
1201
1203
1208
1209
1209
1211
1212
1208
1209
1211
1212
1216
1213
1217
1217
1216
1217
1222
1223
1223
1223
1222
1225
1224
1229
1226
1229
1233
1232
1231
1232
1236
1236
1236
1239
1237
1241
1241
1240
1241
1242
1242
1248
1247
1245
1250
1247
1252
1254
1250
1252
1256
1256
1258
1260
1256
1258
1262
1262
1261
1264
1263
1263
1266
1269
1266
1271
1272
1274
1273
1275
1277
1273
1276
1275
1276
1278
1278
1283
1281
1285
1284
1288
1284
1287
1286
1291
1288
1291
1294
1295
1293
1293
1299
1295
1296
1299
1302
1304
1302
1301
1306
1308
1305
1310
1307
1310
1312
1311
1310
1315
1317
1314
1317
1315
1318
1322
1322
1320
1325
1323
1325
1323
1327
1328
1327
1327
1328
1329
1335
1335
1334
1333
1339
1340
1338
1340
1339
1343
1344
1342
1347
1344
1346
1349
1349
1349
1350
1354
1350
1355
1355
1358
1358
1360
1361
1358
1363
1363
1361
1363
1367
1368
1365
1367
1366
1372
1373
1370
1374
1374
1376
1376
1376
1379
1379
1378
1381
1379
1380
1385
1386
1385
1385
1386
1391
1392
1393
1394
1393
1392
1393
1396
1395
1398
1400
1401
1398
1401
1405
1404
1404
1408
1405
1410
1406
1412
1408
1409
1413
1414
1414
1418
1415
1417
1416
1421
1423
1422
1424
1424
1427
1426
1424
1428
1430
1427
1433
1430
1434
1435
1436
1438
1439
1440
1438
1437
1440
1442
1444
1446
1442
1444
1445
1449
1447
1450
1448
1450
1455
1452
1453
1453
1459
1457
1460
1462
1460
1461
1463
1461
1463
1467
1465
1469
1471
1470
1470
1470
1470
1471
1476
1478
1477
1475
1476
1482
1478
1479
1482
1483
1483
1483
1489
1489
1489
1490
1492
1492
1492
1496
1493
1496
1495
1496
1501
1502
1502
1504
1504
1506
1503
1503
1505
1506
1510
1512
1512
1512
1514
1515
1514
1513
1519
1519
1520
1519
1518
1520
1523
1524
1525
1523
1525
1525
1529
1531
1530
1532
1531
1536
1532
1534
1538
1538
1541
1537
1543
1543
1544
1541
1543
1548
1548
1549
1548
1549
1552
1551
1552
1553
1555
1555
1559
1557
1560
1561
1561
1561
1562
1561
1564
1568
1566
1566
1569
1568
1573
1570
1573
1573
1577
1576
1578
1577
1576
1581
1581
1584
1584
1582
1586
1584
1587
1586
1589
1589
1592
1592
1590
1593
1592
1597
1599
1596
1600
1599
1598
1604
1602
1601
1607
1606
1606
1608
1608
1612
1613
1612
1610
1613
1614
1618
1617
1617
1618
1617
1618
1624
1623
1622
1623
1626
1629
