4
1
2
3
9
6
7
9
13
11
10
13
16
14
14
17
16
17
21
21
24
26
24
25
26
27
26
27
30
31
35
32
33
35
37
37
40
42
42
39
43
44
44
44
47
50
49
50
49
52
53
54
55
55
57
58
56
61
60
63
62
65
67
68
65
67
67
67
68
73
70
74
74
77
75
80
78
81
83
84
82
81
86
84
86
90
88
87
90
93
92
92
93
97
96
97
99
100
101
99
103
105
103
107
109
106
108
111
111
113
114
112
116
114
117
117
116
122
123
119
125
122
123
127
126
128
128
128
133
132
135
132
136
137
134
136
138
137
142
144
144
141
144
144
149
146
147
151
150
153
154
155
157
153
156
159
159
160
163
163
162
161
163
168
166
170
167
171
172
172
172
173
172
174
176
178
176
178
181
183
185
182
184
184
186
189
189
192
189
192
195
195
195
195
194
198
197
198
201
203
201
201
202
205
205
208
207
209
212
212
210
214
213
216
216
217
219
220
221
219
224
222
222
226
224
229
227
228
229
234
233
231
233
235
238
237
239
238
243
239
240
244
244
247
249
249
250
248
250
250
254
255
256
255
254
257
258
258
259
261
261
266
263
266
264
266
266
272
270
270
271
276
276
277
274
275
281
281
280
280
284
282
284
285
289
285
287
292
289
292
294
293
292
295
294
295
299
298
299
302
300
303
304
308
306
307
309
312
312
310
312
311
314
313
316
320
320
320
321
320
324
325
323
328
328
327
329
332
332
331
330
336
335
334
337
335
336
339
343
341
344
342
346
346
346
346
349
352
349
353
351
352
356
354
356
356
361
361
358
362
362
365
363
365
364
368
368
370
369
373
372
371
374
377
378
376
378
377
381
384
385
384
382
384
389
387
389
387
388
390
395
396
395
393
398
398
398
399
400
402
404
403
406
404
404
409
408
409
409
413
410
415
413
415
418
417
417
419
420
419
425
422
424
428
424
425
426
432
432
434
435
432
437
437
434
437
439
442
443
440
442
445
442
447
447
446
451
447
449
453
455
455
455
456
457
456
461
462
462
459
464
465
464
466
469
465
467
472
472
469
472
471
472
475
478
475
476
479
479
480
485
484
485
486
488
488
489
491
489
494
490
494
494
494
496
496
500
502
499
502
502
505
502
508
509
510
509
508
511
513
511
515
512
516
518
517
519
522
522
521
521
521
523
527
529
525
531
528
530
534
531
532
534
537
536
536
538
538
543
542
543
542
543
545
545
545
546
548
551
549
553
555
553
557
558
557
559
560
559
562
561
563
563
568
567
569
570
572
570
574
574
571
576
574
576
579
576
582
579
580
581
586
586
588
588
586
586
592
593
592
595
595
594
598
599
597
600
602
602
603
602
605
604
608
609
610
607
610
613
609
610
612
617
618
619
620
618
621
619
621
622
625
622
628
628
627
630
627
633
630
630
632
637
638
635
638
639
638
639
640
642
643
643
648
644
648
649
652
652
651
650
652
652
657
655
658
656
662
660
663
661
662
666
665
664
665
668
670
673
669
672
676
673
678
679
679
677
677
679
680
683
684
684
683
684
685
690
690
692
693
692
696
696
694
696
697
698
699
702
699
701
702
703
704
705
709
710
710
712
713
710
716
715
715
719
717
721
719
723
720
721
724
726
726
726
728
729
729
729
734
732
731
736
737
738
740
738
741
739
740
742
745
747
746
749
747
747
748
751
750
755
756
755
753
755
760
761
758
760
764
764
766
763
765
764
769
768
767
768
771
771
775
773
778
774
780
781
779
778
784
784
781
784
788
787
787
786
789
788
789
790
791
796
798
797
796
796
802
803
801
805
806
803
803
808
808
809
809
813
813
812
815
815
813
814
818
821
818
818
822
823
822
822
827
827
825
830
827
828
834
835
834
834
834
836
836
838
841
843
839
843
846
844
848
844
850
851
851
852
852
850
856
854
856
854
857
857
857
863
859
860
862
865
863
865
866
866
870
869
869
872
875
874
876
878
880
876
877
878
884
884
881
887
886
884
887
890
887
890
892
892
895
894
896
898
895
899
898
900
903
901
901
903
907
906
908
909
910
911
913
911
916
915
916
918
917
919
918
919
923
924
921
923
925
924
929
926
931
930
930
931
936
935
936
934
938
938
938
938
944
941
944
944
943
946
947
950
948
950
951
955
952
953
958
956
959
960
962
960
961
961
963
963
963
967
968
970
968
973
973
970
971
973
976
979
978
976
981
982
979
985
986
986
985
987
987
986
989
993
989
995
995
994
995
994
996
996
997
1003
1003
1002
1003
1005
1004
1008
1009
1011
1009
1013
1013
1011
1013
1016
1018
1014
1017
1020
1022
1021
1022
1021
1022
1027
1027
1029
1026
1030
1028
1031
1034
1031
1034
1034
1034
1036
1035
1040
1039
1039
1041
1042
1044
1044
1048
1046
1050
1047
1050
1053
1052
1054
1051
1056
1057
1055
1056
1061
1060
1058
1060
1064
1066
1067
1066
1069
1070
1069
1069
1070
1069
1073
1074
1074
1076
1074
1076
1080
1080
1080
1084
1080
1083
1084
1087
1089
1090
1091
1088
1090
1091
1092
1096
1095
1095
1098
1096
1096
1102
1098
1101
1105
1103
1104
1106
1107
1107
1108
1111
1113
1109
1112
1114
1116
1115
1114
1120
1116
1118
1119
1123
1122
1122
1127
1124
1126
1126
1126
1129
1129
1134
1133
1135
1136
1138
1134
1136
1139
1137
1142
1142
1142
1142
1145
1146
1146
1149
1147
1151
1152
1150
1154
1156
1153
1156
1155
1158
1161
1157
1161
1163
1162
1162
1166
1164
1165
1165
1166
1170
1171
1169
1171
1172
1176
1175
1176
1179
1178
1182
1179
1184
1181
1183
1183
1188
1185
1188
1190
1191
1189
1189
1195
1195
1193
1193
1195
1198
1200
1199
1203
1201
1205
1201
1202
1206
1208
1208
1208
1207
1213
1213
1211
1212
1216
1213
1215
1219
1219
1218
1220
1219
1220
1222
1226
1225
1227
1229
1227
1232
1229
1230
1230
1231
1236
1236
1235
1237
1241
1237
1242
1242
1245
1244
1245
1247
1249
1247
1246
1249
1249
1250
1252
1254
1252
1253
1255
1258
1257
1258
1262
1261
1261
1265
1267
1264
1267
1268
1266
1272
1270
1269
1272
1275
1273
1276
1278
1275
1279
1277
1278
1279
1280
1281
1283
1287
1285
1286
1286
1288
1289
1294
1294
1294
1296
1296
1294
1296
1299
1298
1301
1299
1300
1305
1302
1304
1308
1308
1308
1312
1312
1311
1314
1312
1313
1315
1316
1317
1319
1320
1319
1323
1325
1325
1325
1328
1329
1326
1329
1330
1333
1333
1335
1334
1336
1335
1335
1335
1340
1342
1342
1344
1345
1346
1347
1344
1348
1350
1350
1351
1351
1353
1351
1353
1355
1358
1358
1358
1356
1360
1363
1359
1362
1365
1367
1363
1369
1365
1367
1367
1370
1371
1373
1371
1376
1377
1376
1375
1377
1379
1383
1382
1382
1386
1386
1383
1388
1387
1386
1391
1388
1394
1393
1393
1396
1394
1397
1399
1397
1400
1402
1402
1405
1406
1407
1405
1409
1409
1408
1408
1413
1411
1415
1411
1416
1417
1417
1418
1417
1417
1421
1420
1422
1423
1426
1425
1424
1428
1428
1429
1431
1429
1435
1435
1432
1435
1434
1440
1441
1441
1439
1440
1440
1446
1445
1443
1447
1447
1449
1451
1453
1450
1451
1454
1454
1458
1459
1459
1457
1462
1458
1464
1464
1465
1463
1466
1465
1467
1468
1467
1469
1474
1470
1473
1473
1478
1475
1475
1481
1477
1482
1481
1485
1484
1486
1486
1484
1485
1486
1489
1493
1491
1493
1493
1494
1494
1498
1500
1496
1498
1503
1504
1504
1505
1504
1505
1508
1508
1510
1512
1508
1511
1513
1516
1512
1515
1516
1517
1519
1519
1518
1524
1524
1526
1525
1523
1528
1530
1531
1529
1529
1529
1534
1532
1537
1533
1537
1537
1541
1541
1543
1542
1540
1542
1547
1544
1544
1546
1549
1551
1551
1552
1550
1555
1553
1555
1558
1558
1561
1561
1561
1560
1560
1562
1565
1568
1568
1565
1566
1570
1569
1570
1575
1574
1574
1574
1579
1579
1577
1578
1579
1584
1580
1586
1583
1584
1585
1590
1587
1590
1589
1593
1593
1594
1595
1597
1599
1595
1598
1597
1602
1604
1604
1604
1605
1606
1605
1606
1611
1609
1613
1612
1615
1611
1613
1613
1617
1619
1617
1617
1620
1624
1624
1621
1625
1628
1626
