4
1
5
5
7
7
7
7
12
9
12
12
14
16
18
17
17
18
20
24
20
26
22
25
28
28
29
32
33
33
35
33
37
36
38
39
38
40
41
44
40
41
46
44
45
48
46
50
48
49
55
53
56
58
58
59
59
59
62
63
62
65
65
68
64
68
67
68
72
72
74
74
74
78
75
77
78
82
81
80
83
82
83
85
88
88
89
87
89
89
95
94
92
98
99
97
99
99
101
99
102
101
107
105
105
110
106
108
108
110
114
111
113
116
115
118
120
118
122
123
124
124
122
127
125
127
126
131
132
131
133
134
136
133
135
139
136
140
142
139
141
141
147
145
147
148
147
147
152
150
151
156
152
153
155
160
158
160
158
161
164
162
165
165
167
168
168
169
170
169
174
176
173
173
175
179
178
181
182
182
180
181
182
187
189
188
190
189
190
190
193
195
192
198
196
199
196
198
201
204
204
202
204
208
207
209
207
211
209
214
215
213
215
216
215
218
221
218
222
219
224
226
224
226
227
228
226
230
228
234
231
235
234
236
236
237
237
237
240
243
240
242
247
248
247
248
250
252
248
254
252
251
253
257
259
258
256
259
262
262
263
265
262
265
266
268
270
270
269
269
273
276
276
277
274
279
278
280
280
279
280
285
284
283
286
289
290
289
289
292
292
291
297
297
297
295
296
299
298
303
305
306
306
308
305
310
310
309
308
312
312
313
314
315
317
317
318
318
323
319
324
325
327
325
329
326
331
330
328
333
332
334
335
334
338
338
337
339
339
340
345
342
347
346
347
350
346
349
353
349
351
353
352
356
359
356
358
357
362
364
364
361
363
364
367
370
367
371
372
374
371
373
376
377
374
379
376
382
383
383
383
382
383
387
389
387
388
389
390
391
393
393
393
398
394
396
397
398
401
401
405
404
405
405
408
406
410
410
408
412
413
412
417
418
418
418
420
420
423
424
420
421
425
428
428
425
430
432
432
430
434
431
432
434
434
436
437
442
440
439
443
446
443
448
445
446
449
449
449
453
450
453
452
458
456
458
456
459
461
463
465
465
462
463
467
469
469
469
468
473
473
473
474
478
475
479
481
477
481
481
484
483
486
486
484
490
486
492
489
491
493
493
497
496
496
496
498
502
498
501
504
501
506
504
509
508
510
511
512
513
512
512
515
515
517
519
516
521
521
520
524
522
527
526
528
528
530
528
530
534
533
534
534
534
536
536
539
539
541
544
542
543
542
545
547
549
548
549
550
552
551
555
555
555
557
559
556
557
560
559
565
561
563
565
567
569
567
572
570
569
575
572
575
578
576
575
577
582
578
583
582
583
584
585
587
585
589
590
588
589
590
592
596
593
597
597
596
597
598
604
605
606
605
603
609
610
611
610
612
614
615
614
617
614
614
619
621
621
619
623
621
624
622
627
626
629
626
632
629
629
632
632
632
636
636
638
639
642
642
644
644
643
646
643
645
650
648
647
650
654
651
653
654
658
657
656
661
662
659
663
663
661
666
668
669
668
667
671
670
673
670
673
676
677
676
677
676
679
683
681
683
686
685
686
685
685
686
688
689
690
690
695
696
698
698
697
697
700
700
700
705
703
707
706
705
710
706
710
713
714
713
712
714
717
714
717
717
719
722
720
720
725
722
725
724
728
729
728
731
730
735
732
732
735
739
740
738
737
738
742
742
741
744
747
747
745
746
751
748
754
753
754
752
756
759
759
757
758
760
760
764
762
765
763
765
767
767
772
773
771
774
771
777
773
779
778
776
782
783
781
784
786
784
787
788
785
790
787
790
789
790
794
792
796
799
800
796
801
802
801
801
805
803
807
809
807
811
812
808
813
815
813
815
817
815
815
821
817
821
821
823
824
823
823
825
829
828
829
833
829
830
834
832
838
834
839
841
841
843
844
843
846
844
848
845
850
847
851
849
852
850
852
853
856
858
856
860
858
859
863
864
866
866
863
867
865
871
872
868
872
872
875
877
878
878
878
876
877
878
880
881
885
884
886
887
889
887
887
893
892
893
891
894
893
897
895
901
900
898
899
904
904
907
906
909
909
906
910
910
911
915
915
912
914
914
916
919
918
918
922
920
925
922
928
925
926
931
930
933
929
932
936
935
935
934
935
941
940
941
944
940
945
942
944
944
946
948
948
949
952
951
953
953
955
956
959
958
957
963
962
963
964
965
964
964
966
968
972
972
971
972
973
972
978
975
977
976
979
980
979
980
982
983
986
985
986
987
989
991
991
995
995
994
997
995
1000
997
997
1001
999
1005
1001
1007
1003
1005
1008
1006
1010
1012
1013
1013
1013
1016
1015
1018
1019
1019
1022
1023
1021
1022
1026
1022
1025
1028
1026
1031
1029
1030
1029
1035
1031
1033
1036
1039
1036
1037
1037
1041
1044
1044
1041
1046
1048
1048
1048
1047
1050
1049
1051
1054
1055
1053
1058
1059
1060
1058
1057
1060
1062
1063
1061
1067
1064
1064
1069
1068
1068
1069
1074
1071
1075
1075
1076
1077
1076
1078
1082
1078
1081
1085
1084
1082
1088
1087
1086
1089
1089
1090
1090
1095
1096
1092
1094
1095
1096
1100
1098
1103
1103
1105
1105
1102
1108
1104
1107
1110
1112
1109
1110
1113
1113
1115
1117
1116
1119
1116
1117
1121
1123
1122
1126
1123
1126
1127
1127
1126
1132
1130
1133
1134
1132
1133
1137
1137
1137
1141
1137
1138
1143
1143
1145
1144
1144
1146
1150
1148
1151
1150
1151
1153
1152
1155
1154
1159
1160
1161
1159
1163
1160
1163
1161
1165
1164
1167
1169
1170
1171
1173
1173
1173
1171
1176
1176
1179
1177
1176
1177
1179
1181
1183
1184
1185
1186
1189
1188
1188
1188
1191
1189
1191
1193
1197
1194
1194
1197
1200
1202
1201
1204
1203
1206
1207
1205
1206
1205
1209
1210
1209
1210
1214
1212
1215
1215
1218
1215
1216
1221
1223
1220
1222
1223
1227
1224
1227
1228
1231
1232
1233
1230
1231
1231
1235
1233
1239
1237
1236
1237
1241
1241
1241
1246
1245
1243
1247
1250
1249
1251
1252
1254
1250
1255
1253
1255
1254
1258
1261
1262
1258
1262
1260
1265
1264
1264
1266
1267
1269
1267
1271
1270
1270
1272
1277
1275
1275
1275
1281
1280
1280
1283
1284
1283
1286
1288
1285
1288
1288
1292
1293
1292
1291
1296
1296
1298
1294
1295
1299
1299
1299
1302
1301
1301
1307
1303
1305
1306
1310
1309
1312
1310
1315
1312
1315
1313
1315
1319
1320
1320
1322
1323
1323
1324
1325
1328
1325
1326
1326
1332
1330
1330
1334
1331
1334
1337
1334
1338
1339
1340
1343
1340
1344
1343
1343
1345
1345
1347
1351
1352
1349
1349
1354
1354
1354
1355
1359
1355
1356
1361
1361
1359
1361
1361
1364
1367
1366
1370
1367
1372
1368
1372
1374
1376
1377
1377
1377
1380
1376
1379
1381
1382
1383
1385
1382
1388
1384
1386
1387
1387
1388
1393
1390
1394
1393
1396
1395
1400
1396
1400
1399
1404
1402
1404
1407
1407
1404
1407
1408
1412
1412
1411
1412
1412
1413
1418
1419
1419
1421
1417
1418
1420
1422
1421
1427
1426
1428
1426
1431
1428
1432
1434
1435
1436
1433
1436
1435
1437
1436
1437
1439
1440
1444
1446
1444
1448
1445
1446
1448
1449
1448
1451
1450
1453
1457
1457
1455
1458
1458
1457
1459
1463
1460
1461
1462
1465
1467
1465
1470
1470
1469
1473
1470
1472
1477
1475
1475
1476
1478
1480
1483
1482
1482
1485
1482
1488
1486
1488
1490
1488
1491
1492
1493
1495
1497
1495
1497
1499
1498
1499
1502
1503
1503
1503
1505
1504
1506
1505
1509
1511
1512
1513
1510
1512
1516
1515
1518
1520
1516
1518
1520
1521
1525
1526
1523
1524
1528
1526
1527
1527
1532
1529
1530
1536
1536
1537
1534
1535
1539
1542
1543
1539
1545
1544
1542
1548
1548
1548
1546
1552
1549
1550
1555
1553
1556
1556
1554
1557
1556
1559
1558
1564
1560
1566
1562
1564
1569
1568
1566
1569
1568
1572
1574
1574
1577
1577
1578
1577
1580
1581
1582
1581
1580
1581
1587
1585
1585
1587
1586
1588
1588
1591
1595
1592
1595
1593
1594
1598
1601
1598
1603
1601
1601
1604
1605
1607
1608
1605
1609
1609
1611
1612
1612
1615
1617
1618
1615
1616
1621
1619
1622
1619
1622
1625
1623
1628
1626
