1
2
2
4
8
6
11
7
11
9
14
13
13
15
16
17
20
21
19
20
24
22
27
23
28
28
27
28
30
34
30
35
36
36
39
39
38
37
41
44
45
42
42
47
45
47
47
49
49
52
53
56
55
53
59
60
60
58
61
62
63
62
64
63
66
70
70
67
70
69
74
71
76
76
74
78
80
79
78
81
82
86
87
87
85
85
90
87
90
94
95
94
94
94
99
95
99
100
99
104
100
105
103
106
109
106
107
109
111
113
115
112
114
116
114
118
121
119
118
122
121
124
125
125
129
126
127
128
131
130
133
132
135
138
138
136
141
139
138
141
145
142
144
146
146
149
151
147
149
152
153
151
152
153
156
157
160
160
160
159
163
161
164
165
165
168
168
172
169
172
170
172
172
178
174
177
176
178
179
183
180
182
183
183
188
188
188
190
189
191
190
193
197
195
199
196
201
197
203
204
204
201
205
207
208
207
210
208
209
210
215
215
214
217
215
216
218
219
218
219
222
226
222
224
229
225
228
230
228
233
234
232
237
236
238
240
241
237
241
240
241
245
245
245
248
249
246
252
248
252
250
251
257
254
254
258
257
259
262
261
265
266
266
266
268
266
266
270
272
274
273
275
273
274
275
278
281
281
282
280
283
286
284
287
287
289
286
287
288
290
294
291
294
294
294
297
299
302
302
301
300
303
303
308
309
307
306
311
309
311
311
311
317
315
314
317
319
319
320
322
323
321
327
325
329
330
327
329
331
330
334
336
335
333
335
336
336
340
342
343
340
341
347
344
346
350
351
348
353
349
352
354
357
357
356
360
357
359
359
361
364
366
366
364
369
369
367
367
373
372
371
375
375
377
379
377
378
382
380
380
381
386
386
386
386
386
390
391
392
394
395
394
396
397
399
396
401
399
403
404
400
404
405
403
409
407
406
411
413
413
410
415
414
414
418
418
419
421
419
424
425
425
423
426
427
428
430
428
432
430
432
431
434
436
439
436
437
440
442
442
441
445
444
446
449
449
448
451
449
453
454
451
457
453
457
457
459
457
458
461
463
465
462
467
464
466
471
467
471
470
474
474
475
478
477
480
480
481
481
479
481
483
484
484
486
485
486
489
490
493
494
492
492
496
494
495
497
501
502
499
500
501
507
506
504
509
508
507
512
511
513
513
512
514
517
520
521
521
520
520
525
526
522
523
524
528
531
529
530
533
530
534
532
533
538
539
537
541
540
541
540
543
546
548
544
546
547
549
549
549
550
556
556
558
555
558
559
559
560
564
563
563
564
564
564
567
571
571
572
570
573
571
573
573
574
577
581
577
581
583
583
583
582
585
584
587
589
587
588
590
594
595
597
593
596
600
599
598
603
599
601
606
606
604
608
605
609
608
613
613
615
614
613
614
618
617
621
620
620
620
621
626
623
623
624
628
628
628
628
630
631
633
633
635
637
637
639
638
643
640
642
643
645
646
644
647
651
650
649
654
654
653
653
654
659
660
659
658
659
663
665
661
664
665
669
667
669
670
673
669
671
673
677
676
675
679
677
682
681
679
684
682
683
688
687
689
691
689
693
693
694
691
697
696
695
697
699
700
698
700
700
705
707
704
707
710
709
707
709
711
712
714
714
713
717
719
719
718
719
722
723
722
723
728
726
726
730
727
732
732
731
733
735
734
738
735
741
738
739
739
744
743
745
744
748
745
749
751
753
750
755
755
755
754
755
756
756
762
759
761
765
764
765
764
766
766
770
772
772
771
770
771
773
778
776
777
781
782
778
784
783
781
784
785
784
789
791
787
791
792
794
792
795
793
794
795
797
799
798
804
801
806
802
807
808
805
806
811
813
812
812
814
812
816
814
818
818
821
823
824
825
822
827
828
825
829
830
828
829
834
833
833
836
833
839
840
839
837
838
843
844
844
845
846
849
848
851
849
851
851
854
853
852
858
854
856
859
857
858
859
862
861
867
865
864
868
870
868
873
872
872
872
877
874
878
880
881
878
878
883
881
881
887
884
884
890
887
891
888
894
890
892
897
893
898
900
898
900
898
902
903
901
902
904
906
909
910
912
910
909
914
912
913
917
916
915
916
918
922
919
922
922
923
925
927
926
927
927
933
933
935
932
936
938
939
935
940
941
940
940
940
946
942
945
949
945
946
947
952
949
954
952
957
956
959
959
957
957
958
961
963
963
962
964
968
965
971
968
972
974
975
975
976
978
974
978
977
980
981
984
985
985
986
985
987
990
986
992
989
990
994
996
997
997
996
1000
1001
999
1002
1001
1003
1003
1007
1008
1004
1007
1011
1012
1011
1009
1014
1011
1015
1016
1014
1016
1017
1020
1021
1020
1025
1024
1025
1025
1025
1028
1026
1028
1030
1033
1031
1031
1032
1036
1036
1035
1040
1040
1041
1042
1044
1043
1044
1046
1044
1049
1051
1048
1048
1054
1050
1055
1057
1054
1057
1056
1061
1060
1062
1063
1060
1064
1065
1063
1067
1067
1068
1072
1070
1071
1073
1076
1077
1077
1077
1078
1079
1081
1083
1083
1085
1085
1083
1083
1087
1085
1088
1092
1090
1089
1090
1093
1097
1095
1097
1095
1097
1098
1098
1100
1102
1101
1103
1103
1105
1109
1106
1109
1112
1114
1115
1111
1115
1118
1118
1115
1117
1118
1121
1120
1124
1123
1124
1125
1124
1128
1131
1131
1132
1131
1135
1131
1137
1136
1136
1136
1136
1141
1143
1143
1144
1145
1145
1146
1145
1149
1146
1149
1151
1152
1152
1152
1156
1155
1156
1157
1157
1161
1163
1161
1163
1161
1165
1165
1169
1170
1167
1172
1172
1172
1171
1173
1172
1176
1174
1177
1180
1182
1179
1182
1180
1183
1183
1184
1185
1189
1191
1191
1188
1194
1190
1192
1192
1193
1198
1198
1200
1197
1200
1203
1202
1203
1207
1205
1205
1207
1207
1212
1208
1210
1215
1216
1217
1214
1217
1218
1219
1221
1218
1219
1222
1223
1226
1225
1226
1225
1229
1228
1233
1233
1234
1233
1233
1236
1236
1237
1239
1240
1240
1242
1243
1243
1244
1247
1246
1246
1249
1247
1251
1252
1250
1256
1255
1253
1258
1256
1260
1259
1259
1259
1264
1262
1266
1268
1266
1265
1266
1269
1270
1272
1270
1271
1274
1278
1278
1276
1279
1281
1281
1284
1280
1286
1285
1288
1285
1285
1288
1289
1288
1292
1293
1296
1293
1296
1299
1297
1301
1302
1301
1304
1304
1305
1304
1307
1304
1307
1307
1308
1312
1309
1312
1315
1314
1314
1314
1318
1320
1319
1322
1323
1320
1321
1323
1323
1324
1326
1326
1332
1330
1331
1330
1334
1332
1338
1335
1335
1339
1338
1341
1342
1341
1344
1346
1348
1346
1348
1347
1352
1350
1351
1354
1356
1352
1358
1354
1360
1360
1362
1358
1364
1361
1363
1366
1367
1366
1367
1370
1372
1369
1373
1370
1375
1375
1373
1375
1375
1378
1379
1383
1381
1384
1383
1386
1386
1387
1388
1386
1389
1391
1392
1394
1395
1396
1395
1397
1397
1398
1402
1401
1399
1401
1403
1405
1405
1408
1410
1406
1409
1412
1411
1410
1414
1417
1415
1415
1416
1421
1418
1419
1419
1425
1421
1427
1423
1425
1426
1427
1431
1431
1431
1433
1434
1435
1433
1435
1440
1441
1439
1442
1443
1445
1445
1446
1446
1444
1446
1448
1448
1452
1453
1451
1451
1454
1457
1457
1459
1460
1459
1460
1463
1463
1462
1462
1466
1465
1468
1470
1467
1473
1469
1474
1476
1472
1477
1475
1479
1479
1481
1482
1484
1481
1484
1484
1484
1489
1490
1486
1490
1491
1493
1492
1492
1496
1493
1496
1497
1498
1497
1500
1501
1505
1501
1504
1506
1508
1507
1509
1511
1510
1513
1511
1511
1512
1516
1515
1516
1516
1521
1523
1522
1520
1525
1524
1524
1527
1530
1528
1527
1530
1529
1533
1531
1536
1535
1537
1537
1538
1539
1540
1544
1540
1546
1546
1546
1548
1546
1546
1549
1553
1550
1554
1555
1557
1554
1557
1560
1559
1557
1559
1559
1560
1563
1566
1567
1564
1566
1571
1567
1568
1571
1573
1571
1574
1573
1578
1576
1578
1579
1580
1582
1584
1583
1584
1586
1589
1589
1586
1587
1593
1592
1590
1594
1595
1595
1596
1596
1601
1601
1602
1601
1602
1601
1605
1608
1605
1610
1609
1610
1611
1609
1612
1611
1613
1613
1615
1618
1619
1617
1620
1619
1624
1621
1623
1628
1628
