503
499
502
498
500
496
498
493
495
495
491
492
488
491
489
490
485
487
485
483
482
482
479
482
480
480
477
477
475
473
473
473
472
468
470
469
464
467
467
463
461
463
459
457
461
459
454
457
457
455
450
454
451
451
451
448
448
448
444
446
440
443
442
440
437
439
438
436
432
433
434
431
428
430
426
430
429
424
423
421
422
424
423
417
416
417
416
414
415
414
413
413
408
407
407
408
408
408
407
401
404
401
403
397
398
396
396
393
393
396
393
393
389
388
391
389
386
388
384
383
385
382
382
377
379
375
375
378
377
374
374
371
373
372
367
368
366
364
367
364
363
362
360
359
357
358
358
358
354
356
351
351
352
347
350
350
349
343
344
343
340
343
341
339
336
337
337
337
332
336
330
330
332
328
331
326
327
324
325
324
323
324
321
318
318
316
314
318
313
315
312
314
312
309
307
305
307
303
304
306
301
303
299
297
301
297
299
294
296
295
291
293
289
289
289
286
285
284
285
281
285
281
283
277
278
277
276
273
276
275
272
269
269
271
266
268
269
263
264
262
262
261
261
257
257
260
255
255
256
254
254
254
253
248
250
247
244
248
244
243
241
240
238
240
238
238
237
235
237
231
234
233
233
228
226
226
228
226
224
224
220
224
220
218
217
216
216
215
212
215
214
210
210
208
207
209
209
208
206
204
205
200
198
200
196
199
195
196
193
193
192
193
189
188
188
190
189
187
183
181
180
183
181
177
176
179
175
178
173
171
171
171
172
168
168
170
165
166
167
162
162
163
160
159
159
157
158
156
153
155
150
152
151
149
150
147
147
146
143
142
145
140
139
142
139
137
136
137
135
131
135
131
131
131
127
126
127
127
124
126
120
120
119
117
118
118
116
118
117
116
111
112
113
107
109
109
107
104
103
106
104
103
101
99
96
97
95
97
97
93
91
92
91
92
89
89
88
83
83
82
84
84
83
79
77
75
75
74
74
73
71
74
72
69
71
68
65
66
63
62
61
60
60
62
57
58
58
56
54
56
52
49
48
49
48
49
45
44
42
41
42
40
39
42
40
36
39
38
37
32
32
33
33
30
26
30
25
28
24
26
23
20
20
22
17
20
18
17
15
16
12
11
10
9
10
7
8
8
7
6
