505
500
502
501
498
495
496
495
495
493
494
489
492
491
487
489
489
486
487
484
480
484
481
480
479
480
474
473
473
476
473
469
469
469
468
468
464
468
462
465
461
462
458
461
458
456
455
453
454
454
452
450
453
451
447
445
445
443
447
441
443
442
441
440
438
436
437
438
436
433
430
434
432
430
428
425
426
425
423
424
420
424
421
419
416
415
414
415
416
412
413
414
409
407
407
408
405
403
402
402
402
402
402
397
400
399
396
398
397
394
392
394
393
392
387
385
388
388
383
384
385
380
381
381
380
375
376
378
375
373
375
369
373
367
371
366
368
363
362
363
365
360
362
362
361
358
357
355
352
355
350
351
350
347
351
349
349
347
344
345
342
343
341
338
336
340
338
334
337
332
330
329
328
332
329
327
327
328
326
321
324
324
323
321
320
315
317
318
315
312
312
311
312
309
308
307
304
306
304
302
305
299
299
300
296
300
298
294
294
292
295
292
290
288
291
287
285
288
285
282
285
282
279
279
280
277
279
273
276
275
274
273
273
272
270
269
268
263
264
266
261
262
259
259
256
257
254
254
255
253
254
249
252
248
249
250
246
245
247
243
244
239
238
237
240
238
238
237
236
235
231
234
232
229
227
227
224
226
222
226
222
219
223
217
221
219
215
218
214
214
210
212
213
208
209
209
206
206
205
203
202
203
200
200
199
197
195
197
194
191
193
194
192
187
190
186
184
188
187
185
180
180
181
178
180
180
177
174
175
175
171
171
168
169
170
168
165
166
162
164
161
160
159
159
159
155
158
158
156
154
154
151
153
148
150
146
144
148
142
146
140
139
140
140
141
135
135
135
136
133
131
134
133
131
127
125
127
125
125
121
123
120
119
121
119
116
119
116
113
114
113
111
112
112
106
109
108
106
104
102
103
100
100
101
97
98
95
98
92
94
93
89
89
90
91
85
88
86
82
82
84
84
83
77
76
79
74
77
76
72
75
69
72
67
66
65
64
63
64
61
64
64
60
59
59
56
57
54
55
52
51
51
53
50
47
46
47
45
44
43
41
44
42
42
40
40
36
38
36
34
33
29
28
30
29
26
27
25
26
25
21
22
18
17
17
17
16
15
13
11
11
12
13
9
6
10
9
8
6
1
