503
501
499
502
496
499
498
494
492
492
495
492
492
491
486
487
487
484
483
486
481
480
479
482
477
475
476
476
477
472
471
469
468
469
471
465
465
467
467
462
461
460
459
459
459
455
457
455
456
452
450
454
453
451
450
448
446
443
445
443
442
442
442
440
441
435
438
434
432
434
433
432
429
428
431
428
429
423
423
423
425
420
423
417
416
418
416
414
416
416
411
412
408
412
406
406
406
404
404
405
404
403
401
398
396
395
399
398
393
393
394
394
391
390
387
388
384
387
382
386
385
379
382
381
378
377
379
375
374
374
375
371
368
371
368
367
367
368
366
362
365
364
359
361
358
356
358
358
357
353
355
349
353
348
348
346
346
347
343
345
340
340
340
339
339
339
339
338
334
334
330
332
332
330
329
326
329
326
324
323
325
321
318
317
320
319
314
315
315
315
311
314
308
310
308
308
305
307
306
304
303
300
298
298
297
300
296
294
295
293
290
292
288
292
288
289
286
288
283
284
280
280
283
279
278
276
275
276
273
272
275
271
269
269
269
270
265
268
265
263
264
259
258
261
257
258
255
254
254
251
253
254
249
248
248
247
247
246
242
246
241
242
241
240
240
238
238
235
235
236
233
234
232
229
228
230
224
225
224
224
223
220
219
219
218
219
214
215
212
214
214
213
212
208
210
209
208
203
204
202
205
204
198
200
199
198
194
197
194
194
192
191
189
188
186
186
184
186
185
181
183
184
179
178
178
179
175
176
175
174
173
169
172
172
167
167
169
165
163
163
161
161
158
158
159
155
155
154
152
153
151
152
149
147
150
149
145
146
147
145
144
139
139
141
138
138
136
136
137
132
130
131
128
128
126
129
125
125
122
126
120
121
123
117
118
116
117
116
115
111
115
113
109
107
108
107
104
107
105
101
102
100
101
102
98
100
97
98
94
95
92
93
90
89
89
85
88
88
85
86
80
83
80
82
77
76
78
76
75
71
71
71
73
67
71
70
66
68
65
66
60
62
63
57
56
55
54
53
54
55
51
52
53
48
47
50
45
44
43
45
42
43
42
39
37
37
39
38
36
31
34
33
33
32
29
25
24
26
27
25
23
21
19
20
20
18
14
15
16
13
10
12
13
10
8
6
7
4
7
1
