501
501
500
498
498
497
494
495
495
492
491
494
490
492
489
485
485
483
482
482
485
480
481
481
481
475
474
478
476
472
471
469
471
468
468
466
464
467
466
465
461
459
461
457
458
460
455
453
453
454
452
453
450
449
449
446
447
444
447
443
445
444
441
441
437
439
438
436
434
431
435
431
433
430
428
425
426
425
426
423
424
422
420
420
416
418
418
417
417
415
411
411
413
411
409
405
407
405
403
402
402
402
398
397
398
395
396
393
392
394
391
392
390
388
391
388
384
383
384
381
383
384
383
379
378
378
378
374
375
375
373
369
369
371
368
365
367
368
364
363
361
360
363
362
360
356
356
356
352
352
352
349
351
352
346
347
347
344
345
345
344
340
339
341
336
339
339
335
332
332
333
334
329
328
328
327
326
325
322
325
322
323
319
318
318
319
314
315
316
311
312
309
310
312
311
307
304
303
304
306
305
300
303
302
296
299
296
294
294
295
290
294
288
291
291
286
284
284
286
286
282
284
278
278
280
279
276
277
276
271
272
273
268
270
271
267
265
268
262
265
260
262
262
261
258
257
256
253
252
252
250
250
248
248
251
248
248
243
247
242
241
241
241
237
237
240
239
234
234
235
235
229
230
230
226
227
226
228
227
226
220
224
219
221
221
217
218
216
216
214
211
209
210
211
207
207
205
203
203
204
204
202
199
201
198
200
196
197
193
191
195
191
188
190
190
188
188
186
182
181
181
182
179
177
176
180
174
177
173
173
171
170
172
168
171
170
167
165
164
166
165
159
158
162
159
157
154
158
155
151
155
151
149
148
150
146
148
148
147
141
142
142
139
137
137
138
135
133
137
135
130
132
129
130
130
129
126
123
126
124
122
123
121
120
121
119
117
116
112
116
115
113
110
110
110
109
109
107
107
106
100
103
99
101
97
97
95
95
94
96
95
94
90
88
89
85
84
88
82
86
81
84
81
79
77
78
76
75
74
74
74
74
73
69
66
69
64
63
66
63
61
59
59
59
56
59
58
58
53
54
50
52
49
49
51
46
48
48
42
43
44
40
41
38
37
38
34
37
37
36
32
29
28
29
26
27
27
23
27
21
23
24
22
22
18
15
16
18
14
16
11
11
8
11
11
10
5
3
5
1
