504
504
500
500
498
496
497
493
495
492
495
494
491
491
488
486
488
486
483
481
482
479
482
481
480
476
478
475
472
473
471
471
473
471
470
468
466
463
463
462
464
459
462
462
459
458
457
458
452
454
450
452
451
450
446
448
444
446
443
446
441
443
440
437
440
439
437
438
436
432
434
432
429
427
427
428
426
423
425
426
425
424
422
417
420
420
415
414
412
412
411
412
408
411
410
405
407
407
403
404
402
400
402
401
397
398
399
395
394
392
392
389
389
389
389
389
385
388
384
386
385
379
379
378
378
375
375
378
375
375
372
371
369
370
368
367
364
368
364
362
362
364
360
362
359
360
357
358
354
351
352
354
352
351
349
349
344
343
344
343
345
340
339
337
340
336
337
335
332
331
334
330
329
330
326
329
324
327
326
325
320
321
322
318
320
315
319
316
314
313
310
309
309
312
310
307
305
303
304
306
301
302
300
297
301
298
295
295
292
293
295
289
292
287
291
287
286
287
282
286
283
282
278
279
279
275
277
275
275
271
274
271
272
268
270
268
269
266
262
265
260
263
263
257
261
255
256
256
257
253
253
252
249
247
248
249
246
248
245
246
241
244
241
238
238
237
235
238
236
231
232
229
233
227
231
228
226
228
223
226
224
220
222
219
220
217
214
218
213
211
210
213
211
211
206
210
209
203
206
202
201
203
198
201
198
199
195
194
193
194
193
194
191
188
191
188
187
186
187
181
185
181
179
181
180
180
174
177
177
172
172
171
168
169
166
170
165
168
167
161
161
163
161
161
158
158
159
157
152
156
154
152
152
149
148
149
145
145
147
144
140
143
138
140
139
139
134
138
133
133
132
131
132
130
126
125
125
124
122
122
125
119
120
122
120
115
118
117
114
111
112
112
112
107
108
108
107
106
106
101
100
99
101
100
101
100
95
97
96
91
92
94
88
89
90
89
86
86
82
86
82
84
82
81
76
75
76
77
75
71
74
69
70
68
67
67
68
68
63
61
63
63
60
58
61
56
54
58
55
53
54
52
48
52
49
45
44
45
47
41
41
40
39
39
40
37
37
34
32
34
33
29
31
30
28
29
25
24
25
26
21
24
22
21
20
19
17
13
13
11
10
10
8
7
8
9
6
4
4
3
