503
501
503
497
500
498
495
493
496
491
491
490
490
488
490
486
488
485
487
486
482
479
480
479
481
475
477
476
477
472
471
474
468
470
469
468
466
464
465
463
461
460
461
459
460
458
456
458
456
454
453
454
453
447
447
448
446
447
445
444
440
444
442
442
440
436
434
434
436
436
434
431
431
430
429
430
429
427
424
421
423
422
421
422
420
415
414
414
417
415
413
409
410
409
411
407
405
406
403
402
401
401
398
401
398
395
394
398
394
395
392
392
388
392
387
388
386
385
382
384
381
383
381
380
379
380
375
375
374
371
371
373
370
372
366
367
368
367
362
365
362
363
358
361
359
356
357
353
355
353
355
353
353
347
347
350
344
347
346
342
343
344
340
341
338
336
337
336
335
335
334
334
329
328
326
328
328
323
326
323
320
319
321
317
319
320
319
314
317
314
315
310
308
309
311
308
307
303
303
305
304
304
301
298
298
298
298
295
296
296
293
292
290
291
290
288
287
285
283
283
284
280
280
277
278
278
276
273
277
271
275
271
271
269
268
265
264
264
266
263
261
261
263
260
261
255
257
257
257
254
250
254
248
250
250
246
246
246
246
241
244
241
238
241
237
237
239
234
232
232
230
231
228
228
226
226
225
224
226
226
224
223
223
221
217
219
215
216
215
216
210
212
213
210
207
207
207
203
207
203
203
203
198
198
199
198
198
195
194
194
192
190
190
191
191
190
188
184
183
183
185
181
182
177
176
180
174
178
176
173
174
169
171
168
170
170
165
164
163
166
164
162
162
158
156
158
158
156
152
152
152
149
149
148
148
145
149
146
142
144
142
143
141
142
141
137
134
136
136
131
135
134
132
131
128
127
127
125
126
121
125
124
119
118
120
119
119
116
117
115
113
110
113
110
106
107
107
103
102
106
101
102
98
102
98
98
96
96
92
93
95
90
90
88
86
89
88
86
82
84
83
83
83
81
81
78
76
73
73
74
70
74
70
67
70
68
67
65
63
62
64
62
60
59
61
59
57
54
55
51
55
50
51
50
50
50
44
48
46
44
45
43
39
42
39
35
38
35
33
34
33
29
31
32
30
30
24
28
25
21
21
19
21
20
17
18
19
18
15
13
12
11
9
12
11
10
7
7
7
1
