501
503
499
501
500
496
497
498
495
491
490
491
488
487
487
488
489
488
487
482
480
482
481
482
477
478
475
474
476
475
474
472
469
467
469
467
468
466
463
461
462
461
463
462
459
458
456
457
454
454
450
453
451
448
451
449
444
448
443
442
443
443
438
442
437
439
438
435
432
431
430
430
428
427
430
427
424
425
426
423
424
421
421
420
418
418
419
415
414
415
414
414
410
409
408
409
404
408
403
406
403
404
398
397
401
395
399
395
395
392
391
389
391
388
389
389
388
387
384
381
385
382
381
378
377
375
375
378
377
374
374
369
370
372
367
366
368
365
362
361
360
362
360
361
361
358
358
356
353
351
355
350
349
348
351
346
345
346
342
342
340
341
338
337
341
339
336
335
334
336
334
331
333
330
326
326
327
328
323
325
320
324
322
317
317
320
318
315
316
315
314
309
313
308
307
306
309
303
302
301
302
303
298
300
296
297
296
298
297
295
291
291
290
287
287
287
285
286
287
285
283
284
280
280
277
276
277
275
276
275
275
272
270
271
266
268
265
264
265
264
261
260
261
258
258
257
258
253
255
253
255
251
248
251
250
245
245
244
243
244
242
242
241
240
239
238
236
234
234
235
231
229
230
228
227
227
227
226
226
223
221
224
220
222
221
215
216
217
212
215
213
213
211
210
207
209
209
204
205
206
200
203
200
198
199
195
198
194
195
194
192
193
190
188
188
190
185
184
183
184
184
183
179
177
176
179
177
173
177
176
172
171
172
168
171
166
169
168
164
166
162
161
160
160
161
157
155
157
155
153
153
153
153
150
149
145
145
147
144
144
142
143
143
138
140
140
139
134
135
134
132
131
133
128
127
130
126
127
127
125
122
122
121
120
118
118
114
114
117
113
115
114
109
108
109
106
106
104
102
103
101
104
98
102
98
97
97
95
96
92
90
93
88
89
88
89
87
85
84
82
81
79
81
80
77
80
74
73
75
74
74
74
73
72
70
67
68
65
66
65
61
64
60
58
56
59
55
55
57
53
53
50
49
52
47
48
45
46
44
42
45
39
43
38
40
37
36
37
34
34
33
30
32
32
28
28
26
27
25
25
22
19
21
19
17
20
14
18
15
16
15
11
11
10
6
5
7
8
4
5
