505
501
500
498
497
499
498
494
496
492
490
494
491
488
491
487
486
486
486
486
484
482
480
477
479
475
477
476
475
472
473
470
470
471
470
470
468
464
463
461
462
461
462
461
460
455
455
458
457
451
453
450
453
447
448
449
447
447
446
446
440
440
438
441
438
440
438
436
437
435
434
430
431
432
427
425
424
427
426
422
424
424
423
421
421
415
416
417
413
414
411
414
411
409
408
408
409
404
405
402
400
403
403
402
400
400
399
395
394
393
390
389
388
392
388
389
385
387
386
381
382
384
381
381
379
379
378
376
376
374
371
369
371
372
366
365
369
363
365
363
362
363
360
358
359
357
354
353
355
352
350
352
350
352
346
349
345
344
344
342
345
343
341
337
341
340
334
335
332
336
334
332
331
327
330
329
326
324
325
325
320
321
319
322
318
315
317
315
315
311
315
312
309
309
307
306
308
308
304
304
301
302
298
297
296
298
298
297
297
296
291
290
288
289
287
290
285
283
287
286
285
281
278
278
279
279
275
274
275
271
270
272
273
271
267
266
268
264
266
264
261
263
262
259
260
259
255
255
252
255
253
251
249
248
250
245
245
244
244
242
241
240
241
239
236
237
237
234
232
231
232
231
232
229
226
230
229
225
224
221
221
219
223
218
220
220
218
215
213
213
211
214
213
212
206
207
207
205
206
203
205
203
198
199
198
197
196
197
193
196
191
192
190
188
189
188
186
187
182
184
183
179
183
180
181
176
179
176
175
171
175
172
168
168
166
169
167
168
165
163
160
159
161
160
156
160
158
156
153
154
152
150
148
147
149
146
146
148
144
143
143
143
141
140
137
137
138
134
133
135
131
133
133
131
127
129
129
123
126
126
123
122
119
119
116
115
117
116
117
113
112
113
113
111
107
106
106
107
107
101
103
99
100
101
101
97
96
93
97
95
92
89
91
89
87
89
89
83
83
82
84
84
82
79
78
76
75
77
76
73
75
70
71
71
70
65
69
66
63
62
63
61
59
62
61
60
57
57
56
56
50
50
51
51
49
47
45
44
45
43
40
42
43
38
39
37
35
37
34
35
30
32
33
31
31
29
28
24
25
22
25
24
20
17
16
18
16
17
12
14
14
12
12
10
6
5
6
5
7
4
