502
502
499
501
498
495
497
498
497
495
491
490
493
487
486
490
488
484
486
481
482
480
482
477
477
476
478
477
477
475
475
474
469
467
468
466
464
468
465
465
465
459
460
457
461
456
458
457
456
453
450
454
450
447
448
446
449
445
443
446
441
439
443
440
438
440
436
436
433
435
435
432
431
429
426
430
425
424
423
422
420
423
420
419
416
417
418
416
412
413
413
411
413
409
409
405
405
403
403
401
400
401
400
400
401
395
399
395
394
396
393
390
389
387
387
386
384
387
384
383
382
384
380
381
377
376
376
375
375
373
375
372
373
370
370
370
369
365
365
362
361
361
359
362
357
357
357
358
354
352
353
353
353
349
348
346
347
344
344
341
340
343
340
342
341
337
339
334
333
335
332
331
330
329
327
330
325
326
323
322
322
323
322
320
318
315
318
313
315
311
314
313
308
309
308
309
307
303
304
305
302
300
299
298
299
300
294
296
297
294
295
292
289
291
289
286
284
283
283
286
280
279
278
279
281
280
275
276
277
271
272
274
270
270
266
268
265
266
267
261
260
260
262
258
261
260
256
255
255
252
254
251
253
251
250
246
246
243
242
244
244
241
241
237
239
239
236
237
236
236
235
232
228
228
226
227
228
228
225
223
220
222
221
219
221
217
217
214
215
216
214
211
211
210
210
210
208
205
202
202
202
201
200
197
198
199
194
194
195
192
192
194
193
192
187
190
187
186
186
184
181
183
178
179
181
176
177
173
172
173
172
171
173
172
168
170
165
163
164
161
161
164
159
157
156
158
156
157
153
151
150
150
149
149
151
146
147
148
144
146
141
143
138
137
140
139
135
135
132
135
132
132
129
127
127
130
129
126
125
123
121
123
121
118
116
119
119
114
116
112
115
112
109
109
109
110
106
105
103
104
100
100
99
100
99
99
99
98
94
96
91
91
91
90
88
85
87
86
85
86
82
80
83
77
78
78
75
78
73
72
73
71
71
67
69
65
65
68
66
61
61
64
62
59
59
55
54
53
52
52
51
51
49
51
51
49
47
47
45
46
41
40
42
39
36
35
36
34
32
31
31
31
30
32
29
28
26
23
27
21
22
24
21
20
17
17
18
14
16
16
14
10
8
11
9
9
8
6
7
6
