505
500
498
498
497
497
495
497
496
491
493
490
488
489
487
488
488
487
485
486
485
483
483
479
476
479
476
474
474
476
470
474
473
468
468
467
466
468
464
462
460
461
460
460
458
457
458
455
456
451
454
451
449
449
447
445
447
448
447
445
441
444
443
440
441
439
435
434
437
432
434
431
432
431
429
430
426
424
427
423
422
424
418
422
417
417
418
415
412
415
410
409
410
408
408
406
408
407
403
401
405
403
401
400
397
395
396
396
396
394
393
389
392
392
391
385
385
388
387
385
383
382
380
380
379
380
378
373
373
374
374
373
369
368
367
367
369
363
365
361
363
362
360
358
356
356
357
358
357
351
352
352
351
347
351
345
349
348
346
344
340
340
338
342
337
338
337
338
337
334
335
329
333
332
328
328
324
324
325
324
322
321
320
322
318
320
315
315
315
312
311
314
311
307
309
307
309
304
305
302
300
303
302
302
296
299
294
294
292
292
291
292
288
287
291
287
289
283
286
285
282
284
279
280
281
280
275
273
275
274
272
270
270
271
271
267
268
264
267
261
263
259
262
261
260
256
257
257
253
253
253
250
250
247
250
248
246
244
242
244
241
244
238
240
238
238
236
233
237
234
232
230
229
230
226
227
225
223
227
222
220
220
218
220
217
215
219
213
214
211
212
210
209
212
207
205
209
206
202
204
202
202
200
201
199
196
194
193
197
193
192
193
190
191
191
189
189
183
183
183
181
183
182
177
176
176
178
174
175
172
173
173
168
171
171
169
167
164
162
161
161
164
161
160
157
155
155
154
153
155
150
153
151
148
151
147
146
144
146
144
141
139
138
137
139
135
134
134
137
136
131
129
132
132
131
129
127
128
122
126
121
124
119
119
118
116
116
115
114
114
112
113
113
107
111
106
106
107
106
103
100
100
99
101
98
99
99
98
92
94
95
89
90
91
86
88
85
83
86
82
85
80
83
81
80
79
77
74
73
71
72
73
71
67
71
69
67
67
63
65
61
61
58
57
58
55
54
56
57
52
50
54
49
49
47
50
44
45
42
44
40
42
39
41
41
35
38
38
35
34
35
33
30
31
26
27
28
28
26
26
23
24
20
22
17
19
18
14
16
15
13
14
10
7
6
6
7
8
7
5
