504
499
502
502
501
499
499
494
497
496
492
492
490
489
488
485
487
483
483
481
485
481
480
481
477
478
479
474
472
475
473
469
470
470
469
467
468
468
466
466
460
463
461
459
458
460
457
456
454
455
451
449
452
448
450
445
445
444
444
445
443
441
442
439
441
436
437
435
434
432
433
434
428
432
427
427
429
427
424
423
424
420
419
417
421
418
416
416
413
414
412
414
412
411
408
408
405
405
403
406
400
403
401
397
397
397
399
394
394
392
392
394
393
392
391
388
389
388
386
382
384
381
382
378
380
375
375
377
376
375
373
371
373
370
367
365
368
368
363
364
362
361
360
362
361
355
356
353
354
352
351
349
352
352
351
347
347
347
345
342
341
342
340
342
336
335
337
337
337
335
331
330
333
331
328
330
329
324
326
323
321
324
323
317
318
317
315
315
313
315
312
314
311
312
308
307
305
303
304
305
301
302
303
302
296
295
296
295
294
296
295
294
293
292
289
285
286
285
283
281
283
283
280
280
277
276
276
275
276
272
272
270
272
270
267
268
264
264
263
262
263
260
263
261
257
255
257
258
255
255
254
254
250
249
246
247
246
243
245
245
245
242
243
240
237
239
237
238
232
235
231
230
233
227
230
228
228
224
222
225
223
222
220
220
221
217
219
213
216
211
210
214
210
212
208
208
205
208
206
204
200
204
201
201
196
200
195
197
195
191
191
193
193
189
189
190
185
186
183
183
180
181
180
181
178
175
179
175
176
176
172
169
171
168
170
165
167
167
164
162
161
164
158
160
161
158
156
158
157
153
152
152
152
147
151
145
149
145
146
146
142
141
140
139
139
139
134
134
133
133
130
133
130
130
129
127
124
124
126
121
124
123
122
119
116
115
117
118
113
112
114
112
112
108
106
110
106
107
105
102
102
99
98
100
100
95
96
95
94
92
92
89
93
89
86
85
88
85
85
84
83
82
83
77
78
80
74
73
73
75
74
73
73
69
71
70
65
66
62
61
63
63
63
59
61
58
54
55
55
56
54
50
50
49
51
50
46
48
43
43
45
42
39
40
39
35
37
34
33
36
32
31
33
29
29
29
26
24
23
25
25
21
19
17
19
20
18
13
16
16
13
13
10
11
7
7
6
4
6
4
