502
501
501
500
497
495
499
496
493
494
490
489
491
487
490
485
484
484
483
483
482
484
483
479
479
475
476
475
474
474
472
470
469
468
468
470
464
468
465
465
462
464
461
457
457
457
457
455
457
454
452
453
448
449
450
449
448
443
447
445
445
444
443
442
439
439
434
433
434
436
434
432
433
432
430
429
425
427
427
426
424
419
421
422
416
420
415
413
413
414
411
411
409
412
409
405
405
403
405
402
404
401
400
401
401
398
396
395
395
393
395
390
390
389
391
387
387
386
385
385
383
381
379
379
379
376
379
378
373
376
373
374
369
372
368
367
369
365
366
363
360
363
358
358
361
355
358
356
356
352
350
351
352
348
349
346
345
343
344
345
342
343
340
339
337
339
334
334
336
336
334
333
329
332
330
327
329
326
327
324
325
323
322
321
319
316
315
318
315
315
310
314
312
311
309
307
307
307
302
305
303
302
298
302
297
300
296
296
294
294
292
291
291
287
289
287
288
288
284
285
284
284
281
278
281
275
279
274
272
273
271
274
273
268
271
265
268
265
263
266
260
260
259
262
261
255
254
254
256
256
251
251
252
251
250
246
244
245
242
246
240
239
243
237
236
240
235
235
233
232
230
231
231
228
227
228
229
224
226
221
222
222
221
220
221
215
219
216
214
214
214
209
213
210
211
206
205
205
206
206
204
203
199
201
196
200
195
194
197
195
194
190
189
192
191
187
185
188
184
183
182
180
183
182
176
179
179
173
173
173
171
169
168
170
171
170
169
165
162
165
165
164
163
159
157
156
159
157
153
152
150
153
152
148
151
146
148
144
143
144
144
142
143
137
137
136
134
138
137
135
132
131
132
127
128
125
126
124
124
124
121
120
118
118
121
117
119
116
114
115
115
112
111
107
106
106
105
105
107
102
103
100
100
99
100
98
94
94
96
95
93
91
90
88
91
87
85
83
83
86
80
80
80
81
76
77
77
77
74
76
71
69
69
67
69
68
65
66
62
66
62
61
59
60
60
55
58
53
52
56
51
54
50
50
47
47
45
46
43
41
44
40
39
37
37
40
38
38
32
36
33
32
28
28
30
30
28
24
25
22
21
21
20
17
16
20
14
16
12
16
15
9
8
7
10
5
4
7
7
3
