504
504
499
501
501
497
494
493
495
491
495
491
493
491
486
485
484
487
483
486
482
479
479
481
476
477
476
473
477
472
472
470
469
468
470
465
468
466
464
464
465
459
460
460
457
456
459
458
457
452
452
453
452
447
447
445
449
443
445
444
444
441
438
441
441
438
439
434
434
431
434
429
430
427
428
427
428
424
424
425
420
422
419
420
419
418
419
418
415
416
415
413
413
411
406
408
408
403
406
405
400
404
401
402
401
400
395
395
396
392
395
394
388
388
388
387
385
385
386
383
384
383
383
382
381
380
376
373
373
375
373
372
372
369
369
370
368
368
365
361
365
359
360
361
360
359
359
357
353
356
353
351
350
347
348
348
348
344
342
346
343
343
342
342
340
337
338
335
333
332
333
333
329
332
331
325
328
326
324
324
323
320
320
322
317
316
317
316
312
314
311
314
309
312
311
309
309
303
304
305
304
300
302
298
300
299
299
293
295
294
294
291
290
290
290
289
287
283
282
286
283
279
282
279
277
279
279
273
276
274
275
270
271
267
268
266
265
268
264
262
263
259
263
262
261
259
259
254
255
254
254
252
251
248
248
247
246
248
246
245
242
242
243
238
241
238
236
234
237
233
234
234
230
231
227
228
228
224
222
224
224
221
223
217
219
219
218
214
213
212
212
210
213
210
206
206
209
207
207
201
205
201
199
202
197
196
199
197
193
195
195
193
192
187
189
190
186
186
182
186
180
183
180
178
181
176
175
173
174
175
173
170
170
171
170
168
169
164
165
162
164
163
160
158
161
159
154
156
156
156
153
151
151
147
151
146
149
148
144
145
145
140
140
138
137
140
138
137
134
135
131
134
132
131
129
129
128
127
125
122
124
120
121
121
121
117
116
116
116
114
110
114
108
109
110
110
109
104
103
105
104
103
102
98
98
96
96
95
95
93
92
91
90
90
86
89
89
83
85
84
81
79
81
79
79
79
75
75
77
75
73
70
72
72
68
69
69
68
67
61
62
59
63
58
60
58
56
54
56
53
54
54
50
50
49
49
47
46
47
45
45
41
38
39
38
37
38
33
37
36
30
30
28
31
26
26
29
25
25
24
22
23
21
19
16
16
19
16
14
16
12
11
13
7
8
5
8
5
2
5
