503
504
499
502
501
496
494
495
495
496
490
494
489
491
488
488
489
487
485
481
482
481
481
481
477
476
474
478
475
476
470
472
470
470
469
470
465
468
462
464
460
464
458
460
458
459
456
455
455
456
452
454
450
447
451
445
445
444
442
444
442
441
441
438
440
436
436
436
434
434
433
433
432
429
427
427
428
424
425
421
425
424
418
418
419
418
417
416
412
413
410
413
411
409
406
407
406
406
406
403
404
399
402
401
400
395
394
393
394
392
392
392
392
389
391
386
386
385
386
383
385
383
380
380
381
378
379
375
377
376
375
372
368
371
368
369
366
365
364
365
363
364
363
357
359
355
359
358
354
354
352
354
352
349
347
345
345
345
343
342
343
339
341
338
338
339
337
334
336
333
334
331
333
331
329
328
329
326
327
326
322
321
319
317
317
320
314
317
317
315
315
312
312
311
310
308
309
305
307
301
304
299
298
297
300
297
296
298
294
294
295
293
293
292
286
287
287
283
284
283
283
282
281
280
278
279
278
276
274
274
272
269
273
269
266
267
268
264
262
263
262
259
261
258
258
259
255
255
255
251
250
250
252
249
251
249
248
243
242
243
243
243
238
242
239
237
235
236
236
233
230
231
230
231
227
227
224
225
223
222
220
223
221
217
220
220
219
215
215
216
211
213
208
212
208
207
207
203
204
204
202
201
200
201
196
195
196
198
193
191
194
190
190
192
191
190
186
183
187
184
181
183
178
182
176
180
176
176
172
171
172
170
171
168
167
166
167
166
162
166
164
160
160
160
161
157
159
154
155
156
152
150
148
147
151
145
147
146
142
145
140
143
141
138
137
136
137
133
134
135
135
132
133
130
131
129
126
128
122
124
122
123
118
122
117
116
115
114
116
116
111
109
112
109
109
105
105
108
102
103
104
100
101
102
101
99
98
94
97
95
93
94
89
87
88
90
84
85
85
85
82
79
81
78
77
79
76
73
76
74
75
74
68
68
66
69
64
65
64
62
63
62
60
58
60
55
56
57
56
54
55
52
49
48
48
47
47
46
47
43
41
43
42
37
40
35
36
35
36
36
30
29
28
31
27
29
24
27
25
22
20
19
19
17
18
20
16
16
16
11
11
11
10
9
8
10
4
4
6
1
