504
501
503
497
501
496
494
493
492
495
491
491
492
487
486
489
484
484
485
484
482
483
480
477
481
479
476
477
477
474
470
472
468
471
469
468
465
467
462
461
465
462
460
459
459
456
454
458
453
452
450
453
451
452
451
448
448
445
447
442
445
441
440
438
440
435
439
435
436
434
435
431
431
429
428
430
428
426
424
425
425
423
419
422
418
420
416
413
414
412
413
409
410
409
408
408
406
405
406
401
401
399
399
400
398
398
395
394
395
394
392
390
389
389
388
387
386
384
383
382
383
383
380
381
379
375
379
373
377
375
370
374
369
368
366
365
367
364
364
365
361
363
358
361
357
356
359
353
354
356
355
354
352
348
350
345
345
347
345
344
341
343
338
341
341
337
336
333
336
333
330
330
329
329
328
329
327
324
325
321
324
321
322
322
320
319
317
314
314
316
310
309
310
309
311
310
309
307
306
303
302
302
300
299
299
298
298
296
297
295
295
290
292
287
286
290
285
285
282
283
285
279
283
277
277
275
279
273
273
274
270
273
272
269
266
269
269
268
262
265
261
260
262
260
256
258
258
255
252
251
255
249
253
250
250
245
248
245
247
242
243
244
241
238
239
237
236
237
237
235
235
234
228
230
230
226
229
228
226
226
221
220
221
221
218
215
218
214
213
215
213
211
208
207
208
205
204
203
204
204
201
201
203
200
199
197
194
197
194
193
192
192
188
190
191
187
184
186
187
182
180
181
179
182
181
177
175
173
175
171
175
172
171
171
170
167
167
164
163
162
165
164
159
162
156
158
154
155
155
151
151
149
151
149
146
146
147
148
143
143
141
140
142
141
136
135
139
138
134
133
132
134
130
127
127
125
126
127
123
122
122
119
119
118
120
115
114
114
112
111
113
109
111
107
108
109
108
107
105
102
100
101
101
102
100
99
94
96
95
96
90
93
88
87
86
90
86
86
87
83
84
83
81
78
76
77
75
78
76
74
70
74
70
67
71
69
65
68
62
65
63
61
59
58
58
57
58
53
52
51
52
50
49
48
51
46
47
43
44
46
40
44
43
37
40
40
39
35
33
36
34
31
30
27
28
29
28
28
26
26
25
23
23
18
19
18
19
15
12
12
14
9
10
7
9
5
4
4
2
6
