180
164
100
208
229
23
223
46
147
198
125
20
26
64
35
79
116
123
140
245
1
30
171
13
230
137
113
187
15
141
218
55
230
187
199
220
91
145
135
120
3
208
130
145
160
77
81
42
34
7
192
161
47
189
30
175
229
182
140
106
134
150
113
13
75
176
129
199
109
0
91
18
82
157
184
42
56
81
187
171
197
12
205
199
246
178
210
225
23
213
207
11
10
11
106
231
165
11
3
243
213
129
201
40
216
7
95
202
201
92
36
194
166
86
169
26
82
249
10
45
108
44
87
62
6
165
23
139
136
4
226
233
160
205
86
227
17
155
169
86
182
99
122
56
171
16
208
238
6
123
18
43
180
114
92
117
129
134
106
222
115
163
141
247
111
108
179
181
200
102
128
10
173
49
122
57
32
168
92
141
168
217
15
188
30
240
159
98
81
222
28
132
39
21
218
241
118
216
185
42
150
119
224
152
243
126
160
34
175
4
212
96
133
47
143
42
29
169
0
215
68
34
97
245
158
149
246
131
116
117
176
223
235
94
169
51
35
205
176
173
242
162
228
229
86
227
179
22
48
242
