70
224
135
5
65
61
126
169
204
244
98
111
154
30
153
50
214
47
17
116
181
64
71
172
65
221
52
60
137
12
19
147
213
217
157
64
88
223
11
72
156
191
17
216
86
105
223
174
183
228
133
24
171
22
107
60
157
135
125
221
228
54
52
47
38
68
125
228
48
27
154
138
155
23
113
150
3
208
14
116
84
213
48
248
93
229
53
14
239
10
83
250
24
192
57
151
240
80
8
92
48
185
11
230
13
179
57
239
77
232
236
12
250
124
178
61
203
178
94
250
97
32
210
222
21
145
132
220
61
107
209
240
143
71
247
72
161
100
2
202
178
118
249
106
162
188
149
201
249
159
235
170
67
164
42
107
220
233
224
128
163
47
94
51
226
127
67
7
32
154
106
196
244
4
65
24
194
17
226
53
1
68
205
77
108
138
184
55
134
224
153
93
26
143
237
120
61
151
51
115
242
216
186
152
147
84
109
38
169
57
5
81
236
28
152
61
3
196
189
27
30
7
78
84
19
67
134
196
30
59
197
214
45
117
217
248
227
63
95
142
174
156
134
60
7
102
35
167
33
21
