200
66
13
61
26
45
46
196
97
220
61
228
109
14
182
2
62
1
154
217
61
224
48
161
164
195
143
24
42
88
97
177
194
197
216
40
225
119
184
193
85
142
224
2
171
217
127
137
38
128
112
30
7
154
43
163
172
34
175
22
22
148
80
214
214
148
107
83
132
83
152
119
149
164
126
60
91
242
116
209
200
50
27
92
72
222
191
226
43
203
68
47
171
226
160
137
87
199
63
209
117
162
83
44
69
177
14
115
133
195
32
44
76
194
25
184
110
237
72
180
76
191
134
29
170
167
46
71
218
217
88
66
6
150
112
66
70
59
160
50
94
123
74
99
51
188
244
33
3
239
249
144
120
11
174
43
17
7
32
32
191
145
109
199
142
11
95
50
167
246
5
194
245
32
48
230
232
247
42
66
95
206
205
112
44
81
71
182
249
30
88
88
151
94
171
15
185
54
167
149
21
192
102
73
104
61
32
59
200
27
28
89
74
174
15
55
60
21
146
232
237
37
42
106
45
130
89
26
37
203
177
181
135
191
121
117
53
4
119
14
249
141
88
31
126
59
41
81
52
185
