242
218
229
97
39
238
155
241
169
2
124
107
82
2
219
93
108
5
72
79
72
243
180
237
53
162
209
243
33
189
170
23
27
103
142
194
84
105
127
134
212
156
176
148
96
136
153
130
162
208
223
244
111
51
58
233
101
177
121
10
104
45
67
184
218
159
129
87
80
169
149
178
170
70
234
217
95
149
176
40
92
20
163
62
122
110
233
216
9
173
66
15
60
49
150
191
187
181
45
57
110
123
11
45
56
13
125
62
196
189
93
176
100
195
137
228
231
39
164
44
89
118
109
229
129
191
212
57
40
196
46
238
100
183
56
68
194
27
243
226
130
59
166
27
116
120
149
67
170
5
18
153
53
228
154
59
60
129
202
209
242
61
217
128
203
113
83
30
42
236
176
103
198
74
193
174
175
9
55
183
150
178
12
43
63
137
81
235
139
238
43
36
154
12
163
179
249
165
147
104
132
62
200
128
8
113
164
44
46
161
143
225
174
163
126
7
136
192
140
135
62
93
214
75
239
109
56
2
160
98
136
34
217
42
178
78
69
224
37
113
99
167
174
57
0
175
94
203
215
227
