148
211
7
52
243
169
219
208
95
235
13
137
192
117
197
47
133
210
180
190
154
203
221
61
248
39
182
155
66
184
29
196
157
179
216
74
245
140
235
121
137
113
99
97
119
64
177
165
30
208
147
60
35
43
92
99
154
75
74
84
109
35
180
59
155
230
229
42
174
214
68
192
226
13
111
230
16
170
245
3
111
83
26
240
159
100
138
107
148
97
179
111
106
129
232
5
191
170
38
60
112
207
222
188
65
37
223
44
195
219
20
132
161
13
53
153
74
90
84
231
45
33
195
240
42
224
16
84
94
123
21
14
250
227
93
139
191
170
144
144
154
35
245
88
183
46
215
227
68
81
216
93
179
143
241
235
40
10
62
150
28
48
159
7
219
210
111
8
45
124
39
137
175
190
51
150
161
249
247
5
242
91
192
235
178
238
71
63
182
69
18
140
161
12
147
206
159
135
234
76
1
188
240
64
159
82
82
74
51
178
11
158
88
98
133
154
245
238
52
130
203
126
92
111
95
99
35
81
19
206
186
140
71
215
142
127
229
202
200
19
172
66
71
144
77
199
172
192
6
185
