53
19
187
236
120
221
154
183
18
43
217
140
101
140
196
211
227
225
71
144
172
103
147
209
174
67
51
10
36
216
101
79
79
81
146
26
110
178
82
1
11
155
243
100
75
245
142
183
50
198
15
178
214
80
105
149
144
126
0
22
102
21
0
26
245
14
147
185
138
103
91
84
160
180
195
9
118
228
152
69
71
198
20
193
190
148
198
106
13
170
218
224
178
54
20
168
58
129
179
64
197
50
166
2
130
57
81
49
158
103
152
237
197
36
211
113
185
124
138
243
207
118
113
35
14
145
218
156
161
173
192
205
240
23
119
0
65
150
33
162
138
196
238
113
34
154
165
124
82
56
184
33
203
187
98
239
206
238
29
223
69
128
57
164
129
137
140
34
216
247
138
48
216
214
46
18
136
169
171
100
74
109
234
224
63
79
53
80
158
74
11
0
30
178
98
33
3
227
35
161
12
55
17
101
241
54
73
111
179
246
182
0
163
118
47
42
42
40
105
21
175
91
232
164
213
33
176
84
47
61
139
156
60
8
246
35
11
32
126
100
248
157
139
247
77
118
19
94
12
145
