178
43
28
212
134
160
196
9
151
133
88
112
197
138
143
245
7
182
115
183
147
109
25
42
6
176
4
72
7
15
36
196
169
216
93
66
89
171
222
165
220
243
91
52
79
182
141
149
86
30
154
64
203
30
9
227
50
122
241
173
86
220
160
30
196
214
11
239
241
154
244
163
16
151
90
176
115
68
130
91
175
227
75
103
93
185
149
14
100
219
88
36
46
84
65
235
162
204
247
190
20
18
38
209
54
229
16
171
174
214
242
204
40
139
27
177
86
54
65
13
8
245
143
76
212
201
51
135
79
144
79
166
56
6
1
110
170
181
198
185
225
132
141
147
21
127
150
31
245
55
79
181
192
117
110
112
176
229
237
140
246
10
103
132
234
46
227
108
246
162
245
215
30
5
159
92
114
128
57
106
82
117
29
51
116
229
114
202
159
112
107
54
237
116
197
54
66
24
135
108
87
110
127
1
79
189
232
228
48
232
178
71
89
178
152
2
3
208
162
91
67
28
244
179
184
51
137
102
12
246
126
105
235
66
142
2
10
5
55
220
7
199
86
231
32
31
222
57
83
125
