175
44
5
213
145
48
77
125
119
127
80
178
128
207
217
124
216
179
247
167
57
30
138
113
248
53
118
100
13
10
217
249
91
152
105
66
184
139
124
82
106
140
100
200
201
138
135
92
132
141
27
179
234
194
54
91
11
15
214
44
204
5
171
237
210
127
41
24
57
206
60
180
87
65
244
39
98
42
33
231
135
233
200
129
5
149
28
90
198
163
119
52
80
125
234
89
117
232
185
114
38
103
195
79
209
106
173
230
46
66
42
170
190
244
178
232
153
113
88
153
124
165
29
200
50
202
6
5
15
40
92
132
41
250
30
124
27
75
206
154
207
210
158
228
182
244
147
192
196
190
174
181
26
1
74
19
186
115
150
248
8
13
60
167
214
230
46
39
136
36
37
127
190
179
221
208
209
158
46
196
4
62
244
63
37
248
199
116
141
224
43
143
101
47
196
142
159
88
225
166
133
13
17
77
219
193
248
241
174
5
213
176
194
179
134
209
209
49
220
183
37
153
233
170
223
120
174
4
1
51
198
210
226
133
74
191
106
14
81
209
193
45
93
137
162
241
189
109
16
62
