226
250
77
11
83
193
116
20
91
31
197
218
123
181
204
69
186
196
78
215
188
104
224
24
141
96
22
34
149
157
50
162
118
87
8
224
52
9
115
224
200
160
57
143
36
184
235
37
78
35
29
198
209
204
80
250
42
148
52
233
14
64
207
230
104
31
157
51
16
168
131
3
193
76
137
225
133
114
160
243
123
40
12
118
143
180
122
242
40
29
106
89
107
204
19
79
184
14
123
45
185
63
172
42
109
180
81
97
24
173
188
222
145
134
53
28
200
155
207
233
90
181
193
84
108
135
70
178
13
189
80
199
73
68
124
98
186
186
27
28
129
64
16
17
138
153
248
67
232
219
39
78
220
242
142
176
197
172
99
85
224
10
200
157
244
185
38
69
13
0
72
30
51
206
180
12
42
6
115
50
81
222
126
125
235
159
163
233
5
41
212
192
110
90
241
108
121
213
234
104
38
186
144
67
21
186
103
191
147
47
112
85
5
3
26
70
54
22
91
39
78
135
160
222
97
190
51
146
125
242
200
50
27
31
81
15
138
225
222
20
114
163
67
204
157
115
37
10
96
59
