86
62
35
248
115
23
194
237
136
125
197
179
216
191
43
164
34
63
249
239
86
69
180
35
40
146
242
230
245
104
128
243
180
245
128
72
20
63
6
161
172
212
225
152
46
91
196
223
111
213
109
31
71
79
103
132
65
153
147
198
29
97
28
133
30
60
52
12
83
220
82
194
23
74
148
132
10
92
150
68
230
120
231
51
89
230
37
114
233
226
210
213
200
189
53
150
67
52
160
222
35
243
42
11
36
150
32
199
158
127
98
25
31
158
171
10
48
106
25
133
135
175
178
103
88
217
0
188
112
94
241
174
72
143
133
140
126
46
222
150
204
216
79
7
35
207
194
143
244
102
165
167
216
7
151
190
46
141
6
156
229
146
150
160
153
199
29
226
64
162
5
49
107
81
198
41
230
65
61
84
94
40
5
141
138
123
117
25
28
90
98
13
119
240
139
82
129
20
168
140
20
104
154
222
85
99
205
239
207
27
137
226
86
49
214
104
225
196
111
208
236
241
13
215
175
190
245
85
32
15
177
33
207
48
73
215
67
232
156
115
214
117
57
17
36
239
156
94
88
239
