19
148
41
160
207
174
85
3
132
199
79
53
154
75
235
82
71
247
65
12
114
68
229
229
163
219
171
224
55
119
84
140
177
74
117
94
175
76
135
127
124
102
206
213
40
171
51
91
79
112
226
115
239
232
237
248
24
126
199
72
231
153
36
88
176
97
179
92
149
233
109
78
200
236
180
193
158
32
169
217
65
230
162
180
194
207
9
175
178
233
230
25
59
203
11
7
198
82
55
233
80
0
96
98
10
84
245
199
95
111
22
40
55
107
191
36
248
183
197
2
250
146
13
170
230
199
24
30
85
205
92
211
142
134
176
8
173
219
68
83
126
80
26
80
187
199
32
129
167
59
94
86
43
144
122
17
190
66
6
77
210
38
180
21
176
53
72
63
199
65
187
233
48
61
213
53
212
166
39
74
174
120
193
224
247
200
190
77
179
16
62
45
241
21
59
39
19
86
105
168
8
150
125
249
43
163
46
163
136
195
184
62
18
30
199
102
31
54
12
218
189
171
250
204
150
32
147
28
166
76
14
145
124
180
214
29
40
152
138
242
31
14
134
132
19
185
70
56
182
136
