91
171
34
174
221
25
206
36
233
196
161
52
205
1
124
108
155
14
218
44
13
152
142
145
233
85
33
167
38
142
16
184
68
202
104
9
182
160
108
213
81
139
4
189
95
154
131
159
70
200
45
195
164
61
247
122
94
168
44
1
23
150
203
123
175
135
45
185
118
70
250
11
145
93
218
228
108
70
113
167
103
136
181
36
231
104
41
22
36
60
225
69
173
65
232
157
210
155
226
153
196
82
46
169
82
144
226
56
224
32
61
64
134
148
162
67
227
250
52
15
219
134
58
161
211
174
248
145
135
17
10
149
78
82
190
30
181
216
107
138
237
161
207
119
228
109
177
112
84
120
90
211
57
219
103
237
66
146
36
35
37
117
49
12
195
233
62
72
223
149
19
58
84
50
14
232
220
22
9
233
212
148
151
21
215
57
188
73
102
183
128
161
193
167
114
89
79
15
235
213
10
72
99
124
14
46
130
101
173
174
124
165
106
239
111
217
12
199
68
175
193
1
59
72
95
73
204
44
79
215
59
41
119
208
235
149
150
190
78
86
137
145
146
20
111
212
56
67
219
96
