94
225
194
115
158
198
112
5
107
49
80
31
80
123
73
29
231
183
74
84
70
119
240
106
44
206
168
166
45
169
193
98
54
209
43
36
4
119
167
103
208
179
194
204
168
169
8
34
215
243
71
230
232
17
92
17
196
105
240
200
243
75
121
231
171
75
68
7
210
75
140
165
80
66
243
76
53
169
154
10
69
94
72
26
1
15
19
61
176
207
245
215
17
95
65
220
61
84
21
92
20
220
115
89
203
237
12
196
14
248
115
128
18
182
182
187
213
127
104
67
104
108
3
246
139
195
101
206
242
246
4
39
25
250
140
13
123
118
33
149
197
144
12
134
3
38
54
202
78
87
152
175
182
115
161
167
239
94
229
80
56
19
195
6
165
1
3
113
106
245
196
172
22
79
135
82
135
72
2
104
33
174
107
221
169
178
220
119
37
211
85
105
91
116
5
22
152
246
218
22
176
107
107
88
182
84
38
179
34
204
22
125
161
235
79
135
35
28
42
2
153
60
26
227
79
33
160
83
177
18
101
111
29
7
121
118
103
123
141
225
159
70
80
116
128
164
81
216
101
18
