6
147
150
23
57
214
30
2
163
19
104
189
84
42
130
89
37
72
93
221
71
187
183
44
15
39
158
244
103
58
203
108
149
38
90
30
61
0
161
210
194
2
84
25
246
180
213
13
225
176
3
57
183
87
240
56
228
53
164
211
195
237
33
106
247
227
194
113
145
226
97
180
174
233
131
196
136
139
182
139
221
178
39
9
105
136
182
35
153
122
241
234
42
239
130
81
52
20
195
12
188
60
179
52
205
93
61
147
242
154
188
154
67
98
241
127
227
123
220
216
228
91
149
130
177
157
78
52
52
15
16
26
39
160
14
98
85
88
145
170
120
145
234
198
21
112
177
247
81
174
48
149
64
216
126
32
183
230
156
62
201
38
234
204
100
68
230
209
199
133
20
6
180
204
141
139
239
201
59
43
51
141
103
81
117
187
68
234
177
26
12
94
53
148
116
226
121
128
133
244
75
15
60
107
58
238
32
220
181
108
21
63
157
188
160
105
42
106
225
75
4
66
187
115
204
119
11
228
110
65
235
124
123
128
159
93
66
174
236
110
27
243
226
176
13
73
173
73
76
31
