167
20
222
6
50
79
53
37
62
156
137
155
170
61
202
176
58
222
88
3
4
190
176
157
62
247
86
50
66
220
94
197
235
35
160
5
5
151
17
202
223
129
248
223
242
120
183
203
75
152
70
44
103
184
171
208
50
205
106
196
47
203
173
96
112
220
44
54
51
249
220
137
178
0
46
84
90
158
240
168
156
179
34
0
164
132
92
217
131
218
56
86
173
209
141
196
33
212
215
11
87
161
227
42
45
9
230
13
53
234
134
6
108
17
213
4
219
168
123
12
180
198
86
179
145
89
86
222
26
45
8
42
217
19
146
67
215
105
70
220
228
72
200
17
125
114
197
193
73
209
214
46
178
28
67
17
92
81
240
9
64
75
135
91
177
31
73
186
53
111
31
162
94
248
3
19
32
214
121
125
207
98
68
202
245
84
3
75
50
115
105
39
243
154
145
77
55
210
202
38
163
62
72
15
116
169
123
45
2
204
215
236
11
244
122
210
162
207
164
194
181
148
116
89
23
175
100
83
76
59
215
4
37
247
62
166
229
185
108
52
204
92
188
108
240
156
124
56
210
98
