505
501
499
500
500
496
495
494
494
494
490
490
492
487
491
485
484
484
486
485
485
481
479
479
481
476
477
475
472
473
473
474
472
469
471
469
465
465
462
463
464
462
462
459
460
456
457
456
454
453
455
451
450
447
450
448
448
443
444
441
444
443
443
442
441
438
435
436
433
435
434
430
430
430
426
426
425
424
426
426
425
423
419
421
416
415
416
413
415
413
410
413
412
407
410
408
408
407
406
403
404
401
400
401
398
400
397
397
393
392
395
393
389
391
387
389
386
383
387
385
384
384
382
381
381
379
375
377
372
375
372
370
369
369
367
369
368
364
365
362
360
363
359
360
356
359
354
357
357
353
354
350
351
347
349
345
347
344
347
341
340
343
342
339
338
338
337
338
334
336
335
332
332
328
328
329
324
327
324
323
323
320
321
321
319
320
317
314
317
312
315
314
312
312
307
305
305
303
303
301
303
302
300
302
296
295
298
294
296
293
295
289
291
287
286
286
285
283
282
286
280
280
281
277
277
275
279
278
273
276
272
271
268
271
271
269
269
265
265
266
262
264
259
261
256
260
259
253
253
255
254
251
252
247
251
250
247
247
245
244
240
243
242
238
240
240
235
238
233
231
232
230
232
232
229
230
229
223
225
222
223
224
223
219
218
219
215
216
215
211
210
213
210
207
206
207
205
203
206
205
205
200
203
200
201
197
195
198
195
194
191
193
192
192
187
186
189
187
183
185
185
182
183
181
180
176
176
176
176
176
171
170
168
167
166
167
166
164
162
161
164
164
158
157
159
157
156
157
152
151
154
151
148
148
148
150
146
147
142
141
144
139
141
142
139
137
139
136
134
134
131
130
129
127
128
129
127
128
124
126
121
119
123
120
119
115
118
113
114
111
112
111
109
107
109
109
105
106
103
103
105
101
101
99
101
99
98
97
97
91
91
91
92
90
87
86
86
87
83
82
83
80
82
80
80
77
79
77
76
76
72
69
71
72
66
69
66
64
63
62
64
60
59
58
61
56
57
56
55
56
50
54
48
49
51
50
46
47
47
41
41
40
42
39
37
38
34
37
37
36
34
31
33
31
30
29
25
26
27
21
23
20
20
17
16
15
18
15
14
11
13
13
8
12
6
8
7
4
4
1
4
6
5
5
4
6
8
12
9
12
12
15
14
13
19
15
17
21
22
23
20
26
23
23
27
26
28
31
29
33
30
33
32
36
37
37
39
40
40
41
43
43
46
47
44
47
47
49
50
54
54
51
54
57
58
58
57
60
59
64
60
65
63
64
66
66
68
67
68
74
73
76
77
73
75
79
81
77
80
81
81
81
87
87
88
87
88
88
88
90
91
93
94
93
99
100
96
99
98
99
104
103
105
108
105
110
111
110
110
111
112
113
113
116
117
119
117
117
122
122
121
121
125
127
128
125
127
128
132
130
134
131
135
133
139
138
136
142
142
140
143
145
143
148
146
150
150
151
148
149
153
151
155
158
154
156
160
162
162
164
165
161
164
166
166
165
167
172
169
173
172
172
175
175
178
178
178
177
178
179
181
184
183
183
186
188
190
192
192
191
190
196
193
198
198
197
197
202
200
201
201
204
204
203
205
207
210
209
209
212
214
211
216
218
217
217
218
219
222
223
220
224
224
224
228
229
231
232
230
231
234
233
235
233
236
240
237
239
240
241
240
242
242
245
244
250
251
252
252
252
251
251
256
253
256
260
260
259
259
262
264
261
264
267
265
268
270
267
269
270
275
274
272
276
274
279
281
278
283
279
284
284
286
288
284
287
290
291
293
292
290
293
295
296
295
297
298
297
301
301
304
303
303
305
309
308
306
308
311
310
310
315
316
316
316
315
317
322
322
320
323
325
327
324
327
325
326
332
333
334
331
336
332
338
338
335
337
338
338
342
342
342
343
346
348
350
350
348
353
350
353
351
355
357
359
358
359
361
362
361
362
365
367
363
364
368
367
369
371
374
373
371
374
376
378
378
381
382
380
380
383
382
383
383
387
389
389
391
392
393
393
392
396
394
396
397
398
401
400
400
404
404
407
403
409
407
410
408
408
413
414
411
417
417
417
417
420
421
419
423
425
426
424
423
427
428
428
429
431
433
430
432
436
435
435
435
438
442
439
444
440
446
445
444
447
447
448
451
448
452
450
454
454
457
454
458
460
461
462
463
464
461
466
464
466
468
470
470
473
474
473
474
476
477
475
479
478
477
481
479
480
482
484
483
487
486
491
487
488
491
494
495
494
494
495
499
500
498
498
500
