500
504
503
499
497
499
496
497
493
495
492
493
490
490
491
485
486
485
483
484
483
482
478
481
480
478
477
477
474
475
471
474
468
469
468
467
464
466
462
461
460
462
460
460
457
457
456
457
456
454
451
451
451
448
447
450
448
443
443
441
441
443
442
438
437
436
435
435
435
434
435
433
432
429
430
427
426
426
422
426
424
421
421
421
418
419
414
418
417
411
413
412
411
408
407
407
408
406
405
403
401
404
400
402
399
395
394
398
392
394
391
391
390
387
389
389
386
383
385
382
380
381
382
379
380
375
376
374
374
376
372
373
371
367
368
367
368
366
364
364
362
361
360
360
358
356
354
356
356
355
353
349
353
351
346
345
349
344
345
346
342
341
340
342
336
335
335
338
335
331
334
332
329
328
326
329
324
328
326
324
325
320
319
322
316
316
315
313
316
314
315
312
311
310
310
309
306
307
303
303
305
300
300
301
297
295
295
298
295
294
293
294
291
291
287
286
285
287
282
285
281
284
280
277
279
279
276
273
273
273
271
269
268
271
266
270
267
263
267
261
263
264
258
260
261
260
254
257
255
252
250
250
253
250
246
250
247
248
242
246
244
243
242
241
240
238
237
233
235
233
234
229
230
232
227
226
228
227
223
224
221
224
222
218
221
220
214
218
213
214
210
210
210
209
207
208
209
206
206
206
202
203
200
202
201
196
196
197
196
193
192
193
192
190
191
189
184
185
186
181
180
180
182
182
176
178
175
173
172
172
172
170
172
168
166
170
168
165
165
166
163
163
163
160
158
155
154
153
153
156
151
150
152
147
149
149
145
147
143
141
142
141
143
137
136
140
139
133
136
132
131
129
130
132
127
126
126
126
127
122
120
122
122
119
117
115
114
116
113
115
114
110
112
109
111
108
104
106
102
105
102
99
102
102
101
98
98
93
95
91
94
94
88
87
89
86
86
83
84
85
84
79
81
82
79
80
75
78
74
76
74
70
72
68
71
65
65
68
63
63
65
59
60
62
59
60
55
53
55
55
54
51
50
49
50
49
47
44
47
44
45
43
38
39
36
37
39
34
32
33
35
31
31
31
29
29
26
25
24
23
21
20
18
17
16
16
18
16
15
15
15
10
11
12
11
8
7
5
5
2
2
4
2
6
8
6
8
8
12
13
14
11
15
13
15
16
18
20
21
21
21
25
23
27
27
26
27
28
29
34
32
31
33
34
37
35
36
39
42
41
44
46
47
43
44
49
50
47
52
52
53
52
56
54
54
55
59
60
59
61
62
65
65
67
68
68
67
72
70
69
71
74
75
75
75
75
81
78
78
83
85
83
82
85
89
89
88
91
93
91
92
91
92
96
98
99
98
102
98
103
103
103
104
104
106
108
110
111
112
111
114
111
117
117
114
117
121
122
122
123
124
122
125
123
125
126
129
128
132
131
134
135
133
138
139
139
141
139
143
143
140
144
147
144
145
145
147
152
150
154
151
156
155
155
154
157
160
161
162
164
161
164
165
168
169
167
166
170
168
174
172
174
172
173
176
175
180
177
181
180
180
186
183
186
184
185
190
188
190
190
193
192
192
196
198
195
198
198
202
202
203
206
204
206
208
207
209
212
211
210
213
212
217
215
216
219
217
220
218
223
223
221
224
227
227
228
229
227
233
233
232
234
235
235
236
238
240
238
240
244
245
243
245
244
248
246
250
249
252
249
250
252
253
258
256
257
258
259
260
264
263
266
266
264
268
265
268
269
268
272
272
274
277
276
277
278
279
278
279
280
280
284
286
288
286
286
287
289
289
290
294
296
296
296
298
295
297
300
302
302
301
301
303
304
308
308
311
311
311
311
311
316
315
317
315
315
316
320
319
322
325
322
327
323
327
326
326
331
329
334
333
332
336
337
336
337
341
341
338
339
340
346
345
344
349
345
350
349
350
352
350
351
353
355
359
357
360
361
359
359
361
361
363
365
366
367
368
370
373
374
370
376
377
375
376
378
376
382
381
381
385
381
385
388
387
389
387
390
393
391
395
391
392
397
398
397
399
402
401
400
401
401
405
405
408
409
410
407
412
412
414
411
415
413
416
418
419
418
421
419
425
423
426
426
426
427
426
430
430
429
432
435
434
437
438
438
438
440
443
440
442
445
445
446
448
447
449
450
450
450
454
452
452
455
456
459
459
458
460
459
465
461
467
463
468
466
471
469
470
473
474
473
475
477
477
475
479
478
479
484
481
483
483
485
489
489
490
492
490
489
493
494
494
494
497
497
500
497
500
499
