505
499
501
501
498
498
498
496
497
494
494
492
488
489
486
487
489
485
483
486
485
479
480
477
479
477
476
478
475
474
471
470
472
471
470
468
469
463
462
464
464
463
458
457
461
458
455
454
452
454
453
454
449
449
448
446
448
443
442
446
443
439
439
442
441
440
438
437
433
433
435
429
432
430
431
428
428
423
426
421
423
422
423
420
421
419
415
414
414
414
412
413
413
411
410
410
406
404
406
401
401
399
402
398
397
399
395
395
397
396
390
393
392
388
387
390
387
385
387
383
380
384
378
378
376
376
376
374
375
372
375
373
370
369
367
366
369
366
362
366
361
359
358
361
360
355
357
355
356
353
350
352
352
347
346
349
347
344
342
341
340
341
342
338
341
339
336
335
332
335
334
331
332
329
326
326
329
325
325
322
323
319
321
317
320
318
314
313
317
314
310
310
309
308
310
310
304
307
304
304
304
304
302
302
299
297
295
296
295
292
294
290
289
292
286
289
284
284
283
286
282
282
280
280
278
275
274
278
274
273
275
269
270
271
270
267
264
264
262
264
265
259
260
258
257
255
257
258
257
251
252
250
252
250
247
249
246
247
243
242
242
240
243
239
236
237
236
237
234
232
231
229
230
228
226
226
228
224
226
222
222
223
218
221
216
220
214
218
217
214
214
210
212
209
210
206
205
206
207
204
204
200
203
200
199
199
196
196
195
194
195
190
191
191
191
185
188
184
187
186
184
182
178
181
178
178
177
174
172
174
174
173
169
172
171
167
168
163
167
161
161
159
159
161
157
155
155
155
153
154
153
154
152
148
149
149
145
145
147
145
145
140
142
140
137
139
134
134
137
134
132
133
132
129
127
125
124
126
123
122
120
122
121
117
119
116
116
114
113
111
113
111
108
112
111
109
107
103
105
103
105
100
102
97
101
99
99
98
92
93
94
93
92
92
89
85
85
87
84
81
82
83
80
79
81
77
74
74
76
74
74
73
69
72
69
67
66
65
66
66
61
59
62
62
58
58
55
57
55
54
53
54
53
52
49
49
48
44
45
43
41
39
42
39
41
40
37
33
36
32
30
30
30
31
26
28
28
28
26
22
22
22
18
21
18
19
18
15
16
16
14
12
11
12
9
8
6
8
4
2
1
4
6
7
4
6
7
8
12
11
15
11
13
17
18
17
21
21
18
19
20
26
26
24
24
29
26
27
31
33
31
32
34
33
39
37
41
42
38
39
43
42
42
44
47
50
48
49
52
49
54
54
52
53
56
57
60
62
58
60
61
64
65
65
69
66
68
68
72
69
73
75
77
78
75
79
78
77
81
84
84
86
84
87
88
86
89
92
91
90
94
92
93
93
96
96
98
100
101
101
102
106
105
104
104
110
107
112
111
113
110
114
115
114
117
118
117
121
119
124
123
125
122
126
128
130
131
129
129
133
133
135
135
135
136
140
141
142
142
139
140
144
145
147
147
148
150
150
148
150
151
155
152
158
159
160
157
159
160
160
165
162
167
168
166
166
166
170
168
169
174
172
172
174
175
177
176
181
178
180
182
185
184
187
189
189
189
191
192
190
191
195
195
195
194
196
196
201
200
202
203
204
204
203
204
207
206
209
212
210
215
213
212
215
219
218
221
218
223
219
220
221
224
223
228
227
231
232
231
230
234
235
232
233
235
240
239
241
240
239
243
245
242
245
248
247
247
249
252
250
254
255
253
254
259
258
256
259
261
261
265
263
264
265
268
268
269
271
273
272
270
273
274
275
276
278
277
282
283
284
285
282
282
288
288
286
286
291
290
292
290
292
297
294
294
298
300
302
298
300
301
305
307
307
306
310
309
308
310
313
315
315
316
316
318
320
317
317
319
324
321
322
326
326
326
330
328
332
330
332
330
335
335
338
335
339
337
339
339
342
343
342
346
347
348
349
350
352
348
349
350
352
357
355
357
355
357
362
362
364
364
361
363
363
367
368
369
370
368
369
374
374
375
377
374
377
376
381
380
382
385
386
385
385
385
390
391
388
388
389
392
392
396
394
398
398
396
401
400
404
402
403
402
407
409
408
411
409
411
412
414
411
414
414
418
415
419
418
423
424
423
424
424
425
424
427
428
431
432
433
434
435
434
435
436
439
439
439
438
443
444
441
445
443
449
448
449
447
449
451
450
453
452
454
454
460
457
457
460
463
463
464
466
466
469
467
468
469
470
469
471
476
475
476
476
479
476
477
483
482
481
484
486
486
485
488
490
487
488
490
491
492
497
496
497
498
501
497
501
504
