505
503
499
499
496
499
499
493
497
491
495
491
493
488
488
486
485
486
482
486
485
484
483
480
479
479
475
473
477
476
472
472
470
470
467
467
465
467
462
463
462
463
460
462
461
458
456
457
456
451
453
452
453
450
451
449
444
446
445
443
445
439
442
442
438
437
437
433
433
431
434
430
429
430
431
430
427
425
423
424
420
419
421
420
418
417
414
414
412
413
414
412
411
408
410
409
408
406
404
405
401
400
401
398
399
400
398
398
396
393
390
392
392
390
386
387
388
383
386
384
382
384
381
378
381
376
376
374
377
376
371
371
371
371
368
365
369
366
363
365
360
359
358
361
361
357
355
354
355
356
350
353
349
351
347
350
347
345
347
342
343
341
338
342
337
340
335
335
332
334
332
329
330
330
329
329
329
327
326
325
322
322
322
319
320
315
315
314
315
311
313
309
309
308
311
306
305
305
305
302
303
303
301
301
297
299
296
298
297
296
291
292
292
290
288
289
287
287
287
286
283
281
281
278
280
280
274
278
272
276
272
271
271
269
266
265
264
266
263
265
262
260
258
260
256
256
257
255
252
251
255
251
253
250
251
247
248
246
242
244
241
243
242
242
236
239
237
238
234
236
230
232
232
230
231
225
227
227
227
222
222
221
222
217
219
217
217
213
216
214
210
210
213
207
211
210
209
204
205
206
204
202
202
200
201
199
196
194
193
191
192
194
189
188
188
186
188
184
184
186
184
183
178
177
176
178
175
173
172
174
173
171
172
171
166
166
165
165
166
162
165
161
159
158
159
159
156
158
152
153
155
154
153
150
147
148
145
146
144
142
145
144
140
142
138
140
136
137
135
132
134
134
133
129
130
129
125
124
127
125
122
120
120
119
117
117
118
114
112
115
110
113
109
110
110
110
108
105
106
102
100
99
103
101
98
96
95
93
95
95
93
91
88
88
87
88
86
87
85
84
83
82
80
80
79
78
77
75
75
72
71
69
72
70
67
67
68
64
64
61
63
60
59
62
61
57
56
53
52
51
50
49
53
49
46
47
48
47
47
46
42
43
42
37
37
40
36
35
37
33
32
32
28
31
26
26
25
23
26
25
25
21
20
20
16
17
14
16
14
16
10
12
8
7
10
10
8
6
7
2
0
5
2
3
6
6
11
10
10
9
13
16
17
13
16
16
21
20
19
24
25
25
27
24
24
25
31
28
33
30
32
34
33
33
37
39
39
40
41
42
40
45
45
46
44
50
49
47
48
54
51
52
54
56
55
59
57
60
60
61
63
64
65
68
64
67
68
70
72
73
70
72
76
78
78
75
80
81
79
79
82
81
83
84
88
87
89
88
91
91
95
93
97
95
98
100
98
101
98
99
100
101
102
105
107
106
111
107
111
114
111
116
113
113
114
118
121
118
121
121
123
121
125
125
125
126
131
127
130
129
132
132
132
134
134
135
141
141
141
139
144
145
146
148
144
148
148
147
150
150
154
155
157
155
155
160
156
160
158
162
165
166
166
168
164
167
167
170
171
169
174
176
173
175
179
180
179
178
180
183
182
186
187
183
186
189
191
189
190
189
193
193
194
197
199
197
200
200
203
202
205
203
203
208
209
210
209
212
210
211
212
216
216
213
219
220
216
220
219
219
224
225
223
225
225
230
231
232
229
229
233
232
236
233
236
240
240
238
243
242
245
245
245
247
247
245
250
247
249
253
254
253
253
253
256
259
260
260
261
262
261
262
267
266
264
267
267
267
269
269
271
273
276
276
279
277
281
282
283
284
285
286
284
284
288
289
289
287
291
294
292
294
292
295
294
295
300
300
303
299
301
302
304
304
306
310
307
312
311
314
315
312
313
313
315
319
316
322
322
320
324
321
324
327
327
329
328
332
328
330
334
335
336
336
339
336
338
337
342
342
343
344
343
344
348
349
347
349
351
353
353
353
354
355
356
355
358
357
363
359
361
361
365
363
368
365
370
369
371
369
371
376
376
378
379
377
378
380
380
383
381
382
383
385
389
387
389
388
390
393
393
391
392
395
395
395
396
401
402
403
402
402
405
405
409
407
406
410
410
410
413
413
417
415
418
417
416
419
418
421
420
422
425
424
427
430
429
431
432
430
430
432
435
433
436
435
436
438
439
440
441
446
447
446
445
450
448
450
450
452
455
452
452
456
457
459
461
461
458
459
463
464
467
468
466
466
466
469
471
472
475
475
476
473
476
479
477
482
482
482
485
484
483
486
489
486
486
492
490
492
490
495
495
497
497
499
499
499
501
503
