500
500
503
499
500
496
495
498
494
492
493
494
488
487
489
489
488
488
483
481
484
484
482
480
481
475
476
476
473
471
473
473
472
469
468
467
468
466
463
463
460
460
461
460
460
456
454
458
457
452
455
454
453
449
451
449
447
445
445
443
440
441
443
440
441
436
437
434
435
436
431
433
429
427
431
430
428
427
423
422
422
419
420
419
420
417
416
413
414
412
410
410
408
408
406
408
404
404
403
401
405
400
401
402
397
398
395
397
394
392
395
394
393
389
391
387
384
386
382
381
383
383
381
382
378
377
376
377
373
373
372
371
371
372
371
368
364
364
363
366
361
360
358
358
357
360
356
356
353
354
355
352
348
351
347
345
347
346
347
342
340
340
343
340
337
338
338
337
332
332
332
330
328
332
326
329
329
324
325
326
322
322
320
321
319
317
314
313
315
312
312
313
313
307
307
310
304
308
305
301
302
301
303
300
299
299
294
295
295
295
294
294
293
287
289
288
285
287
283
283
284
284
281
281
280
277
278
273
276
271
270
270
271
270
269
266
269
267
267
262
264
264
261
261
256
259
255
257
255
251
252
251
248
251
249
248
246
248
244
242
242
244
241
239
238
236
239
237
232
234
233
231
229
229
229
227
225
228
223
225
221
220
222
221
221
215
216
217
212
215
213
212
210
207
210
206
204
208
205
205
202
201
202
202
201
197
198
193
193
195
190
193
192
191
186
188
187
185
183
185
183
180
180
179
181
175
179
173
173
176
173
172
171
168
166
170
168
164
164
163
164
164
158
158
157
156
155
155
156
155
153
152
150
152
148
145
148
146
146
146
142
143
140
140
141
140
137
136
135
132
134
131
132
132
130
128
127
128
125
126
123
120
119
120
118
120
115
117
117
113
112
110
108
109
110
105
108
106
104
103
101
103
103
102
100
99
95
93
95
94
95
89
93
88
86
86
88
87
84
85
82
84
79
82
76
77
76
77
77
71
75
69
70
71
67
67
68
65
62
66
65
59
58
57
60
60
57
58
52
51
52
54
48
47
46
47
46
44
43
42
44
44
39
38
38
39
38
36
35
32
32
33
31
29
31
29
24
23
27
23
25
23
23
19
18
20
15
18
12
13
10
11
8
8
11
6
6
4
3
6
1
6
6
3
6
9
8
12
12
11
11
15
12
15
17
20
19
19
21
23
20
22
25
23
25
30
26
32
33
33
35
33
33
37
34
38
41
38
39
41
40
42
45
46
44
50
49
51
50
52
54
54
52
57
57
55
56
58
58
62
64
61
67
66
64
66
71
72
70
73
71
74
73
76
74
80
79
77
83
84
83
82
87
88
87
87
91
90
91
89
95
94
96
94
99
98
99
97
102
100
101
102
106
105
109
108
111
112
110
113
115
114
117
115
118
115
116
122
118
122
120
123
123
126
125
128
131
128
130
131
132
136
137
134
137
140
137
142
140
139
142
143
147
146
148
150
149
148
148
150
154
155
152
157
155
159
156
161
162
161
165
161
166
168
167
165
166
168
171
169
171
172
172
174
179
175
177
178
178
183
184
185
187
185
185
186
189
190
188
190
191
191
194
193
197
199
196
202
200
200
201
205
202
203
209
209
210
209
211
211
213
216
213
215
216
218
217
218
222
221
220
226
226
228
224
230
228
228
228
229
231
235
235
237
237
235
241
242
243
244
240
244
245
246
245
247
247
248
253
252
251
255
253
257
257
260
260
262
259
262
261
263
265
267
266
266
267
269
273
271
271
275
275
273
275
277
279
277
283
284
282
281
284
284
289
289
290
289
288
289
291
291
295
295
296
296
296
302
298
300
301
302
306
308
309
310
307
312
313
312
312
315
314
316
319
320
317
321
319
324
322
324
326
323
329
328
331
330
333
333
335
333
334
338
339
336
336
341
343
340
345
342
345
343
344
348
347
351
350
352
355
353
355
358
358
359
359
359
358
362
362
362
363
368
367
368
368
371
373
373
375
372
373
374
375
379
378
377
379
379
382
381
382
388
389
385
387
391
390
390
393
393
393
397
394
396
398
399
403
399
403
406
402
403
406
406
406
407
410
410
415
416
412
417
416
420
420
418
419
421
420
422
424
426
424
426
429
428
428
429
435
431
433
434
434
440
439
437
440
443
441
445
447
448
448
448
449
451
449
450
455
456
452
454
459
460
457
461
462
460
462
465
466
468
466
467
468
470
471
472
471
474
474
476
476
478
480
479
479
480
480
485
482
488
489
488
490
488
488
491
494
491
497
495
495
498
497
502
503
499
