502
500
502
500
501
497
495
497
497
491
494
492
490
490
488
487
488
485
485
483
483
480
482
478
477
480
479
474
477
474
473
473
469
470
467
466
466
468
464
466
463
463
458
459
461
458
458
457
456
456
454
451
450
450
451
445
448
448
443
446
441
444
443
438
440
437
436
433
435
436
432
432
428
432
431
425
424
426
427
422
422
424
422
420
417
416
417
416
414
416
410
410
408
409
407
406
404
406
403
404
400
400
403
399
396
399
398
394
397
396
391
391
391
392
391
390
384
388
383
384
384
382
379
380
380
380
375
374
373
372
370
373
370
369
367
366
367
367
364
366
363
361
359
360
360
359
355
355
352
356
352
354
350
347
350
350
349
346
344
342
345
344
338
341
340
335
339
337
335
336
333
330
332
332
330
328
325
325
323
323
321
322
323
321
318
315
318
318
317
312
315
314
313
310
310
308
307
305
303
301
303
300
303
299
299
296
297
293
297
292
292
290
292
288
288
285
289
284
287
285
280
284
280
281
280
280
278
274
276
273
270
270
268
267
271
268
265
267
266
262
265
261
262
259
261
259
258
253
257
252
252
249
249
249
248
248
246
243
245
242
242
241
243
237
240
236
235
234
237
232
231
230
232
227
227
228
224
227
227
226
220
224
221
217
221
218
219
218
214
211
212
210
212
212
208
208
204
205
206
205
205
203
199
201
197
199
197
196
194
192
195
191
192
187
187
188
186
184
186
186
181
181
182
179
180
180
177
173
172
171
173
174
173
167
166
166
168
165
162
166
163
161
160
158
160
159
156
158
152
154
154
151
149
150
147
145
147
146
144
146
143
142
138
140
141
135
134
133
136
135
135
130
128
127
127
130
129
127
127
122
123
121
123
118
117
119
115
118
116
113
110
113
113
110
111
110
104
108
102
106
102
101
103
98
97
95
97
94
92
91
90
89
90
91
89
86
85
84
83
84
80
79
82
79
77
76
74
75
72
74
74
72
70
71
71
68
69
66
67
63
64
59
60
57
58
58
54
55
56
52
50
52
49
47
51
46
49
48
44
42
40
40
42
37
38
39
35
34
32
36
31
32
29
29
30
29
29
23
25
21
22
21
22
18
21
16
17
14
16
14
13
14
13
11
6
8
6
6
5
6
0
2
6
6
9
6
7
10
9
10
15
15
13
13
15
20
19
21
21
20
24
24
27
25
24
26
31
28
28
31
32
31
35
35
36
37
37
40
41
44
45
43
46
46
48
48
50
52
53
53
52
53
52
57
59
60
57
57
62
63
64
63
65
65
68
67
70
67
71
74
71
73
75
77
75
77
77
82
78
80
80
81
83
87
87
87
91
90
93
93
91
96
94
97
99
95
98
101
102
101
102
105
106
107
107
110
111
112
111
114
113
113
115
118
118
116
118
122
118
124
120
122
123
128
127
128
130
128
128
132
131
134
133
135
138
138
137
139
140
141
144
146
143
146
148
149
147
151
151
154
153
153
153
157
154
160
156
157
159
163
162
165
162
166
166
165
166
171
171
170
174
173
172
174
174
179
180
177
182
181
181
185
182
186
187
189
186
189
192
193
194
195
196
194
195
196
200
197
202
200
204
206
202
207
207
210
207
207
212
213
210
213
214
213
215
215
218
219
221
220
224
221
226
226
225
227
226
232
228
231
230
231
232
238
236
237
238
238
239
239
242
245
242
248
247
249
246
252
250
251
251
255
257
253
259
259
259
257
260
259
264
263
267
265
264
269
267
271
271
273
270
272
272
276
275
277
279
280
279
283
284
282
283
288
288
290
288
291
293
291
294
291
294
298
299
298
300
302
298
300
300
304
305
308
306
306
310
312
308
310
311
316
314
315
315
320
320
321
318
321
324
326
324
323
326
328
331
327
328
332
333
333
332
333
337
340
338
341
339
341
341
343
343
343
349
346
351
348
349
349
350
353
355
353
354
357
358
362
360
359
363
363
366
364
365
370
370
371
372
370
373
372
372
374
375
376
378
380
382
381
384
386
386
385
386
386
388
391
392
389
395
394
392
396
398
397
398
399
403
403
404
405
403
404
404
406
407
409
413
413
412
414
413
418
416
417
418
417
422
421
420
422
425
424
429
425
430
428
433
433
434
435
436
436
436
435
441
437
438
441
442
445
442
447
444
446
446
448
453
452
450
455
456
455
458
458
456
460
459
463
461
466
462
467
469
465
467
470
472
470
472
476
473
478
479
480
479
479
481
482
482
482
486
485
487
486
488
491
492
490
493
496
497
495
498
497
498
498
498
503
