504
503
502
498
499
497
498
496
495
496
491
494
493
490
487
486
486
488
485
486
481
484
483
482
478
478
476
474
474
476
473
472
468
469
467
468
467
464
464
466
462
462
462
462
460
455
459
458
454
455
455
449
452
449
450
447
446
447
445
446
443
440
438
442
440
436
436
435
436
436
433
434
430
427
426
430
428
427
424
424
420
419
420
417
421
417
415
417
413
415
413
411
409
411
406
409
406
404
405
404
401
401
403
401
401
399
399
394
397
394
395
389
390
388
390
385
388
387
387
384
383
383
380
378
379
377
378
375
374
373
373
371
368
368
367
369
365
363
367
365
364
362
359
357
361
357
357
354
354
354
352
349
351
347
347
345
349
344
342
341
343
344
339
342
337
336
338
334
334
334
332
330
330
331
327
325
327
323
322
325
324
323
320
322
319
318
319
314
313
316
314
310
312
307
308
306
306
308
307
304
302
304
301
297
301
299
295
293
297
296
291
294
288
292
289
287
286
286
284
282
282
280
283
279
276
279
276
274
273
271
275
271
273
269
267
269
269
268
265
265
260
263
258
260
256
260
258
254
257
256
250
250
253
249
248
250
247
243
242
244
243
244
242
238
241
239
236
235
235
234
233
233
229
228
228
226
224
223
223
221
223
224
222
220
219
220
214
218
212
216
213
211
210
209
210
205
207
203
203
201
204
204
198
198
199
196
199
198
196
196
194
189
193
192
187
188
187
185
184
181
180
184
181
182
176
180
176
173
177
174
172
169
170
169
169
168
164
164
165
163
164
164
160
162
156
160
157
157
155
152
155
150
150
150
150
148
146
143
147
141
142
139
138
138
139
138
135
138
134
133
133
130
131
131
127
126
129
128
126
125
124
120
123
117
121
118
116
115
115
114
113
113
112
111
106
105
107
106
104
101
105
99
100
98
100
96
99
97
96
93
93
94
91
88
90
86
85
87
84
81
81
79
80
77
79
80
77
75
74
71
75
69
68
67
67
70
69
68
66
64
65
63
62
62
59
60
56
54
57
51
50
51
51
50
50
45
44
43
45
42
40
44
41
38
40
35
38
35
35
31
32
34
29
32
30
28
27
28
23
22
25
19
22
22
18
17
15
17
14
12
15
14
13
12
10
5
8
6
6
6
2
1
2
3
7
6
7
11
11
10
12
16
14
18
19
20
17
22
21
21
22
26
23
24
26
29
29
28
30
33
30
34
34
33
34
36
37
42
39
44
41
41
45
46
46
46
47
48
49
52
53
54
52
55
56
59
60
57
60
60
65
61
63
66
64
66
71
70
69
72
72
75
74
78
75
80
77
77
80
83
82
84
83
87
87
87
88
90
90
93
95
93
94
93
98
95
99
98
100
102
104
103
106
103
105
108
107
111
108
109
110
111
116
114
118
119
118
122
120
123
120
122
126
128
128
128
129
129
129
133
130
134
133
135
139
135
138
142
139
140
144
144
146
146
144
150
150
147
148
151
154
152
152
157
154
158
161
158
158
160
165
164
162
164
167
170
167
167
172
171
170
171
177
175
178
175
176
178
181
180
181
183
182
185
185
185
187
192
192
192
190
193
194
198
195
199
196
198
200
201
205
202
204
207
205
206
211
211
211
209
210
211
217
218
217
216
220
220
220
224
225
223
226
223
227
227
230
229
229
230
233
232
232
236
235
236
241
239
240
244
245
243
245
246
248
247
246
251
252
251
253
252
257
257
255
256
258
258
263
264
262
261
266
268
268
265
270
270
270
273
273
271
275
273
278
277
279
282
281
282
281
284
286
288
286
287
287
291
292
290
294
295
296
293
298
296
296
302
302
302
303
305
306
308
305
305
311
311
309
311
311
316
315
313
319
315
317
319
320
320
323
323
327
326
329
326
331
328
329
334
330
333
337
333
336
340
339
340
342
342
344
345
343
343
346
348
347
350
349
352
353
355
353
358
358
359
361
358
363
359
363
364
366
365
369
367
367
372
369
370
375
375
376
378
376
377
381
378
379
381
382
386
382
383
388
387
387
387
391
393
394
395
394
397
394
395
399
400
403
403
400
405
404
406
407
405
409
411
413
413
415
416
416
415
417
420
421
418
422
420
420
421
422
427
429
429
430
428
429
431
432
431
437
434
436
439
437
442
440
442
441
445
443
447
444
445
446
452
453
450
450
455
453
455
459
456
458
462
461
460
464
461
463
465
465
466
467
468
468
470
473
471
476
476
476
477
478
481
481
479
483
484
486
485
485
490
490
492
493
492
491
496
494
496
499
497
498
498
499
501
