502
501
499
497
501
497
494
493
494
495
493
494
491
492
488
490
484
483
483
481
482
482
482
477
480
479
477
475
475
476
470
472
469
469
467
468
466
464
462
463
465
459
462
458
457
457
454
455
452
454
452
453
451
447
447
446
447
448
445
445
444
443
443
440
439
439
434
436
432
431
431
432
428
432
427
428
425
424
425
425
424
420
421
422
418
418
417
417
412
414
411
413
411
407
407
408
409
404
405
406
402
403
400
399
401
398
399
396
397
392
393
389
392
390
387
387
388
386
382
383
382
381
379
381
377
375
376
374
372
374
370
371
368
371
370
368
364
365
365
362
360
364
362
361
358
356
356
353
352
352
354
352
351
352
348
349
348
348
342
346
341
340
341
340
340
336
335
335
332
332
332
329
328
328
330
329
326
328
322
321
320
323
319
322
319
319
314
315
313
316
315
311
308
311
308
309
304
303
305
306
305
301
299
301
299
298
294
294
292
293
294
291
292
288
291
290
288
285
286
283
280
284
282
277
280
275
279
275
273
276
270
270
269
267
270
269
264
264
264
261
262
264
261
261
260
255
258
255
255
256
250
253
248
248
250
250
249
247
247
246
241
243
242
241
236
236
238
237
235
234
234
231
231
230
227
230
229
226
225
221
224
222
221
221
217
216
216
215
213
214
210
212
209
212
210
208
207
208
206
205
200
200
203
200
199
198
197
193
193
191
195
193
191
187
190
187
185
183
186
183
181
184
183
181
176
178
178
174
177
173
175
170
168
169
168
165
164
168
162
161
165
159
162
161
160
158
159
156
154
153
154
153
150
149
151
148
144
144
146
144
145
141
142
142
141
139
136
135
132
135
131
133
129
131
127
125
127
126
125
124
121
123
122
121
118
119
114
114
115
116
111
113
111
111
110
107
109
108
106
101
104
102
100
99
98
95
96
98
93
95
90
90
88
90
90
86
88
88
84
86
85
83
81
79
81
75
77
78
77
76
75
71
70
67
70
69
64
64
63
63
64
61
62
62
57
56
57
54
57
55
53
52
50
51
48
47
46
46
42
43
45
43
41
40
41
37
36
33
36
32
32
33
30
28
26
28
28
23
23
25
25
21
22
20
16
20
17
16
14
15
13
9
8
8
9
6
4
4
5
2
5
3
4
8
7
6
9
7
13
11
11
13
16
15
15
19
21
19
20
24
25
21
24
26
28
27
26
29
33
30
31
33
32
36
36
36
41
40
43
43
44
46
44
43
48
45
47
47
49
53
52
52
56
57
54
56
56
60
61
60
65
64
64
66
66
65
70
67
72
71
70
73
72
76
78
76
81
79
83
80
83
85
87
88
87
87
88
88
89
90
90
92
93
94
99
99
101
97
99
102
104
102
103
107
109
105
110
107
111
113
111
111
114
114
115
120
120
120
120
120
121
121
126
124
124
130
131
130
129
130
133
136
132
136
136
140
139
138
139
140
141
146
147
146
145
147
149
151
153
151
151
152
152
154
159
159
159
159
163
159
165
164
164
165
169
167
171
171
170
171
173
175
172
176
176
180
180
182
183
179
183
185
186
184
187
185
191
190
193
193
193
192
195
196
198
200
196
200
201
204
205
201
206
205
208
209
208
209
211
211
215
213
213
218
219
217
220
219
223
224
223
223
227
225
226
229
229
227
230
234
231
235
236
237
236
235
241
239
241
244
242
243
246
244
244
249
248
248
253
253
255
253
256
258
255
259
256
262
261
262
264
264
265
265
267
265
268
269
272
270
273
273
273
274
278
280
279
280
278
283
285
283
287
287
288
285
289
288
291
291
291
295
294
297
298
296
299
297
303
303
304
303
305
306
308
309
309
312
309
312
310
313
312
317
318
318
319
322
318
323
323
326
323
325
326
325
330
328
330
333
332
333
335
337
339
336
338
337
338
339
341
342
342
347
348
348
347
350
349
351
352
354
354
358
355
357
359
358
363
359
364
362
365
368
367
367
367
367
373
372
372
374
375
373
374
377
378
377
382
384
385
382
387
383
387
387
387
392
391
389
392
396
396
395
397
399
399
402
402
403
403
405
402
408
408
408
410
412
410
409
411
413
414
415
415
417
421
419
419
419
425
425
424
425
425
428
430
428
433
429
433
434
434
436
434
439
438
442
443
441
440
444
447
443
444
449
451
447
449
449
452
454
454
453
455
460
457
461
459
460
465
463
466
468
466
467
468
468
473
473
473
476
472
477
479
480
478
482
478
479
482
484
487
486
485
489
486
490
489
489
491
493
496
493
498
496
500
499
503
499
