505
500
502
499
498
499
498
497
494
495
494
494
489
488
488
486
486
487
482
484
482
481
481
480
478
477
479
475
477
472
472
469
470
469
470
467
467
463
466
461
464
462
458
460
458
458
457
458
457
451
452
453
453
449
450
448
449
447
446
441
444
443
442
438
437
435
437
435
435
435
432
431
430
432
430
430
425
425
424
423
422
421
419
422
418
417
419
417
414
411
415
414
408
412
409
405
407
406
405
403
404
404
399
401
399
397
396
398
397
392
394
394
389
391
391
385
388
386
385
386
382
382
382
378
377
375
376
376
377
372
370
370
370
368
367
367
368
367
363
361
363
359
362
359
358
356
356
357
356
351
352
354
351
347
349
346
344
345
345
346
341
344
341
338
341
338
339
337
333
336
333
329
328
329
326
325
324
328
323
324
324
323
319
318
316
315
319
315
316
314
313
312
313
309
311
310
305
306
307
306
303
299
298
301
298
299
295
295
293
294
292
289
291
291
289
287
287
283
286
285
280
281
282
279
279
277
277
276
272
274
271
274
269
272
267
267
269
267
265
262
261
264
263
262
259
256
255
256
255
252
252
254
250
249
246
248
249
248
246
242
243
241
242
240
238
235
236
236
235
236
233
232
229
230
227
229
229
228
225
223
223
223
218
219
221
216
217
215
217
211
211
213
208
207
211
206
208
204
206
204
200
201
199
200
197
198
199
198
194
195
191
193
189
187
186
186
189
184
185
182
185
182
182
177
176
178
178
175
177
175
172
170
168
172
166
167
166
166
165
166
162
161
163
157
159
160
154
158
153
155
150
153
150
147
149
148
147
145
143
142
141
143
142
140
139
137
134
136
136
133
133
131
130
127
128
126
128
126
122
123
125
123
118
121
121
120
117
118
116
112
110
110
109
107
106
108
104
103
103
105
103
103
101
99
100
99
95
97
95
95
94
89
93
92
90
87
89
88
86
85
82
81
83
78
81
80
74
74
73
74
74
73
68
71
68
68
69
66
64
65
64
64
61
61
57
60
56
58
56
55
52
54
52
50
46
47
48
43
42
43
42
42
41
37
38
35
39
37
34
36
30
30
31
28
29
27
29
28
25
24
25
19
20
20
20
17
14
18
16
15
15
9
11
8
9
6
9
5
2
6
5
5
3
7
5
8
6
7
13
13
14
13
16
13
14
16
18
18
23
23
20
23
26
23
27
30
27
29
29
34
31
36
35
34
39
39
38
38
38
42
41
43
46
48
49
45
47
51
51
51
52
56
54
54
57
58
58
62
58
62
60
66
67
67
65
67
68
67
71
69
75
76
73
76
79
78
77
79
79
79
82
84
84
88
89
87
86
92
91
89
93
93
92
95
99
100
98
98
101
100
102
103
105
105
105
106
106
110
113
112
110
111
115
116
119
117
120
119
123
123
123
124
122
127
124
127
129
130
132
134
130
133
134
138
135
140
139
140
141
143
144
146
146
146
145
150
150
148
153
149
150
155
156
153
158
159
158
160
158
160
165
166
165
165
164
166
169
172
172
174
175
174
175
178
179
178
177
180
182
182
185
183
184
186
184
190
186
188
191
194
191
196
193
197
198
200
198
201
202
202
201
204
207
206
204
205
206
210
213
213
211
215
214
215
217
215
216
221
223
223
223
225
225
227
228
227
228
231
230
234
230
235
235
234
239
238
237
242
241
239
240
243
244
244
249
245
251
250
251
249
255
251
254
257
258
257
261
262
263
264
260
265
265
267
266
268
271
269
270
273
272
272
273
277
276
278
276
280
281
282
284
284
282
284
288
287
286
291
288
289
294
293
292
297
299
298
301
299
303
299
301
302
306
307
308
305
309
307
312
312
313
316
313
318
314
320
316
320
319
324
325
321
322
328
325
330
330
328
330
332
333
336
333
336
336
340
341
340
341
339
340
344
343
346
349
350
347
350
349
353
351
356
357
353
358
357
359
359
359
360
364
366
364
368
366
367
367
371
368
369
375
375
376
376
377
376
378
382
380
382
384
386
384
385
387
385
389
392
393
393
392
391
393
397
399
400
399
402
398
401
405
401
406
404
405
407
408
408
411
414
410
413
416
418
416
415
419
420
419
419
425
424
424
423
429
428
428
428
430
430
432
436
436
434
439
439
436
440
443
441
441
443
442
446
448
446
450
448
451
452
452
453
452
454
459
460
458
462
458
464
462
463
464
467
469
468
469
467
468
474
472
471
476
473
477
479
479
480
479
482
484
484
482
486
489
489
489
491
490
492
491
496
492
493
496
496
496
497
500
503
