502
499
501
501
499
495
496
494
497
494
491
490
493
488
490
490
489
488
487
483
483
479
479
478
477
480
478
476
476
474
475
472
470
471
471
467
467
463
462
466
462
461
463
460
457
460
455
454
455
455
455
451
451
448
447
449
444
445
444
444
442
444
443
437
437
440
435
434
433
433
430
429
428
431
430
429
428
426
426
423
424
419
422
417
421
417
418
415
417
412
414
412
408
409
406
410
405
404
404
401
403
399
403
401
401
399
396
396
397
394
390
392
389
387
389
389
384
388
383
385
382
381
381
378
381
377
376
376
376
374
374
371
370
372
370
370
369
364
363
361
362
360
360
359
356
357
356
355
356
354
350
353
351
351
350
348
347
348
346
344
342
340
342
338
337
336
336
334
335
335
332
329
332
331
327
330
328
326
327
321
320
320
318
318
318
320
316
313
315
313
313
314
310
312
307
308
305
304
303
301
304
300
302
301
299
298
297
296
297
292
292
291
291
292
290
288
288
288
284
283
280
279
279
280
277
280
279
274
276
272
275
269
270
268
266
267
266
264
266
261
261
262
260
257
259
258
258
256
252
256
251
251
248
252
249
247
249
243
243
246
245
240
241
242
236
237
239
237
234
231
233
233
230
231
229
229
229
228
224
225
225
219
218
219
218
218
216
217
212
214
212
209
211
212
207
208
205
208
207
201
203
202
200
200
201
197
194
193
194
193
195
193
192
192
191
186
189
187
184
185
184
184
181
179
181
179
177
174
177
174
173
169
169
169
170
169
168
164
163
166
161
163
160
162
156
155
155
156
152
153
152
151
151
147
146
146
146
147
146
145
142
143
142
137
139
140
138
135
137
131
133
134
129
129
128
127
127
126
127
122
121
123
121
122
118
119
118
114
113
113
111
112
109
112
111
108
107
107
106
106
103
99
101
102
100
95
94
98
92
95
92
94
89
89
87
88
86
86
85
81
85
80
80
78
81
78
78
74
77
73
71
71
71
68
70
70
67
68
66
62
63
63
60
60
59
55
59
55
54
52
54
54
51
47
49
50
44
43
43
45
43
41
43
41
37
39
34
33
35
32
31
34
29
30
29
30
24
28
24
24
23
20
18
19
19
18
16
16
17
15
10
10
12
7
8
5
8
5
4
4
4
1
7
5
4
9
9
9
13
12
11
12
16
18
17
15
18
19
21
22
20
23
26
26
25
28
27
31
30
34
30
36
37
34
37
38
37
40
40
44
45
44
45
43
49
46
51
48
53
54
53
56
52
56
54
55
57
61
61
62
61
65
67
67
64
70
70
69
72
71
70
75
72
74
76
79
76
79
82
79
84
81
83
83
84
90
88
87
91
89
92
93
93
96
96
96
99
102
102
103
105
104
107
105
106
109
106
107
109
112
115
111
116
118
118
118
117
120
122
120
120
126
124
128
124
127
127
127
128
130
130
135
136
134
134
135
138
139
143
144
145
146
146
148
144
149
149
148
153
152
152
154
153
158
156
158
161
158
159
160
161
163
166
164
165
165
168
167
172
173
171
171
173
176
177
176
181
179
183
181
184
184
186
187
189
187
187
191
189
191
192
191
196
197
196
199
199
198
201
203
200
201
203
208
209
209
211
208
210
211
210
213
216
214
217
219
221
220
223
220
220
223
227
227
224
229
226
232
233
229
230
235
235
235
238
240
241
241
241
240
243
241
245
248
248
247
249
249
253
251
255
256
257
254
255
260
260
259
263
259
263
264
267
264
269
268
267
267
272
269
270
274
274
277
277
280
276
281
279
282
281
282
287
283
287
289
287
287
292
289
295
292
296
297
299
298
300
299
302
303
304
305
305
303
309
305
307
310
311
314
310
313
316
314
316
319
318
321
323
324
323
321
322
324
325
325
326
328
329
333
335
332
333
334
339
339
339
339
338
341
344
345
343
344
348
346
349
349
353
352
354
351
354
356
356
357
358
357
362
360
364
366
363
368
368
366
366
370
373
373
375
375
374
373
377
378
379
378
380
379
383
382
383
383
385
385
388
391
392
391
395
392
397
398
397
396
399
399
403
402
404
406
404
405
407
407
409
411
412
412
415
412
413
414
419
416
416
420
422
423
422
426
426
425
425
425
427
429
433
429
431
431
437
436
437
438
441
437
442
443
441
441
446
446
447
445
449
451
452
453
451
454
456
456
454
458
459
458
460
460
460
462
465
465
468
467
469
471
472
469
470
473
474
473
478
475
476
477
478
479
482
486
484
483
488
486
491
487
488
494
495
492
492
494
497
495
499
499
500
504
