504
501
498
501
501
500
497
496
492
493
490
492
489
490
486
490
487
486
487
482
481
482
481
482
477
477
478
474
475
475
471
474
470
469
468
466
464
466
464
463
461
462
458
459
459
457
454
457
453
452
454
453
448
452
450
447
449
443
443
442
442
439
441
438
438
439
437
435
436
434
432
431
433
427
427
427
426
427
424
422
425
424
418
418
417
418
414
413
417
413
415
409
411
408
406
407
405
405
404
402
401
404
402
398
396
396
394
394
395
391
395
389
389
387
390
389
388
388
387
383
380
384
381
380
376
375
379
374
377
375
373
372
369
368
367
365
366
364
367
363
360
359
360
362
359
359
354
358
356
355
354
353
351
351
351
350
349
348
342
343
344
344
341
342
339
337
337
337
334
336
334
334
329
328
331
327
324
327
325
324
320
323
322
321
319
317
314
313
312
312
310
314
313
309
307
310
309
308
305
303
301
300
298
300
300
295
299
296
292
295
291
293
290
287
288
286
288
286
286
285
280
284
279
279
278
277
279
273
276
273
275
269
270
269
267
267
264
263
266
265
263
260
262
261
257
259
254
258
252
256
252
254
250
251
246
246
249
243
246
244
245
242
241
241
240
238
238
233
234
232
235
230
233
231
227
226
226
226
226
221
220
223
219
217
216
215
217
218
214
214
210
209
209
207
209
209
204
208
207
204
204
200
202
198
196
200
198
195
193
195
192
189
190
191
186
189
188
188
187
182
184
179
179
180
177
178
177
176
176
174
173
171
168
167
166
165
165
167
162
161
165
159
160
159
157
156
157
157
154
156
154
154
151
152
147
148
144
144
147
142
140
142
142
139
138
136
138
137
134
135
134
129
133
131
129
129
129
124
124
122
124
120
119
120
118
116
117
115
114
115
115
109
112
111
106
105
104
108
106
103
102
103
98
97
97
99
97
96
95
93
92
94
93
88
87
87
89
87
82
85
84
80
80
79
78
80
75
73
76
74
74
74
72
68
71
65
64
66
62
64
62
61
58
61
58
55
56
57
56
56
53
49
53
47
48
48
49
46
42
44
41
44
42
40
37
40
39
34
36
34
34
31
30
28
29
28
27
26
24
25
23
22
22
22
21
18
18
16
16
16
13
11
10
12
6
10
6
5
4
3
3
3
6
7
7
8
10
8
12
14
10
14
12
17
18
17
20
20
19
19
20
26
25
27
27
25
31
28
29
34
30
31
35
34
36
36
37
39
41
39
40
46
43
43
49
50
46
49
49
53
55
56
53
58
58
55
56
57
58
61
62
61
67
67
67
66
70
72
73
73
75
76
74
77
76
78
77
79
83
80
80
81
85
83
86
85
89
89
90
91
92
95
97
96
94
100
99
97
100
104
104
103
104
105
107
106
106
107
111
112
114
114
115
113
118
116
117
118
119
122
121
121
122
123
128
126
126
132
131
133
133
132
134
138
136
136
137
138
143
141
142
145
147
147
144
149
148
151
150
154
150
151
155
155
157
159
156
160
162
159
162
162
167
168
164
165
167
167
173
170
170
175
177
173
176
179
176
177
181
180
184
181
182
187
189
185
187
188
192
194
193
193
194
198
194
196
199
197
203
202
204
205
206
205
205
205
209
208
208
214
214
215
216
215
219
217
217
219
222
224
221
225
226
224
228
230
228
230
230
232
230
231
236
237
237
238
238
237
241
244
243
246
243
248
245
250
248
250
249
253
250
255
256
257
257
255
259
258
260
261
265
263
267
264
268
267
270
270
271
274
272
274
272
278
279
277
277
277
278
282
281
285
285
288
288
286
289
291
291
294
294
294
294
298
294
299
298
301
300
301
305
305
304
305
309
310
310
312
310
312
310
314
315
313
314
318
317
318
320
324
325
326
325
325
324
330
327
328
328
334
332
333
334
338
339
340
338
339
343
344
340
345
342
343
348
345
350
351
349
352
352
356
354
353
355
360
358
359
359
364
365
363
363
363
366
369
368
367
371
369
371
374
375
374
375
378
380
381
382
381
383
383
387
387
389
388
391
388
390
394
391
395
396
394
396
399
399
400
400
400
405
406
404
408
407
409
411
409
413
410
415
413
413
417
416
419
421
419
423
423
424
426
423
424
428
427
431
428
432
430
431
433
437
437
438
435
437
438
440
443
444
444
442
443
446
446
447
450
448
450
453
455
457
453
455
458
458
457
458
460
460
462
463
466
468
468
471
468
469
473
470
472
477
475
478
480
478
480
482
484
484
483
486
485
489
486
491
488
493
490
494
491
495
498
497
500
497
499
500
501
