505
501
500
502
501
500
496
498
493
495
494
493
489
492
487
486
485
483
484
481
481
484
479
478
478
477
479
473
474
473
472
472
472
468
466
470
467
467
467
464
462
462
462
458
458
457
457
455
452
453
452
452
449
449
450
447
446
445
443
442
440
440
438
440
440
440
437
436
437
433
434
433
428
429
429
427
427
424
424
424
424
419
420
417
420
417
418
414
413
415
415
411
411
408
406
407
406
405
407
402
401
404
398
402
400
399
399
394
397
392
393
390
390
390
386
389
386
384
386
381
383
382
383
378
378
376
376
373
374
371
374
369
368
369
367
370
367
367
363
361
360
364
362
361
357
360
355
355
353
354
355
352
350
348
350
350
349
345
347
345
341
341
340
341
339
336
337
333
332
334
332
330
329
327
329
329
326
323
326
325
320
322
323
322
320
320
314
315
313
312
313
312
308
309
308
306
307
305
302
305
300
302
302
298
298
297
299
298
295
292
293
292
293
289
289
289
284
285
287
286
284
284
281
278
277
278
279
278
275
274
273
274
271
271
270
269
266
263
267
266
262
262
263
261
261
260
255
256
256
254
255
250
253
251
247
249
248
247
246
244
245
240
241
237
239
235
234
233
235
233
233
234
229
229
227
230
226
228
223
224
222
224
223
222
217
217
218
218
215
215
213
212
211
207
211
210
206
203
206
203
201
201
200
200
200
195
197
194
195
194
190
190
190
188
191
185
184
184
187
182
180
184
182
179
176
177
175
178
176
176
171
169
173
168
167
168
164
168
167
166
164
161
162
157
160
159
158
157
157
151
155
149
148
148
150
150
144
147
147
144
145
142
139
142
141
135
135
134
136
132
131
131
128
132
126
129
128
126
127
121
123
122
121
120
120
120
114
116
112
113
111
113
112
108
106
109
108
106
103
106
101
99
102
102
100
97
97
93
92
92
95
90
91
92
86
88
88
85
83
82
84
81
78
77
79
75
76
74
73
73
75
72
70
72
71
67
64
63
62
62
61
61
61
58
59
57
56
53
53
54
55
53
50
47
47
49
47
43
43
42
43
42
42
42
36
35
36
33
33
34
33
30
33
30
27
26
25
26
22
24
22
19
21
20
18
16
19
16
14
13
12
10
8
9
8
10
4
3
5
4
4
4
4
7
5
6
7
7
10
9
15
16
17
18
14
18
21
18
23
23
20
25
23
27
25
28
29
29
31
34
31
31
34
36
38
39
40
39
42
43
40
43
46
46
45
48
47
49
52
51
51
55
56
57
57
60
60
62
62
62
60
64
62
64
65
69
71
69
73
71
74
74
72
73
75
79
78
81
83
83
82
82
87
83
89
90
87
87
91
93
91
96
94
95
97
95
97
100
99
103
102
106
106
107
108
109
109
107
109
113
113
115
115
117
117
115
119
117
122
119
123
125
124
125
124
130
130
128
130
131
133
136
134
136
134
135
136
137
140
139
145
143
142
145
144
148
147
151
152
154
154
155
156
154
157
157
159
157
161
161
161
163
163
167
169
168
166
170
169
169
171
172
172
176
176
177
176
180
183
179
181
185
186
184
187
185
191
192
190
190
191
196
196
198
198
196
196
199
201
202
205
202
202
203
207
208
207
208
208
211
212
214
214
213
219
217
221
221
219
221
224
222
225
228
228
230
231
229
228
233
231
236
235
233
238
238
236
242
240
240
245
246
242
243
248
247
249
248
251
249
254
252
255
255
257
256
260
257
263
261
261
263
267
267
268
267
266
272
269
269
273
273
273
274
279
276
277
279
280
284
280
286
284
285
285
290
286
292
288
292
295
294
292
296
299
297
299
299
299
300
301
305
306
304
306
308
310
309
312
312
315
314
317
318
314
316
319
321
323
321
321
325
326
328
328
327
327
330
332
331
333
336
333
337
337
339
336
340
342
339
345
342
344
348
349
346
346
347
351
349
354
351
355
357
358
359
358
362
361
363
361
362
363
368
369
365
368
367
373
369
373
372
373
378
379
377
377
377
379
381
383
385
384
388
387
386
389
388
393
393
390
393
392
393
399
398
397
400
399
399
405
406
407
407
405
406
407
407
412
409
412
413
412
414
414
420
419
419
421
420
421
421
422
423
429
425
430
432
432
432
433
436
436
436
434
439
440
442
440
442
442
444
446
443
449
446
451
447
449
454
454
456
453
457
454
457
457
462
459
461
464
466
464
467
467
466
468
470
470
474
474
472
475
473
474
478
479
479
481
480
484
485
485
486
487
487
490
487
491
493
492
495
492
496
497
499
496
500
499
503
