500
501
499
498
499
497
499
496
492
491
490
490
488
487
491
485
486
483
484
484
481
480
483
481
480
475
478
476
477
474
473
469
469
472
471
466
467
463
464
464
461
461
462
459
460
458
455
456
455
452
455
454
452
448
446
446
447
445
447
444
440
439
438
438
437
435
435
437
437
435
430
430
428
429
430
430
428
427
423
425
425
420
420
421
421
417
419
414
416
414
412
413
412
409
410
408
407
408
406
404
402
404
403
400
401
397
398
395
394
391
394
392
389
388
388
386
387
386
386
381
381
383
382
382
380
375
374
378
376
371
374
369
372
370
368
366
366
366
362
364
361
362
360
360
359
357
356
357
353
356
355
351
349
347
351
350
347
345
344
343
345
340
340
342
337
336
336
333
335
334
333
329
329
331
326
328
325
328
325
321
325
321
321
319
319
318
314
314
314
315
315
310
308
312
309
306
306
305
307
306
303
299
303
302
300
296
295
297
293
291
293
294
292
292
291
285
287
283
287
286
281
282
281
279
280
278
277
273
274
275
273
272
270
268
270
268
268
266
265
264
263
262
259
258
257
256
258
253
255
255
253
249
248
251
251
250
246
246
245
243
240
240
240
238
239
237
238
235
235
233
235
231
230
231
231
225
228
227
227
226
222
221
223
218
217
220
215
217
216
214
214
210
211
207
209
210
208
203
205
205
205
202
202
197
201
198
199
198
193
195
192
194
190
187
191
187
189
188
183
182
180
181
181
182
179
176
177
175
172
172
175
172
170
170
167
169
164
163
163
165
160
161
162
159
160
156
158
158
156
155
153
150
149
151
150
146
144
146
146
143
144
142
140
140
137
136
136
133
134
132
135
129
132
130
127
125
125
125
126
125
121
124
121
122
118
115
114
116
113
115
115
114
109
110
106
108
108
105
102
103
101
99
103
99
97
98
96
98
92
92
92
89
90
87
90
89
85
83
86
82
80
83
78
79
78
76
76
75
72
74
72
72
71
67
70
67
66
66
62
64
60
64
58
57
58
55
56
58
53
51
50
50
48
49
47
46
44
45
43
41
42
44
43
42
41
38
38
36
34
31
31
32
28
31
31
25
24
24
23
23
20
21
19
18
19
16
14
15
12
15
11
11
8
10
9
6
5
4
2
6
3
1
4
4
7
8
8
10
10
14
13
11
16
18
17
19
20
20
23
21
25
25
25
27
24
27
29
28
32
34
35
35
36
38
37
37
37
40
39
41
44
46
42
43
45
49
48
52
52
52
50
53
57
54
57
55
59
62
58
61
61
65
67
68
67
66
70
67
68
73
72
73
75
75
76
75
78
79
83
82
82
83
84
85
87
86
91
91
93
93
90
93
96
94
99
100
100
100
102
103
100
106
102
108
106
107
111
109
110
113
114
115
115
113
115
119
120
117
122
121
124
122
126
126
128
127
126
128
129
132
130
131
135
135
137
140
136
142
140
144
141
144
147
146
145
146
150
150
153
150
155
154
157
157
157
160
156
158
162
164
161
164
162
164
166
166
166
172
171
170
170
173
175
178
179
176
177
178
183
183
183
181
184
187
189
188
187
188
192
194
190
195
196
197
195
197
201
198
203
204
201
201
207
204
205
205
207
210
208
211
215
214
213
217
215
216
220
217
218
220
221
222
227
224
224
230
229
232
231
232
235
236
237
235
236
239
236
237
240
243
240
241
244
243
249
246
250
250
251
251
255
255
256
257
256
260
259
260
258
263
263
265
265
263
269
265
266
272
269
273
274
271
273
278
277
280
281
281
278
282
285
283
284
284
289
285
288
291
291
289
292
293
294
294
299
297
299
298
302
299
304
303
307
308
308
309
307
310
308
313
312
313
317
317
316
320
321
318
321
319
325
322
323
327
325
330
330
327
329
330
334
331
332
338
339
336
336
337
342
340
345
345
342
348
349
348
351
348
349
350
352
352
357
357
355
359
356
361
362
362
364
363
363
368
367
370
366
370
371
369
373
376
377
377
379
375
381
379
383
383
385
386
383
385
385
387
389
388
388
391
393
392
394
393
398
395
399
399
401
404
403
405
404
405
408
406
409
408
413
409
411
411
416
418
419
417
416
417
423
422
423
426
425
425
429
429
431
427
432
433
430
433
435
436
437
436
441
439
443
442
442
441
442
447
447
446
448
452
450
452
455
456
456
453
457
455
458
462
461
461
461
463
467
464
469
466
469
469
470
471
471
473
472
478
478
476
481
478
479
481
482
483
485
483
484
489
489
488
489
490
494
496
496
494
495
496
496
500
500
503
