500
502
503
501
501
495
494
496
492
494
490
491
490
488
490
485
487
488
482
482
480
479
483
477
477
478
477
475
473
473
473
470
471
469
468
470
469
466
463
463
461
464
463
462
459
460
459
456
455
454
455
453
450
447
450
446
445
446
444
445
440
441
441
439
441
438
437
437
433
431
433
431
428
427
427
426
425
426
427
424
421
422
422
420
419
420
417
413
413
415
414
410
410
409
406
409
404
405
402
403
404
402
403
402
398
399
399
393
396
393
395
390
389
389
390
385
384
383
385
386
381
381
381
377
380
380
378
378
373
371
374
372
371
368
371
366
364
364
366
361
365
362
360
360
360
356
359
358
353
354
353
353
353
347
349
347
346
343
343
345
344
340
338
338
338
337
338
336
337
336
331
331
328
330
328
329
324
327
324
326
321
324
319
318
318
320
318
313
317
315
311
314
311
312
306
310
306
306
306
304
300
303
298
297
300
296
296
294
293
293
291
292
292
291
287
288
285
285
282
281
283
284
281
282
276
276
279
277
277
271
273
269
272
267
267
266
268
263
265
261
264
264
259
258
256
259
256
255
254
253
252
249
250
247
247
245
244
248
242
245
240
239
238
238
237
239
235
236
234
235
234
229
233
231
229
228
224
228
223
225
221
219
218
217
221
220
219
216
217
212
215
214
211
210
207
209
208
208
204
203
205
201
202
198
199
200
199
198
192
192
194
192
193
190
191
187
187
184
185
182
182
179
182
179
179
180
178
178
177
176
173
171
169
172
167
168
168
164
165
164
162
161
158
157
159
160
158
158
157
156
152
149
148
150
148
147
149
147
147
142
144
139
141
138
138
136
136
134
132
134
133
132
132
132
127
130
129
123
122
124
123
123
118
119
117
120
119
116
117
114
114
113
113
107
111
109
105
103
102
103
104
100
100
102
97
100
98
95
95
92
90
93
90
91
89
89
88
87
83
81
84
81
83
77
77
79
75
78
73
74
75
72
71
71
71
69
67
64
64
66
64
61
63
59
58
59
56
54
55
53
53
51
52
48
51
50
48
46
45
45
43
39
43
40
41
38
39
38
35
33
32
34
30
31
28
30
25
26
27
25
20
22
18
21
17
16
17
15
17
11
15
13
13
9
7
9
8
7
4
3
0
3
5
4
9
10
9
8
9
10
12
13
13
17
15
16
17
18
20
21
20
23
22
26
25
28
29
31
30
32
33
32
36
33
34
36
41
38
38
44
40
43
45
43
44
48
47
52
50
53
54
56
52
58
57
59
56
57
61
61
65
65
67
68
65
69
71
69
68
70
70
76
77
78
74
77
78
80
80
83
80
85
84
84
87
86
88
91
89
92
95
92
94
93
95
99
99
100
103
103
105
105
103
107
105
109
108
108
108
114
115
114
114
113
116
117
117
119
123
124
123
121
126
124
126
130
131
131
132
131
130
136
134
134
136
137
138
142
143
140
140
142
146
147
146
145
150
150
150
152
150
155
152
153
157
159
157
160
162
163
164
165
167
168
164
166
168
170
168
171
175
173
176
177
176
176
178
178
179
182
180
182
182
187
185
187
186
189
193
191
193
192
195
195
199
197
198
197
201
202
203
205
202
204
209
210
211
209
210
210
211
211
215
213
215
216
221
222
222
221
223
221
223
225
224
227
226
228
232
229
235
232
233
234
239
240
241
237
239
240
241
243
246
245
249
245
246
248
249
254
255
256
255
256
255
255
257
261
263
260
260
265
267
268
269
266
271
272
270
271
273
272
274
275
279
279
276
281
278
284
281
285
286
287
289
290
289
291
289
290
293
294
292
298
298
297
299
302
302
303
304
305
307
303
309
309
311
312
309
314
313
313
316
316
319
317
316
318
319
319
324
321
324
327
324
328
331
329
333
334
334
336
332
338
338
339
338
342
340
341
343
345
344
344
344
346
346
351
349
353
350
352
352
355
357
360
361
358
361
363
362
363
365
363
367
366
366
372
369
371
374
375
372
378
376
379
376
377
378
380
382
384
386
383
386
390
391
391
391
394
395
394
394
396
397
397
400
402
401
400
404
401
404
407
405
409
407
411
410
414
415
411
415
414
417
419
419
421
419
420
425
426
423
423
426
425
429
432
432
429
435
434
434
433
438
435
438
442
439
440
442
445
445
447
448
446
446
451
448
449
452
456
452
453
458
460
456
457
463
461
463
465
463
466
468
466
467
471
469
472
474
471
477
474
477
480
481
477
480
482
483
486
482
488
488
485
486
490
493
492
493
495
495
495
495
495
499
502
500
503
