500
502
498
497
501
498
497
494
493
496
492
489
489
491
490
488
487
487
487
482
484
479
480
480
481
476
474
475
477
471
474
471
470
470
469
465
467
463
467
466
465
459
462
459
458
459
455
458
456
456
450
452
450
447
447
445
448
443
444
441
442
440
438
437
438
436
439
438
432
435
430
434
429
432
431
425
427
427
426
425
421
423
423
417
419
419
419
414
414
412
411
409
408
409
410
407
409
407
405
403
403
400
399
402
396
397
395
396
397
392
394
393
392
392
388
386
387
384
385
383
382
382
378
381
377
375
375
373
372
375
374
373
370
368
369
370
369
364
367
362
360
359
362
360
357
357
354
356
355
355
352
354
350
350
349
347
347
347
343
343
340
339
338
338
336
336
338
333
332
333
335
333
332
327
327
325
326
328
322
325
324
320
320
322
320
317
315
314
316
314
315
312
309
311
307
306
308
304
303
302
305
301
300
301
296
300
298
298
295
291
295
291
292
289
290
287
289
284
286
283
281
282
281
277
281
277
277
275
275
272
273
270
271
268
266
268
269
264
263
264
265
259
258
258
256
259
257
256
253
254
254
251
253
247
247
250
246
243
242
245
245
243
242
241
239
237
237
238
236
234
230
230
229
229
227
227
224
226
225
222
223
220
223
218
221
219
214
215
214
212
214
209
212
207
209
207
209
207
202
201
203
203
202
200
198
197
198
193
194
194
191
194
188
188
191
188
188
187
185
185
185
181
179
177
180
176
175
176
174
174
174
171
172
167
166
169
164
167
167
161
160
164
158
157
160
156
158
158
157
151
150
150
148
149
149
148
149
145
142
143
145
142
142
141
141
135
136
138
136
136
132
130
129
131
129
129
127
125
126
126
124
121
122
120
116
116
114
117
114
112
112
114
110
109
108
105
106
107
106
101
105
100
99
99
97
95
94
93
96
95
93
92
88
91
90
88
86
84
83
83
83
82
80
80
78
75
76
78
77
74
75
73
68
67
68
66
67
64
63
63
61
60
61
57
56
56
55
55
57
56
52
52
49
48
46
47
48
44
43
42
43
41
40
41
37
37
37
35
33
36
31
33
30
27
31
27
29
24
25
21
25
21
21
17
21
17
18
17
16
16
11
11
11
10
8
9
7
7
6
4
0
1
7
6
9
6
8
11
12
9
15
15
17
16
18
15
19
20
19
20
25
21
26
25
29
26
26
32
33
34
34
35
32
37
35
35
37
38
39
42
41
46
43
48
48
45
49
47
53
52
51
55
57
53
54
55
58
59
61
60
63
62
67
66
69
66
68
70
68
72
75
71
76
77
79
77
77
80
78
83
82
81
83
86
84
85
90
92
89
90
91
91
92
94
96
99
97
99
101
99
104
106
107
108
107
109
109
111
113
114
113
116
114
115
114
119
117
117
122
122
125
126
127
127
129
130
126
130
132
132
134
134
137
134
136
138
136
138
143
142
142
142
142
148
147
149
149
151
150
152
154
151
157
158
155
155
160
161
162
159
165
161
162
165
166
167
171
172
169
169
172
174
174
175
179
176
177
179
180
181
185
181
186
188
186
190
188
187
193
191
195
193
192
193
199
200
197
198
201
204
200
201
206
203
206
208
211
208
210
214
211
211
212
213
216
216
219
218
219
220
221
221
226
224
225
229
229
228
228
234
232
235
232
234
235
236
236
238
241
244
240
244
245
247
249
250
250
248
251
249
251
256
252
254
257
257
256
258
262
259
265
262
262
264
267
267
268
272
272
270
273
271
272
273
279
280
278
281
280
279
285
283
284
284
289
286
289
291
288
294
290
296
297
298
299
297
299
298
302
299
302
306
303
303
308
310
311
310
312
311
313
311
315
316
315
320
318
318
320
319
321
324
324
325
324
329
328
327
328
334
332
334
334
338
334
340
338
339
342
339
341
344
346
346
344
348
350
352
350
349
353
352
357
355
354
359
357
361
362
361
365
366
364
365
365
367
366
372
371
374
373
372
375
374
374
375
379
378
382
384
381
382
387
385
389
385
389
388
392
392
395
396
393
398
397
400
396
400
399
402
400
406
404
403
404
407
408
409
410
409
411
415
415
416
414
418
418
421
420
421
423
426
426
424
429
425
430
428
428
434
433
435
433
436
439
438
441
442
443
440
441
445
445
447
447
446
450
448
453
454
455
453
453
456
454
456
456
461
463
462
464
464
462
467
469
467
468
469
473
474
475
474
472
476
477
477
478
477
480
480
481
485
484
484
488
488
489
491
492
493
490
496
493
498
497
495
497
502
501
501
