189
186
182
183
183
191
185
188
189
182
192
185
182
192
189
183
186
190
186
191
191
191
184
188
187
185
188
192
184
189
189
189
189
192
183
192
192
184
191
191
189
190
186
185
183
190
192
191
186
184
192
189
188
188
187
183
182
187
188
187
182
184
183
192
182
184
187
192
192
189
191
184
184
185
182
184
185
186
191
187
187
191
191
190
190
191
191
191
184
183
189
189
188
185
192
182
188
183
183
189
183
189
186
184
187
189
183
190
187
187
192
191
185
192
188
190
190
190
190
183
183
189
188
188
189
186
187
191
190
182
190
189
185
187
189
182
192
189
184
182
185
187
191
189
189
185
182
190
192
191
183
190
187
182
189
187
182
183
188
186
185
182
184
183
188
182
188
192
188
187
184
187
192
184
190
185
182
186
191
192
185
186
188
186
185
189
182
184
190
183
190
184
187
184
189
189
187
184
191
189
186
190
188
187
191
192
184
189
184
184
185
190
187
184
191
189
192
182
190
191
188
186
183
186
192
184
186
188
182
187
184
188
182
186
186
183
182
191
185
192
183
189
190
190
192
192
185
191
183
189
188
190
186
189
188
188
188
187
186
183
188
192
186
191
191
190
183
189
190
186
183
189
183
182
184
190
183
185
184
185
186
185
185
187
186
190
187
187
186
182
183
191
186
184
188
183
186
183
182
182
185
187
186
187
186
183
189
183
190
189
186
189
184
184
182
189
191
186
184
188
182
192
187
190
192
191
192
192
187
187
189
189
182
183
187
185
191
186
189
192
189
182
187
189
191
189
182
191
183
189
183
187
192
187
190
189
187
186
192
182
189
187
192
186
185
185
182
186
187
187
183
183
190
183
192
