189
183
187
186
184
184
188
183
188
186
190
186
190
184
184
186
190
184
187
186
184
186
190
192
182
189
188
184
185
191
192
190
184
192
182
183
186
192
184
183
187
185
182
188
185
191
182
192
189
186
190
182
192
185
190
191
190
187
185
187
189
185
189
185
187
191
188
191
183
182
182
188
189
182
184
188
182
188
192
187
183
185
184
189
189
182
187
192
188
188
182
190
188
184
192
191
192
187
183
190
188
184
192
189
191
185
188
182
189
191
190
192
184
191
192
188
184
189
183
187
182
186
183
184
184
191
191
187
190
188
187
188
183
187
189
187
190
188
182
183
182
182
187
182
189
187
186
192
185
188
185
188
183
186
185
184
190
184
185
191
188
187
183
190
185
184
192
184
182
182
190
192
186
187
189
192
184
186
183
187
191
182
183
189
187
188
188
183
185
191
186
191
183
188
187
190
192
185
191
192
187
185
190
187
185
191
187
183
191
189
189
182
190
192
183
186
189
191
184
186
191
189
187
187
183
190
183
192
185
192
190
187
190
189
191
182
187
184
185
190
185
192
183
191
190
185
187
189
187
187
184
185
187
185
190
186
183
192
186
188
192
184
190
184
190
183
186
188
183
186
188
186
187
182
183
182
182
186
185
184
191
186
185
189
189
188
186
190
189
189
185
189
191
188
187
182
188
188
191
185
185
188
182
185
192
186
189
190
189
189
185
189
192
188
187
184
188
186
184
183
190
191
190
187
185
192
187
187
188
191
183
192
185
183
189
190
182
183
187
186
182
192
191
182
189
188
185
190
187
184
186
183
183
188
191
191
192
192
188
188
192
183
190
191
184
189
182
190
186
182
186
187
183
189
188
