188
186
188
186
182
191
182
183
182
190
191
187
191
187
191
185
192
189
183
192
190
190
192
183
186
182
184
190
189
184
187
183
188
187
187
187
190
188
183
188
182
183
183
184
188
185
185
185
188
189
182
187
189
190
189
187
184
188
187
192
192
192
190
185
185
183
185
188
187
190
185
192
192
190
190
189
184
188
190
190
190
185
187
190
187
191
184
184
190
184
185
189
192
190
183
182
182
191
187
188
191
192
186
183
190
185
187
192
184
192
191
192
192
187
192
182
186
189
186
191
182
182
188
192
183
189
187
188
182
186
182
190
189
183
184
184
183
192
188
182
184
190
186
185
184
182
187
183
184
186
184
182
186
186
190
192
182
189
188
188
182
191
186
191
192
188
189
189
183
192
189
188
187
190
190
191
189
187
188
189
188
186
185
190
185
182
185
191
183
184
189
191
185
183
184
186
186
183
188
188
189
189
192
189
182
190
183
191
190
187
184
192
184
183
182
188
189
191
191
184
192
183
190
187
184
183
183
182
182
190
191
185
182
182
185
183
186
184
191
187
192
192
184
186
184
184
185
187
189
184
188
185
186
184
189
190
189
192
189
191
185
185
185
192
184
185
187
191
183
187
188
190
188
188
191
184
182
182
191
187
185
187
192
187
186
192
189
192
183
188
184
182
182
188
186
183
188
192
185
188
183
187
191
192
187
185
182
187
192
182
192
188
184
188
184
186
187
190
188
187
182
186
186
185
187
192
186
191
182
188
189
186
189
190
192
188
184
192
184
190
188
187
184
185
187
184
191
188
185
188
189
190
192
187
184
188
183
182
191
190
191
182
189
191
191
189
191
184
190
186
187
191
183
189
190
