190
182
182
183
187
191
189
189
188
188
183
188
188
190
191
184
187
189
186
188
189
191
189
188
184
183
192
184
189
190
185
186
192
182
191
191
190
183
183
186
185
192
182
184
182
182
190
185
188
182
191
186
190
183
190
192
182
187
188
187
192
185
183
189
184
188
188
186
184
186
188
191
182
184
186
189
184
187
192
192
189
188
186
192
187
189
184
190
188
192
187
186
182
184
192
183
189
185
187
183
188
186
184
187
192
184
183
183
186
190
184
182
183
183
192
186
185
190
186
188
182
184
192
192
185
186
191
184
183
191
184
183
191
189
186
187
187
187
187
190
188
187
183
191
187
182
184
182
183
192
186
182
191
189
184
188
186
185
189
187
184
184
190
189
189
190
184
191
183
182
189
192
190
192
182
189
191
188
187
191
185
192
190
189
191
192
187
182
190
185
192
185
183
188
190
191
192
187
192
191
187
184
187
187
187
191
191
186
185
186
188
186
182
185
186
190
182
185
184
191
188
184
184
182
192
188
192
183
192
189
186
184
191
182
182
187
182
192
182
188
183
192
182
185
186
192
191
190
182
184
186
190
185
187
187
189
191
182
191
186
186
183
187
187
183
182
189
184
186
192
191
186
184
187
189
188
184
191
183
189
186
187
188
192
184
185
186
190
186
186
189
185
192
188
186
188
182
185
184
189
186
184
192
192
184
192
183
191
187
185
191
182
185
182
184
186
182
190
191
183
184
184
183
183
188
182
186
192
191
190
191
187
188
182
185
184
183
190
190
191
187
182
189
185
187
188
192
185
185
183
189
186
186
190
192
185
190
192
184
183
188
184
184
190
184
192
184
182
189
191
186
191
189
182
187
