187
185
190
191
190
190
188
191
183
191
189
186
182
185
182
189
186
184
186
191
191
190
182
186
189
182
187
190
191
192
190
184
189
185
183
192
190
185
188
182
188
187
182
185
182
189
184
185
183
185
189
189
191
187
184
187
182
188
188
186
192
191
191
182
190
186
187
187
187
182
185
184
184
188
187
183
188
190
190
183
191
182
183
186
188
186
185
191
190
190
185
182
187
187
184
191
192
192
183
187
184
188
183
191
188
186
182
186
187
182
182
190
187
192
185
184
187
190
182
187
185
184
192
184
183
183
187
183
188
191
191
189
189
189
189
191
188
182
183
187
185
182
184
188
182
183
184
182
187
185
183
186
191
191
191
191
186
184
187
192
191
191
189
188
189
186
185
182
185
183
186
192
192
190
189
190
186
187
188
186
191
188
182
187
188
192
187
190
184
182
182
189
190
182
185
191
183
192
190
185
189
184
190
189
184
191
191
189
188
192
189
183
190
187
184
183
188
191
184
184
190
188
186
182
186
189
191
184
183
185
186
192
189
187
186
187
182
185
188
185
183
186
185
186
186
185
185
192
188
187
191
190
190
185
186
184
184
182
192
190
184
189
189
187
184
192
190
185
186
188
184
183
186
185
186
192
187
189
184
185
191
185
190
190
187
192
192
185
188
182
182
183
187
183
186
192
184
188
191
184
185
185
183
187
190
184
190
189
188
189
192
186
188
182
183
184
185
183
184
189
187
186
186
187
190
183
185
192
183
188
185
188
190
191
188
184
189
183
185
191
185
184
183
186
188
185
187
192
188
185
186
190
184
183
191
184
186
189
182
189
185
184
189
182
185
182
192
182
184
189
185
184
186
183
192
