182
190
186
188
187
192
185
186
182
190
189
183
188
185
184
191
186
188
185
191
187
182
190
186
186
188
192
188
184
184
190
191
187
192
185
190
188
182
185
188
187
182
187
189
185
186
187
190
182
189
189
189
186
185
189
187
186
187
183
189
184
185
185
182
191
186
190
182
185
182
186
187
188
184
187
191
189
185
185
186
186
188
188
191
183
185
187
192
182
187
191
189
183
182
183
189
187
186
187
190
189
189
184
185
185
190
184
186
183
189
183
188
182
182
182
191
192
186
188
182
182
189
185
187
185
183
191
186
185
182
191
183
189
190
189
186
183
184
187
191
191
184
191
182
189
187
185
190
185
183
183
184
191
182
188
191
190
187
191
184
190
186
190
191
192
191
186
189
183
183
182
184
188
192
186
184
183
182
190
182
185
189
184
191
188
192
187
185
186
186
192
186
182
188
190
183
187
190
189
190
187
190
184
186
186
186
190
190
188
189
184
190
184
189
189
182
184
191
190
186
187
189
189
182
185
183
192
188
190
187
192
191
186
187
186
192
186
191
190
191
186
189
185
190
188
186
191
185
186
183
182
185
190
192
192
184
190
190
186
191
182
192
188
186
191
183
190
189
185
190
189
188
186
186
192
182
190
192
183
182
191
183
188
187
190
187
187
185
186
186
183
185
183
185
188
185
190
184
187
190
191
187
186
191
183
191
188
187
187
183
182
183
187
188
188
183
191
192
185
192
183
188
188
184
192
182
184
186
188
189
183
192
186
189
189
191
191
189
188
183
191
183
189
184
191
186
186
187
190
189
187
186
184
190
191
191
187
190
182
185
187
185
187
189
182
185
190
189
184
187
184
182
186
188
188
