187
189
189
184
183
188
182
188
184
187
190
192
183
185
192
185
188
188
189
190
192
187
184
187
192
190
189
192
192
188
188
191
188
184
192
188
187
190
187
192
182
183
191
190
184
183
192
187
190
186
185
190
187
185
192
189
184
185
189
187
186
191
192
183
185
192
185
185
187
182
185
185
188
186
186
184
182
182
182
191
189
185
189
187
183
184
186
192
187
191
186
192
192
184
185
185
182
185
186
188
189
188
188
186
190
183
185
182
183
188
183
186
184
188
183
189
190
184
184
183
184
189
184
192
184
185
186
186
190
187
186
187
182
189
182
191
185
182
191
185
184
183
185
187
183
187
184
187
184
185
188
190
182
191
185
187
187
189
185
183
186
184
184
186
185
186
191
182
191
185
182
186
188
192
186
190
192
188
183
186
191
192
186
185
191
190
185
187
188
184
182
190
192
191
188
182
189
188
188
192
192
183
187
191
182
191
188
189
182
185
188
189
184
189
190
189
185
183
189
187
185
189
182
191
192
192
191
182
186
187
192
190
184
185
189
184
188
192
189
184
182
192
191
189
187
185
191
186
184
192
182
185
187
192
190
188
192
191
184
183
189
183
182
186
189
191
190
186
184
186
184
191
191
182
188
182
191
191
190
183
183
183
186
187
190
182
185
186
192
184
185
189
182
187
188
185
184
183
190
185
188
182
192
186
186
187
192
187
188
187
183
187
184
182
184
191
188
189
185
192
189
189
190
183
183
184
189
185
190
186
190
192
192
189
187
183
188
183
191
192
183
185
186
191
182
192
188
190
183
185
182
185
188
186
182
189
191
182
192
189
183
191
185
186
190
184
192
189
190
186
188
183
186
186
182
