185
183
190
184
189
188
189
183
189
189
184
189
192
189
189
183
190
188
187
185
184
184
184
186
191
188
188
192
184
189
191
188
184
186
192
188
185
187
185
183
187
182
190
192
187
184
192
187
187
183
187
191
187
190
182
190
184
192
190
189
189
183
188
191
189
187
185
186
192
185
191
187
182
183
185
190
186
182
187
189
186
183
186
182
184
183
192
191
188
190
191
184
188
184
185
192
186
187
184
190
189
192
188
192
189
188
190
183
186
186
190
182
183
187
192
190
189
183
185
182
183
190
187
185
183
184
184
190
190
186
191
185
187
182
184
189
183
183
192
191
189
186
188
192
191
187
184
191
184
191
192
190
182
183
189
191
186
182
186
190
184
182
182
182
184
191
188
185
184
186
183
188
190
187
191
186
188
191
184
186
186
189
186
191
185
186
187
184
183
187
183
187
188
187
184
191
184
189
183
184
191
182
189
184
191
192
190
187
182
192
185
182
183
189
190
185
185
185
191
186
191
185
191
188
186
185
189
182
191
190
188
186
189
189
183
189
184
189
192
191
186
186
182
190
184
187
191
191
182
190
189
187
185
192
184
191
191
192
188
184
190
182
191
192
184
190
186
192
188
185
183
192
188
191
187
184
186
190
183
190
186
184
190
182
191
182
183
186
182
186
186
188
190
182
185
191
183
182
184
185
184
192
184
191
188
185
191
183
190
190
192
184
182
191
191
182
190
183
185
186
186
187
190
190
187
186
185
188
182
191
188
190
182
190
188
185
187
187
190
189
189
190
184
183
190
192
183
186
190
191
185
183
192
188
190
188
184
183
184
189
186
187
186
192
192
190
190
187
183
183
192
186
185
192
186
