188
190
191
187
190
185
189
182
184
185
183
184
182
182
186
188
182
183
183
183
183
183
186
187
182
185
188
186
187
192
192
183
186
182
182
190
184
185
182
189
183
182
191
188
187
184
186
184
186
186
188
182
190
185
182
182
186
192
182
185
189
189
185
185
186
184
185
185
183
185
184
188
182
185
192
192
182
185
187
185
183
192
188
186
182
185
187
190
189
184
184
182
192
183
189
190
190
186
188
182
182
190
191
182
190
192
182
182
186
190
187
182
189
186
190
188
186
182
188
187
186
184
186
190
188
182
187
191
191
192
189
190
191
183
183
186
188
183
188
184
183
186
187
185
183
190
192
182
190
186
182
184
191
184
191
186
187
182
188
192
188
185
189
185
182
192
189
191
186
186
183
191
192
191
182
182
187
190
185
191
182
184
188
184
191
192
186
191
190
188
188
185
189
191
190
185
184
188
192
187
186
189
187
189
192
191
190
184
192
188
185
189
190
188
191
183
185
186
182
191
192
187
189
188
182
189
183
191
189
189
182
184
192
182
189
192
189
183
183
186
184
191
191
185
190
188
187
191
192
189
182
187
182
184
183
188
182
182
187
188
190
189
192
186
189
189
185
190
192
192
188
184
185
185
185
184
187
187
185
190
182
190
192
184
189
188
190
189
186
184
183
186
192
192
184
184
182
191
186
191
190
190
188
186
184
187
187
192
184
192
190
182
191
192
190
189
190
184
190
186
192
190
192
182
182
183
188
189
190
187
182
190
189
192
182
188
190
185
186
184
188
191
183
186
184
183
185
184
190
191
183
192
192
189
183
183
182
191
186
186
192
182
192
185
182
192
188
188
185
185
183
188
185
191
187
