190
184
188
192
191
182
182
183
184
182
185
192
185
184
186
183
190
185
190
192
183
183
190
191
188
185
192
183
190
191
185
188
186
182
184
189
184
182
190
189
190
190
184
182
192
188
184
184
183
189
188
186
189
184
189
185
185
190
189
190
184
185
185
185
185
191
192
182
186
182
184
187
183
189
183
188
182
183
192
182
183
186
191
182
186
184
182
192
188
187
191
192
185
187
182
190
189
187
189
190
188
184
188
184
187
182
192
187
187
191
190
183
189
185
188
188
192
188
183
182
190
182
185
189
190
192
185
184
185
184
190
191
182
188
191
192
182
191
184
187
188
191
190
191
187
187
185
184
182
182
183
184
185
184
187
191
191
186
191
192
182
186
184
183
187
183
182
191
183
182
192
183
185
192
186
188
183
184
191
185
191
186
183
192
188
192
189
187
187
187
187
184
190
189
189
187
186
186
182
189
183
185
185
182
186
191
187
183
185
182
186
191
191
191
187
192
191
183
190
183
192
189
190
188
190
182
186
182
191
185
184
191
188
191
183
183
192
189
185
189
183
186
191
188
184
189
189
189
189
189
186
187
188
187
182
191
187
184
189
191
191
192
185
192
187
192
191
191
183
189
191
182
189
184
186
186
192
182
188
192
191
186
190
187
191
182
184
192
185
186
184
183
185
192
182
185
191
183
186
185
191
190
192
191
192
182
187
191
184
182
191
192
182
190
185
184
189
192
186
182
189
187
191
182
187
192
187
185
184
191
185
191
188
184
183
188
185
190
185
191
192
187
183
187
191
190
184
183
182
183
185
189
182
189
186
191
188
190
188
184
188
190
189
191
182
188
188
186
182
192
192
190
186
190
184
