183
183
182
185
186
191
189
186
184
191
189
185
192
188
186
188
185
186
189
187
188
187
190
182
190
185
186
192
184
182
182
187
192
190
190
192
184
191
192
187
191
184
184
185
188
187
189
186
192
192
190
183
189
188
182
190
182
182
186
184
188
183
183
182
182
189
188
191
187
190
192
185
187
186
192
191
183
190
187
187
182
186
192
186
185
192
186
187
191
185
191
182
187
186
187
182
192
186
192
186
186
183
186
183
186
191
184
185
183
185
188
191
188
188
186
187
189
185
191
190
183
192
192
191
187
186
190
188
188
186
184
184
182
189
187
187
189
186
184
182
186
187
186
191
189
191
190
188
188
182
185
184
183
184
192
187
182
190
190
186
183
189
189
189
192
192
186
189
190
187
189
190
183
192
188
186
184
184
186
191
188
186
189
187
185
182
187
186
186
186
182
191
184
192
191
187
192
187
191
188
190
187
184
187
189
190
185
188
186
190
184
182
187
188
190
189
183
184
185
184
182
182
188
183
187
188
183
188
192
188
190
191
189
192
183
185
183
182
184
188
187
186
192
189
189
187
192
185
191
189
190
187
190
188
185
190
189
184
186
185
182
192
188
190
184
191
191
191
188
188
190
192
182
187
186
183
185
183
183
182
184
186
192
182
184
184
183
188
190
191
185
186
187
191
184
182
191
189
190
184
185
188
187
191
185
187
185
183
191
190
188
189
188
189
189
188
184
188
183
183
185
189
182
183
186
187
186
185
191
182
186
185
185
192
188
183
189
190
185
185
191
192
185
183
191
187
187
188
184
191
188
190
192
188
184
185
183
186
185
191
191
191
184
188
187
188
189
185
185
184
182
182
192
184
183
