190
185
187
190
191
187
184
184
185
183
186
191
182
190
187
191
184
185
189
184
187
192
191
189
187
186
189
192
182
184
190
189
190
182
182
183
189
188
192
185
182
192
189
182
186
182
182
189
188
188
187
190
185
189
189
192
189
188
182
184
189
192
190
192
185
192
186
189
182
188
187
182
189
190
183
182
182
186
183
191
191
182
182
188
182
182
190
187
186
186
190
188
186
187
191
192
186
182
183
183
191
187
189
191
183
192
191
183
187
192
191
191
191
190
184
182
186
185
192
185
192
183
186
185
186
192
188
185
185
185
188
187
189
189
186
187
187
185
190
192
191
185
192
187
183
192
190
186
191
184
191
190
182
184
189
191
192
186
188
183
183
183
190
190
189
187
192
182
188
186
191
186
191
187
182
188
183
188
187
186
188
186
182
191
188
183
184
184
189
189
184
182
191
183
190
185
184
185
183
191
190
192
184
184
191
189
191
186
183
192
188
191
191
190
185
184
191
187
187
192
186
183
186
192
184
184
184
187
185
189
182
182
185
187
190
189
192
187
190
187
186
191
182
191
184
183
191
186
187
190
192
184
182
189
189
192
192
192
189
186
189
182
192
187
190
185
185
182
186
190
185
186
185
188
192
188
184
183
185
190
186
192
183
187
188
185
187
186
186
188
188
191
191
186
185
182
189
192
186
190
191
189
186
184
189
191
184
189
186
186
188
183
189
189
191
187
190
182
191
192
191
186
182
188
187
191
191
192
186
186
189
189
192
182
182
190
184
191
186
189
184
189
184
185
182
186
189
186
187
190
182
186
189
183
192
187
185
183
187
191
183
182
189
184
183
191
186
189
182
182
183
187
183
185
189
