187
192
184
191
190
183
190
183
190
190
187
184
192
185
192
188
185
182
188
187
190
184
190
192
191
182
182
191
188
182
183
192
191
187
185
190
184
189
186
184
187
185
192
187
190
182
183
191
187
192
182
186
188
183
187
186
183
188
182
188
189
192
182
184
182
182
184
188
188
186
188
190
186
191
188
191
189
189
192
185
186
189
184
192
189
189
183
190
183
183
186
189
187
192
191
186
186
188
191
182
187
188
187
182
188
186
184
189
190
185
185
184
186
187
189
189
191
191
191
191
192
191
185
182
183
182
191
187
186
191
190
191
187
187
190
187
191
182
192
191
188
188
187
185
186
183
184
186
189
182
189
191
188
184
190
189
190
186
192
185
187
183
182
183
192
187
190
187
188
189
186
191
184
184
188
182
192
182
189
188
183
184
187
187
182
184
188
184
192
182
186
184
184
183
186
185
187
187
191
182
183
185
192
191
182
186
190
185
184
190
187
185
188
191
184
189
182
190
187
185
190
190
192
191
188
191
188
190
189
187
185
190
185
189
182
184
183
188
182
190
190
186
189
187
184
184
192
191
185
192
192
183
182
183
191
190
183
186
183
192
192
191
188
183
192
190
183
188
190
184
188
182
192
187
186
182
184
190
188
187
183
190
186
187
190
188
183
185
184
185
190
190
185
182
183
189
183
186
185
182
184
192
187
188
184
189
191
190
192
190
184
182
186
188
192
184
185
189
192
187
182
188
188
187
185
192
191
190
183
185
188
188
188
192
184
192
185
185
190
189
190
186
192
184
186
191
186
185
187
183
185
185
184
189
191
191
187
191
186
191
186
189
190
187
192
192
192
184
192
186
187
184
187
190
186
