182
189
185
187
182
187
190
187
192
188
185
184
192
190
188
186
183
192
189
186
185
190
188
192
190
186
192
187
184
185
185
182
186
188
188
187
185
190
184
182
187
190
189
185
191
185
189
188
191
184
184
187
189
183
182
185
191
192
185
182
185
192
186
189
192
182
183
185
183
183
182
184
188
183
192
190
190
188
184
183
191
191
183
189
191
182
189
187
188
189
192
190
182
191
183
189
185
185
192
191
186
184
192
183
192
182
190
192
183
190
184
187
192
190
185
187
186
184
191
189
190
189
187
188
190
184
185
186
191
185
186
187
187
184
190
189
189
185
186
189
187
185
186
189
184
186
190
183
185
188
190
182
185
187
182
189
183
192
190
183
192
191
185
186
188
183
185
185
190
186
188
189
188
188
192
191
184
186
183
192
182
183
191
187
184
186
182
192
185
188
192
182
183
184
188
191
182
191
186
183
183
184
192
189
192
183
182
185
183
191
184
188
183
187
185
192
183
189
191
187
187
189
192
185
183
188
183
191
182
184
185
185
184
185
186
190
190
182
188
184
183
190
189
186
187
191
185
190
189
182
186
189
182
183
192
186
191
186
191
191
186
186
192
189
189
191
183
186
188
188
191
192
182
185
190
183
185
184
191
190
188
190
187
189
191
186
187
191
183
191
188
188
190
182
190
188
185
189
187
187
183
183
186
186
190
184
185
184
190
186
188
184
191
190
184
185
183
183
186
192
185
190
189
191
188
185
184
182
187
184
187
183
184
188
189
191
187
183
191
184
185
188
190
182
182
189
186
190
185
192
188
184
190
182
189
188
190
182
187
192
192
186
182
192
191
185
189
183
188
192
187
186
182
182
187
