183
182
188
184
183
190
190
192
192
183
188
190
192
192
189
192
186
188
186
189
185
184
185
192
183
188
186
191
192
191
189
182
186
186
190
185
182
192
187
185
190
186
187
185
188
190
186
182
186
185
192
192
187
186
186
186
182
192
192
191
192
182
184
190
182
184
185
182
189
184
186
187
188
184
185
182
182
190
184
191
191
183
185
190
186
188
189
189
190
183
189
192
190
187
185
187
186
184
191
183
183
188
187
190
191
190
189
182
185
184
182
182
184
188
186
187
186
189
183
186
185
187
187
192
182
189
184
192
185
184
184
188
182
191
182
186
185
184
191
185
184
183
187
189
187
189
190
189
186
187
191
190
186
187
186
187
183
182
185
183
185
192
187
185
189
183
185
183
191
190
192
188
186
184
187
190
190
186
182
191
192
190
192
185
190
188
187
185
186
182
187
189
190
182
187
189
189
182
192
189
186
185
187
190
187
190
190
186
183
187
185
187
183
191
187
189
187
190
192
184
183
188
189
191
192
191
182
182
186
191
191
189
191
187
185
183
184
185
192
190
191
190
187
183
184
187
192
185
187
188
185
184
188
191
182
191
182
190
189
190
186
186
183
186
186
182
185
190
184
186
187
192
187
189
191
188
191
182
186
189
188
185
190
188
190
186
185
185
186
184
184
184
183
183
186
183
185
192
182
183
184
192
189
186
182
188
185
191
189
184
190
184
191
192
184
183
185
183
189
184
186
190
186
188
187
190
191
188
188
187
186
182
183
182
187
186
187
185
187
192
185
182
188
190
185
188
187
186
185
192
190
189
182
183
182
191
185
184
192
183
191
185
187
185
185
184
188
187
191
183
188
185
185
182
183
