884
829
390
1159
1310
898
1328
37
238
1030
1124
1038
107
1117
1341
800
1277
905
713
1282
1316
677
107
706
776
1308
1489
752
1174
778
783
1424
754
772
1245
634
977
32
1427
1225
468
314
1293
528
747
44
287
152
842
290
216
151
1188
1368
404
116
108
587
905
1280
515
1035
790
1250
127
866
687
563
781
1243
1141
943
8
812
530
611
447
34
1445
185
1276
601
1003
502
953
1035
602
1046
1295
1312
87
1323
1313
1287
1356
1490
697
940
431
405
1123
1422
939
653
97
432
1047
195
780
77
955
180
702
1320
626
842
328
1071
160
384
208
1110
1303
716
1216
1463
1133
650
298
1500
1223
793
639
771
541
540
1390
1047
1084
1119
274
173
240
1176
1090
981
799
1165
237
1270
1452
405
642
1290
1227
1470
1009
515
23
1076
0
888
243
398
359
440
433
35
631
955
186
1028
471
1455
608
348
1412
1182
201
899
1242
659
1252
1239
548
1426
1242
809
667
721
749
271
1463
552
1427
1152
1009
729
996
71
385
1465
1088
632
864
89
1043
920
1498
717
307
371
544
845
1234
55
1452
1386
246
68
1281
1364
1288
1359
279
859
886
801
237
49
491
323
877
848
522
1264
1187
164
593
1482
149
1488
1445
786
233
74
233
698
575
1404
381
81
335
1199
1365
469
114
476
1131
678
482
1323
153
1231
1243
275
27
891
1329
522
1306
102
1259
455
1125
270
1140
906
172
1243
732
342
1269
1288
375
507
1154
593
64
598
195
1345
966
849
1215
371
524
66
487
515
255
1454
1433
235
1388
78
1363
304
469
878
98
674
1305
864
1032
214
1257
272
513
35
1336
1268
944
752
900
1100
863
34
253
544
1099
730
213
483
461
352
1084
784
1497
1441
858
721
663
770
541
737
1027
951
1025
969
604
1390
768
50
306
328
448
301
1200
80
20
108
155
740
1438
825
442
1154
816
591
1190
709
51
891
1428
203
1087
709
529
834
1439
1189
626
1432
108
1138
804
953
1319
56
173
681
833
263
1306
605
1382
555
851
153
1055
108
1128
227
119
0
1310
8
1367
314
1418
854
1124
426
296
142
1337
1021
246
792
979
1310
50
535
25
387
1007
718
1089
725
346
99
2
180
982
594
1280
1480
169
741
1206
70
705
50
787
90
73
191
354
409
335
421
502
1342
262
262
1384
274
102
1267
1252
94
435
539
919
476
1031
594
1264
826
864
458
1151
27
588
38
1094
462
1098
1258
1087
498
1305
477
1322
984
1043
7
1124
981
1347
629
1404
515
1472
785
747
840
1031
577
1024
1141
26
1101
795
268
82
1103
588
1010
254
525
32
869
1251
844
390
343
608
979
756
686
51
1138
1229
102
441
709
1286
1237
63
518
1207
439
886
840
161
608
1483
1137
965
297
558
1136
88
931
68
461
64
391
104
217
1386
1220
948
431
1049
1282
430
1031
913
977
745
488
293
258
247
1452
907
1319
583
1119
690
2
796
115
721
1425
841
1301
77
909
1454
1500
1123
179
137
500
879
562
57
626
940
1395
567
380
1232
712
1443
969
1426
92
924
665
893
1159
3
696
1247
590
260
923
376
194
816
874
883
392
411
106
606
480
704
98
421
276
55
1115
425
192
884
1051
820
502
187
783
437
1223
1160
656
718
1499
676
314
1015
372
1332
722
138
351
1067
1124
1481
770
342
1281
276
355
1378
1311
998
1116
492
226
538
973
970
1228
387
1046
149
372
1039
982
636
95
1483
696
418
195
1437
51
1094
820
387
935
784
1169
535
672
229
346
42
986
294
76
1314
505
892
853
1183
530
544
678
1306
1093
757
373
392
193
628
1092
1041
1414
1003
866
1200
582
335
1147
244
527
857
1425
784
771
1091
290
555
1446
245
843
517
1103
942
711
1178
925
861
1028
907
328
579
1437
853
504
605
836
1439
1066
816
885
1166
1209
1442
496
968
676
691
1130
391
791
363
896
1260
68
891
891
54
986
877
1420
1014
6
1259
158
1109
51
737
643
286
1139
57
112
434
596
23
1093
1419
1253
749
1148
485
549
1066
988
579
744
496
1125
1046
1405
547
968
1308
25
989
89
635
923
451
1109
1033
977
135
246
1148
834
583
1040
791
1184
483
227
1026
664
1183
1087
61
955
149
238
916
1284
820
1279
1234
1302
296
695
305
1450
207
9
559
745
50
789
637
238
262
599
31
980
395
1288
974
86
26
30
834
1096
1070
829
383
1194
412
506
652
1376
477
1401
188
552
95
961
1324
284
1433
1238
725
758
1153
722
328
1396
908
45
889
575
217
1034
1445
1371
869
581
420
616
898
369
136
169
27
871
300
1240
860
671
856
559
64
364
937
1177
930
1012
769
1195
114
376
314
1171
420
1232
676
744
341
392
457
799
577
794
592
1281
980
579
1253
1041
442
17
1278
912
745
1102
1287
1056
1116
911
569
958
574
1196
362
795
724
1438
309
157
1348
1250
57
685
252
820
530
136
535
1275
99
1349
1079
1355
389
604
1150
820
1381
146
660
1130
292
595
716
618
345
149
89
1203
1028
91
1221
746
156
1133
1259
104
1210
1334
809
687
208
199
794
292
176
1440
135
716
219
797
245
372
479
90
124
704
757
1290
1196
1043
51
1042
1157
687
295
142
1337
1472
700
177
661
1238
1389
803
604
73
328
1481
1327
53
944
606
1369
1134
631
683
1359
1368
634
522
67
1004
1455
497
939
124
1452
785
168
1489
471
49
1139
162
259
1270
170
877
1171
208
211
917
1300
645
1020
1230
249
1289
976
1359
920
635
17
733
154
198
1194
1437
1189
132
108
1305
485
482
990
689
804
669
164
1349
932
1342
619
535
960
622
722
1445
604
576
619
126
731
1131
1207
244
422
28
597
1369
530
1070
1315
822
1064
1292
986
1326
619
836
470
617
1190
876
603
905
781
533
834
441
947
234
170
922
1094
254
186
1147
458
375
612
665
339
1271
235
983
410
404
939
192
1401
347
905
1282
1188
761
1228
753
194
985
1175
1264
894
1092
171
870
895
504
1262
39
807
30
1452
634
1140
317
881
1052
1403
1355
829
908
294
162
564
8
826
564
686
536
137
402
1166
193
109
725
1445
1136
871
87
1013
747
139
917
975
87
499
1445
66
1312
1264
156
875
725
170
1279
1016
900
1071
1381
1137
1319
764
153
530
1301
749
116
1348
234
1367
29
1119
1320
1327
1063
1463
1060
1179
894
821
488
1487
457
1183
154
1241
356
682
1453
336
1320
107
956
561
1079
784
1445
1423
777
1109
769
815
220
548
345
1277
999
1097
692
777
1455
181
327
523
1019
1200
1024
122
301
1128
497
1372
849
1343
469
639
1049
44
1479
1219
845
43
750
885
341
1184
426
1300
630
1347
1311
850
1225
1417
565
32
1104
578
1262
1142
1376
1032
1111
1346
665
285
327
1310
83
530
121
857
498
1126
701
527
517
982
1109
1477
1033
1335
771
486
1249
814
935
975
1292
1415
1484
10
145
914
697
1017
549
104
1260
1108
385
788
729
47
858
769
1179
376
1174
703
1016
412
158
1242
940
74
69
540
1321
779
798
12
199
331
1270
437
902
1100
1048
313
1249
865
919
339
260
43
4
1312
206
857
946
260
1176
163
1330
1472
1263
976
639
896
854
1152
84
1023
756
760
118
864
1396
884
727
1259
1392
228
424
299
1109
176
632
1459
1019
590
816
1310
1389
214
1369
491
1186
67
476
286
434
1494
1271
158
1206
1481
718
318
43
1187
820
423
1035
3
1363
544
623
976
236
728
495
177
1072
1285
50
504
1117
101
266
345
416
337
465
999
270
468
503
907
1424
944
5
62
1412
867
934
213
853
982
1490
974
1172
1046
289
1482
974
913
1488
