708
449
949
510
252
674
1332
330
867
1157
20
1214
258
1132
1209
1028
1138
1216
1453
397
933
1498
1218
710
543
1037
1166
620
957
1100
712
449
542
1123
1471
922
736
1020
55
1041
495
1259
1250
609
1464
686
1127
1350
342
690
369
1481
27
29
923
314
804
948
1205
1136
454
1396
922
505
235
350
346
1042
1219
655
848
714
554
750
396
1295
477
262
543
42
1027
703
159
1144
7
575
148
27
977
1170
782
1455
1427
1133
1413
685
1450
762
688
1489
1361
1397
382
217
1062
694
40
257
1443
859
203
956
1429
1101
33
362
754
1197
436
1337
1439
889
33
588
830
1209
715
249
222
1453
1161
484
1370
844
1032
1087
931
1017
834
619
779
1425
492
592
863
275
657
418
259
551
1086
727
629
463
1127
671
1275
97
1132
242
365
1482
772
1222
351
1070
353
118
1091
60
740
1235
78
1010
1473
175
842
59
1333
1194
117
345
925
858
221
835
994
572
947
282
50
752
827
537
516
550
704
418
1286
990
257
481
443
836
831
172
782
315
873
1234
1445
1027
235
180
140
745
483
659
611
446
603
298
56
1215
917
264
1033
173
1475
294
1116
1403
900
1006
993
959
66
285
654
1428
322
567
876
1063
1411
1195
302
162
137
1196
1092
1094
476
324
965
1061
607
1429
882
1010
619
1193
1075
1178
1149
1021
285
582
139
463
726
295
393
1247
1003
791
893
67
176
726
695
1378
734
912
1482
631
823
400
564
943
633
823
1214
95
89
768
1195
1092
802
1196
765
99
1312
1495
148
1215
276
628
1359
797
1057
635
1241
1242
359
1345
758
998
1249
992
257
122
1500
805
149
20
1024
1177
203
672
1172
1379
1219
783
866
1038
1341
672
1428
568
1105
1095
1090
462
436
1183
418
223
1003
274
1045
304
682
645
985
771
392
900
831
666
1369
1003
344
1081
953
1227
659
332
78
629
1414
1310
1264
141
799
511
763
1409
1467
1271
293
797
618
1386
295
513
1235
143
859
16
397
886
1124
1121
276
236
1250
311
421
841
957
1343
562
1106
568
472
1181
1345
66
1073
798
581
989
567
324
598
1399
863
167
521
1218
637
966
652
290
443
873
1346
328
275
1288
103
407
826
966
1248
374
508
1195
377
709
1320
603
1407
1049
769
1397
734
850
412
553
929
400
988
463
1056
264
1490
1202
1358
1331
95
200
1239
689
1082
262
1390
1287
1158
1294
108
445
1497
1057
600
614
569
459
1062
86
917
1240
1440
1220
1025
967
258
736
115
1105
1358
223
1443
413
677
1392
1366
556
547
1042
644
1288
1074
626
1001
329
1413
517
479
847
679
155
1129
477
904
1499
959
40
1374
714
760
700
1005
1303
371
1022
1252
1230
1444
1173
521
495
565
1404
213
59
1050
823
95
639
1186
18
1232
832
1379
196
590
1206
1063
1098
855
652
407
412
47
115
490
123
395
850
1230
419
522
412
779
1413
1310
567
1087
424
1283
1426
744
1106
781
705
1118
502
236
1214
1170
1415
1121
377
140
749
423
1019
538
624
703
624
320
109
1407
697
316
298
729
1234
289
933
1148
175
573
485
244
969
1351
925
142
103
1034
1143
768
885
1004
938
874
723
944
1464
175
775
187
296
1492
846
1245
1180
1343
1058
826
365
1127
1384
819
1263
1392
247
164
182
827
1462
991
1101
119
119
722
1167
1489
1298
4
1423
1423
1206
4
333
841
64
222
879
1054
524
26
1379
909
223
558
1466
636
846
1265
577
858
1329
499
1098
958
583
1056
19
1494
975
325
517
1460
62
831
321
267
767
1331
2
43
263
142
264
884
255
1189
474
795
997
360
934
1456
1445
488
1278
791
354
127
468
102
1317
463
1236
1263
715
1295
552
338
1143
149
949
489
1418
1171
390
1423
1416
639
338
270
1197
2
715
282
406
74
706
363
178
981
1482
1077
726
780
546
406
171
720
1437
238
303
350
641
523
149
998
534
1476
1377
100
276
694
737
1303
519
1260
440
741
755
719
660
748
898
1195
1286
441
1128
706
1084
39
970
1098
1275
945
1386
1239
884
414
679
166
722
796
257
1193
22
548
73
1363
347
1331
736
499
543
127
744
766
974
1366
469
622
1423
606
1453
1427
693
1117
868
961
1450
584
755
879
1041
109
199
681
825
141
1362
939
458
1261
418
393
504
1173
869
824
477
671
965
582
1194
1425
285
287
843
1108
1400
479
604
534
737
769
509
1202
123
623
1138
1450
15
991
1260
1094
1304
580
537
1149
549
18
419
690
887
1225
89
837
233
1129
621
703
60
813
685
224
258
1143
1387
137
454
633
619
160
215
140
741
1461
1031
168
792
1335
785
786
786
728
507
1374
1108
334
1163
1459
1292
16
264
1132
24
16
321
1266
699
4
1451
691
544
883
1123
278
1077
1460
96
1443
1387
626
1147
678
1042
983
1450
1205
473
1226
150
862
1309
245
606
1347
762
732
871
1317
1217
918
1010
1391
916
762
1084
454
1203
1474
290
712
1258
1241
1033
412
669
865
1006
521
933
574
1115
986
401
1235
1340
90
702
412
1011
928
1441
1219
327
843
857
747
131
226
754
1096
690
1327
776
1367
667
250
1088
211
483
1464
1304
567
1114
874
728
168
193
1099
242
1415
1370
851
777
157
1454
484
571
1433
300
744
1439
1335
743
555
1167
100
1287
112
526
836
139
207
563
418
463
747
241
309
595
434
741
157
359
521
427
1318
748
925
276
1335
382
1487
208
1104
1119
78
1103
342
1072
353
1322
1471
30
384
1262
264
383
71
572
1357
445
1438
1236
414
335
1310
816
88
511
267
895
1403
881
542
584
289
889
1363
653
264
787
436
1174
799
1318
1239
399
151
757
528
96
798
770
549
129
850
977
394
348
414
610
810
487
307
1315
39
968
411
583
547
84
1326
920
100
390
1298
1247
8
342
1327
919
42
999
1088
1493
1387
368
417
751
732
1415
494
209
1014
1185
358
1234
600
1344
506
1494
489
783
911
467
104
1261
675
1457
1021
1141
1488
377
306
551
1345
969
469
238
74
907
1046
106
24
873
1168
608
246
1436
629
121
1121
1063
810
640
1028
1476
1175
12
262
1317
525
977
264
1476
1077
1239
554
1158
28
148
1191
839
192
1393
659
1497
404
477
712
1084
914
320
972
1292
895
1372
1239
1396
3
583
25
112
549
1034
617
1483
764
976
772
904
1071
915
1084
879
1298
416
1104
293
513
1085
1060
1000
1364
217
684
432
626
555
991
233
1250
322
1191
526
22
669
231
1248
525
974
825
1458
1203
1469
358
1498
762
915
935
1225
346
132
584
1241
229
1461
1318
1197
1028
20
1275
412
1231
1071
914
382
880
542
835
492
422
691
938
620
846
452
1402
822
717
605
410
811
947
1494
1144
1496
1364
1089
299
468
440
910
837
1123
266
1145
136
145
1461
740
1103
1333
1336
36
1290
1050
1270
1260
1276
835
1027
234
412
1377
938
1124
734
76
958
1356
401
610
163
1128
842
1134
522
51
129
298
1282
279
205
795
230
217
44
722
1491
55
405
915
1454
1186
1147
1483
513
1124
1368
356
280
949
362
851
307
405
999
39
1493
1322
429
619
796
630
1346
296
676
1012
444
956
621
258
280
1170
960
1169
855
62
481
838
841
368
1278
1064
958
1305
1327
1042
4
652
1285
85
523
1203
229
1074
1188
187
1057
1180
706
1370
141
504
699
1318
877
527
950
85
751
55
684
1210
1064
1
1249
647
851
1143
828
479
407
74
864
555
1314
308
962
204
460
1422
64
723
96
971
561
747
387
938
1429
933
399
1130
522
1012
1161
1182
407
1427
26
390
1310
979
1302
871
1089
40
1310
382
1479
1233
1448
964
396
1006
1084
546
325
1178
1184
