557
159
388
1157
740
843
944
1491
382
48
843
1240
833
1010
806
32
153
110
231
333
86
838
255
970
344
259
908
1429
150
1021
140
698
249
271
1352
842
308
436
749
32
816
214
733
794
895
1071
599
230
430
1338
1252
944
1085
1171
1215
1472
469
859
417
267
299
1332
1112
1500
865
1398
1134
884
1048
1224
200
992
1430
613
1069
1035
920
993
938
516
218
10
1487
1350
648
94
620
154
213
988
1069
1284
1009
190
1484
1354
1000
502
230
862
870
367
1115
138
1219
13
752
308
600
721
296
1176
683
763
1437
651
488
364
412
1354
1182
138
1197
1077
412
280
1042
723
504
850
630
1168
591
266
1026
1243
1076
1028
1414
1110
258
632
996
882
1484
1408
739
276
1239
328
194
1040
831
777
1212
629
773
371
910
383
752
84
1459
422
246
299
603
1374
1396
1362
1213
704
896
74
1450
899
273
1199
1498
1402
242
1312
965
495
1482
936
188
223
208
1196
142
1433
1013
882
714
1042
868
569
1337
45
1041
698
93
343
1001
290
838
422
367
962
1346
516
380
130
164
1037
1468
744
588
597
1386
194
1316
668
83
678
707
1210
476
1298
377
688
993
1302
301
1394
133
369
899
891
1267
91
1280
1217
813
65
394
949
600
339
693
426
804
812
584
538
339
1042
1108
737
701
1136
999
1126
1261
1321
518
320
886
150
608
841
1411
1163
1109
497
756
802
744
44
1119
352
152
1108
1028
358
1366
955
978
208
657
1093
687
893
760
1280
538
753
499
915
1426
819
502
974
637
1133
769
235
1070
797
937
654
306
1468
393
613
1227
688
1105
482
364
848
715
567
1135
1368
839
949
732
774
175
934
1073
256
418
281
680
156
357
401
1171
1018
159
1201
496
801
157
1103
1319
211
1174
406
544
1121
331
312
1339
352
1259
447
542
1280
507
1353
18
486
962
718
1131
1245
938
52
415
145
456
745
1300
309
1156
196
316
121
1228
648
286
510
367
1344
695
419
1351
376
845
1112
789
1052
607
1405
1135
179
1402
933
1042
497
115
1353
1162
32
937
1001
102
204
73
522
140
95
187
313
740
924
127
1444
991
1398
1075
611
643
426
1346
478
1206
357
1272
818
493
1148
544
1253
1406
3
1179
1169
1085
111
271
326
796
820
1277
650
72
424
1092
1394
195
269
833
944
82
653
854
976
760
1369
26
42
1216
1478
138
1008
1313
518
1362
1138
1308
592
1130
1204
1255
793
1182
658
1344
499
1342
648
1029
1479
965
442
905
955
758
471
325
1453
751
117
1386
230
1414
45
1340
1160
348
564
506
564
383
302
1395
1332
1491
1449
205
1492
965
404
468
570
512
167
1237
1163
1189
561
992
692
51
1181
847
381
1131
885
1190
1058
1385
964
758
647
186
1139
1419
1090
357
973
126
87
453
545
486
280
358
482
388
1339
1060
855
1012
1379
1287
221
1047
1299
1495
806
169
130
722
42
525
1246
314
179
711
192
518
860
3
1360
722
1016
997
324
1271
439
1416
914
1408
888
1206
998
198
922
1293
1045
747
354
623
1395
832
359
825
1279
123
959
622
393
126
309
824
1412
389
855
904
1313
328
481
369
752
1211
413
884
100
1147
439
928
115
1306
1371
1197
1346
1332
993
43
1053
674
215
25
200
903
1269
112
487
1461
1161
1109
318
42
741
1089
1074
1023
254
692
310
235
880
346
1471
121
1422
1452
1160
813
978
148
1260
1116
265
1345
1357
172
328
1391
1058
601
55
472
1455
444
842
979
1403
285
737
397
1036
1143
384
886
50
236
179
1238
996
400
259
257
1187
571
537
881
959
1235
1353
829
936
459
839
1085
322
534
950
284
404
1269
486
640
397
617
328
537
439
981
741
447
288
113
776
1114
1141
617
534
528
534
225
647
655
351
508
570
1469
644
309
1241
1437
1320
915
123
1452
998
787
26
662
471
986
26
981
712
1346
425
84
1414
1221
149
108
1012
0
372
158
1398
1
1437
1227
1414
847
822
498
841
911
1143
791
1303
658
774
964
250
244
714
868
1263
1264
340
1034
686
383
502
189
159
1172
272
634
678
717
129
1161
1224
733
1265
1379
663
109
802
776
298
887
703
201
303
527
784
1214
364
1132
1453
144
703
237
658
876
492
1383
1265
792
806
820
703
1400
687
563
244
541
1070
343
1189
44
168
1045
852
913
76
821
922
733
792
243
174
1406
669
933
140
553
900
35
189
392
1011
111
380
923
360
1364
573
877
560
183
179
945
340
288
60
1352
1060
1188
989
448
116
221
1493
270
39
311
920
1356
492
649
1083
34
46
1319
334
286
538
1376
932
936
176
1095
1302
241
1257
581
992
1442
1367
819
1177
1115
1223
929
1166
1011
1215
1163
650
692
381
835
1029
1377
1397
1390
236
900
708
858
213
610
60
896
657
1148
638
1411
869
1448
593
909
560
619
600
924
784
757
630
1483
873
444
1332
1074
1164
1137
1277
1185
1270
27
439
992
104
1044
38
1304
913
1401
554
376
93
1043
1466
881
1324
710
1382
729
857
948
550
1302
1301
459
569
1075
1246
653
100
91
1404
1176
636
347
1278
218
4
994
1441
127
818
1429
7
124
467
740
1099
787
688
124
799
1263
1468
400
960
1312
176
37
607
835
1123
348
1323
1172
1418
582
321
579
275
445
676
667
1451
1473
817
1402
94
1260
674
668
1035
976
1350
1031
45
148
695
259
113
1171
655
1167
974
833
726
1110
117
960
164
251
448
1086
226
1069
810
489
325
268
194
599
76
751
832
616
862
590
1182
250
793
1001
646
565
122
510
282
1024
1081
383
826
1186
456
1337
989
258
307
825
1008
1479
493
1057
827
1083
144
263
387
1492
710
1192
1124
484
961
498
511
412
1404
574
1482
96
1075
769
1094
1115
322
49
1365
1173
1066
206
600
1378
655
1004
842
767
678
1105
1452
1420
681
1314
702
273
462
20
740
374
949
730
450
534
648
388
574
662
1073
460
1317
1145
704
350
284
997
15
224
754
1147
314
891
1084
895
1057
1426
816
431
594
56
475
745
1427
565
103
1009
137
844
1130
812
664
849
413
1184
513
382
441
1189
100
897
364
1443
1149
168
1176
1251
351
742
1221
1378
768
823
1131
473
1092
1202
783
295
677
186
1277
1457
1323
504
1184
1029
200
707
29
554
1253
357
73
104
515
1095
1360
727
1213
296
1339
833
930
975
452
806
25
697
884
696
883
110
1225
802
1215
480
1459
133
979
316
1204
1070
693
227
200
1041
1086
948
782
1162
281
758
789
1414
536
732
1011
261
1188
1484
1243
989
59
873
436
604
1280
1005
10
645
981
520
715
825
828
380
441
1085
236
756
749
55
726
484
253
362
38
98
376
604
84
988
439
312
1386
949
1179
969
1041
187
453
428
974
1300
1189
1462
28
851
364
1318
223
117
1035
136
1246
1100
573
1185
787
969
1061
725
1028
793
392
309
61
1435
245
389
666
428
318
12
1465
1095
85
1234
543
645
418
253
958
1384
1221
777
1133
954
164
372
1479
342
1045
732
343
96
432
307
1094
851
239
1313
987
787
1326
349
1316
1131
1096
1007
492
980
548
1385
1439
1012
796
434
1183
344
377
353
891
1222
1115
1469
1053
978
1298
144
640
154
270
1076
633
1202
1018
1354
1197
1442
461
63
1326
675
370
362
609
699
290
23
1014
194
478
1314
848
466
171
969
551
494
1040
1165
24
254
29
112
260
850
117
1263
1049
368
1267
458
102
1298
1084
368
1380
592
1049
849
1329
1489
95
665
989
945
1198
408
199
1360
497
88
1144
1396
772
704
1232
843
1294
1121
1114
10
1142
589
1466
1459
811
905
25
989
984
26
1473
68
804
