486
1268
1115
660
936
1065
1277
1039
1180
629
472
172
338
449
1454
743
644
621
729
113
69
548
316
219
556
956
1002
907
146
1480
893
1425
400
108
16
639
598
126
234
1329
77
313
1075
16
420
43
1482
1496
816
1300
360
641
1319
1081
1494
1277
1235
9
724
718
1139
1168
83
1185
40
913
1265
522
123
1112
878
1475
1464
159
113
644
252
1339
1374
1432
512
1178
853
1134
859
1207
1305
553
617
559
213
1208
522
657
91
1061
1364
245
651
437
222
735
1396
92
1130
359
1432
593
1433
557
1471
1071
179
1352
481
728
329
1219
533
1361
101
460
422
545
537
614
1268
287
1114
343
699
200
937
1253
1322
867
1021
1483
689
617
938
93
1144
474
831
945
598
285
1345
455
1016
1338
435
315
612
830
846
1049
276
1049
1193
965
237
1057
915
471
801
827
904
346
842
397
26
939
535
904
1477
1181
1264
995
728
983
1465
807
1152
407
24
893
50
960
58
787
40
1269
759
70
759
425
231
1010
794
1207
352
646
566
114
433
474
904
569
485
947
1271
1359
1109
634
26
470
1263
654
1176
612
1387
1384
622
627
764
56
1232
512
1148
1154
907
1477
178
305
758
475
1062
1460
1153
241
1046
26
743
1468
1044
13
35
1385
1024
1166
51
876
1245
1201
271
1407
1075
1324
493
269
1203
1248
1465
109
398
753
734
776
616
766
130
576
1017
1073
215
120
12
699
1348
539
40
1401
889
1459
774
914
600
378
1041
516
1376
1373
661
535
942
225
974
381
432
1184
207
1491
1106
1125
44
627
1002
768
681
519
1218
328
1181
1083
1306
48
1007
1113
693
215
628
226
77
1112
137
997
1144
1145
11
61
1097
391
1064
1439
1365
273
197
32
369
1029
1258
825
100
1433
116
684
896
685
875
1171
899
860
1167
348
192
756
1019
1054
1138
111
1160
595
262
1218
531
39
439
159
592
1369
436
1014
1012
900
367
365
1144
1385
615
595
352
482
1107
506
1472
24
879
848
1232
1190
18
949
1306
1173
340
494
414
757
1009
208
614
1387
1440
184
1435
1179
518
851
1308
9
1127
1068
400
648
840
1312
1282
1015
109
423
912
968
239
37
5
578
976
553
975
1012
293
910
620
408
326
558
187
366
1056
1366
190
354
310
911
819
273
55
53
480
1355
1367
928
520
171
790
1440
1274
1220
379
922
124
372
994
62
672
1123
821
1491
185
1445
457
421
499
1481
262
593
358
1012
1270
801
274
1317
930
349
1182
1107
975
860
671
830
658
1209
1237
1186
908
772
513
1480
231
984
504
600
786
1360
1483
365
421
1292
674
1410
1321
301
1329
1340
1333
91
940
819
785
501
979
551
310
1328
3
55
162
1202
970
750
571
1145
1255
563
968
891
397
1500
457
520
672
1142
1050
663
151
244
839
843
1115
662
1397
969
877
264
316
837
1249
431
750
140
903
819
37
433
671
1323
232
669
1140
948
879
983
804
1103
69
1309
14
1247
1008
85
1077
1397
1198
513
1197
532
217
1285
40
442
223
900
1240
1316
1156
1123
73
296
1250
469
923
459
59
283
1009
187
175
1429
821
724
524
1493
1112
246
1079
1462
40
1038
158
207
612
529
1458
897
40
109
443
919
1439
47
1185
511
413
1170
593
354
1134
1002
374
5
1292
248
1046
779
1346
1074
940
490
765
613
837
1007
995
1494
426
543
554
771
732
690
853
1323
1433
1028
1055
1457
1397
904
477
569
1036
579
710
375
1286
1351
227
987
1281
1414
140
592
285
889
689
632
1338
861
518
66
860
171
143
172
1303
49
1263
61
1409
693
725
960
350
987
337
1418
326
621
1190
1328
797
1186
169
560
404
210
398
408
442
1194
572
557
136
1167
63
824
250
1161
1064
541
1403
133
1282
918
1287
316
482
1455
1047
85
956
25
1388
1241
788
698
1272
1432
1269
980
696
1279
694
38
613
906
959
490
283
434
420
1017
900
1126
421
151
1458
1472
998
1221
829
925
220
1348
1417
633
231
1001
1018
450
1118
1309
810
825
632
1430
1121
574
122
924
680
235
502
1321
1290
115
1483
669
595
1478
1002
1143
1178
60
690
1352
148
455
422
583
191
586
557
552
1448
511
914
1123
612
94
940
350
321
883
295
676
144
896
1292
278
1134
620
802
96
659
29
1110
300
1376
830
204
305
1019
38
774
572
977
197
182
1263
1302
1288
1093
260
1083
783
181
618
199
151
808
379
884
929
1089
970
432
330
764
71
1472
578
813
705
138
322
685
1389
1235
1499
817
749
41
974
594
1371
1455
1127
941
443
1297
854
18
559
643
1078
624
1447
626
1329
973
295
369
59
454
1342
37
607
1093
835
658
75
852
970
899
1460
1059
516
1194
1398
333
274
1179
66
1008
1270
568
328
281
272
184
325
640
687
1268
769
1042
1427
1463
871
1334
755
301
674
992
1278
1432
113
549
825
988
1036
1487
101
1252
1459
1248
1440
1305
345
215
1273
1066
1356
911
567
466
90
183
1021
459
619
998
1282
1091
269
138
888
385
205
1390
801
1298
800
455
1490
617
1087
822
272
872
138
116
1005
663
718
28
432
1030
231
1209
24
931
681
188
492
1117
32
1079
675
452
1494
1325
1241
1072
997
47
63
567
1322
485
386
1468
1214
766
1045
1398
136
431
1369
327
482
868
706
566
1316
603
696
1129
931
96
345
359
1251
491
753
1373
251
1265
776
589
845
64
761
699
1018
1456
1470
401
1364
1358
1113
188
329
908
387
729
719
1387
835
702
761
712
90
234
473
1484
486
80
385
1219
234
535
869
1396
993
256
39
648
191
759
1145
608
1436
399
679
1051
866
1064
443
209
996
1033
192
1453
803
1395
1354
1071
1216
999
1052
495
634
12
376
244
1345
914
574
945
553
43
682
1381
604
51
54
1079
67
1023
1140
754
1044
253
802
660
826
211
399
697
889
951
871
228
848
867
678
362
47
680
210
62
865
1493
1212
1046
818
735
801
1475
443
894
955
526
543
337
793
458
38
264
1217
847
149
703
632
414
558
778
467
912
757
11
1020
225
931
1451
1419
968
397
1070
673
106
693
822
1400
989
730
742
1070
903
581
407
868
1436
545
1029
710
608
1091
1330
167
52
593
445
678
1405
993
1075
840
1070
971
662
936
645
356
1105
35
807
1009
1023
613
1137
1095
1392
192
83
1452
20
927
1212
775
1349
534
1467
1250
825
1162
532
1359
15
238
620
316
97
1243
908
189
26
615
595
2
113
664
1141
32
619
954
78
1343
207
1264
43
966
758
42
724
1221
260
261
477
415
368
1267
1101
300
562
321
873
1350
1456
576
1443
572
880
1416
842
444
1371
833
1244
135
497
1377
1200
438
412
1370
1382
604
259
1015
232
67
314
770
854
1090
860
196
498
1318
642
588
1314
662
1179
758
1208
356
393
671
26
588
606
1405
410
567
1144
1485
30
599
1356
105
779
1016
1273
1219
186
713
192
272
445
1141
1361
352
798
649
1134
1441
1119
651
623
1013
1018
1408
901
805
244
984
271
465
405
826
258
590
1406
1085
340
636
404
570
601
1353
625
1479
953
968
361
144
1070
472
110
1362
1276
1480
1109
315
925
1300
1374
1259
431
1220
363
812
314
620
1368
907
905
1242
331
1463
1028
65
779
923
61
205
539
81
647
113
355
728
1318
39
954
1283
1448
592
63
481
471
1133
1165
919
746
726
647
208
11
882
875
883
58
1276
1232
887
973
266
1393
1208
699
687
501
1014
44
1322
1464
961
7
1349
1310
47
785
894
1471
408
845
772
24
1125
672
598
846
546
832
416
68
800
401
266
1447
94
695
275
1364
863
75
780
596
1497
1368
647
309
1290
