92
1125
965
391
1183
204
398
1224
1002
1395
1418
1436
426
36
1492
1338
1180
582
358
1335
1373
1308
63
1488
53
843
1482
1314
442
1287
1144
207
1407
770
949
1338
1021
450
1375
144
781
628
282
517
485
1071
746
27
119
1009
676
764
706
45
294
554
696
1325
1006
646
1187
1195
93
888
734
588
465
952
1054
993
1118
460
984
317
277
1212
122
381
83
494
1332
1045
626
959
609
1217
1381
535
244
291
23
892
83
1099
747
863
273
123
1216
971
742
1189
342
438
1206
433
1217
249
1158
1326
1028
1339
86
614
354
1481
11
1181
704
463
1065
1083
768
1387
379
1371
277
918
830
695
613
358
1445
1142
1307
1451
1228
1240
44
519
1044
289
1401
241
206
288
1464
598
445
192
13
1486
877
572
896
1277
1024
1162
1260
887
491
443
183
117
276
700
615
1208
1362
606
1085
1494
612
1239
1171
360
1136
440
493
781
1192
982
396
1162
18
1460
1272
766
1441
1483
1431
515
528
702
119
227
537
257
888
97
719
1375
197
392
1186
1388
1346
745
1216
898
1212
222
227
819
394
628
138
854
717
1142
97
117
373
1012
931
480
226
1091
1382
301
26
823
1280
118
747
42
455
74
160
1036
729
655
1185
921
1294
1432
302
34
433
352
1136
566
742
1494
1103
1273
138
781
1166
121
608
574
373
1159
408
1064
287
392
236
838
94
1361
0
743
1306
1317
1169
1024
244
1312
1499
525
1037
1170
1011
736
240
1246
212
1294
429
1004
1038
1341
1461
226
361
1067
770
560
1133
186
370
1054
1373
886
438
318
64
954
575
1403
475
823
1243
349
348
121
1282
223
438
1399
975
873
306
345
72
949
1008
1268
341
1326
237
1101
337
865
46
9
206
865
1078
1028
1194
800
370
785
141
1293
1455
995
1390
1267
370
378
1470
532
1324
946
220
1358
883
555
713
405
458
1462
24
578
1380
1184
995
87
375
197
751
1447
1208
513
941
392
212
1418
1278
1327
1114
326
39
1239
1315
1072
1290
1430
1321
616
987
402
248
1125
1147
220
393
1446
1255
544
615
1390
1173
1428
352
185
153
818
830
1014
1405
752
963
207
1300
1264
107
819
1103
1457
1010
802
1023
1285
419
9
685
1081
2
1032
693
233
178
1367
1081
665
618
83
1384
390
1452
391
816
1192
592
1039
1026
635
18
614
430
836
704
649
298
231
1034
992
26
1297
632
11
872
399
904
471
261
156
1412
931
1170
1165
313
1292
776
371
623
203
173
861
713
832
153
822
1272
1401
345
43
1112
1002
579
848
315
727
152
136
45
143
1215
791
1458
1336
695
342
1313
1333
1342
1162
1367
924
119
354
317
1147
1297
554
1498
1297
1097
121
1483
1233
98
259
177
556
516
1439
1492
673
1102
805
414
1403
273
1044
1244
1437
785
1185
1461
1026
836
94
972
1478
417
1061
955
877
730
197
675
496
1231
240
209
1270
903
534
970
856
1094
244
923
1403
677
538
132
413
894
1066
1474
1329
529
646
586
1290
237
815
946
884
1499
958
446
1181
945
122
1448
89
581
1366
153
1135
656
187
913
166
1183
1425
762
1286
57
338
19
905
848
277
1336
334
442
79
724
495
1023
186
1022
153
121
898
1465
653
1098
620
1475
12
473
47
1193
889
357
1451
1324
615
798
1104
874
1334
66
791
374
252
1079
687
293
416
1046
1132
1308
147
1128
153
1437
912
1183
628
1136
477
1021
1446
916
399
804
219
838
801
1138
168
217
392
184
439
1112
13
905
1042
396
338
116
101
1027
168
1154
632
640
1400
339
558
1487
752
86
310
341
1351
1020
1473
833
1220
907
734
155
829
780
295
1271
1402
1494
1376
781
484
12
767
1311
1461
1451
510
1358
345
829
495
821
795
1316
874
32
1012
44
310
1411
1292
940
784
800
673
1349
805
481
478
0
179
1228
1025
495
353
996
1321
152
1445
627
332
1330
1414
864
706
1085
1352
1225
933
23
1123
790
1145
126
444
784
705
745
675
397
1186
476
1390
1305
918
291
1167
511
494
5
1046
280
1273
1187
377
1089
496
455
112
1440
1084
668
414
1339
31
1024
631
850
725
1351
199
482
1055
1400
521
877
1238
851
87
590
509
861
1132
537
1127
1118
112
1401
584
923
243
738
15
843
371
1168
849
598
1327
1160
954
406
1310
326
1442
842
1176
255
1129
1063
140
499
1402
501
1182
1078
1280
120
1167
526
990
1094
161
87
392
1401
320
305
844
15
1472
262
916
1200
764
192
451
1298
1227
466
113
686
121
1180
879
759
1189
1423
97
1372
1453
1060
942
567
1497
563
371
871
1230
188
1135
902
13
364
1380
1143
389
1125
717
1426
401
1128
840
670
1110
245
621
585
1089
1275
402
1156
1405
1281
918
954
1116
1384
1115
1441
1334
1159
484
428
403
66
1307
1245
433
579
592
873
649
1219
374
60
1459
1091
199
1067
53
1164
1286
1308
789
156
718
443
1234
1097
45
534
443
280
776
1033
1452
248
1420
108
325
658
277
1303
127
734
26
1017
49
834
1026
1489
439
459
883
925
320
341
1445
170
1200
840
1243
913
421
316
975
940
520
424
191
351
804
1138
730
960
866
410
1413
979
1142
219
1127
799
535
1076
1444
556
418
1028
127
117
994
1147
1006
1071
511
0
561
1096
1201
364
1164
1148
77
1165
234
727
226
611
398
1006
1383
933
1196
689
1431
82
1000
582
58
85
975
460
938
272
606
1235
716
971
299
417
916
854
1418
23
1480
656
377
258
1432
878
860
159
1137
487
811
175
880
315
101
1234
192
1178
982
1023
698
638
1482
1070
321
1288
168
778
811
160
1480
1421
1225
1488
888
866
1160
237
2
1029
184
1463
603
1161
384
1389
1073
1458
19
1234
198
833
474
1445
590
649
1355
396
353
1339
1339
777
539
694
788
1339
233
129
4
200
524
752
177
1132
663
176
1260
301
657
1327
1058
1264
569
52
640
164
311
1269
1136
10
870
1035
404
763
436
1012
677
1427
933
921
775
597
964
610
1429
514
213
1076
1003
1032
358
747
1044
383
923
884
601
923
956
329
197
201
812
531
883
139
941
633
547
1375
1347
735
952
335
464
986
1336
1458
204
648
1350
923
1081
1178
13
1238
4
901
935
419
853
60
903
75
1232
1383
1051
1103
1249
16
823
762
864
726
299
373
266
886
1163
1006
736
148
1153
753
620
1420
1355
332
420
880
534
123
857
1433
253
1052
1494
1090
772
785
220
941
970
770
646
835
1018
224
1209
758
308
32
1317
593
1479
544
40
125
404
687
1491
411
336
544
139
215
1053
1321
543
1246
1378
935
979
964
549
429
1067
839
533
71
22
246
334
227
897
632
341
1006
1141
705
804
987
1117
1142
492
272
1426
1204
1037
143
968
615
816
701
813
721
114
2
988
595
525
664
692
443
990
63
469
864
609
532
1054
935
1230
1275
553
1121
1089
1083
621
8
1478
267
1143
1249
1137
1459
1330
1167
1127
245
246
502
193
979
940
1325
49
869
554
1450
228
301
561
369
380
621
1166
1437
902
1158
452
921
1451
1389
1496
493
710
1446
404
998
1224
382
101
828
553
573
814
815
1447
809
224
1066
1114
1211
359
1110
292
1119
661
679
647
1204
383
751
399
799
628
1426
982
1444
205
745
189
684
24
488
1256
997
543
629
905
1444
546
1125
562
205
1203
363
716
178
936
788
356
588
391
1284
1092
758
23
786
324
42
322
1374
445
87
41
1056
211
186
232
172
1382
736
249
36
261
356
413
558
929
291
1271
1181
223
415
233
734
47
166
478
1106
966
566
183
774
318
982
1401
495
1355
565
423
444
1420
678
1157
754
466
596
681
1406
222
1071
1400
669
96
351
1497
364
237
