1193
410
1133
1335
709
1091
1273
1217
1449
927
1040
1395
491
485
1449
83
914
1278
699
119
8
1292
97
1283
1161
848
41
21
446
1295
1473
783
758
85
386
444
120
1322
2
519
1491
1378
716
636
292
1300
772
280
1442
356
656
925
56
549
679
871
234
327
1491
558
1443
1354
1056
693
1371
1451
873
557
1239
1231
945
1254
468
781
10
1396
1246
1134
44
1065
471
1392
758
995
809
604
533
1442
845
1042
1224
1342
717
1247
71
1426
1346
1156
1058
112
54
711
1140
216
921
1028
40
420
346
189
1112
1203
143
370
1048
104
959
995
135
489
986
887
826
260
336
51
1481
420
1047
740
1496
325
116
15
0
39
958
587
688
1460
163
426
139
1106
844
496
1075
162
1099
739
821
924
112
409
218
908
44
1418
301
381
722
86
82
517
353
736
394
726
1145
1183
689
1367
764
202
531
1258
72
1037
607
478
175
280
192
819
1213
492
528
1019
101
1381
1358
458
1061
1225
702
73
165
1406
612
1222
105
948
100
693
1300
1491
1114
388
527
1218
472
435
436
912
447
1434
1480
1155
633
147
1292
1323
407
262
657
906
1190
1218
715
444
1106
630
593
1281
1291
1318
531
1477
1263
1217
543
1418
544
1285
296
1133
247
997
1239
96
765
1378
1297
688
404
135
299
1119
819
1111
207
1138
297
828
36
1264
325
1380
1144
185
1345
1425
13
487
1026
422
300
1434
1487
726
1498
298
1000
342
615
1264
608
502
608
1131
413
226
97
1362
542
1015
116
665
72
577
1314
959
808
77
1194
1066
456
620
1024
1068
283
1335
380
916
811
667
439
337
324
331
318
853
214
985
358
419
1217
1466
1060
1431
528
1362
350
1396
1383
1068
852
715
333
888
328
1035
437
1069
1399
16
318
452
1441
279
48
422
1475
431
589
297
671
1074
1390
947
657
1213
160
1427
1120
113
68
1468
34
552
145
515
303
1298
1400
1135
1090
1450
173
1378
997
1066
83
417
239
183
1207
478
942
883
1460
584
1374
776
885
711
586
356
1099
1069
1206
1333
989
1160
304
92
897
1068
469
40
1357
998
248
166
350
686
1395
645
1214
688
211
1267
714
733
1229
1400
646
67
211
45
319
1425
924
1309
211
1112
123
145
759
581
491
930
1120
77
4
395
819
1424
1458
296
725
79
298
163
1420
1177
1029
104
1012
1371
19
453
360
1460
1046
1373
1232
545
518
931
597
66
529
1145
844
1178
989
1299
1169
1036
955
687
16
243
1055
565
722
417
510
310
79
646
464
269
876
950
1161
342
951
1308
194
541
1003
1411
1133
1338
1355
1134
508
67
766
494
652
1128
391
449
1194
1478
839
935
735
59
1385
208
1115
763
433
41
492
321
1337
209
1198
581
1282
1354
1068
1225
1039
540
1278
448
950
744
608
1432
192
1032
844
915
1439
570
818
64
203
1446
553
140
923
640
181
782
225
779
262
1025
723
1168
1152
317
1299
30
1307
103
1416
494
1103
430
850
681
1327
207
871
1242
54
516
1471
801
247
1338
940
66
1204
183
814
692
531
392
982
850
1422
1408
1246
929
815
528
1244
238
391
623
1481
1307
1058
1058
1152
614
971
573
355
291
619
741
179
679
1272
346
743
481
231
187
871
199
1448
57
1132
1142
470
1394
1344
729
179
167
666
405
1407
1103
400
1002
264
1470
396
236
77
1469
1264
224
689
821
565
347
820
941
429
1242
728
672
175
1025
1398
3
272
644
1049
1120
1361
44
1144
1139
392
305
1225
728
418
1363
199
159
496
1118
579
1358
581
983
225
944
845
1385
684
1398
638
609
663
103
595
1004
903
985
101
1431
725
546
1119
609
450
354
1424
275
1170
1421
374
952
1256
207
527
603
780
178
1235
960
1208
1348
1482
438
304
1059
277
1420
1453
1222
1482
897
382
1101
843
1350
728
1104
574
1248
1302
339
92
1041
415
832
690
29
799
257
1037
631
484
1480
1015
1142
826
757
452
130
259
1438
971
989
1092
968
697
572
102
1413
203
1154
1203
1210
915
1326
638
882
800
854
1484
483
931
1498
267
795
783
856
990
449
545
229
504
1019
1133
681
1443
1056
1331
669
1091
157
926
598
492
1349
834
169
500
1135
914
180
323
1162
744
1253
796
1047
796
434
453
129
759
134
179
989
116
33
274
729
1276
742
19
773
11
252
1271
1135
558
60
1280
164
776
1379
769
560
672
370
716
553
746
602
584
716
1347
1292
655
260
85
603
392
454
411
343
692
954
939
321
1279
1058
692
686
831
722
99
694
344
661
902
553
191
444
1270
1431
555
924
1340
571
269
735
269
1222
927
443
471
962
983
1499
955
229
1245
903
1454
567
575
856
847
200
1407
18
767
115
1376
405
1295
632
1224
977
1216
207
456
813
411
1294
1407
1138
567
535
116
1076
698
994
1224
628
302
1436
610
1489
533
187
246
1231
1105
1472
38
1140
739
227
1387
1344
924
827
1304
1475
552
1448
84
1356
164
169
1142
829
558
568
441
164
1176
1390
729
1331
1030
1421
1030
184
844
1265
1321
211
979
255
145
269
212
13
1132
164
675
773
237
158
1383
1439
87
943
297
756
68
943
1344
512
444
1313
707
1324
265
1190
1329
454
294
983
753
1236
262
1054
947
221
657
761
19
1036
585
1354
1001
1186
960
241
94
313
549
1282
565
1247
73
699
1470
578
1081
1435
592
25
1140
111
698
137
998
462
1255
1094
149
296
655
1384
199
582
174
339
432
1475
1153
1214
1105
659
1399
997
636
252
1326
815
723
829
1463
1015
1385
932
62
549
1218
383
1298
585
582
438
1417
945
17
144
629
373
1
789
1273
1369
223
262
896
270
1282
320
1167
299
1011
1083
280
1212
880
386
1033
1064
1458
1356
870
882
561
549
270
1301
370
295
840
1020
607
778
925
796
1152
1452
392
32
1094
1358
315
1207
270
547
718
206
232
410
453
1135
216
943
1384
715
52
101
8
895
341
730
784
1312
1230
109
702
554
1275
1375
915
1160
18
1057
756
967
350
708
629
400
1333
1394
698
1290
95
234
748
97
1113
611
1018
1023
591
615
1452
536
1164
1005
1498
825
370
610
626
738
962
715
11
1483
1101
994
891
916
681
1177
255
1081
1083
794
1047
430
830
1052
569
770
152
401
412
180
198
136
1357
127
1334
512
1431
204
70
19
384
827
1254
1338
1332
1348
964
306
921
1397
1029
95
715
1085
2
1221
1094
477
600
1359
486
1275
556
62
1250
13
752
27
406
919
1398
762
894
345
887
127
868
1113
1405
1243
334
721
1073
1290
604
741
1493
776
636
149
328
860
1325
1028
186
647
410
1002
719
447
227
71
260
993
1087
871
1308
1089
181
350
90
241
1041
227
143
971
448
1105
1052
1063
1030
714
735
431
383
615
735
953
877
793
404
1067
130
332
1190
1081
1164
1104
1146
460
94
275
1380
1139
175
1263
1174
316
1408
586
458
634
391
856
1256
1120
851
1130
363
281
1444
868
1088
354
248
1016
1034
1308
149
996
1215
1037
1340
700
990
30
216
1195
812
575
100
1308
1305
610
651
848
621
424
223
614
678
83
721
848
504
77
346
673
412
272
687
1449
337
496
641
605
1144
768
1275
662
1384
37
921
497
1124
357
811
69
492
1387
1429
1413
913
277
94
649
259
882
1479
52
300
1449
578
164
188
1456
1261
1314
564
960
650
364
821
603
1182
1388
1100
1368
1500
856
431
792
708
768
290
730
95
166
929
964
1041
157
1003
943
775
1320
500
1381
66
826
1336
669
1473
552
1468
969
1371
806
35
263
1300
1225
250
1116
426
829
959
317
453
338
582
870
860
451
579
298
812
703
1458
1470
904
246
713
212
846
829
