1278
1442
794
385
767
70
1345
322
1102
717
957
330
1385
304
55
1473
1119
1338
1405
1041
19
31
806
806
950
1094
964
145
719
403
726
1492
951
920
407
829
472
1212
1082
416
210
509
1078
211
660
747
994
324
33
683
495
1286
1143
396
1198
17
688
669
1370
715
484
1338
47
481
22
918
933
174
868
1393
764
478
569
567
146
963
558
562
548
443
1334
277
1333
1371
280
1270
46
174
520
579
950
634
251
1125
414
1350
698
566
1007
523
258
1160
844
940
646
430
1419
1222
120
200
748
193
439
44
1065
274
762
1314
422
1145
406
992
945
1084
1391
1001
695
964
746
147
874
476
532
1474
1316
688
1475
209
780
1438
1439
494
755
1477
297
371
651
1205
836
722
1448
1255
319
841
287
1164
1390
854
1173
483
540
1437
686
1189
1028
300
1199
1340
901
1455
269
1424
146
701
894
639
1047
332
616
1348
113
648
17
90
1170
615
1398
1138
1392
1246
137
652
134
1257
680
1457
1285
1296
1255
968
894
448
316
174
204
1423
29
1160
550
58
337
314
790
176
602
273
516
1464
782
1012
171
754
655
1174
962
669
424
1138
560
34
1363
836
393
371
887
627
92
868
791
83
124
1036
162
570
403
846
93
1055
1366
1039
1467
139
220
105
22
670
890
208
390
843
15
1049
884
1428
907
1282
482
1413
1088
976
568
376
1410
867
31
697
1253
376
1174
980
378
670
343
381
1097
183
1345
652
58
909
28
1318
846
918
130
963
492
1186
87
646
887
157
624
515
821
1223
1014
280
402
1157
111
1371
778
55
506
180
1403
550
1369
1199
132
79
174
693
673
428
1185
117
189
1411
573
323
1250
899
642
1072
847
920
1031
1267
1129
1385
480
343
903
1131
1052
840
1404
850
1273
822
510
723
47
951
1204
691
531
385
718
713
950
56
1329
2
191
171
42
402
931
185
935
1089
315
783
209
779
1411
609
221
190
1104
395
428
1274
1052
117
1398
763
986
576
1123
1418
462
632
185
645
372
519
707
206
202
66
869
1063
1198
37
1215
1117
1068
716
1179
1107
532
937
101
1376
720
1295
1209
377
319
173
14
42
919
71
1447
154
186
608
448
194
506
454
744
1408
935
452
31
297
860
499
169
262
699
378
1128
711
1135
186
1355
260
1153
980
669
1458
545
183
42
1073
61
64
1316
1338
970
70
820
1311
483
814
482
74
47
1301
681
1330
1389
271
1087
1183
1414
1061
748
1251
596
1095
825
1273
69
564
562
1460
790
65
1126
139
936
871
64
770
1046
791
1222
408
1
752
231
306
988
473
92
1452
1074
1218
985
15
230
406
812
576
374
959
573
1315
203
1096
1299
1230
108
574
136
1150
636
695
276
57
135
981
594
1485
867
656
1445
889
572
856
885
1284
765
505
1378
142
26
522
433
94
1157
372
394
374
1477
1397
1306
299
218
575
305
1299
1385
266
257
392
1365
889
31
1457
1139
790
589
173
654
795
1390
329
504
508
991
438
430
188
1016
31
857
193
545
1261
528
1203
773
439
710
1041
769
800
836
192
127
904
980
691
606
517
124
1336
1466
898
440
867
251
1344
707
740
238
787
1369
1418
581
427
895
1069
1177
1285
930
111
705
1050
1206
1353
840
1144
436
0
593
479
1329
685
1337
1363
954
1418
1109
177
1260
6
445
1451
382
417
495
84
166
180
604
1207
488
1456
1315
156
1147
1414
65
166
699
1073
1284
510
1116
900
1384
1169
600
1331
1122
10
685
87
1181
1451
855
1106
506
600
1418
1328
82
631
1043
460
724
482
1151
691
1127
1235
991
778
1378
360
251
995
1188
160
1071
759
906
427
680
382
939
975
940
819
1054
42
1103
566
462
1310
577
618
1228
714
407
72
96
385
412
235
1435
933
613
1045
844
1379
1335
610
1152
1319
318
10
706
813
543
374
248
1384
1054
1070
1390
1243
1044
1151
538
346
630
1412
1304
865
582
895
302
844
579
907
838
1066
76
209
324
379
1263
1217
63
369
277
800
640
1376
129
1226
227
794
698
709
1064
344
626
1267
526
273
229
1297
3
133
443
990
426
10
1161
1344
139
509
565
303
1211
1072
494
835
1225
1251
615
855
727
1333
193
917
1068
1445
208
983
1282
723
1314
1494
109
1270
133
270
118
466
793
585
382
19
479
486
1368
607
1033
598
443
957
864
656
665
1422
886
10
1213
957
402
1366
282
372
1110
381
1475
1190
740
374
706
1016
1431
846
1271
511
612
963
497
92
596
902
1225
1110
110
1338
157
32
334
143
1400
1023
64
171
827
695
1147
500
1223
1142
526
1466
912
768
1049
544
377
569
827
1032
723
541
1010
230
1476
590
707
273
1248
459
1207
1306
642
897
1082
229
279
1261
117
292
1192
352
252
134
1469
1191
243
651
1379
737
733
848
666
638
989
634
1207
1197
1049
391
73
746
269
1377
1385
204
456
1219
929
551
158
531
116
231
1321
440
1023
278
551
1105
249
863
387
1205
851
769
1217
628
222
746
6
488
1312
598
1202
1203
972
625
182
711
507
288
1393
1153
169
696
175
1106
627
144
244
748
198
726
1026
1286
389
171
625
1241
741
750
1492
884
611
58
1448
315
971
1362
1275
1096
214
1199
737
1248
663
48
512
628
82
1398
635
1275
270
830
1075
19
495
120
472
1457
880
821
1450
972
67
594
90
599
232
1043
1162
1160
892
291
59
549
139
412
1440
495
1197
112
411
296
427
487
527
1225
1464
1381
559
245
509
582
655
1342
854
382
1266
868
1341
1024
1123
605
1127
994
744
766
463
958
119
395
967
1010
756
450
1132
1114
1247
1402
118
1150
1329
721
1032
367
1221
982
817
171
398
701
14
1313
1388
1218
906
862
379
1067
1267
1065
523
938
581
866
263
1129
785
79
1415
1052
254
153
1282
96
1451
1085
573
1305
1004
216
1154
834
1203
366
138
1413
539
152
1463
445
419
598
343
582
1151
35
501
1158
1185
441
668
253
547
1283
661
1316
763
524
1017
294
274
179
1312
174
717
1140
1175
591
1384
957
985
275
470
297
766
8
1013
536
744
1106
1018
1409
308
1176
897
1416
551
630
1148
1003
268
647
338
57
773
549
873
153
1395
184
85
1420
1178
557
223
1086
73
863
81
140
759
1006
673
148
1188
492
1214
906
42
224
217
205
196
686
770
48
928
28
888
74
421
223
298
377
705
1399
110
1044
87
1187
443
802
1291
1192
1087
165
1187
854
1067
601
454
654
1194
1159
311
940
1024
397
314
610
681
11
615
463
692
1008
688
992
520
139
1059
1139
862
1430
87
982
304
857
44
1293
650
1410
74
350
396
556
995
334
670
864
86
981
1311
142
189
611
1409
1182
355
587
1357
83
628
1461
258
64
1087
504
1115
325
645
586
73
1176
877
1464
768
221
1001
300
1478
1113
1023
1086
666
704
1136
115
608
898
1389
1026
629
1002
30
1289
1157
513
520
564
814
1090
1258
858
1269
1222
651
397
1327
1064
427
424
373
957
1276
1005
1129
1003
1234
964
231
323
701
475
517
694
11
315
1072
1181
213
47
1256
866
1494
286
198
351
195
678
426
15
1336
1079
479
1003
983
999
548
944
558
1329
1036
1085
199
466
549
300
1327
1454
196
1381
456
192
520
1319
612
1427
1048
990
1138
542
913
1299
272
1074
1466
981
1338
252
439
987
530
1191
1430
1002
424
773
843
460
1383
661
1088
578
912
1401
1134
1281
1069
1013
534
1112
1311
454
1428
1194
148
969
681
1050
469
1216
1186
321
732
933
1420
507
1012
1451
334
393
941
78
1046
538
370
1452
649
807
782
822
1180
676
1477
182
343
42
783
604
1260
923
1047
888
