512
639
209
219
1327
1266
1023
558
587
1440
346
1202
264
436
882
1387
268
910
1200
156
55
1482
24
346
921
769
390
106
720
714
1140
345
881
999
766
1
481
1453
132
702
94
656
1229
519
1286
1404
1373
1031
704
813
200
100
1241
522
102
370
401
202
686
588
7
178
734
155
487
737
1165
1167
399
875
1028
188
1025
1128
784
203
1161
140
128
571
981
830
1322
748
1464
56
1494
155
1368
115
1146
1330
887
1115
787
564
1265
796
1013
585
140
536
527
958
200
1434
187
418
966
840
219
304
466
326
1444
505
460
416
923
369
285
505
726
1330
235
110
153
541
1406
305
263
786
383
1285
306
280
132
100
1068
1360
870
147
1443
529
1154
1175
151
1492
1259
1028
954
383
684
1272
1304
967
1446
1211
812
394
543
381
288
1271
1325
614
648
1322
538
156
1109
650
1417
1050
974
88
668
1129
221
717
487
1109
832
189
294
1161
622
431
297
714
786
490
1326
1276
516
1039
712
947
754
1308
1052
1098
177
918
1096
917
904
1123
1439
1430
1367
1479
260
390
189
1265
374
739
192
1432
373
543
212
1361
1235
1061
1395
390
156
987
213
1215
521
504
1194
310
277
721
315
701
864
784
948
254
195
287
1157
1342
901
958
1347
1348
1231
1333
1157
521
855
641
758
1356
1021
970
1230
674
230
1477
133
412
250
169
946
417
1000
1020
714
720
588
1370
1386
769
1223
600
21
1001
573
861
1484
923
1332
296
495
881
1003
1391
1248
1417
689
1148
952
1476
1031
385
697
1091
844
1096
1307
370
1458
907
193
518
1129
138
759
337
46
413
1216
514
228
274
899
1389
774
503
856
1490
846
160
441
623
505
884
1432
987
1017
846
150
1233
99
985
1399
44
447
677
486
99
837
208
1107
1082
70
1330
167
632
39
253
892
105
704
15
951
204
340
934
868
639
848
276
321
1226
591
1198
131
163
546
1273
642
551
1212
162
300
1405
935
303
333
407
837
1168
499
887
917
316
297
899
1211
489
878
979
1147
841
1129
1260
1269
1413
439
100
258
277
1440
1211
507
623
257
1036
1166
1081
249
636
1447
35
169
1154
16
1240
985
867
375
1107
1116
908
371
1297
836
968
1050
755
100
846
418
871
267
353
106
185
524
1348
380
359
368
928
258
1336
1108
1353
1225
511
658
458
1352
635
1429
838
97
1237
1328
252
1131
1057
1421
583
1385
379
96
371
23
408
502
356
1210
840
45
1224
341
840
1431
886
441
865
894
132
1146
1329
1447
689
1041
241
491
618
924
1339
1159
1372
322
274
1274
486
625
358
1243
367
616
1244
296
1238
1090
464
836
136
1147
1284
318
100
794
708
479
703
358
213
122
998
85
830
1221
963
684
1342
317
1403
917
236
350
880
1180
220
1471
690
244
508
1009
772
487
779
857
445
100
1100
302
539
1467
116
1317
1209
836
1004
635
1200
947
794
1018
375
544
413
201
1477
21
1253
428
612
579
1125
1434
972
146
299
362
1072
812
762
678
1034
124
416
942
654
146
1269
407
444
1437
155
1207
1242
880
1426
932
556
1183
1204
1078
1109
1108
82
1414
664
508
1388
1467
1047
875
113
389
9
1127
821
739
1375
1269
1261
1325
1488
681
426
942
936
1231
368
1233
1040
1171
1479
939
602
418
1283
275
1284
1233
855
711
1500
855
1449
1079
1234
153
323
23
344
14
386
437
57
1226
1193
881
191
1436
1193
391
773
1272
1204
867
1262
150
1321
871
224
538
1260
1030
172
635
602
664
1356
843
771
683
830
538
1260
1005
531
218
130
261
196
811
1478
811
1181
1429
1373
364
440
676
240
762
1214
406
629
1288
1298
712
488
672
810
1161
226
1288
200
918
228
656
34
557
789
1214
1355
529
892
137
531
239
69
648
844
326
403
1308
579
1236
422
751
1332
646
1437
710
704
1374
419
19
392
678
823
677
187
700
294
905
1485
1388
1357
1050
712
326
1308
1465
1193
1314
10
1498
1326
772
1228
586
680
479
63
1301
525
426
731
460
1411
1338
137
1213
438
1334
671
638
1495
491
497
990
900
437
1119
1097
814
1223
602
127
995
809
1053
1295
934
763
341
698
589
1195
1475
460
1152
282
998
289
1497
1247
1216
1407
518
910
871
1347
462
302
257
508
1173
179
677
973
1144
871
1387
34
900
593
957
149
805
110
528
31
1259
63
213
647
1042
163
1278
528
505
1289
1223
882
86
1347
1168
1037
716
1060
547
1389
508
1093
88
1139
887
1475
35
1033
79
1454
1404
8
210
130
515
821
236
164
1196
97
354
744
1160
670
743
60
875
371
200
616
545
786
1020
850
1105
113
295
1100
495
980
243
394
339
807
0
720
314
287
1227
1311
790
1041
403
1254
1459
599
402
485
1454
1294
103
1362
4
534
723
612
747
1182
1401
189
158
467
106
957
375
324
940
1139
597
639
1361
112
185
1436
167
250
171
94
124
534
241
717
1290
532
1034
798
392
1061
1386
1206
320
104
1305
702
1268
282
1275
964
958
1101
1493
871
1365
1277
842
458
919
233
747
993
387
484
1019
144
502
644
788
355
169
90
449
1324
786
1087
1157
1348
989
1166
444
306
1346
520
322
312
548
492
75
829
1380
1304
662
631
527
34
1263
832
1157
1110
634
852
330
325
967
1149
1039
501
1182
1043
1133
473
1201
1188
896
665
669
96
1288
715
1331
706
979
160
661
993
1200
46
197
323
767
439
486
612
325
512
820
406
391
1428
1275
445
236
1380
52
1079
806
361
721
128
254
794
1033
1470
723
765
620
30
239
64
142
55
1083
288
879
180
930
363
592
866
848
1121
723
613
634
234
1226
726
114
442
588
567
949
181
1319
781
336
349
459
330
1168
776
1094
137
1361
954
1019
300
767
1387
323
1408
668
968
1337
1051
1313
1395
1431
1138
288
778
1395
443
314
876
1102
486
1347
71
1030
1152
933
172
1379
1118
546
1171
1469
1177
496
1019
1191
877
1174
1070
289
1403
179
177
1363
1057
1189
790
559
1467
1156
794
871
1131
447
729
503
1170
1185
122
72
382
72
816
839
806
1026
1264
867
109
1189
1193
446
399
552
122
926
341
734
722
595
102
465
1399
915
1137
759
1006
778
958
31
1398
301
1136
1113
1390
342
6
102
1400
1319
403
445
33
13
787
1013
1343
1147
1061
651
699
139
614
1184
155
763
1038
1298
267
870
1465
139
352
1308
504
607
88
1125
157
1442
1140
752
542
1394
889
133
78
343
127
1111
638
61
982
1495
1308
294
1441
1372
1021
1004
487
1338
342
1101
1204
937
73
903
395
312
690
300
916
1127
733
1439
252
1466
195
107
106
626
1260
926
188
606
543
1214
452
1
566
1383
387
1006
1024
1364
1465
425
1277
1036
671
1136
552
803
627
1113
1099
60
123
126
329
620
1193
837
1420
116
1470
452
1395
450
98
1072
711
467
1475
1113
1048
597
1158
579
1467
1452
1233
268
1049
688
595
673
1382
80
1418
888
651
1482
1148
168
563
837
413
84
1280
526
1019
882
290
925
1186
986
652
1204
1194
1478
399
665
1470
45
915
1130
1259
1381
1471
1362
1069
52
1404
1473
445
157
172
201
1145
335
1210
1421
856
946
204
1330
517
1251
1231
1308
778
1100
867
1036
504
984
350
113
924
1229
546
1311
976
1055
1226
275
949
908
774
678
1498
924
1439
807
1450
125
1403
1141
944
1203
1309
161
350
1325
1169
1204
518
872
1251
349
87
617
816
1131
894
1022
366
1182
424
147
478
1086
1145
1180
692
1089
298
1159
1111
578
928
420
645
393
826
968
1421
496
1137
882
1487
1404
1175
297
895
348
168
1118
1332
782
1475
460
1286
504
818
1178
1457
984
360
667
844
14
