1457
443
472
210
938
56
1275
41
801
1141
1251
422
1465
203
1347
451
1197
1282
732
280
667
383
408
1440
1337
467
108
795
763
78
564
361
733
1304
128
310
621
1075
1210
107
717
311
725
943
764
1085
19
471
678
1091
1185
546
1055
152
880
342
1260
1369
227
1098
883
536
469
777
440
705
862
994
410
833
594
473
595
730
1048
878
124
483
26
1212
791
1159
91
856
1058
177
611
1486
1500
882
655
1280
448
1140
289
1171
512
471
1257
547
526
269
1429
1421
1315
1164
719
142
989
251
1195
1205
1481
858
529
1492
697
1433
402
1003
382
1254
1049
682
360
715
714
60
1417
708
427
961
439
481
1427
169
1299
1098
880
1078
317
224
969
398
1388
532
81
649
143
336
693
236
704
732
698
338
0
1075
469
176
888
1388
1117
1341
1235
1136
647
360
1
459
2
414
799
1395
1015
66
1496
1458
505
232
684
426
1452
774
384
177
291
189
34
1069
1242
720
1302
505
256
1255
1075
1024
1365
1412
667
1048
769
803
328
315
10
1366
114
1432
523
343
823
1345
656
1422
1405
832
1235
1308
226
464
1461
1475
236
901
1311
1287
587
673
374
896
708
780
475
569
1450
982
1287
1284
886
626
849
875
230
1259
1030
740
679
397
1006
256
1070
221
602
411
876
1473
1307
962
607
840
970
1115
1294
223
260
896
1327
154
1181
1116
800
890
590
70
1092
60
850
167
1023
1111
792
1215
758
811
699
805
1427
544
1378
485
1079
14
944
1304
418
100
677
1362
58
651
513
671
972
1231
556
818
1454
471
1440
119
1486
1273
499
867
369
581
1329
1480
1045
100
1039
1467
238
619
921
1112
1374
1122
1210
441
611
158
529
951
533
939
1100
64
91
399
485
167
1003
692
1327
334
1455
1274
1255
843
1391
685
1419
321
719
209
1065
33
405
573
1489
1393
396
562
660
1145
1038
1151
1269
249
1003
1203
527
543
1242
1497
1249
1026
230
1178
1349
279
661
1479
1077
450
1238
52
607
863
1392
692
815
1103
406
1235
116
848
453
578
978
433
550
82
1426
845
1344
779
1170
1406
79
1165
1125
1489
745
213
152
236
850
1153
364
813
1491
1094
909
1033
59
120
997
1354
224
951
732
1354
1470
1201
1397
278
1303
415
1466
1318
936
1477
585
1147
666
206
1132
795
435
458
1340
879
90
523
1365
1359
509
773
1395
640
1347
1243
498
78
110
1125
287
1299
1419
797
675
1168
1008
1433
405
595
1080
336
959
572
1216
723
522
565
616
1059
1298
433
681
588
1234
681
1164
119
505
961
638
1256
1478
1397
1125
174
585
875
1132
1007
745
846
1436
792
150
402
402
32
624
97
871
248
192
1364
1234
365
307
1381
267
129
260
342
1483
1301
440
1339
232
585
199
603
1150
533
994
726
358
613
294
101
570
340
663
362
1078
675
1025
685
978
750
1299
410
127
1460
738
1345
1480
701
392
1278
56
231
1204
1332
185
1137
715
577
706
193
898
571
1215
1237
565
743
549
506
241
295
134
282
595
543
430
1182
606
1125
1377
153
864
330
591
1110
1294
695
1312
487
766
1213
110
591
1023
729
1306
1204
520
336
38
480
563
705
1248
865
236
90
750
1283
138
900
1102
196
813
1427
757
614
1320
1462
1201
317
645
49
1122
1126
477
636
824
598
913
961
1033
405
231
369
340
531
623
690
732
361
105
1027
105
1016
1187
1492
379
588
112
370
85
309
1494
944
313
726
301
1414
24
1464
558
911
78
633
67
448
1202
1402
199
342
138
1366
1449
751
787
35
302
957
235
944
943
721
20
293
1486
399
84
1010
275
757
1056
1325
92
1194
916
250
1395
458
1068
310
853
771
953
342
740
406
292
1324
1041
1213
640
255
1181
1429
760
1471
1038
1213
971
828
942
1146
202
888
675
270
640
1458
160
784
161
723
446
1225
1345
1367
682
1083
1299
891
1012
325
1066
311
566
803
824
1268
1205
861
675
872
1495
407
1351
1365
1350
351
385
272
1403
1104
733
1322
168
631
1239
383
1180
960
455
1080
1141
702
975
612
871
1126
1430
39
1157
370
1311
745
1007
747
305
173
408
588
1380
1374
1034
1228
562
1117
679
991
614
1198
1080
1349
213
197
315
580
1089
121
909
973
85
1066
1134
208
690
1262
626
941
650
729
1200
913
837
368
1170
719
337
95
1066
915
977
1233
1297
176
317
1440
631
1381
1262
526
639
290
1106
167
904
858
311
901
716
1172
1063
547
958
188
422
32
16
874
1219
96
731
496
1269
577
26
586
1216
954
763
1228
739
1013
859
775
1193
1231
983
1159
1371
1263
449
1360
1220
106
1379
785
1440
229
253
706
1435
477
126
719
811
688
1460
1287
551
71
740
1188
828
822
297
1082
1187
148
102
51
1100
1173
563
363
810
1099
247
745
437
326
824
793
882
111
294
1275
1033
1131
1381
169
398
555
1221
1041
1032
220
158
297
309
1239
276
1291
78
505
653
1442
1103
639
1233
712
165
587
1079
307
1290
1272
1138
557
1168
917
635
998
377
564
505
88
1404
702
984
219
28
1422
516
1161
233
1164
14
289
642
888
651
716
176
1366
213
440
1400
502
1206
1448
1414
462
3
25
332
1056
972
412
519
341
346
121
495
1404
816
1232
48
994
171
529
1311
649
1054
621
16
1327
907
291
24
973
831
1160
1150
875
413
152
844
1187
522
78
1090
151
1130
1265
168
1156
394
667
1004
722
725
1318
1408
406
1248
236
1095
429
726
417
600
992
684
1144
875
588
945
502
790
374
1330
1249
938
400
1262
1357
76
49
60
680
587
1325
194
36
134
376
745
198
16
197
1226
404
329
1353
343
1298
1072
177
154
1442
510
749
145
1364
736
1327
1477
508
375
1462
1287
689
1130
1178
1447
1368
901
35
829
1437
335
805
972
303
372
671
1419
1146
1198
1368
1114
535
1279
1149
1098
1069
909
502
167
358
28
788
1287
1477
624
485
838
344
565
1129
304
1182
809
942
228
95
266
364
219
916
1213
1251
319
807
731
1458
628
498
753
565
983
194
1171
500
358
1136
445
343
918
447
886
770
704
476
674
801
985
495
990
1329
371
413
1319
663
1149
683
863
908
1450
205
1166
362
384
1165
1144
383
1148
468
964
1459
606
1348
1255
134
369
911
895
764
573
1238
1115
545
843
451
1342
1483
1449
641
1114
1106
242
1066
1312
439
29
1027
1418
542
331
134
563
1064
387
1039
392
317
978
1472
941
1186
212
1436
686
506
162
122
1453
1080
1000
1202
1320
652
1005
1487
683
616
151
842
579
692
58
773
1284
712
61
726
660
1303
965
1308
1456
348
879
743
104
265
1173
667
1031
1315
284
623
183
683
824
48
1371
1359
835
135
144
942
626
1004
653
686
1113
442
213
823
1092
352
222
1271
145
1168
61
252
954
1448
730
47
1378
657
833
170
484
1093
287
569
761
123
771
239
721
1060
1387
817
750
0
136
736
101
396
445
368
1362
1374
261
900
293
881
936
1290
158
1440
1088
1083
35
214
684
72
1400
187
1271
967
245
174
724
1369
608
862
1304
76
190
74
220
543
252
1500
739
880
1017
1219
81
1329
1400
201
1242
584
412
516
444
916
501
1216
1234
833
1177
101
146
132
774
470
103
248
906
568
177
270
860
858
755
691
1325
169
429
568
559
775
727
451
1091
1471
308
449
186
1465
210
1166
1317
1168
528
584
846
1266
993
42
1458
542
1405
1494
830
92
316
119
788
351
246
1012
303
1306
866
1469
425
935
254
1335
74
422
1423
93
1356
660
483
875
1115
74
1477
295
1292
1084
1235
956
59
278
1412
1156
1135
1087
418
267
838
687
761
97
1228
264
778
1340
1373
574
