770
424
87
1401
1389
273
1172
1200
490
1055
226
1305
1112
1304
881
584
102
1386
1219
1161
588
988
369
562
1126
1448
435
837
430
130
1382
551
792
267
750
748
1195
875
309
726
1059
885
26
681
1444
186
719
837
1119
538
24
38
4
164
1393
1371
1091
821
389
421
968
1242
858
1399
25
964
698
704
496
970
886
1284
1060
313
279
1376
822
80
35
1012
850
965
1410
1368
267
633
1141
821
498
532
396
1159
201
976
547
474
1444
132
879
1367
389
9
250
1404
619
1486
835
840
587
1205
237
615
851
1175
196
1195
513
622
939
1276
757
1292
977
1221
637
350
345
340
1499
795
928
272
756
678
1486
873
991
8
209
978
460
1088
1470
75
1306
128
906
386
282
618
1051
1243
972
438
811
1103
358
1146
1230
768
495
1079
1029
557
184
1460
166
603
1387
1213
1127
169
177
500
979
1096
756
996
436
491
1170
1430
983
676
1339
1478
1230
891
1066
241
569
220
1263
1198
775
1383
1325
1023
1408
1446
102
1468
310
450
89
1132
317
1258
26
284
835
1398
220
1112
1298
766
752
302
1325
1449
1121
35
929
331
541
545
602
1118
829
617
474
597
659
1125
1331
1367
1237
342
269
399
844
1363
833
1278
1004
222
789
743
1135
1477
549
1240
1333
1463
1109
1440
404
1057
1474
1311
379
1329
761
824
462
702
1394
709
831
549
491
69
1064
1289
87
777
363
580
110
460
122
1346
957
760
1123
534
1146
1212
1179
705
1072
452
958
1147
444
483
151
160
1414
704
1337
1042
761
743
1302
0
609
900
319
1498
92
75
1368
1293
914
302
694
920
522
377
301
140
268
707
37
1256
211
630
875
190
1021
175
1466
865
1045
1491
905
897
1168
1030
644
1433
1493
1025
1433
194
538
645
985
891
718
1030
919
1204
464
792
722
333
546
1404
493
350
106
381
1170
708
1387
1033
180
690
1100
184
642
32
1013
497
1494
938
980
442
1180
1411
1166
1405
1460
603
1043
1376
525
1032
1092
1291
826
1378
86
418
1287
300
769
747
371
859
551
761
1158
1265
965
744
416
1464
1153
533
1411
1434
345
891
1460
105
410
401
1285
1149
1113
742
1103
1126
650
176
551
341
909
924
4
912
1324
1426
48
1366
555
661
1458
1395
42
612
880
77
839
507
653
335
1371
1385
1275
235
1472
900
707
104
196
640
1370
1229
1246
329
948
1024
158
1057
1161
311
608
1421
356
837
616
558
1163
1410
564
42
1445
1049
654
844
742
99
1272
632
1277
1284
202
621
387
371
644
40
1292
1318
990
427
542
97
677
1067
668
704
1008
673
11
627
1484
199
283
1142
534
1029
638
217
380
518
1028
1348
87
1166
840
1336
635
228
741
236
885
373
107
1446
217
832
1236
487
1249
1349
1182
869
731
935
502
879
566
85
1471
988
243
1253
22
1093
757
478
1445
654
883
1193
1075
1122
798
1058
1431
772
303
470
1091
402
342
798
657
662
1148
793
517
720
695
1013
819
511
506
550
528
1130
754
1286
729
280
1162
302
970
793
160
271
269
1495
483
1266
1145
1210
1461
297
1304
1126
829
565
219
252
1458
384
1160
1068
1231
188
1221
580
710
401
1196
8
1095
708
391
786
248
1032
674
435
1385
506
1335
924
101
360
708
1306
745
606
47
1034
743
172
704
928
1399
1421
1279
213
1352
350
1146
137
1285
1390
186
406
1440
1471
8
1423
98
101
183
4
492
798
767
1192
824
592
528
578
1183
1045
67
1423
729
239
1358
869
553
1228
845
470
729
80
886
942
193
1042
350
376
705
144
968
710
510
224
42
1458
434
42
157
1417
882
257
478
310
114
1496
857
1361
276
1135
1226
721
1159
451
718
999
3
814
132
62
601
272
582
296
254
1405
1160
13
516
312
1144
1173
366
135
49
1222
626
140
168
874
990
1195
78
470
410
1408
1491
933
1488
589
1418
1175
1224
847
1053
1331
216
677
934
563
1243
78
418
1467
730
1237
1329
136
146
1241
640
575
1001
1092
103
361
1418
135
775
274
11
705
1296
355
309
766
896
572
617
481
508
841
333
537
1496
351
199
806
1324
1440
378
935
201
564
1423
845
372
1385
42
318
7
726
72
1070
1378
98
347
1176
917
706
574
1328
643
225
1449
879
197
699
910
1376
810
51
1098
1422
535
990
115
722
1261
530
1408
132
283
667
177
1086
258
485
351
487
1397
488
55
1027
455
699
1318
1478
773
397
380
620
1019
666
1396
1275
1491
817
859
283
1209
1498
660
520
654
123
17
93
39
1379
949
268
848
201
853
167
744
1181
1119
1176
862
190
6
1078
1081
1456
1011
914
96
185
654
1392
267
122
922
1291
1389
1148
1185
1345
1246
716
569
489
940
306
240
91
196
985
55
276
292
839
905
58
331
160
688
1469
334
637
869
652
48
349
697
495
1216
1377
108
866
1443
1209
1200
1073
526
1455
358
955
1209
947
690
1373
406
687
779
898
1214
217
434
378
1149
431
139
1061
350
447
913
1086
1263
1161
106
602
1136
123
542
1308
565
796
1308
483
171
1003
1165
639
246
1117
178
462
1433
673
122
582
432
253
1177
1491
1248
978
1320
271
1281
1331
1280
330
350
189
1153
1089
1444
904
316
1401
1123
875
218
1124
222
268
497
981
664
1354
1408
1175
1340
552
1362
580
273
347
10
105
1294
808
179
645
336
1094
1134
68
201
1055
224
369
973
543
1046
1301
756
271
1325
1070
1033
180
531
1295
193
1291
1104
187
245
668
43
645
1233
709
1136
122
521
920
504
57
780
699
1154
1347
267
152
998
762
394
179
452
272
464
590
292
1300
856
935
1473
544
1108
1347
269
221
639
1155
1404
411
766
37
544
1186
1223
33
260
861
1058
1486
755
541
812
272
673
1054
1077
318
800
1154
1278
953
97
183
500
568
1300
1186
133
1396
959
1002
750
526
1122
289
277
934
936
57
774
280
1408
726
671
1066
829
935
598
1421
609
854
364
1323
1478
1416
293
1453
1465
1252
624
1218
173
903
1453
26
552
764
693
1255
1080
555
850
1339
893
1063
968
1138
583
1058
1051
1364
567
266
124
1357
980
1431
1442
1022
1219
724
1238
1078
373
1134
274
836
30
1412
888
1397
469
331
649
455
791
138
618
1131
1073
1461
185
1013
1494
115
1236
576
1095
822
400
648
764
86
560
1319
815
1030
127
195
221
1315
436
933
775
1296
663
864
1248
913
364
710
1110
1388
588
1346
1055
1284
1499
1246
586
1427
356
1228
634
1166
741
1482
272
1417
1263
1119
145
795
108
297
1450
1299
1395
787
604
131
797
983
74
282
984
852
1206
1295
1113
551
328
975
278
894
740
17
1239
668
1391
1388
314
1048
1213
1396
520
998
1457
366
120
889
1416
517
1386
141
877
312
1420
520
863
729
1235
941
1335
996
385
57
1344
1193
1431
792
112
1491
599
402
80
273
1435
26
110
1457
1247
938
643
1171
577
701
318
46
49
1344
1054
999
1411
1112
961
24
1390
1370
1056
61
882
317
470
656
155
964
596
997
829
1139
824
1021
974
385
761
227
1213
213
1105
103
1474
630
1084
709
292
1024
745
1208
107
732
1493
521
1380
491
965
684
221
1419
828
1379
529
266
601
1029
698
47
158
916
794
1050
1280
1107
646
763
23
139
105
411
1067
1393
51
1374
1146
100
111
893
923
570
49
1387
1003
1163
510
466
1283
661
822
772
563
508
1154
1142
1177
330
611
191
667
1174
735
1200
476
758
1036
93
599
626
678
1450
744
1331
1290
560
77
1292
139
1067
1120
1053
733
1298
135
1279
1500
857
141
134
530
121
308
116
162
1169
661
1357
1340
754
212
1139
996
570
1068
1474
252
685
206
973
482
457
769
1269
