72
794
725
336
1171
928
715
1105
1000
117
1178
137
1451
815
559
1246
1184
508
815
581
199
862
1045
263
382
637
1344
1149
274
1239
1240
1203
62
286
606
289
1470
949
172
1303
483
1352
180
953
1110
1370
206
585
160
704
1116
1110
839
414
854
1104
747
1244
1310
918
833
682
405
748
922
1364
893
1065
1437
133
840
926
1393
717
1279
141
441
373
586
11
104
1340
520
915
242
133
238
1200
278
498
543
986
1018
47
435
117
897
360
446
1178
1087
954
23
724
1218
816
65
70
334
520
1499
1117
82
1088
523
692
248
939
396
162
652
287
1066
270
363
689
385
239
755
386
1396
877
493
1169
1197
1226
1449
619
363
668
1004
1490
592
355
1140
938
1217
1385
279
482
305
472
825
929
338
127
893
916
1223
508
160
575
73
489
1077
652
1049
534
1404
129
1105
319
721
58
1272
448
308
1006
1373
573
665
1309
282
538
1212
1027
9
1230
546
222
943
903
199
682
420
909
1155
234
864
112
695
64
818
1034
806
203
1036
993
1043
392
399
1388
1194
645
1190
518
1407
695
1325
584
876
544
281
554
349
153
1402
129
1357
1440
15
663
164
1330
547
254
982
141
615
1240
912
1059
934
565
360
362
1407
960
1355
198
185
1277
1500
518
362
478
191
1347
1026
1436
897
1292
305
309
77
1369
1080
1204
1340
943
1455
109
1310
1225
1419
40
114
574
1040
637
1301
613
796
1420
545
733
1170
670
947
218
1136
910
1037
64
1222
869
894
1429
973
411
480
765
1322
1202
514
1315
1284
1363
395
715
725
351
833
1338
1321
237
504
1375
240
1494
1404
71
1495
524
1437
1207
1363
1403
224
1495
997
1442
924
377
592
935
925
151
1456
459
356
937
1059
825
425
321
75
320
647
502
1465
325
1392
129
702
14
721
1401
31
983
1033
661
28
1451
819
1214
375
869
512
764
449
1030
976
1462
803
582
925
1007
1124
445
900
166
1050
161
955
851
1259
447
124
91
1311
530
1402
388
647
1055
727
237
17
1363
286
1023
1103
560
90
789
818
981
651
1272
1326
628
1373
1365
393
1194
9
15
495
641
377
1055
805
792
775
627
1319
295
598
84
1233
810
1480
780
1494
1128
903
1047
457
417
192
218
1057
1063
1422
1113
37
1361
788
1456
1412
579
1200
1334
1093
489
77
1304
269
486
262
1036
363
114
1212
1335
140
861
87
151
393
1066
762
820
441
505
1026
1374
1456
47
703
1188
23
1122
1299
123
39
837
860
678
517
1048
919
630
948
184
1481
195
1363
661
1063
546
869
159
798
77
1280
932
1398
442
1363
402
509
237
127
32
1327
579
842
108
802
1177
25
1036
205
1285
62
1143
491
1408
568
568
59
858
671
518
915
906
410
233
108
146
40
126
511
1164
1027
563
796
1341
8
894
1250
266
182
366
558
1256
1068
981
186
1344
542
1248
912
479
962
45
915
1317
735
1299
1018
1029
1389
1280
174
143
457
936
59
878
413
1315
623
1108
672
287
128
188
881
550
620
216
1324
337
951
225
1444
230
595
155
285
970
676
706
782
643
1204
1450
91
722
1305
319
853
220
895
727
510
852
952
1130
270
1099
1110
647
785
1010
40
1359
215
1343
529
550
354
1417
869
803
144
1128
1456
834
212
262
150
422
512
777
1108
1353
886
1061
1232
717
614
1102
150
185
452
781
575
877
999
1492
364
857
447
1224
1299
187
414
205
686
648
1014
1269
359
7
1331
1114
941
655
540
1377
40
681
194
509
882
1017
1490
668
1472
467
299
273
1016
844
647
1168
899
251
1399
1147
1056
793
316
252
455
997
1321
332
181
731
314
1468
585
957
1266
1039
924
1167
691
239
309
1161
715
934
700
876
456
956
1260
606
533
1276
174
1388
1464
578
810
5
1015
1391
548
1037
62
751
126
403
1183
442
696
1263
173
979
1369
445
612
463
543
1126
626
1470
1333
1223
1279
1480
839
11
255
212
1492
69
758
622
821
218
1136
6
1068
829
764
545
1332
269
626
1139
846
1408
797
731
762
524
696
262
299
1440
1380
1001
1287
1071
304
1092
191
289
462
413
534
100
811
1
326
1041
199
183
1220
1157
520
1402
1183
1481
45
1308
560
1474
1365
1143
646
1475
1482
104
1425
483
335
1234
732
584
446
9
1083
108
619
99
1276
622
766
177
92
507
1189
799
240
1388
696
424
593
70
1297
299
1454
760
669
463
628
92
673
644
952
1240
1469
239
1319
1402
1363
44
420
825
239
528
1358
224
1218
534
1185
905
986
1313
952
361
51
1432
1349
1021
1211
1096
540
664
854
1196
1006
509
394
491
95
1167
1159
1273
1020
1236
875
1468
1245
1475
974
678
1129
887
72
1286
417
454
907
780
581
164
892
1084
1061
1427
162
1102
682
772
647
695
1056
252
113
811
1015
1261
1270
1016
582
766
244
1365
649
303
1185
410
1144
352
328
351
19
279
1089
1435
1438
462
330
936
589
1292
711
801
1185
254
1111
966
280
780
581
757
981
1129
203
730
1451
592
381
950
330
997
519
3
1437
1206
1218
1398
989
469
1352
980
1428
1495
52
25
1003
1245
805
1406
788
355
647
127
1370
564
1179
1057
224
72
482
927
349
1120
466
1289
1340
984
834
791
1120
292
790
1361
1275
641
1022
1190
516
992
1445
587
168
502
614
931
999
442
1405
568
1249
1119
1137
996
1410
200
433
1406
139
952
1375
197
425
1070
36
541
564
212
977
1093
1325
1116
1147
127
69
501
1137
1191
1151
45
1342
1335
1320
1135
5
1500
185
1429
350
856
144
386
188
904
1259
450
1241
1308
27
1442
1299
476
161
1339
1481
340
759
1392
1432
1488
15
1213
1467
129
499
1070
770
745
742
229
499
473
225
1252
1490
925
195
1318
1415
895
652
951
494
807
1467
167
472
893
1376
247
97
1007
846
130
530
1436
470
1293
239
801
1113
194
1277
687
210
1073
1085
1388
126
881
779
1130
1466
487
901
1026
613
1066
368
825
339
272
745
395
425
304
799
744
792
1027
126
651
1412
1096
1260
1271
1196
79
1128
321
548
1404
1219
741
378
406
841
1342
82
1218
185
41
539
1271
515
1158
391
101
99
290
231
1320
413
915
418
559
1253
608
603
192
1461
449
1381
270
8
420
1192
784
467
9
1297
1076
1260
1380
1043
467
323
1273
269
510
732
695
1130
355
676
301
1108
1317
1500
1419
995
1211
184
807
1394
1049
1437
599
1033
805
998
444
444
34
1199
708
559
683
950
350
418
311
242
1023
1239
45
1418
398
978
1135
590
1062
179
473
1177
588
1268
297
526
813
982
1341
1187
623
654
584
1182
579
350
1185
963
1288
1098
1303
939
161
204
184
1290
999
1156
1271
404
268
457
171
188
308
1334
198
390
1005
574
1382
1278
1496
741
562
483
612
133
1262
432
1490
1047
1103
264
1006
915
828
473
1173
1175
421
324
463
296
1289
632
147
134
766
1419
1021
1327
47
835
194
1342
416
1187
12
522
167
1434
686
1228
1338
160
540
937
233
1099
119
338
1217
508
81
933
1489
1376
1216
35
1395
1146
1170
1145
817
1286
92
357
921
372
1008
378
719
1068
686
1472
563
1415
602
488
278
653
110
969
662
855
570
1423
1067
188
903
473
842
1478
423
224
1439
648
71
384
1108
1319
1259
1223
177
1226
616
1172
1450
605
1103
733
853
126
1492
91
128
1048
893
174
1383
715
1397
1004
116
456
1347
987
1112
1317
228
580
849
140
1337
235
748
1380
357
991
833
260
1005
499
45
847
1120
283
720
754
591
982
942
550
1426
700
1128
1491
305
742
536
707
322
1061
923
326
683
838
765
835
1211
950
268
452
738
149
667
1203
154
675
1285
258
565
