848
1470
1496
688
1183
1247
333
1133
871
1083
1063
687
1320
1114
673
1455
1150
670
640
730
614
660
218
657
1020
529
1319
1007
58
559
164
1150
164
1337
814
1253
757
1276
1188
4
1155
501
1250
53
407
138
150
699
565
695
89
1013
765
1227
1145
1158
1297
1500
401
538
49
1175
844
127
856
230
1181
920
194
584
526
85
823
807
198
1206
496
158
897
661
96
643
1001
844
693
1319
350
93
1080
1012
664
831
1210
912
436
1478
16
112
1063
729
449
641
309
1251
966
661
356
1203
133
1209
343
568
3
70
769
1478
1439
646
1176
1498
161
221
59
660
862
563
882
956
1284
1122
1019
950
1470
1398
833
1013
847
1391
1378
1457
451
109
956
1417
230
457
1006
1460
1074
405
263
1042
509
99
965
70
745
572
1027
628
1418
1389
484
1032
1167
1209
726
351
358
1428
808
1200
324
904
101
658
537
181
674
753
456
719
220
36
812
443
1444
229
685
1069
844
1493
1225
1238
434
1056
199
649
748
368
1303
339
599
6
837
199
1177
957
1449
92
913
1375
955
1238
333
216
394
1422
627
1141
1445
1228
953
129
766
328
792
472
1232
100
141
1486
864
728
383
81
314
277
332
1231
1059
505
365
603
1363
511
648
363
700
1184
208
700
940
804
1496
626
832
278
722
1065
459
416
121
116
487
1016
1187
654
1174
1126
1222
1232
701
199
1137
1099
1469
908
1475
767
629
1151
1363
1342
1316
1451
96
231
445
1064
1105
48
1195
437
807
865
820
996
1388
623
1267
985
602
898
279
1086
160
1264
1202
801
1350
1189
1474
590
834
709
642
702
670
1329
1445
758
796
867
981
7
159
347
40
1327
1211
568
1179
889
341
1283
29
1316
1320
1342
597
1444
433
633
615
289
185
174
274
239
1199
1480
1150
127
88
263
476
1424
1026
943
801
466
473
1340
912
445
893
423
895
1425
1156
583
1210
1295
1186
668
595
513
509
1076
1415
1197
172
341
21
589
1006
188
901
776
516
1336
1405
129
762
598
1099
167
564
1135
166
1328
1014
1044
1017
371
483
1422
1084
1083
272
775
1112
842
573
492
1038
668
1438
917
954
359
1480
539
1059
1462
708
1318
1112
708
141
847
1270
557
1121
400
578
719
1362
1488
1364
1407
584
617
170
511
802
1208
301
1363
831
171
1340
1136
1481
184
1226
752
17
1097
26
59
903
1146
6
726
164
913
226
284
92
1145
1442
368
1237
605
1449
1080
917
313
208
611
651
253
1492
1317
808
1198
417
289
223
993
1390
1456
220
317
404
931
1181
925
1083
459
1360
137
534
698
289
101
1469
79
661
536
1330
362
1121
802
849
1108
1206
1218
979
1364
134
761
460
368
578
477
136
627
198
851
653
494
636
97
768
579
148
1053
382
616
460
1025
849
1085
59
905
1158
412
594
65
777
442
659
174
147
323
1071
557
1305
319
893
134
109
1485
934
1116
444
525
366
1107
1128
1495
603
300
1141
1049
222
272
1232
1295
261
1286
170
1370
113
213
207
755
852
1137
396
1080
24
1037
464
964
1493
696
1143
1197
114
1164
107
895
85
455
688
700
1434
1405
327
613
942
957
400
1133
1167
192
1182
33
1155
556
1197
553
267
172
1157
505
1389
1386
1026
867
257
1027
167
836
864
22
654
1100
1239
759
1134
906
322
661
16
1155
53
348
902
1145
584
179
210
4
870
765
1233
219
608
1235
1350
1361
1437
573
130
944
33
756
1215
466
741
722
25
725
1476
1236
113
302
349
292
1229
276
1152
1091
565
1363
262
676
650
977
503
1214
257
269
1468
921
1305
448
811
920
125
683
1161
141
1495
943
320
487
1060
848
1398
513
712
18
1375
232
1009
423
126
701
1115
1018
378
999
356
16
859
408
1228
745
461
883
1207
586
1466
76
724
537
936
547
238
230
887
1249
359
129
642
274
676
992
736
1093
650
1107
317
1123
1270
631
1156
146
555
49
559
597
832
1253
966
583
545
922
124
933
1222
414
469
523
1062
482
810
842
916
588
1481
1347
337
752
373
730
935
1239
317
94
585
1275
578
340
390
1494
1386
795
155
417
999
997
28
244
1150
1280
79
411
395
771
819
1469
1047
1340
985
1294
391
1054
1209
65
85
109
582
1442
999
1118
498
1272
1049
1066
805
696
792
1227
960
598
178
465
1041
929
1415
629
1413
97
366
1226
335
770
941
541
1269
261
573
1043
403
316
651
1399
985
1200
634
1196
402
1139
740
955
1217
1349
719
62
651
1208
535
200
669
1093
711
452
432
922
1295
245
468
1023
673
456
1078
456
593
373
324
534
548
388
817
1175
1169
1231
864
1110
1230
598
1360
303
1448
867
868
309
427
1081
385
267
1252
956
573
449
1062
835
613
718
71
63
1070
1400
225
128
803
1276
1364
940
97
216
764
319
1131
307
532
1161
1355
833
1076
1384
405
971
1070
518
157
1034
1107
784
771
1267
756
6
821
222
103
374
1004
6
375
1169
463
828
827
853
1232
1313
170
160
310
1169
1035
645
830
28
1001
908
717
1306
540
125
558
235
1063
394
994
350
596
340
273
741
873
749
804
357
1456
127
489
1475
450
579
639
1279
529
1074
695
418
212
1460
534
436
470
382
997
472
1269
953
532
594
1400
1035
929
1438
522
576
1386
206
322
457
1242
1236
182
1075
719
1206
691
1232
926
789
1217
214
1285
1301
1327
677
385
13
924
724
1439
494
1339
601
1060
268
376
406
932
1117
1360
976
123
429
1009
346
804
959
324
1262
1047
902
671
690
1015
868
309
776
63
866
373
66
1276
346
1477
649
809
1260
163
1126
1121
1455
1002
1264
1005
384
144
1346
1295
1063
827
55
379
818
45
665
446
41
1124
1030
527
423
846
1137
146
1034
551
1442
1280
1047
794
1105
1474
187
1297
84
1051
617
209
990
385
1403
1137
507
1226
729
452
649
1136
1443
1355
1194
1194
893
923
255
581
266
1100
879
1173
880
257
301
891
51
764
146
1304
44
1316
1090
500
1374
736
1037
1476
674
512
1451
772
1281
499
574
407
987
586
343
1189
296
883
1271
1072
502
1128
1397
455
1230
852
405
166
105
430
307
1400
897
1417
856
147
99
151
1426
1261
941
14
1337
299
1317
16
73
364
232
1366
1278
131
1391
1017
535
713
804
1467
408
701
745
1494
1238
625
268
1483
1493
1489
1008
509
567
34
716
514
1177
68
553
842
43
876
908
924
915
987
1402
1256
1242
391
711
30
1125
979
272
923
64
772
305
579
23
1348
480
516
912
805
239
144
300
708
633
727
359
1436
481
759
1492
1105
1198
747
361
1318
799
1247
864
667
336
1359
1233
874
501
697
809
432
985
1436
1162
684
953
314
346
930
347
429
524
625
1372
153
308
1335
572
1252
1460
574
1154
42
222
1242
1311
920
664
1017
147
667
1403
1279
869
566
883
1285
206
21
965
1345
1110
115
1169
826
330
15
1374
851
587
698
1106
568
138
137
1216
1193
323
375
950
73
238
75
1149
332
309
223
970
1061
754
571
1308
284
497
785
1413
1387
1154
741
1497
926
1020
1421
153
1134
578
651
537
1198
706
596
71
344
660
1044
434
1119
1279
1409
1034
331
147
666
443
1308
544
1198
426
840
740
462
7
1005
11
706
721
836
842
1306
1085
1354
1436
722
499
638
103
794
102
1175
844
1189
990
228
1199
1335
475
913
1196
336
1423
153
202
66
488
777
850
666
357
685
1186
1238
1314
344
1326
170
1430
1327
361
1351
520
362
339
1420
1230
775
11
38
800
1291
1318
674
204
691
362
429
835
720
826
1253
288
690
986
1039
739
285
166
1489
446
919
1014
435
933
182
1013
1248
213
895
316
1476
1265
