777
314
667
920
140
1163
67
1420
776
605
915
429
551
621
1146
201
1444
810
642
1438
467
988
820
463
913
745
107
1428
137
922
996
873
1463
1160
561
1026
603
1353
1161
954
948
694
1258
755
1211
1114
577
152
1113
1024
884
1396
85
254
1333
607
1413
140
1253
360
1431
557
1040
649
447
970
1399
1250
582
634
1118
826
971
1495
39
1208
1453
786
1022
16
54
1365
42
1398
1413
258
1191
849
806
992
770
1166
1273
100
630
194
791
618
359
978
1089
463
830
1002
186
607
510
961
1209
1261
799
483
1049
1032
431
1056
1158
1189
966
1276
926
1128
297
696
1037
678
1075
642
942
577
1332
1320
1162
557
1291
358
58
166
175
577
684
1098
749
1279
555
906
43
1260
200
227
913
1279
1296
271
897
456
145
702
1378
46
1315
367
671
633
748
1459
1489
325
1297
637
110
615
454
1157
783
800
205
1347
1261
396
476
710
556
559
190
64
1034
321
583
1282
542
1500
1184
1324
474
1419
1015
342
1226
388
1230
0
1032
408
956
1040
922
1386
952
417
995
1436
1448
1366
260
873
895
594
834
135
289
351
81
610
1149
1378
1080
1036
325
6
76
878
1467
887
1469
927
937
332
1103
1310
1035
301
876
1033
46
383
788
911
721
473
1267
655
440
1340
146
331
1455
966
1196
1422
800
916
1148
1484
1066
954
788
475
410
75
875
1024
436
971
273
903
554
610
866
1251
112
866
1317
988
11
399
658
160
1386
1026
454
170
1217
157
689
1028
547
368
857
944
1097
813
1030
1164
437
1020
1035
339
1255
1372
397
1293
745
601
1106
1462
679
206
393
612
1262
1047
162
1125
747
648
694
551
1328
1043
556
421
451
661
770
479
89
1061
206
780
569
283
447
30
402
1357
1360
657
205
840
220
1307
1338
1139
302
428
926
565
818
937
851
150
324
1180
131
1415
127
1110
72
1477
85
247
1024
387
1163
344
1074
175
203
142
523
452
100
583
716
1196
564
1240
106
508
131
939
1145
1272
1435
710
658
76
3
1463
522
1039
448
19
1431
181
1390
3
1007
456
53
1245
70
1208
174
913
866
686
665
758
356
1384
421
1166
26
780
741
797
59
82
997
642
829
1339
1274
826
25
466
465
397
294
577
448
1291
1456
791
54
1251
597
1256
847
1371
407
1369
566
1076
739
541
1479
1278
98
965
530
975
1175
441
1114
1344
99
302
688
885
28
673
413
716
1203
1210
516
1081
280
629
1336
944
1036
168
1271
550
458
1035
846
590
300
563
904
1449
1104
681
582
771
1173
1177
1362
892
614
1125
992
835
367
152
783
46
811
534
355
652
10
265
642
265
1104
133
809
749
611
181
697
321
332
259
902
728
1265
720
176
1037
1113
1092
814
719
675
305
88
1340
314
1359
843
1116
1
26
1066
1189
1159
39
4
1110
1308
609
658
238
775
63
1448
1383
81
155
1011
52
1005
61
752
1251
1093
268
894
803
1323
795
821
629
1267
1276
1201
248
1366
109
4
915
1344
1275
680
939
684
483
1081
186
869
507
645
258
228
149
153
1007
851
582
1092
699
302
653
642
405
662
526
260
709
996
643
784
1369
1099
1281
406
31
207
182
15
280
222
1439
499
1176
439
1490
569
742
172
454
1382
1187
22
800
1394
735
1445
892
1459
667
1072
682
913
1365
1014
857
748
1134
1317
796
1288
762
1284
649
154
176
556
989
953
386
392
669
703
752
592
1009
490
1465
1091
277
719
817
1199
915
994
1175
1102
1481
237
343
116
427
80
701
810
907
780
319
1357
1378
564
352
1493
1424
1386
450
311
1044
256
224
1389
1186
493
335
80
992
1111
73
274
628
275
418
1168
1254
556
964
603
1030
478
494
708
1379
103
1500
146
198
299
852
360
707
1370
763
5
1303
530
526
939
30
1055
561
1271
1069
739
668
905
1313
22
976
921
1242
1046
816
1493
677
171
915
392
578
1064
81
99
58
1363
185
632
1388
189
887
351
1275
1031
128
982
322
374
1366
394
1404
342
47
592
1020
272
1321
1325
828
1102
631
586
1425
628
388
928
377
991
1292
451
971
407
1456
63
41
674
1017
395
507
1336
347
768
1335
1276
213
567
143
287
407
598
579
696
912
919
187
339
19
1420
442
223
261
379
420
349
1353
493
302
1371
350
1231
671
1385
1333
163
636
1487
989
662
149
1193
355
562
1297
1374
850
347
537
430
654
801
1035
505
391
561
1395
134
213
1178
1385
1163
757
1035
192
837
708
477
557
1407
186
234
180
1419
4
901
155
594
625
502
1352
1331
1338
780
1227
423
932
146
1185
871
390
1029
1243
1081
332
1012
155
1015
470
773
216
342
899
896
793
1332
1149
468
657
856
518
42
503
137
1003
832
1119
128
768
518
662
823
1010
163
467
908
1396
825
93
785
202
629
745
233
511
19
988
903
921
57
1001
96
668
1104
120
527
835
877
1188
276
929
1159
119
937
11
514
716
436
850
369
945
1148
1018
122
376
238
426
383
1030
562
75
499
313
463
313
1181
912
473
1084
849
1241
488
447
207
336
1053
1391
1455
669
370
415
157
807
1139
662
1017
711
251
1168
500
1295
375
860
499
983
1208
922
842
936
1002
525
193
1318
1106
513
815
757
334
1061
1233
397
868
255
831
701
574
135
884
1135
653
316
28
828
1459
1002
565
114
1062
67
76
1229
226
193
340
139
1293
1330
876
531
869
75
1417
506
340
569
776
1127
279
244
1281
98
1148
419
1458
305
1394
1363
622
1309
1022
311
1163
394
928
700
36
621
185
224
745
382
1490
966
41
494
882
680
560
841
416
1200
60
1315
641
1113
1147
1259
982
904
1342
197
561
142
804
1173
1409
112
438
28
119
804
810
892
332
696
1356
1271
1278
100
1241
686
1081
285
89
679
1184
1302
423
1322
1158
929
1237
1431
569
371
341
432
377
770
1393
897
1268
547
1176
186
299
1022
50
971
392
287
555
296
1334
22
452
1307
572
1136
1203
1237
104
598
1268
722
463
622
65
438
505
263
690
376
555
152
382
1233
669
510
1155
1103
1202
354
454
983
184
1290
229
210
1112
1118
169
660
762
1260
374
812
838
976
121
76
742
1189
747
1472
170
1023
496
381
1103
1302
1135
1418
445
396
1257
243
642
135
860
518
1327
700
276
771
919
1097
459
1442
990
1053
800
102
1009
774
1125
14
248
543
406
1152
746
244
1313
1353
856
363
1325
1214
549
931
661
610
107
1076
878
1051
776
1158
1398
117
737
400
583
640
1475
108
880
493
178
1254
482
1419
440
59
489
1070
606
1401
582
298
274
1320
784
1027
1403
522
437
269
652
408
166
153
26
1116
64
1130
704
1374
1346
200
489
978
59
1427
1024
1061
476
431
507
457
280
911
1120
1333
928
876
1298
489
225
623
390
93
1356
967
1401
780
810
702
1152
640
1099
511
5
80
1455
132
1008
432
1094
1490
1299
12
1125
808
788
1228
1117
585
625
398
219
797
381
595
637
562
1382
352
410
200
709
784
1477
259
556
863
408
113
1137
24
4
629
1033
984
328
1498
765
403
994
1470
188
581
1006
977
1146
716
1402
1157
883
104
1373
642
1136
426
1359
413
1134
706
624
106
818
1497
6
324
1125
603
1154
3
1466
954
658
389
36
1089
586
830
787
679
899
1271
141
127
565
77
1395
152
227
776
855
1170
144
1464
240
628
456
1372
459
106
608
641
1186
113
617
285
1282
934
3
1408
648
435
758
302
228
57
909
372
708
1094
1055
1409
646
602
94
392
495
540
1008
1044
1176
1267
57
1107
64
1155
522
151
70
285
99
1264
1414
357
401
657
929
948
