1032
1312
1401
49
175
394
246
495
696
347
457
589
664
124
89
757
750
521
1222
940
555
61
1498
450
1378
1332
829
31
1231
376
1321
101
751
1265
325
4
1006
527
923
500
408
1411
1322
1426
856
633
247
960
951
240
1022
820
926
922
674
17
305
1066
1064
314
516
1208
261
158
1068
9
263
484
1340
1134
1320
429
253
1126
10
1000
936
14
1047
522
457
940
216
815
326
832
494
1035
164
1278
1305
177
176
1199
835
351
4
1497
423
26
476
1016
449
815
118
701
750
723
1064
254
317
1184
911
36
593
1435
1156
72
91
483
1308
433
46
485
1454
994
123
245
1386
486
502
1390
21
218
1262
699
634
536
172
884
1005
795
1343
1272
874
884
1188
1441
1213
466
1401
864
775
1199
553
222
1007
163
322
1054
764
943
225
1298
8
1240
98
114
1042
216
1483
640
836
320
428
316
1347
1106
963
1388
1297
977
603
58
1044
589
1482
1059
802
377
166
1395
889
1298
948
107
1230
80
1168
1347
146
195
1241
607
1370
961
1109
1012
523
680
596
1402
952
487
678
110
875
954
1191
171
942
1040
689
646
817
459
1448
636
1376
1494
1220
1207
1214
823
279
559
1248
1454
82
940
159
359
1486
480
436
936
635
460
506
219
814
406
820
812
1483
414
954
1429
1372
770
1420
1411
472
1135
944
521
903
1066
640
1224
1415
748
1037
433
889
197
345
684
955
511
267
1381
215
361
903
157
536
400
512
196
560
199
600
1433
257
734
1042
1429
563
1357
1047
1290
973
1248
871
1342
1311
524
518
806
398
559
575
944
431
1396
1415
1247
274
350
638
844
269
403
1139
599
1182
1268
8
395
749
104
903
82
1361
307
1469
769
772
75
836
90
693
751
536
192
936
537
752
1423
611
1383
320
44
1347
1482
36
636
503
757
764
1278
1206
1151
1255
172
502
14
1441
260
101
284
1367
885
1454
803
968
1116
1232
788
1346
1411
314
1374
41
1482
477
607
4
627
887
234
1327
1245
980
1083
566
1032
618
1332
429
1399
771
401
114
1149
136
625
1429
834
660
1012
944
956
48
504
255
17
859
359
321
60
116
1325
1047
186
968
1239
307
396
939
1178
609
288
1310
487
485
1318
1211
381
1028
1369
1408
955
670
1224
1324
236
1014
711
1178
103
922
996
13
706
1318
1462
1074
160
534
926
867
1071
719
658
1266
1378
681
1444
155
751
174
1222
327
733
558
1116
1441
1283
558
423
771
1206
698
70
30
1086
1098
209
585
1028
1131
877
317
1077
766
764
609
1465
1196
207
93
601
972
1100
764
863
722
867
1406
1309
755
1303
976
1314
279
683
137
246
1417
1122
1085
785
1262
82
1340
1415
302
1126
588
1311
526
1320
889
735
447
1014
1216
1190
591
1054
1299
774
722
771
1472
197
245
869
1364
1365
546
264
792
89
713
680
416
1095
494
849
508
641
1043
860
494
49
585
935
1273
977
725
419
70
1217
1231
947
262
1123
1350
156
1007
768
366
1005
1149
112
426
1317
27
1256
560
61
653
574
499
187
961
464
1347
1125
722
930
447
689
1193
232
543
997
1416
1497
1328
415
699
1470
898
136
550
1018
1470
543
1470
188
1436
93
478
178
675
1380
193
66
1037
271
604
331
67
1268
1130
181
572
1183
825
31
224
853
183
728
267
853
587
889
344
248
495
1180
94
1481
323
286
68
437
390
734
1274
986
1117
399
1344
1442
1483
367
932
916
1079
733
496
1137
1441
1332
630
617
1093
1459
731
1217
1268
239
1125
1038
182
832
456
277
1326
1264
1100
580
510
1081
1372
755
812
243
1334
592
816
1012
741
151
549
1263
429
1352
1447
336
592
1112
652
1328
496
829
1448
70
966
1140
485
1303
1454
503
1280
31
1349
614
1442
610
911
547
660
1359
233
263
1288
939
322
175
470
914
1276
903
458
618
1287
261
91
969
595
128
120
543
98
964
1226
839
506
1079
692
668
400
347
1456
1321
773
1231
1084
295
614
597
126
202
607
562
422
162
39
800
1322
749
107
846
1432
1132
694
345
249
153
497
526
582
1052
371
825
1351
445
1425
438
390
344
1286
1223
283
59
506
1446
863
731
259
1362
1360
770
1047
130
127
498
984
1033
1039
1379
724
1116
1045
58
413
245
314
849
455
115
1227
1042
1093
1420
572
1176
1070
1323
1474
872
506
938
879
994
50
1258
1173
1120
404
1371
538
1124
773
344
488
1076
608
1475
21
1044
471
896
671
1093
979
1050
867
1120
916
215
377
1408
167
222
1321
754
1470
1320
853
311
581
127
207
142
1289
214
268
1116
985
698
711
636
739
689
562
629
595
1053
111
895
370
1362
58
546
874
624
1367
215
405
585
1256
873
1328
1226
26
256
557
382
144
463
277
849
1210
1077
10
744
263
176
1217
65
415
182
70
956
790
1040
154
1069
790
1391
1494
936
705
1204
668
188
875
406
745
1386
1457
763
1369
536
1208
1334
906
1376
1395
275
675
476
875
180
392
399
1039
1381
1209
1124
1255
338
761
1412
1277
944
158
1352
221
891
819
1035
245
1349
264
1367
940
201
599
974
610
354
956
444
289
63
317
892
1414
727
792
879
508
753
851
57
1473
1044
511
630
1475
474
948
521
620
1400
1141
934
303
1227
1344
1150
1249
892
231
411
894
894
1216
139
497
1278
373
1044
347
401
948
17
874
1247
957
531
969
1049
1137
1126
474
118
5
364
1318
1152
415
1400
46
207
1101
1236
100
1034
575
941
420
1409
253
636
632
290
482
78
946
219
305
181
338
324
801
7
901
1370
1004
994
213
1361
1116
368
1483
1380
256
817
375
953
841
116
780
916
1336
10
561
512
1302
1238
1313
1396
916
697
1025
941
780
179
682
386
1310
303
792
525
569
490
886
1111
1071
990
1423
1081
952
455
106
340
1004
1496
1214
1022
687
323
528
251
863
4
1109
1168
231
750
304
1437
1094
168
961
34
925
1074
1385
1104
969
595
1120
1013
1000
1339
503
1414
906
254
996
560
1431
374
205
1073
841
162
320
803
774
461
754
727
1203
264
172
417
978
894
157
629
241
1010
509
1493
766
1056
1403
781
1481
493
803
757
683
1218
1110
481
1258
55
1337
683
1177
946
391
599
1304
468
104
997
811
671
1392
1264
1488
1005
107
491
628
622
979
38
357
435
1251
1363
112
1038
159
4
52
1283
100
897
929
1251
1185
1288
1000
1219
343
1383
839
187
179
1258
483
709
935
537
839
337
1276
615
1075
157
1008
547
409
373
1420
752
785
1214
802
95
1187
831
627
361
1144
1118
220
453
1406
1329
266
348
979
739
1133
1013
908
101
298
90
66
243
453
140
340
30
1057
1354
718
234
566
585
43
144
287
796
79
327
689
247
1200
1473
1252
1026
879
821
651
124
924
503
1118
403
129
1329
962
485
847
1356
877
501
102
1003
1018
1354
634
1252
544
247
643
1026
476
1127
839
1233
1294
468
1176
368
1027
678
529
1119
1226
890
1257
773
603
1453
99
352
1060
1319
1270
419
54
219
666
168
224
174
463
1464
1436
1221
878
284
1304
1190
1304
1389
49
73
1144
425
1060
1095
476
587
993
151
687
789
470
402
107
577
369
188
1473
613
728
175
453
83
629
1409
720
558
557
387
455
349
1366
675
1371
174
739
360
202
1276
893
19
191
998
489
1171
1336
5
784
163
1407
293
380
699
523
538
918
907
1381
745
1484
641
1420
1205
267
143
680
204
571
348
352
304
1146
502
10
1056
295
1435
908
1028
60
1242
851
1277
271
803
1049
1139
592
1498
1156
103
917
1464
238
1271
782
981
802
204
993
859
821
382
988
1314
262
801
279
173
899
651
1425
184
