249
36
745
916
230
1028
415
1122
1
1436
1478
1245
164
587
390
224
764
1362
374
188
135
1398
1491
639
65
48
1355
428
1068
1266
641
1493
1456
858
1149
524
886
1277
545
1315
108
275
323
1418
1194
1089
1458
400
1156
479
36
715
1418
1132
1314
740
1452
1093
266
202
790
867
976
1314
335
1194
990
480
656
905
53
1062
199
128
1045
462
716
266
9
588
310
913
863
1223
1080
663
1197
1458
1010
401
559
78
349
1093
377
872
1277
847
989
202
1017
1211
458
34
754
1417
961
204
915
932
1157
158
957
675
346
997
774
672
0
830
58
559
611
739
62
1425
766
561
1051
166
390
816
934
602
501
1386
365
567
586
202
496
813
304
753
372
1266
363
1292
1146
1500
266
199
247
667
868
180
1117
630
113
972
665
1370
226
293
420
85
964
569
605
525
1231
1247
1384
1222
790
1226
764
791
444
171
1337
870
949
739
233
1453
1003
977
1131
306
138
168
770
1102
1246
457
658
975
1170
93
1444
1241
552
708
90
1081
1176
353
1239
1106
916
413
1492
1210
531
1356
127
1368
58
700
477
389
680
430
1039
1217
1125
637
489
1105
1313
973
1401
1360
786
938
334
1464
32
857
833
178
915
11
155
274
713
47
240
543
530
1254
997
1027
454
1101
1239
701
1467
600
1342
792
1170
501
1075
385
843
387
1466
164
241
256
517
826
1394
1231
536
299
1198
1387
1148
522
1156
147
531
781
227
1000
1097
681
899
1376
1249
970
667
1087
1151
758
755
612
162
888
1331
1117
1344
374
979
80
1020
661
1351
549
1251
345
589
678
70
516
1285
49
288
168
538
413
736
1131
1061
534
1365
785
1091
387
1339
840
135
354
1208
670
1080
742
317
660
699
657
235
636
9
1221
258
1254
127
1173
41
951
191
350
513
1367
646
1064
1430
194
81
909
1006
733
1432
464
657
270
1190
637
314
403
561
54
1231
281
591
1009
434
1166
1209
683
388
363
864
589
79
515
1399
742
455
1123
1385
395
456
545
1420
98
1417
690
740
1352
285
486
312
41
784
109
923
1136
432
818
999
527
1481
1009
92
711
663
65
20
678
5
438
1001
1013
1209
1076
165
685
1272
416
1120
1167
675
768
780
611
1363
458
107
947
226
280
348
199
1244
593
216
530
842
531
536
270
287
88
813
1259
825
1426
1196
1084
591
131
1443
1197
857
1065
1448
1148
608
376
37
565
566
892
421
1425
1418
1425
780
194
452
1280
498
133
151
1374
45
725
110
1481
205
1299
882
547
272
341
718
60
1179
835
1028
838
601
1347
1393
666
164
667
1435
834
1058
57
840
1273
1183
1104
365
795
822
1033
413
1474
400
588
1134
1443
375
678
426
1153
514
987
3
39
653
118
774
1434
1360
776
784
1121
1139
1076
86
1379
494
518
368
878
496
618
1207
448
720
1396
1140
467
1134
1430
678
1079
18
1056
557
464
920
655
456
66
1183
811
1452
408
1413
4
573
587
708
1257
299
1491
455
329
1255
337
650
387
586
178
376
1454
865
1482
1021
84
1338
1188
184
887
754
419
321
1297
888
1196
877
591
836
573
149
64
571
942
801
1190
171
229
877
522
1265
1476
1457
193
895
84
1002
179
901
327
326
653
338
1244
1266
540
905
452
816
1050
888
78
477
617
325
167
870
1239
146
1278
868
817
90
550
290
1227
1111
873
1363
684
423
94
1346
1110
1160
108
1268
381
535
1445
913
802
359
1152
1029
67
1419
154
845
907
473
862
1488
731
293
865
1357
1153
15
525
1119
1410
1234
353
109
1087
336
439
392
1051
838
1219
930
1173
1450
302
103
374
1201
456
1206
777
1064
343
672
72
785
443
533
412
1384
699
658
893
654
1118
489
1378
520
1030
1087
148
75
999
752
1090
1071
806
696
961
187
1219
671
290
1038
1308
1348
699
999
982
674
685
1438
577
1071
652
59
548
1139
371
300
1255
390
1347
32
919
707
1023
816
1046
738
944
341
436
553
813
905
1467
1053
1110
1266
1463
1299
1471
492
252
639
32
391
424
100
1239
1468
964
982
129
310
1270
873
1285
980
720
395
29
1486
549
1200
548
821
1364
204
478
394
187
474
867
680
1340
930
973
1446
863
1323
1154
1468
440
662
267
1364
390
626
581
171
418
273
1091
466
903
304
780
1409
809
1117
855
1382
121
672
917
440
459
654
685
147
986
596
166
293
680
199
249
70
755
1357
159
641
1023
828
556
758
407
71
772
128
1224
894
1109
46
650
738
1272
1055
482
1102
1320
985
242
1376
281
189
1000
694
777
1003
1139
1485
136
1291
1012
564
567
1026
256
396
1467
1226
1365
1310
671
1094
1190
552
416
1291
1217
358
664
486
1193
111
1338
578
1148
1020
483
668
617
449
9
540
813
1391
765
350
958
1066
111
1231
521
216
439
701
9
725
249
1357
641
157
372
256
1196
9
1415
1157
1104
425
707
1111
169
664
166
760
816
1467
226
1082
892
404
351
540
1142
893
1384
1492
1499
887
1489
545
6
515
1184
1471
1241
559
82
1349
585
1317
1468
881
592
1132
887
1007
178
269
1394
172
76
1415
406
294
1222
291
305
1472
346
592
245
1288
53
1192
135
577
611
896
1344
1054
1381
706
307
1257
1499
44
460
909
270
425
144
414
252
1386
357
32
16
951
1468
830
860
762
1237
1364
630
1479
1117
197
818
1001
298
44
268
1297
868
1013
1114
550
505
1116
1198
466
253
43
1185
1345
1380
1418
1211
859
432
931
777
1242
1475
766
327
198
593
1448
897
1097
659
222
327
613
1107
908
1349
216
1425
43
1009
1283
1122
960
692
782
802
692
989
1318
1160
336
1229
62
213
153
883
1435
1300
762
523
118
1076
554
57
1252
158
272
469
1496
1294
952
641
135
1126
1457
405
1051
1216
391
619
34
767
714
391
474
1429
962
288
863
834
1305
837
1323
220
45
1024
27
241
403
496
623
786
301
139
79
1048
1027
1270
1488
271
1101
598
1290
346
1269
926
1417
1327
217
1271
501
800
1025
916
340
189
659
680
59
286
685
5
685
133
1158
410
341
272
847
357
1372
99
424
486
729
1109
204
986
477
711
891
85
569
1242
975
1357
190
832
233
175
1395
1326
475
640
998
782
1218
1241
615
555
1310
944
892
683
1285
1073
1426
391
862
423
218
693
389
2
646
1117
322
1139
430
757
504
560
384
1469
1423
763
441
71
98
549
1076
33
608
252
140
1020
1370
781
1200
450
1046
1436
963
645
986
1109
1021
143
67
62
62
1148
875
811
1248
28
1019
1022
655
1170
1353
338
108
1440
985
1386
377
1393
1275
404
1045
992
271
1310
670
4
953
1360
380
167
545
191
870
592
760
57
530
713
953
860
540
1488
45
1172
603
206
679
227
1293
610
390
545
1195
1147
59
298
616
859
1011
152
830
928
1311
83
277
194
537
1365
66
190
1334
956
1354
1197
952
684
876
923
1072
909
1348
162
1314
20
303
391
306
1499
276
312
425
464
984
908
702
828
728
98
270
207
928
349
527
202
17
73
133
1189
1049
655
595
7
171
868
573
1104
1168
20
1204
659
332
616
518
102
111
409
911
985
14
578
794
149
1364
1139
506
973
306
552
1038
98
526
1030
406
505
1062
115
43
688
453
438
762
1122
1140
1124
1136
3
50
65
1457
1230
1120
1174
1124
285
1277
374
997
1
998
354
778
1269
509
358
859
1250
198
189
833
27
1000
1008
858
52
1053
215
218
305
913
1457
1300
1052
700
660
1147
149
1018
1428
1434
180
137
702
635
914
1466
1398
908
1071
185
1157
243
237
1209
1475
638
1035
136
1232
945
1462
353
712
732
866
919
657
