188
190
185
187
187
184
184
184
182
182
180
180
178
175
174
176
171
171
171
171
172
168
167
166
168
167
162
165
161
158
162
158
155
155
158
154
151
152
150
149
150
151
147
144
146
146
144
140
142
140
140
137
139
134
138
135
132
135
129
133
129
131
125
127
128
126
122
125
124
123
120
118
119
115
116
112
113
113
114
108
112
106
106
109
105
103
105
100
104
101
99
100
99
99
95
94
94
93
90
88
91
86
89
88
88
84
81
80
82
79
77
77
75
77
73
77
72
75
72
69
70
66
65
66
65
65
65
60
61
59
59
56
57
57
54
56
56
53
49
48
51
51
49
46
43
46
43
42
44
40
37
41
39
38
36
33
31
32
31
30
29
30
30
25
26
24
23
20
21
19
22
19
18
15
16
17
15
12
11
9
12
7
6
9
8
7
1
4
2
2
4
4
5
11
7
12
10
10
11
15
17
15
16
20
19
23
20
23
26
25
27
24
28
26
30
29
33
31
33
36
33
37
40
37
39
38
43
41
41
42
43
49
47
49
51
53
53
55
54
56
55
57
60
56
61
60
60
62
61
67
63
64
65
70
71
73
72
70
73
74
73
74
75
79
81
78
80
83
86
83
84
89
85
86
90
88
90
93
93
97
93
98
96
100
100
98
99
105
106
106
106
107
108
110
111
112
112
112
112
113
116
114
118
116
122
121
121
123
123
122
126
125
130
127
130
128
134
131
136
133
138
138
135
140
141
142
143
143
144
147
145
148
150
151
148
153
151
152
154
152
156
156
155
157
161
160
164
165
161
162
168
166
166
168
168
173
170
171
172
174
175
176
176
181
177
179
179
181
185
184
188
184
186
191
188
