188
186
188
185
186
186
184
180
181
178
181
176
180
176
173
175
173
175
171
173
169
171
167
166
164
164
165
164
163
162
157
156
160
158
158
157
152
155
151
153
150
149
145
145
146
145
144
140
141
142
142
136
139
136
137
133
133
131
132
129
130
127
128
128
123
124
124
125
123
121
120
118
117
114
116
113
113
113
110
110
112
106
110
106
104
103
105
104
104
103
100
97
97
95
94
92
93
92
94
90
87
89
88
87
83
84
82
82
80
79
77
80
77
75
75
76
73
72
71
68
69
68
68
69
63
63
62
65
60
59
62
60
58
59
58
52
55
51
51
49
50
48
48
48
43
47
41
45
40
40
42
37
35
38
35
34
31
34
34
32
29
26
30
24
26
25
23
21
22
20
22
16
20
15
18
14
11
10
11
13
11
9
7
6
4
6
6
0
6
4
6
4
10
6
8
8
10
15
14
12
17
15
16
16
18
20
20
24
25
26
28
29
28
26
27
32
30
32
36
36
37
38
35
36
40
39
44
42
44
44
47
45
47
50
50
49
49
51
53
55
53
59
57
56
59
62
59
64
65
62
67
66
66
67
70
69
69
74
76
75
75
79
80
80
78
82
79
81
83
82
84
84
89
88
89
89
92
95
96
96
98
99
98
101
101
98
103
101
101
102
105
106
110
108
109
108
109
115
114
112
118
116
116
120
120
119
124
125
124
126
124
125
127
131
129
128
134
133
132
133
133
134
138
141
140
138
139
140
141
147
146
146
148
148
150
151
150
151
151
152
153
159
156
156
161
158
164
164
164
163
167
165
166
170
169
170
170
173
176
172
174
178
177
177
180
183
183
184
181
182
184
188
189
188
190
