187
191
186
187
186
182
184
181
181
181
180
180
178
174
176
172
176
171
169
172
171
171
167
169
165
163
163
160
164
162
159
159
158
156
154
157
154
152
154
150
152
147
149
148
145
144
143
145
140
138
140
141
138
134
138
132
136
130
130
130
129
130
130
126
127
126
125
123
124
119
117
120
118
118
116
113
112
112
113
112
109
106
107
105
105
106
105
105
101
98
98
97
95
99
96
92
93
95
94
88
92
90
90
89
86
86
82
84
82
78
81
76
77
75
76
74
73
71
74
70
69
71
65
67
64
65
64
63
60
60
58
59
56
56
53
53
56
54
52
53
48
51
47
45
44
42
42
41
43
38
38
37
39
38
36
37
33
32
34
30
30
31
27
27
23
26
25
21
20
19
20
20
16
19
15
16
16
10
9
13
7
10
9
9
8
2
2
3
1
7
3
8
9
7
7
8
14
10
11
15
17
17
19
16
21
22
19
24
25
22
25
25
30
26
32
30
30
35
35
33
38
35
36
37
40
41
44
42
43
43
47
48
48
51
52
53
49
50
53
53
56
59
55
58
58
58
60
65
63
65
67
69
69
70
68
68
74
70
73
73
73
76
77
78
78
79
81
81
86
84
86
84
88
86
88
90
92
92
92
97
97
94
97
101
102
102
103
101
101
105
105
104
107
106
111
110
112
110
111
116
114
114
115
116
122
118
119
124
125
124
124
127
126
126
129
132
130
131
133
134
135
136
137
136
140
143
140
143
143
143
143
148
146
146
151
151
150
150
156
152
157
154
159
156
161
158
159
161
161
166
163
166
170
169
171
168
174
175
174
177
174
176
176
177
178
179
182
180
183
183
186
185
187
191
188
