188
188
185
189
186
185
185
181
183
180
179
177
177
176
174
176
174
170
170
171
170
168
170
165
168
164
163
161
159
159
157
156
156
154
154
156
154
150
149
148
147
149
145
144
148
147
146
142
144
142
141
139
138
139
135
132
131
135
134
128
130
130
130
127
124
122
124
121
121
119
121
121
120
119
118
115
112
112
114
112
107
109
108
106
107
104
106
100
99
100
98
100
100
97
97
93
96
93
93
88
91
90
89
86
86
87
82
83
84
78
77
80
78
77
73
72
75
73
72
68
71
69
70
65
66
66
66
60
63
58
60
58
58
59
56
56
55
52
52
48
51
50
48
44
48
44
45
45
39
43
38
39
40
34
35
33
34
32
32
32
29
30
25
26
26
23
22
25
21
23
19
16
20
17
13
17
12
15
10
13
11
9
9
4
5
7
6
5
2
7
8
9
7
9
10
9
12
15
13
13
16
15
18
16
17
23
20
25
26
25
26
29
26
31
28
30
33
33
36
33
38
39
38
39
37
40
40
41
46
46
46
47
47
46
52
53
51
55
55
52
57
58
56
61
57
62
62
62
64
67
66
65
67
71
72
71
69
74
73
76
75
74
76
81
81
83
81
82
84
86
88
84
88
86
91
89
92
91
91
92
94
98
96
96
98
99
104
105
101
107
105
109
105
111
110
110
109
115
115
112
113
114
115
116
121
121
121
124
125
122
127
126
128
127
130
132
133
133
134
135
135
139
140
140
140
141
143
141
144
145
143
144
149
150
149
152
154
154
153
155
157
158
155
158
157
163
161
160
161
167
164
164
166
171
167
172
172
172
172
177
175
179
180
178
179
181
179
185
186
186
186
189
187
191
189
