187
191
187
185
184
185
182
183
182
178
182
178
175
174
175
173
171
174
174
171
167
166
170
165
166
165
163
164
162
162
160
156
160
156
155
154
152
155
154
149
148
150
147
148
148
147
143
142
143
138
142
140
139
139
136
135
136
132
129
129
131
126
127
127
123
126
125
123
122
121
117
121
119
116
116
112
114
115
109
112
108
107
108
104
108
107
101
105
101
101
100
100
98
94
95
94
94
92
89
93
92
91
86
85
84
82
85
80
84
79
79
76
76
78
77
73
75
75
71
68
69
70
65
69
65
65
61
61
62
63
62
60
58
57
58
52
56
55
50
52
48
49
50
46
43
45
43
42
44
38
39
40
39
34
35
32
36
31
30
31
32
31
29
26
26
25
25
25
20
21
19
20
15
17
18
13
16
15
13
9
9
9
7
4
6
2
4
4
3
5
7
4
10
6
9
13
14
15
11
12
16
14
16
21
22
23
23
20
24
26
24
28
29
26
29
29
32
35
34
33
35
38
35
36
37
41
41
42
45
45
48
47
47
46
47
52
54
53
56
57
56
58
58
56
58
60
60
65
62
65
66
66
69
71
70
72
72
75
72
74
75
77
75
79
79
78
80
80
85
87
88
87
87
90
92
90
89
90
94
95
96
96
100
96
97
98
102
100
101
102
104
107
106
107
107
112
109
111
116
112
118
118
117
120
121
122
124
121
122
122
128
125
126
129
131
133
132
130
134
136
136
135
135
136
142
140
143
142
146
143
145
147
149
150
150
151
151
153
153
153
158
154
155
161
161
162
159
163
164
164
165
164
168
170
168
170
169
174
176
175
175
174
175
179
182
183
181
180
184
187
184
188
188
191
191
