190
189
189
185
184
182
185
184
183
183
181
181
179
174
175
176
174
174
173
173
170
168
167
168
168
163
165
163
162
162
158
159
159
158
156
152
154
150
154
148
148
147
150
147
143
143
145
141
141
139
139
140
140
135
137
134
132
135
130
128
131
129
126
124
127
127
122
122
123
119
119
116
115
115
118
116
113
115
110
112
110
109
106
107
107
105
103
104
101
102
99
100
97
95
96
97
93
92
89
91
90
91
90
89
85
83
85
82
83
81
82
81
77
77
78
72
75
74
72
72
70
67
68
65
68
67
62
60
60
59
60
57
60
54
54
56
51
53
53
50
52
48
50
46
47
44
41
40
43
42
42
38
40
34
38
34
33
33
29
29
30
27
30
27
28
24
21
22
24
22
19
17
17
15
17
12
13
13
11
12
7
6
10
4
6
2
2
1
1
3
6
9
9
7
8
13
11
13
15
15
15
19
16
16
21
21
24
22
21
23
26
24
28
26
32
31
31
34
33
36
38
34
40
38
41
42
44
41
43
46
45
44
47
47
48
49
51
52
52
54
57
57
58
61
62
59
60
64
63
63
65
65
65
66
70
70
69
75
72
74
77
75
78
78
81
79
79
84
81
85
85
84
87
90
88
90
94
91
93
96
97
97
100
97
102
101
102
104
103
106
104
107
105
107
112
113
112
114
111
114
116
118
120
117
117
123
121
122
126
125
124
128
129
130
130
132
132
131
134
136
137
139
140
140
140
141
144
142
145
144
146
149
145
146
147
152
150
155
152
156
155
155
160
158
158
163
159
163
166
162
165
169
165
167
171
173
174
171
173
177
175
176
177
178
177
180
183
183
186
186
184
184
187
186
189
