191
190
187
185
187
187
182
183
180
178
180
176
175
177
175
174
172
172
174
173
168
167
166
165
164
164
164
162
159
158
157
159
157
154
155
157
156
153
151
150
147
149
148
144
145
147
144
140
140
138
139
140
135
135
136
137
135
132
132
132
129
127
127
124
127
127
126
125
121
118
117
121
115
116
116
112
115
111
112
111
107
106
105
104
108
105
101
102
103
98
100
101
99
98
94
97
96
91
93
88
90
89
90
87
84
83
81
82
79
80
77
78
79
77
78
75
72
75
72
73
71
70
67
65
63
62
65
64
61
63
60
60
57
55
56
55
56
55
50
49
51
51
49
47
44
45
44
40
40
39
37
38
38
37
33
33
34
30
32
28
32
28
28
26
23
27
25
20
23
22
19
16
17
15
13
12
13
15
12
9
9
11
5
9
6
4
6
1
1
4
4
5
6
6
7
10
13
15
15
14
14
15
20
17
18
18
21
25
21
23
28
25
26
30
27
33
31
32
34
35
37
36
39
38
41
39
43
41
41
45
44
48
45
48
52
49
49
52
54
57
53
54
56
57
61
61
62
64
61
64
63
65
68
67
68
73
71
72
72
75
75
76
76
78
81
82
79
85
83
86
85
84
88
87
90
91
94
90
94
92
98
99
99
98
97
99
99
101
106
107
108
104
107
111
108
113
111
113
114
116
115
116
115
117
117
119
123
123
123
122
126
127
130
131
130
130
133
132
135
134
135
136
140
137
140
140
139
143
144
144
143
148
150
146
152
151
152
150
154
154
158
155
159
156
159
158
164
162
163
165
163
164
168
167
167
169
174
171
174
175
173
178
177
181
179
181
183
180
181
186
186
189
190
186
190
