189
187
190
189
187
186
186
185
183
181
182
178
180
174
178
174
172
172
174
173
168
167
166
164
166
165
161
164
164
159
159
161
156
159
158
153
153
152
151
152
151
150
145
148
145
146
143
140
144
143
140
137
140
139
137
136
135
130
130
132
132
127
128
128
128
126
125
120
121
118
117
117
119
115
113
112
114
115
110
111
112
109
105
105
106
102
104
103
104
98
98
101
98
94
94
92
94
95
94
88
90
90
90
86
85
83
84
80
82
81
77
77
76
78
76
72
72
70
72
72
67
71
65
64
63
63
64
62
63
61
60
56
58
55
53
53
51
50
53
52
52
49
47
48
47
45
44
44
39
39
42
36
37
37
34
34
31
32
31
30
32
30
29
25
27
27
21
22
22
20
20
21
15
15
18
14
13
13
14
10
9
8
10
6
7
7
2
5
5
5
5
6
7
11
9
12
12
15
15
12
13
16
18
17
20
18
19
25
22
27
23
29
28
26
27
33
34
34
33
35
37
39
39
38
39
40
40
41
45
42
44
47
48
49
48
49
49
53
53
53
58
55
58
61
59
59
60
62
66
65
68
68
66
67
68
72
74
72
73
77
73
74
76
80
78
82
81
82
82
83
88
84
85
89
87
91
91
95
92
93
98
96
99
96
101
98
103
102
104
104
106
106
109
107
107
110
110
114
112
116
115
119
115
117
117
119
119
121
124
123
123
124
128
130
127
131
129
133
132
136
137
136
138
141
141
142
139
142
141
146
143
148
146
151
150
148
153
152
154
157
158
155
157
158
158
163
162
163
165
163
163
164
169
166
170
169
169
174
176
175
177
175
178
176
182
182
181
183
185
185
184
188
188
190
189
