189
186
186
188
183
183
181
185
180
181
177
180
177
174
173
172
176
172
174
170
170
168
166
169
165
165
162
165
162
158
159
156
160
159
158
155
156
152
152
151
152
146
146
147
144
146
143
144
140
139
137
141
140
136
137
132
135
133
130
131
131
128
129
126
123
125
126
124
124
122
121
117
119
115
118
113
111
114
109
111
109
109
109
107
108
103
106
103
103
99
98
97
96
98
94
96
96
92
90
88
88
90
87
89
86
83
81
82
80
79
77
77
77
77
78
74
74
75
74
70
72
67
65
65
66
63
62
62
64
59
58
59
55
58
57
52
53
50
54
48
48
48
46
47
44
42
46
42
44
40
37
37
36
34
35
34
35
31
31
28
29
28
30
27
25
25
24
24
19
20
18
21
18
18
13
13
15
12
9
12
10
11
6
8
5
6
4
3
3
2
7
5
9
6
9
8
11
11
11
15
18
17
19
16
17
18
23
20
24
26
23
29
28
30
28
30
30
32
32
34
35
38
38
39
41
40
39
41
45
43
48
44
50
47
50
49
53
51
54
52
57
58
59
58
62
58
64
60
66
63
66
68
67
70
72
72
74
70
75
72
78
79
75
76
77
81
80
83
86
83
83
89
87
89
90
92
90
90
93
95
96
95
100
98
99
102
101
101
102
107
103
109
110
110
109
112
113
110
112
114
117
116
119
118
120
120
122
122
122
122
124
129
125
126
131
132
130
132
133
136
136
138
139
139
139
142
140
145
145
144
143
149
150
146
151
152
151
153
154
153
158
158
155
160
160
162
159
162
162
162
166
165
168
171
168
172
172
170
173
175
173
176
176
177
179
181
182
185
186
185
184
185
186
190
192
