189
189
189
189
188
184
183
185
182
183
178
179
180
176
173
173
175
173
173
173
168
166
170
166
165
165
165
163
160
160
158
156
160
157
153
155
152
154
152
150
148
147
145
144
144
146
146
140
142
143
140
138
140
134
137
134
134
131
130
128
131
127
128
125
123
126
123
124
121
118
121
121
118
114
118
113
111
110
109
111
108
107
109
107
108
104
102
102
103
98
97
101
98
98
98
95
93
94
89
88
87
89
85
84
84
84
82
84
83
83
82
78
79
74
78
77
76
70
73
72
69
69
68
64
66
66
61
62
61
60
57
58
55
57
53
53
51
54
51
52
48
47
48
44
44
46
44
40
44
39
39
38
35
34
35
36
36
33
33
33
31
28
25
24
26
23
25
24
23
23
19
17
17
16
18
12
16
11
12
8
9
6
10
9
3
7
2
5
4
7
3
9
8
8
7
8
10
10
11
17
14
14
15
16
17
20
20
23
23
22
26
29
29
28
29
29
33
30
32
34
38
36
36
36
40
39
43
45
41
47
44
49
50
50
50
51
53
52
53
57
57
55
58
57
58
60
62
60
66
64
67
66
70
66
72
73
71
74
71
77
73
74
80
79
79
78
82
81
86
84
83
85
87
86
91
91
92
94
95
92
94
97
98
100
102
100
103
104
103
104
108
106
110
110
110
109
112
113
115
114
114
117
119
117
119
121
119
120
125
124
124
128
127
130
131
132
132
131
132
137
134
138
139
138
140
142
144
143
143
145
143
147
147
151
151
153
152
150
152
155
155
154
159
159
161
160
159
163
165
164
168
168
169
168
171
170
169
173
173
176
177
179
180
178
178
179
180
180
185
184
188
185
185
191
191
