189
186
190
185
184
183
184
184
181
178
180
177
179
178
174
177
171
174
170
173
167
169
165
168
164
167
165
164
159
159
158
160
157
157
156
156
154
152
153
148
150
149
147
145
144
147
146
143
144
140
138
139
138
134
134
135
132
131
132
128
131
129
128
125
123
124
125
120
120
119
120
119
116
118
116
116
112
111
114
108
111
108
108
107
104
107
102
103
99
100
102
97
99
99
98
96
92
90
91
89
89
90
87
87
84
83
84
84
79
79
79
76
78
78
75
73
76
72
71
70
70
70
66
65
65
62
65
63
59
62
60
59
59
57
56
52
54
50
50
52
49
47
45
44
47
43
45
45
40
40
42
39
35
36
34
36
33
32
33
29
31
27
29
28
23
22
24
23
24
19
18
18
15
19
15
17
14
12
14
13
11
6
6
9
7
3
5
2
5
6
5
8
6
7
10
9
10
11
15
14
13
19
16
16
18
19
20
24
23
22
28
25
28
28
28
30
29
34
32
34
38
39
37
39
37
42
44
41
41
46
48
46
45
47
50
52
54
55
53
53
55
56
55
58
57
61
60
63
66
64
67
69
68
69
70
70
69
75
72
76
75
78
77
77
78
80
83
85
83
83
87
89
87
90
91
90
94
91
96
96
97
94
97
97
101
99
104
105
101
104
106
108
108
109
109
112
109
115
114
112
115
118
118
117
121
121
122
122
126
124
126
129
130
130
130
130
131
134
132
133
138
134
138
139
139
140
139
141
146
142
146
147
149
151
152
151
149
155
156
152
153
154
156
156
159
162
161
161
161
166
164
168
167
168
167
168
173
172
173
177
176
177
178
176
180
181
181
184
182
182
187
189
188
191
191
