187
189
185
186
183
187
183
181
179
179
177
178
179
176
175
176
173
172
174
173
168
170
170
169
164
163
161
160
163
162
161
157
157
157
158
153
154
151
149
150
149
151
145
144
146
145
145
145
142
141
142
140
135
139
137
137
136
131
133
128
129
131
129
124
123
122
122
122
119
123
120
117
116
117
118
115
116
115
114
111
111
107
105
109
105
107
101
105
100
100
97
96
95
97
96
95
95
95
91
91
91
87
89
89
88
83
82
84
80
79
81
77
79
75
74
76
73
70
74
72
70
71
65
64
65
66
61
63
60
61
57
60
56
56
53
55
52
53
50
50
50
47
48
45
48
46
44
44
40
40
42
37
35
39
38
35
35
35
34
30
32
27
30
29
23
26
24
23
22
18
22
16
20
19
14
12
12
14
14
11
11
9
8
7
5
7
1
4
4
4
3
9
9
11
12
13
14
15
15
17
15
17
19
18
18
21
21
25
22
25
23
25
29
31
27
30
32
30
34
35
33
36
38
40
40
38
40
44
44
45
48
49
45
49
50
48
49
50
52
53
56
55
57
56
57
58
64
63
61
63
68
69
69
67
72
72
70
75
73
73
74
76
77
77
79
80
83
81
81
86
87
87
85
88
89
92
93
91
92
96
93
99
97
101
97
102
100
102
106
103
103
105
106
110
108
111
110
112
112
114
117
116
117
116
119
122
121
124
122
122
124
127
128
128
128
128
130
130
132
136
137
135
137
137
142
138
142
141
145
146
145
148
146
147
147
151
151
152
156
156
156
154
159
160
157
163
161
162
164
166
166
169
167
169
169
171
170
172
175
173
178
179
177
178
177
181
179
184
184
182
183
185
186
191
192
