189
187
189
188
183
185
181
185
179
179
178
178
180
179
175
176
171
171
172
172
171
166
165
168
166
167
165
165
161
158
157
158
160
156
153
156
156
152
152
148
147
151
146
144
144
145
142
144
140
138
139
140
138
137
135
136
134
135
133
133
130
131
130
124
125
126
124
120
124
123
119
119
118
116
117
112
112
113
114
112
108
106
109
104
104
102
102
101
100
100
101
98
96
96
98
97
91
90
94
93
92
91
87
88
83
86
84
84
83
79
81
78
80
75
78
73
74
75
74
72
72
66
68
65
68
63
66
64
63
58
57
58
58
59
56
54
52
54
50
48
51
47
45
49
47
42
45
41
41
42
39
37
40
34
37
37
34
32
29
33
32
30
28
28
24
27
23
23
20
23
17
19
15
14
16
17
16
12
10
13
7
9
10
6
3
7
6
5
2
7
4
4
8
6
11
11
14
15
12
17
13
19
19
16
18
20
24
22
24
23
26
24
29
27
32
29
31
32
33
34
34
37
36
36
40
41
41
40
41
42
46
44
47
48
49
48
50
53
54
53
56
58
60
59
61
62
60
63
65
66
63
67
68
67
71
72
74
74
74
76
73
79
80
80
79
82
84
85
82
82
84
87
87
89
89
91
90
94
95
97
93
97
96
98
101
102
102
103
102
105
103
106
106
109
107
109
111
112
114
113
113
118
117
116
119
122
124
122
125
124
126
124
129
127
129
132
132
132
136
137
134
134
138
137
141
142
141
144
145
146
145
148
147
150
152
151
150
152
152
154
153
154
160
158
160
161
164
164
161
164
164
164
166
167
167
168
170
170
174
175
178
177
178
177
178
178
182
182
185
182
184
189
190
187
190
