192
189
189
186
188
186
184
183
183
180
178
176
178
174
176
177
173
172
169
173
167
167
167
168
165
165
163
160
162
159
162
157
160
154
156
154
153
150
154
153
150
149
146
147
144
144
144
140
139
141
138
136
140
139
138
137
131
135
129
128
132
129
125
128
128
123
124
121
123
120
122
118
115
119
116
114
113
112
113
110
111
111
109
106
107
105
104
103
102
98
101
101
95
96
94
94
96
94
91
89
89
91
87
87
85
84
83
84
80
80
77
77
76
75
75
73
72
71
71
71
70
71
67
68
66
62
65
65
60
58
59
56
58
56
53
54
52
51
53
51
50
47
47
48
48
44
42
43
42
43
39
40
40
35
34
33
32
33
33
28
30
26
28
28
25
26
24
20
20
19
17
19
16
16
16
13
15
14
14
12
9
10
8
7
3
4
3
2
4
6
6
6
8
6
8
11
13
11
12
13
17
15
16
17
21
23
21
22
25
26
23
28
29
26
27
29
32
31
34
32
38
34
38
39
39
39
39
41
46
47
43
47
45
49
47
50
51
52
53
57
56
56
55
61
62
63
59
63
65
64
65
65
67
67
70
68
71
71
76
75
77
77
80
79
77
78
80
83
86
85
85
84
86
91
90
90
93
92
93
96
94
98
100
101
98
98
104
104
105
106
106
104
108
108
107
111
111
111
111
117
116
117
116
117
121
120
121
124
121
124
123
127
127
127
127
132
130
131
133
132
134
136
139
140
139
143
143
142
143
146
148
149
145
146
147
152
153
150
152
157
155
155
156
159
158
162
161
165
166
167
164
167
170
167
172
171
169
174
173
172
178
178
177
179
182
179
179
182
184
183
184
188
189
191
187
