188
186
188
185
188
186
181
185
179
178
180
176
179
174
178
172
172
174
169
171
167
166
166
165
166
163
164
162
160
160
158
159
158
157
154
155
153
154
153
148
151
151
146
147
144
142
142
141
143
139
140
141
135
138
136
135
134
133
129
133
128
131
126
124
123
123
123
122
123
120
122
117
117
115
113
112
116
112
113
110
108
107
106
105
106
106
104
100
102
101
97
99
97
97
94
93
95
91
91
93
88
87
87
88
83
87
81
80
84
81
79
81
76
76
75
77
73
71
70
71
70
70
66
66
68
65
65
63
61
60
61
58
56
57
58
55
56
51
52
48
48
51
46
44
43
46
43
40
42
40
38
39
35
36
33
32
34
30
33
28
30
31
29
24
28
23
26
20
19
19
22
18
16
16
18
15
15
15
9
9
10
8
9
5
8
3
1
0
3
7
3
9
6
9
10
11
11
12
13
15
16
15
18
20
19
19
23
25
23
22
27
25
27
31
31
31
34
35
31
33
38
34
35
37
40
42
40
42
41
45
43
45
48
49
49
52
52
50
51
54
58
58
55
59
61
58
61
65
66
67
66
68
68
71
71
73
73
74
74
74
78
76
79
80
78
79
83
80
83
82
86
89
86
86
91
92
92
91
95
97
97
99
97
101
100
102
103
100
104
107
106
106
105
110
108
112
112
113
113
113
117
119
115
118
117
119
121
125
122
125
126
129
128
130
132
133
130
131
134
132
135
139
135
137
139
142
139
143
141
144
147
145
147
151
147
148
152
154
152
156
157
158
156
158
158
158
161
163
161
166
167
167
166
170
167
169
169
174
175
173
173
178
177
177
180
182
181
180
185
182
184
188
186
189
189
