1160
91
350
801
858
719
473
148
428
960
928
115
74
1065
689
722
560
1068
734
803
44
988
756
857
1220
277
265
541
472
615
1143
839
1042
1076
1054
136
404
690
969
922
489
429
1077
1100
116
201
1099
86
38
506
741
228
772
700
143
24
382
618
276
36
102
580
578
565
947
972
1168
371
528
1204
1112
87
531
416
1232
1069
956
665
545
63
734
1119
326
521
584
1219
973
290
25
243
425
791
957
68
925
432
285
660
797
1061
700
556
572
146
60
1160
917
386
1057
1061
344
852
469
560
1035
547
61
954
398
585
562
941
737
703
186
647
417
929
1194
1155
478
380
1205
1217
929
727
12
667
1235
124
1108
1137
215
248
783
1247
198
1059
731
436
294
1250
952
495
631
29
704
377
492
1229
21
637
656
357
871
107
609
823
627
789
860
290
588
97
1006
1181
150
411
129
999
150
51
393
916
486
70
148
315
43
218
909
178
974
509
1139
889
1087
667
682
425
1175
772
436
240
1115
1206
179
61
117
1028
420
81
1133
925
1200
768
971
902
247
451
135
140
1221
630
218
934
720
311
90
371
559
778
401
223
70
423
1123
652
863
960
948
720
495
133
561
293
849
921
359
535
21
616
305
171
676
659
1228
633
1009
873
785
948
231
404
689
1206
206
321
625
898
922
872
917
744
987
107
1113
712
498
444
791
298
114
1055
466
813
541
366
1068
305
511
891
1167
716
277
766
634
1161
850
862
1212
474
650
637
691
104
1180
1155
646
951
943
12
828
512
954
3
1232
476
604
483
799
432
282
714
693
1120
793
1202
975
1103
731
1201
902
1156
715
620
928
1072
668
672
125
305
770
668
1246
177
760
450
1069
198
340
701
920
266
1023
90
1093
515
928
296
542
913
930
1118
953
1094
1114
1109
1153
767
558
1053
676
882
14
952
328
1024
324
908
623
465
620
835
257
534
1095
1174
1170
569
1021
464
869
248
21
563
640
607
354
94
375
563
812
447
19
974
148
75
92
505
1127
355
868
488
103
1244
341
299
1239
869
309
638
17
396
637
744
832
382
790
383
633
775
30
163
1150
322
678
1239
313
400
484
558
1158
772
1059
441
827
109
510
1120
566
346
522
552
789
1181
58
1177
1013
1248
728
693
684
45
472
938
967
927
371
95
1170
385
449
1134
1033
99
372
839
529
804
562
680
308
323
248
579
614
792
1108
523
116
553
985
185
1226
130
1240
998
977
13
264
407
986
884
789
564
1091
989
718
55
326
1152
979
499
244
454
363
739
29
914
52
238
229
1002
1201
1069
283
51
973
2
931
154
421
254
238
524
615
74
870
685
604
979
524
445
109
119
239
772
274
212
56
984
797
560
671
135
340
303
758
1066
608
228
251
418
227
898
854
296
119
832
158
248
149
999
1091
1034
142
705
1237
400
4
172
329
1001
783
729
827
409
628
118
563
96
926
584
811
638
679
776
422
781
603
922
1024
1234
283
961
455
313
716
994
1153
1046
905
552
810
548
1130
356
656
756
68
832
800
133
328
696
229
27
574
123
474
1196
1075
977
66
376
937
185
100
558
766
935
278
292
260
1110
874
224
1023
346
670
424
681
1027
1215
1164
1196
1076
366
238
524
1173
953
426
1212
782
51
1011
1062
224
600
928
926
502
200
969
254
866
1095
1171
144
579
681
1186
796
595
560
166
1186
1211
799
131
1133
483
69
273
447
54
47
586
343
519
508
103
260
66
917
633
655
834
637
1066
412
84
1223
866
1007
1219
454
309
435
887
186
265
1049
605
1192
372
1125
1202
994
1130
14
931
397
37
464
596
512
781
384
119
659
495
92
492
672
561
1245
713
741
664
1056
87
684
884
764
517
275
722
192
1234
518
98
1132
550
141
638
53
906
216
1173
1112
279
889
374
595
317
400
978
1122
1200
971
233
1195
1167
840
66
1025
1234
1016
97
147
995
414
13
73
593
805
93
985
265
755
242
666
964
750
224
296
95
1223
509
451
664
642
1055
1173
1017
134
557
232
332
150
755
871
733
515
198
217
966
313
175
1042
508
369
270
420
521
1036
1149
1219
594
828
228
1190
38
591
297
651
900
1225
199
279
1170
472
228
771
179
1128
642
123
33
131
111
1009
726
986
505
1167
254
388
83
822
1077
777
109
154
1099
1049
752
165
288
184
920
982
500
230
244
1098
999
14
841
1166
144
751
1194
759
363
28
979
889
983
475
403
182
132
6
1224
1074
67
28
950
142
873
17
1079
441
545
1128
975
1162
27
566
820
386
730
850
218
753
880
684
336
1106
309
217
967
578
709
1020
1144
148
864
71
540
430
697
383
527
224
692
697
822
866
408
977
1176
927
88
166
1172
567
411
123
664
428
1093
243
150
782
970
765
1090
658
592
949
620
463
1185
400
1234
677
1100
538
615
1249
952
936
345
216
436
692
330
353
108
814
610
58
568
297
757
228
342
570
657
24
535
784
575
289
386
71
812
662
130
347
610
834
432
1144
546
773
403
275
283
791
1177
594
211
636
502
255
249
119
999
1066
746
1235
80
535
1098
171
359
674
1016
758
199
699
589
836
1196
932
1160
1229
1122
919
698
1029
96
1139
1059
422
375
721
982
14
726
699
1222
79
307
720
799
237
604
490
1238
232
796
141
196
1147
627
412
442
431
452
1090
310
1175
578
110
825
57
369
475
472
665
610
367
1062
210
615
749
1185
1107
640
667
429
1191
127
273
969
414
493
140
687
722
759
480
343
662
392
215
97
917
706
674
1121
749
690
879
419
1097
242
49
474
806
548
654
797
594
1096
253
162
574
706
377
773
1094
238
316
641
789
1112
972
92
664
540
1157
198
693
293
1125
1051
357
898
714
40
252
171
624
229
1060
1140
338
1143
1090
1187
1201
1069
41
246
898
774
789
662
1193
284
1202
33
356
111
242
656
567
1001
842
369
162
691
842
1050
685
1120
102
1158
546
972
750
895
921
16
451
541
390
800
715
572
605
761
98
525
447
497
120
899
52
347
787
367
114
839
347
1034
652
735
949
80
1058
58
722
119
1172
863
654
234
882
90
1124
617
