524
821
514
38
429
101
172
895
239
1095
984
312
22
444
1209
1070
1026
485
518
458
349
45
604
893
40
854
168
111
679
856
583
734
365
1032
1032
1135
772
705
1124
611
221
123
21
1055
800
629
1220
1060
975
1179
501
1126
481
28
231
982
588
743
631
69
687
1155
234
1136
790
1151
959
1237
908
942
896
154
722
970
986
13
1169
798
159
1004
430
481
1195
1232
455
1067
534
308
744
995
1019
427
722
130
167
207
978
218
158
399
638
490
532
494
213
735
853
621
263
1237
568
621
1097
894
147
1200
918
806
1054
309
649
1245
134
236
1167
299
88
595
1012
856
917
774
114
1119
789
1066
694
537
757
1219
2
860
517
6
1157
944
290
17
764
940
89
1153
281
862
841
379
356
536
606
523
617
956
433
1235
193
118
354
689
289
305
572
848
19
368
1037
952
234
327
1074
795
312
399
592
579
969
892
993
855
514
67
1128
437
1226
829
596
8
566
417
329
320
960
1099
882
198
1202
689
748
1112
172
980
339
1218
77
1003
147
182
604
850
638
862
258
66
327
402
889
614
697
749
1020
301
652
1224
510
306
216
256
229
574
1036
565
979
1001
133
252
744
622
831
331
1041
60
580
551
617
676
19
905
391
615
558
415
522
975
1089
683
718
514
414
1071
140
195
679
29
559
947
973
954
284
261
359
824
134
280
571
572
506
1114
446
1240
203
686
356
323
631
51
258
438
671
1073
715
1083
788
456
266
1112
758
470
200
1168
655
636
375
46
1084
208
550
317
291
950
977
341
1063
718
184
483
1078
97
377
70
979
285
230
534
55
1122
488
80
721
1144
487
318
983
55
1109
209
962
288
960
354
1128
1128
1095
737
1142
73
967
1088
321
1203
239
1103
305
1002
1234
1145
515
410
1062
470
758
1006
948
561
1239
398
801
183
36
1025
373
44
423
690
978
423
462
649
906
455
632
1113
570
227
772
645
493
545
787
974
627
335
932
793
1102
146
484
1141
300
206
78
800
826
900
644
1241
266
1207
656
1156
798
68
674
967
238
774
729
264
919
826
131
34
1094
634
866
72
1005
902
605
233
159
1193
692
277
820
265
91
685
680
378
35
499
31
662
20
571
709
676
390
45
417
1126
665
1107
211
1088
1065
644
275
10
1010
236
1071
1029
260
224
834
150
1083
1132
494
1207
203
1171
621
1009
374
1020
795
1021
380
304
70
1228
388
807
766
334
816
417
960
606
653
1213
18
405
328
82
1225
1059
1202
798
499
965
567
675
1003
724
1015
326
524
1139
1182
506
439
101
1170
489
970
1079
712
362
251
1048
918
1126
1171
51
685
703
773
545
408
982
296
461
572
1118
353
1029
96
343
344
192
586
879
916
854
591
513
1166
595
196
126
14
558
623
737
600
1
874
288
1237
817
448
595
47
673
331
826
971
423
774
1066
587
933
1175
515
109
1206
658
1072
1179
1143
552
202
409
71
426
594
725
745
91
113
74
141
1201
112
564
1051
712
1013
544
47
546
391
295
236
921
214
18
1041
955
49
1220
244
130
537
555
115
852
679
18
950
850
954
737
391
811
921
1043
718
751
120
88
1152
379
732
737
1128
600
36
235
814
919
733
496
90
1152
1201
1126
836
382
237
1130
1126
864
714
943
93
1039
727
1175
1205
652
1225
214
1076
750
676
152
584
840
500
901
193
304
370
597
1129
470
113
1172
194
271
1226
981
986
14
467
1183
490
1127
353
1161
858
112
924
394
963
13
898
797
178
1215
2
609
271
707
104
687
1129
1057
1002
203
930
892
334
1120
828
930
978
395
1128
1005
888
770
845
249
138
24
22
420
826
1180
1126
834
491
268
387
486
504
1181
688
188
116
594
690
1015
872
459
256
633
706
1134
523
425
77
192
386
315
831
1110
260
290
1216
1065
577
890
549
326
383
385
402
989
734
34
743
375
786
788
1216
497
868
309
107
1032
4
124
386
1011
844
695
941
857
455
118
27
1157
277
601
481
297
1162
653
99
634
391
943
644
364
1219
310
216
303
705
886
767
449
743
767
409
399
797
1158
281
1223
1045
600
331
1199
607
273
1009
155
313
603
1015
1156
1123
63
409
782
479
3
748
661
569
443
884
690
774
13
288
228
971
109
539
633
922
588
617
339
884
1202
714
156
199
491
1055
541
615
123
48
163
842
92
679
391
191
544
80
1014
393
1060
407
893
165
1022
259
584
1057
681
829
68
677
432
75
179
1158
930
871
951
264
720
665
1094
559
1182
556
27
1200
1213
390
330
17
996
1051
901
198
166
704
936
1179
157
1193
537
761
669
127
317
351
272
644
206
374
784
52
443
36
439
787
575
1108
464
839
823
1131
390
135
539
1016
764
1002
126
920
285
100
42
1078
526
845
370
853
602
581
587
752
569
1245
56
1087
54
91
484
34
257
870
1021
845
678
529
334
954
906
1247
427
196
897
1098
868
1012
566
526
45
351
742
509
968
1034
60
594
199
953
660
41
250
184
457
1169
278
423
231
33
380
158
855
394
332
267
1195
647
583
401
773
467
1179
752
208
346
147
284
766
787
685
317
380
273
637
1059
1105
23
381
885
861
460
597
364
655
310
845
1098
489
1120
1098
1018
441
300
600
417
186
491
943
394
337
900
614
21
250
266
733
623
704
1045
839
765
738
433
334
1237
566
172
843
1241
409
1018
481
173
899
154
177
541
177
1103
470
403
320
865
848
131
338
549
695
1086
418
553
209
37
944
103
802
33
578
1238
1220
252
284
797
1184
119
939
386
301
1057
198
373
973
462
318
631
681
1065
271
936
24
442
8
759
1144
30
199
248
126
243
597
660
994
515
782
603
700
528
934
538
1011
918
1166
769
142
411
1011
263
1123
138
0
933
25
1174
884
31
822
949
708
598
145
262
529
552
831
698
1006
849
479
231
109
1127
375
132
122
774
885
695
649
657
701
528
404
996
721
528
435
822
441
604
332
323
243
708
1182
962
152
685
231
1090
64
764
608
1062
846
599
921
830
736
129
368
471
121
794
664
697
1081
437
813
362
314
546
905
540
738
990
1133
868
