584
666
63
456
647
487
730
567
732
1223
1135
519
1033
35
556
127
1008
778
658
344
1014
824
690
27
44
106
1191
872
1065
238
314
762
586
551
280
492
60
851
62
662
862
781
1145
1075
1014
383
147
193
871
319
1196
949
183
770
481
426
809
143
63
90
1014
31
633
812
1207
1017
1100
894
516
474
1138
579
926
295
709
361
659
1236
878
1136
705
1077
1236
754
497
1139
863
171
702
890
256
1007
2
208
911
891
621
922
588
137
638
646
452
786
249
514
275
732
1156
90
1064
87
748
874
851
1214
963
957
594
737
703
267
425
1224
132
886
592
28
560
20
226
1094
1025
1247
666
957
975
910
689
582
158
30
693
995
1208
998
188
296
359
625
12
586
651
1139
1182
644
441
234
136
398
359
591
556
773
1188
1188
779
886
540
730
1123
676
751
518
940
267
472
65
372
1076
322
180
613
247
172
656
1071
970
97
117
976
1003
915
681
122
625
1199
292
608
638
45
465
151
425
177
722
231
178
189
664
378
60
87
1106
137
546
759
1111
786
270
454
1027
217
843
348
592
1180
38
490
646
114
1006
1050
456
731
208
203
45
563
405
1107
1043
1174
161
95
319
675
238
1045
975
406
665
902
679
434
321
352
1023
1168
425
867
736
655
685
206
233
772
363
1236
244
623
779
1230
604
193
459
453
1137
1200
1189
401
430
556
494
883
132
464
970
485
288
455
551
498
638
810
394
146
682
33
767
47
1243
490
927
700
407
1233
1129
343
614
297
333
425
54
477
137
510
144
475
284
413
129
684
936
312
604
282
161
578
549
1030
224
749
40
162
514
872
53
168
495
8
754
108
1235
489
390
974
65
205
1206
827
1031
114
966
30
204
627
838
908
306
625
309
280
1031
326
669
980
761
625
474
643
499
550
773
1168
1050
770
296
755
616
985
1243
175
672
738
966
292
916
88
1117
565
466
315
1188
9
986
1019
541
980
202
841
300
973
386
145
833
831
1015
1113
218
842
253
1191
891
846
109
601
519
626
662
626
148
353
422
485
809
461
1200
662
334
983
291
318
513
930
1141
448
1020
1172
1237
4
1090
75
810
1081
203
457
362
803
920
541
116
692
1051
453
843
280
733
915
21
966
340
167
545
258
492
187
913
320
1135
828
701
607
804
1196
391
550
108
701
163
212
299
16
192
194
431
55
784
1006
896
1110
567
584
309
952
1088
793
1032
763
431
939
1143
217
274
296
523
198
264
912
813
1141
501
462
504
1222
672
496
411
727
139
203
546
450
205
348
598
687
346
1182
1014
539
168
652
137
991
866
267
198
1192
239
676
740
759
1037
229
513
361
239
374
585
1248
260
599
1003
513
1179
46
934
1066
709
1174
1132
1190
69
269
521
540
233
502
1067
127
1241
816
1132
936
1190
753
560
336
1142
433
185
178
639
153
1033
612
592
346
1091
1091
643
718
1056
535
1167
31
849
13
1213
803
783
81
62
797
213
1058
541
979
633
870
560
246
803
198
232
86
722
478
519
1135
1169
1070
975
288
386
1006
1101
981
165
860
272
1052
1005
795
1031
941
637
423
891
769
527
1099
55
691
921
71
773
608
1204
1114
557
30
1030
251
324
943
943
182
684
189
374
12
640
972
697
725
454
78
311
891
1060
221
825
491
378
52
496
332
104
1101
457
356
655
1197
797
564
552
119
583
547
866
1158
530
890
1191
1202
1238
420
360
659
64
968
333
640
111
150
928
445
819
1158
657
66
834
601
440
841
614
168
706
1055
911
769
859
5
806
658
662
996
725
1221
699
420
988
1113
422
167
973
623
587
207
965
679
604
744
811
928
667
320
1211
996
690
901
965
1207
93
477
424
1125
150
103
873
607
244
1165
66
586
1193
934
931
434
589
1248
1012
87
463
977
484
1030
662
17
512
565
1232
970
160
523
442
129
982
654
1
1183
395
645
1202
576
1057
8
616
714
349
1227
236
82
366
924
26
380
1023
1247
617
1017
1106
729
1101
301
796
1205
295
389
330
865
906
938
634
573
296
326
652
141
830
1070
983
211
592
506
1106
913
386
474
716
1105
315
349
587
1177
235
989
609
236
930
1003
646
957
502
885
81
509
744
257
936
870
1031
610
1174
763
93
992
184
1011
98
1197
26
409
258
643
922
235
61
430
1145
536
159
644
172
905
388
1210
850
588
687
756
970
465
3
292
357
921
64
833
1166
951
1016
535
435
11
307
389
869
224
632
761
1174
167
1105
1248
1064
450
822
639
215
740
170
294
1233
83
402
473
985
846
389
229
880
1043
399
661
1189
803
51
1014
810
903
138
164
415
1013
915
468
328
1244
742
1123
1106
847
1070
986
1188
396
471
803
1155
355
1241
282
368
862
56
1094
725
449
2
979
1170
954
109
637
612
895
1108
180
666
756
300
897
786
501
320
842
256
538
616
3
943
1058
1130
136
1110
1201
86
1237
807
478
205
738
1159
719
539
170
463
96
308
224
162
860
321
822
1205
650
498
340
347
798
635
54
719
485
1097
950
36
453
455
573
743
213
245
739
540
1166
1163
484
881
50
1229
82
122
1202
289
327
868
326
1222
627
1145
402
38
724
69
75
1047
1179
772
256
1076
302
88
1107
5
1010
157
1124
270
662
383
1055
311
140
1125
668
145
958
930
1097
1153
182
834
743
1121
557
1072
146
479
579
140
843
808
391
1115
1220
1080
1134
178
808
53
345
170
1228
83
709
331
172
883
311
233
400
709
838
413
826
1093
1079
572
999
318
104
517
261
1130
435
1034
992
397
771
612
1175
1162
177
937
774
687
352
510
1216
63
209
141
73
95
846
1245
1017
173
427
734
4
266
555
620
964
889
94
428
206
40
876
914
376
1120
669
325
385
326
1012
737
278
185
76
1126
619
598
153
41
39
576
1115
1213
1213
821
661
594
289
748
314
549
644
1236
1104
887
265
869
281
350
913
760
107
895
471
779
919
135
230
236
91
33
1159
1105
471
204
1115
1062
582
741
930
198
93
1157
799
283
963
145
124
677
177
215
592
1052
309
237
330
348
1195
908
736
502
810
951
129
942
682
1232
