548
1204
773
460
486
1247
267
1244
349
610
1187
412
974
194
718
1045
41
838
373
167
212
1230
133
7
849
217
355
174
799
740
591
1205
589
967
790
1236
624
193
1228
206
719
1156
373
1072
884
906
1177
871
273
110
875
1219
86
505
763
692
1236
1045
968
390
98
238
232
682
268
57
928
880
930
883
37
245
995
1082
624
445
1090
753
400
511
841
830
535
790
1166
1096
355
851
35
121
158
146
872
991
790
445
1029
953
1159
249
59
312
59
288
1221
127
519
211
114
934
190
656
950
457
184
770
372
1226
683
441
814
33
251
688
867
1183
305
931
871
940
908
941
321
732
1217
336
669
1058
1134
1103
36
973
1087
970
1004
1087
42
561
466
1205
220
795
296
291
484
1136
713
742
377
610
314
697
642
259
526
101
1012
527
364
381
46
1066
992
315
17
68
1014
1067
998
1194
1058
472
465
681
887
1120
81
660
1209
691
152
991
696
143
452
24
498
1063
234
1047
774
267
160
574
1003
693
439
1043
422
160
346
1010
511
492
170
656
582
816
440
1047
314
89
873
170
984
710
435
1157
375
395
124
97
1163
855
874
999
175
241
104
1177
918
863
149
300
1221
233
564
723
1000
139
894
855
279
1109
354
456
1225
424
159
417
517
494
1030
1118
255
14
769
277
1209
772
75
607
221
69
1016
669
158
559
800
820
130
557
470
579
462
772
730
159
595
546
985
791
167
334
122
426
1115
412
990
312
619
313
1
772
285
1175
33
696
387
822
101
616
489
333
1187
122
810
448
1221
96
674
1131
641
912
432
423
432
631
284
840
588
574
538
448
821
541
457
651
769
421
386
529
407
884
255
133
138
538
1245
1108
1116
551
190
548
1218
147
701
409
1129
614
1029
358
516
315
1058
857
308
1169
624
1159
1083
741
297
1245
321
205
1195
1155
943
466
274
656
369
737
21
12
834
232
710
438
629
1243
415
865
582
1109
77
1173
653
1220
130
719
1059
676
791
1127
626
895
316
35
167
882
1064
494
596
688
215
115
300
481
627
509
614
1010
884
285
897
636
717
850
195
820
1217
458
550
250
305
696
1050
1248
897
359
761
1164
140
1122
1066
1095
1223
1161
632
1165
629
1150
558
618
754
281
1061
651
264
516
415
475
918
1060
104
948
377
434
822
617
487
737
1187
955
368
49
96
410
459
1224
781
101
1030
0
326
1186
677
589
815
227
870
96
604
851
586
712
754
918
906
518
699
70
733
1215
999
839
252
1052
174
802
613
485
711
72
455
804
104
1157
52
935
948
647
29
580
399
929
943
461
300
623
18
543
579
356
521
23
12
391
141
15
514
721
871
593
1203
1156
1049
1138
505
823
37
889
1063
637
667
1247
1114
955
553
1173
178
961
1006
846
748
684
662
1233
1229
706
763
532
411
73
923
1183
946
84
1077
106
757
591
629
93
600
433
232
1100
399
809
543
743
193
89
627
1074
1146
739
552
166
953
1070
1038
746
657
948
452
941
688
337
565
17
222
21
1187
532
504
582
417
474
1236
1043
1192
275
105
877
24
563
1085
899
746
933
972
259
1100
279
622
334
438
123
619
631
1060
1237
213
618
235
239
723
106
9
1219
608
427
66
650
1223
355
985
1165
512
658
944
1016
1035
1087
21
554
78
164
10
709
181
321
65
1013
157
1057
491
262
948
337
817
177
1193
313
400
589
643
683
158
21
845
419
319
474
1158
246
1145
74
1126
506
3
380
788
784
882
947
991
186
316
408
270
866
379
1102
414
1095
772
33
743
201
1002
1068
254
21
726
503
346
510
560
239
500
1146
98
849
458
608
814
916
400
700
801
307
1136
747
661
199
836
919
406
273
82
721
600
276
533
690
372
367
857
495
1086
647
473
328
522
475
422
888
893
790
1141
560
97
343
1216
424
755
372
557
853
645
598
425
900
760
531
241
391
714
1210
108
900
94
499
877
1144
198
322
1135
275
1245
932
786
588
352
576
382
100
621
331
335
984
791
1130
881
255
119
777
326
1153
1186
624
51
428
1229
381
827
782
138
380
466
1158
848
1034
889
229
207
621
700
181
1103
447
1241
130
1218
866
926
967
82
599
239
420
91
1164
667
304
374
698
788
1196
789
534
820
12
1248
981
1075
1073
962
793
276
507
953
149
610
744
214
836
996
1063
127
670
426
674
1119
857
91
388
535
337
994
306
815
3
898
567
609
774
1062
980
882
1168
1025
1120
875
148
695
607
738
1071
725
938
709
989
531
1200
973
653
1145
246
1068
215
106
137
228
326
1009
734
724
861
316
181
192
1008
591
942
746
877
973
3
340
519
636
685
1235
927
1126
966
42
1126
738
1106
1052
1174
723
1137
983
242
375
950
4
261
100
845
772
124
827
690
271
1045
550
2
798
678
237
743
979
340
1085
1237
1104
905
1166
326
1164
708
1229
928
1106
1089
1140
112
607
302
1064
680
287
386
754
736
795
891
139
733
31
270
252
71
942
1144
558
67
679
848
607
1232
205
14
1184
243
1155
828
852
4
933
158
1143
756
1121
98
992
49
475
264
1116
1230
444
801
995
81
76
181
130
66
673
195
266
408
658
893
115
540
350
1038
623
1074
921
76
1248
1101
295
171
785
950
161
549
185
241
586
860
405
519
1164
626
909
1236
855
317
552
168
1014
460
1128
1177
664
276
654
544
316
912
554
586
153
1214
756
766
580
374
916
819
269
646
821
593
220
144
796
31
946
194
982
472
75
1242
813
272
1191
638
204
950
1209
127
1131
1236
757
1116
556
163
231
432
1018
196
1172
1078
1169
943
47
904
1066
755
493
169
86
608
746
799
1100
1072
32
177
9
1212
527
822
367
393
606
412
269
478
327
356
228
832
1191
265
551
829
112
105
1170
30
1007
713
612
564
79
518
432
1013
157
1059
1139
77
1106
1164
507
472
1067
393
775
451
519
694
117
392
1051
1138
886
1093
180
211
1165
883
113
178
1090
837
897
478
479
61
822
540
961
432
313
606
257
239
648
1010
746
318
573
36
506
200
310
225
484
957
113
1216
756
692
1017
579
907
1085
174
967
877
1031
119
468
