321
1224
783
531
655
667
1234
725
1222
1149
925
891
457
998
88
980
244
992
29
1101
1059
901
380
1169
509
1075
605
1176
34
900
786
741
811
808
992
736
580
1120
422
52
1241
484
1223
89
64
154
509
312
1225
924
211
273
946
268
878
520
426
982
477
1202
996
668
761
843
923
83
366
275
853
866
48
564
912
1071
961
44
26
587
350
393
493
285
363
673
92
186
1209
360
54
86
1019
314
624
251
643
1186
639
222
364
839
796
1053
559
169
1185
767
621
1116
363
80
1171
1102
16
216
810
801
467
1155
135
863
705
154
113
456
1112
326
131
184
1130
1221
516
997
777
817
536
1119
803
384
1063
491
791
756
830
809
269
85
639
997
412
700
1010
156
103
625
1114
525
723
1035
1177
102
134
303
6
696
929
462
1155
688
74
398
961
488
349
841
1
387
482
443
100
1222
605
738
364
808
224
1006
318
707
987
1191
688
90
288
370
324
1141
264
444
474
1005
158
239
239
1056
430
549
584
169
1214
329
218
1206
599
1138
230
1066
1085
666
163
186
307
865
1184
345
569
602
1205
1156
891
1222
854
106
49
1123
196
306
868
796
89
720
148
238
607
73
344
1198
109
538
387
743
467
343
80
1117
617
1087
916
806
487
918
1234
188
625
1213
81
166
1107
937
749
635
950
986
651
502
1249
273
1080
811
133
841
790
964
1068
636
163
617
220
261
1070
1162
870
645
133
486
1233
56
194
51
349
459
832
549
977
52
823
185
237
947
843
917
854
109
103
278
723
702
486
1027
902
118
174
801
793
1142
423
1174
770
441
714
311
612
965
948
642
95
452
976
356
897
861
358
1023
574
1218
843
33
878
114
721
742
499
175
197
1213
487
243
568
155
535
650
868
1242
860
600
1113
152
948
171
1124
194
333
592
855
1168
172
973
768
363
331
658
429
587
998
871
383
492
552
688
407
1054
696
844
663
741
1077
913
196
688
107
19
135
446
386
112
764
499
1083
59
83
1004
628
178
856
807
1225
191
262
1013
431
95
497
887
400
760
1071
685
597
764
199
1239
440
263
327
354
701
25
708
849
304
840
964
115
121
62
714
127
614
1069
125
213
399
1091
587
365
1057
29
117
1093
751
111
1080
948
65
834
784
597
370
1244
167
1019
1242
1189
1180
391
975
730
337
148
801
248
296
582
669
985
93
605
247
154
853
535
430
271
627
903
962
1042
110
691
283
728
1080
299
774
793
369
183
192
488
1104
3
29
956
876
1195
1204
509
192
383
842
516
457
253
376
643
360
489
581
915
629
511
269
697
544
330
262
609
758
307
811
174
1126
1018
27
500
1190
1065
25
1059
452
104
163
166
1186
272
481
1091
7
666
754
672
678
961
397
463
552
29
661
583
1212
1113
447
711
231
925
768
209
952
2
654
682
998
326
478
1059
945
881
596
603
664
367
689
181
350
209
777
995
1209
519
1156
1006
840
955
17
725
102
652
727
315
990
526
299
52
495
1187
771
949
133
755
1136
250
712
390
825
986
914
814
306
724
1043
642
0
1162
816
347
951
7
754
1121
573
989
806
233
748
281
804
1244
824
406
493
780
522
174
255
1043
975
230
204
340
484
1213
149
301
523
71
632
145
418
200
685
164
421
1161
437
470
901
221
464
362
1112
354
316
87
1055
217
399
1087
375
217
444
919
1142
163
1152
439
1084
812
869
429
825
622
626
495
268
446
717
972
193
1245
634
319
844
749
894
652
52
161
759
937
393
374
749
1210
1066
93
410
573
1059
980
257
779
23
254
1207
62
781
81
357
346
805
449
1033
195
401
942
926
135
1123
1012
253
1121
435
211
1146
1030
831
1079
976
129
159
765
189
972
104
1096
299
73
55
538
373
389
1135
969
769
186
1039
881
589
1009
854
280
947
358
857
660
529
504
1113
1110
552
927
579
730
703
159
1102
1222
29
998
962
1162
481
62
1101
1148
486
351
893
1051
853
7
347
499
1222
5
824
1026
941
532
823
511
462
32
954
1174
760
1160
1074
631
462
603
854
76
927
1243
515
1093
230
273
936
775
955
73
598
593
506
918
10
1064
896
1122
787
480
1183
79
10
714
624
941
480
747
204
369
525
1212
949
369
771
951
812
885
215
877
587
1054
485
425
300
716
1181
140
739
302
447
832
1094
831
749
930
1002
759
979
434
693
1168
334
1120
556
308
86
945
1177
902
7
484
548
306
803
681
1171
1211
859
548
314
856
245
551
1170
47
6
382
222
525
38
1002
159
5
172
590
421
944
445
1024
460
627
920
179
397
521
662
510
638
1008
298
330
299
846
460
854
257
237
198
276
1238
1132
23
972
399
682
1175
607
143
247
914
596
594
141
326
1017
560
404
282
858
98
199
1156
1182
495
929
616
1013
356
208
865
987
613
237
811
1080
50
1104
636
1111
650
1148
427
1111
1134
930
1122
979
527
207
390
1081
651
899
403
531
1131
1127
32
234
975
677
479
865
1151
219
1099
571
679
37
150
1223
300
19
759
325
837
951
560
315
960
58
122
980
513
941
13
88
861
837
148
709
268
509
854
1145
556
5
81
481
1102
1030
521
450
971
1086
186
220
572
380
106
765
1012
575
1197
1044
902
866
232
851
1157
969
877
836
850
756
224
738
844
572
241
169
135
1213
640
480
725
218
232
407
1069
518
454
1131
471
358
197
550
97
49
500
447
1213
349
37
862
282
529
732
910
336
1152
137
1003
333
308
562
936
190
388
668
392
385
815
1039
1125
535
556
443
948
848
277
582
1232
1231
13
55
286
6
437
1121
526
864
807
680
583
383
1247
397
650
678
179
138
608
1247
151
702
626
533
336
71
423
862
961
798
1190
972
148
184
822
217
881
1113
1168
14
378
280
597
299
247
1011
909
530
84
1190
195
515
913
857
984
454
236
1024
763
51
989
628
337
1160
717
1145
397
839
504
22
1229
500
891
801
977
840
386
297
478
1242
329
935
1093
890
1190
132
506
25
1142
142
260
549
283
375
272
349
410
1190
575
510
438
617
273
935
388
811
766
694
660
82
277
1167
300
