70
856
781
745
1202
852
827
740
796
521
830
989
1163
373
492
165
257
621
821
1046
414
370
252
238
951
667
324
324
995
201
2
598
1057
926
82
781
1202
803
585
283
1050
1071
1036
818
485
452
959
771
1226
471
393
818
1045
1088
311
894
384
1161
469
1240
1083
488
91
772
690
1190
825
232
927
806
929
399
781
284
1178
90
378
1138
781
348
683
197
52
196
1147
1007
271
894
102
1213
241
285
221
817
493
802
152
219
115
979
607
1042
728
329
510
903
789
1028
539
264
1193
852
556
13
705
819
741
1163
1155
489
167
1013
809
657
1176
505
17
238
400
523
69
105
1021
240
1217
149
1105
497
1154
641
128
1101
307
592
1102
984
537
363
785
1232
780
1146
180
1206
549
9
636
1161
1110
483
902
184
386
956
373
953
372
791
727
1159
762
1230
77
806
477
12
213
1124
775
219
17
897
1085
281
129
69
704
66
622
815
921
836
722
851
1222
419
830
1151
916
13
1071
1239
981
297
900
405
604
844
325
920
1012
403
338
126
788
814
503
1245
10
1021
41
993
309
95
1191
1016
277
246
1190
506
255
907
17
480
577
25
624
983
963
1142
481
105
722
368
1039
1101
974
995
384
684
117
551
811
1048
1076
486
176
341
273
283
53
694
495
5
935
1122
854
663
635
117
632
735
430
666
784
916
61
1021
546
435
691
342
1003
1000
1205
901
16
371
757
201
653
333
16
610
928
1213
358
776
603
646
430
460
852
90
76
494
94
685
46
1238
364
739
912
630
822
897
354
492
234
764
250
253
951
134
567
1096
657
749
836
202
679
527
192
956
822
1178
10
872
1006
844
1004
621
278
18
403
936
841
1036
190
574
743
205
343
217
1075
625
635
1092
481
766
652
1148
1108
25
437
384
1179
1058
1053
291
757
181
1152
1213
946
340
254
339
391
1061
537
773
967
1219
756
215
589
426
276
399
248
703
22
261
517
842
1212
1031
1129
1035
525
973
529
909
349
803
483
1001
257
1110
1117
1031
188
1085
351
1039
139
240
1008
749
1172
964
1223
670
549
828
321
1132
717
833
305
1220
844
835
619
1162
569
980
599
648
887
397
487
1120
777
739
305
660
152
723
290
509
997
897
974
1091
912
461
639
365
970
1028
838
1214
51
206
252
1071
1224
567
346
1133
848
936
949
817
122
987
648
1066
396
538
697
18
32
108
1243
264
1085
1100
972
192
242
553
365
1157
7
700
762
1216
286
559
186
822
288
742
1241
487
988
460
981
1220
1091
192
260
183
441
723
463
481
733
931
662
1116
896
487
647
724
977
1037
275
873
501
1053
902
557
1002
406
1182
1131
1003
173
355
472
986
729
879
1145
219
288
1134
709
372
31
115
1207
681
1134
621
617
235
419
275
839
208
973
114
276
529
991
1213
493
114
1134
165
429
597
967
954
1022
1116
213
115
761
125
448
145
1250
304
530
88
501
678
706
237
630
425
931
1208
947
1209
31
523
639
1042
760
139
78
153
31
601
884
428
1227
639
36
955
660
1079
669
35
178
83
432
920
398
982
729
689
829
250
24
77
228
1100
504
579
976
487
1179
780
923
661
1102
931
253
1115
809
899
962
1194
742
512
998
462
589
462
1027
781
160
184
788
760
963
598
899
758
1182
523
131
731
442
371
1053
295
761
1079
218
126
556
60
156
287
903
161
542
303
413
548
928
148
1038
138
1052
548
407
101
1057
552
1113
659
373
1206
703
107
277
524
923
998
1132
1132
639
365
869
244
1166
679
710
45
415
604
329
1170
973
805
574
925
612
213
281
1173
466
248
580
1198
775
292
59
488
710
26
545
647
76
1014
288
1197
263
113
1073
80
763
136
1165
914
203
605
1146
48
631
860
524
777
1211
806
164
311
277
989
590
866
377
694
252
492
1205
600
1008
108
854
1026
786
575
1085
93
86
108
84
627
1073
321
900
142
985
662
581
783
1167
195
1162
734
326
100
573
529
207
672
253
1109
100
854
313
390
493
480
970
1244
533
1225
1042
438
823
1043
655
435
526
521
677
10
62
529
105
848
23
6
538
774
582
602
334
969
554
953
806
1164
196
225
686
223
174
796
1219
623
576
915
370
695
467
235
1104
1109
1088
965
1092
997
863
906
419
951
1235
784
1141
455
560
1232
907
633
509
570
1180
393
346
839
2
605
584
501
558
984
634
870
830
191
797
988
1152
438
856
1032
128
799
848
42
773
21
793
650
335
1019
1038
919
948
1054
30
193
788
757
240
640
692
581
1112
1185
530
970
989
819
994
296
182
394
202
1046
288
210
501
1160
794
548
443
830
559
293
662
989
1241
921
988
384
1128
285
121
152
446
626
1053
692
251
1161
231
328
421
696
1202
1155
32
846
522
1002
486
1030
1130
1219
20
371
414
98
420
565
720
165
171
1184
838
171
102
596
1169
669
1248
174
132
982
483
718
1106
475
1070
1066
959
713
326
1214
997
1208
374
1115
518
805
1022
719
671
614
1162
152
1237
17
1079
1250
361
137
283
825
599
234
1234
62
1108
482
233
561
1142
1070
406
712
1181
559
623
1119
785
878
1175
1066
267
913
569
17
521
531
534
373
234
531
457
902
267
1026
1181
703
577
238
3
25
300
371
691
311
448
738
818
831
384
288
162
1226
785
430
759
464
1194
1103
355
197
1014
861
930
441
875
430
1048
611
1090
135
264
482
301
254
863
601
1042
1000
1050
487
1123
508
612
776
1186
567
466
767
532
2
532
34
475
1090
264
248
47
585
492
195
702
776
151
1127
323
938
325
1229
986
240
99
920
998
1201
199
1133
156
1054
882
813
13
1124
896
955
507
1113
968
290
1028
642
427
988
1177
134
1147
7
1031
84
1072
580
167
335
1061
1125
1164
1103
5
716
1012
1202
112
286
1116
1018
607
1067
1099
383
757
470
109
523
848
75
831
722
234
820
252
428
627
342
1237
1156
631
446
633
22
264
92
1167
882
626
122
800
1189
639
633
718
182
794
414
578
904
882
1055
172
1055
810
675
724
993
693
663
805
587
499
290
889
263
1232
207
266
255
784
709
395
1085
85
483
1042
716
485
796
109
808
472
