435
620
784
8
566
129
1096
23
1122
1092
1162
1142
795
520
732
1161
308
649
186
124
827
908
350
91
785
104
390
366
618
67
613
34
0
721
784
598
474
850
818
328
948
1083
1083
555
746
534
545
54
445
1171
465
360
13
542
1056
974
214
295
795
810
1165
973
65
461
1186
133
227
778
360
854
89
972
836
555
466
1064
770
65
949
638
545
1200
752
132
811
864
218
504
746
808
832
661
138
834
868
162
378
3
769
170
354
298
634
674
636
430
644
1071
663
895
120
772
649
635
455
538
444
220
22
765
247
89
395
916
818
230
405
1018
290
1062
538
561
864
69
103
217
188
1190
14
839
906
721
1022
300
819
129
287
368
893
921
510
691
137
359
24
691
121
749
992
1244
471
128
894
848
390
176
1173
942
199
392
351
167
108
912
839
118
720
426
1170
183
29
121
946
66
1104
394
267
1142
257
832
111
748
782
292
1241
711
1032
659
842
1177
736
1214
157
321
819
263
747
589
1198
684
916
710
1075
923
908
823
533
1123
289
1045
378
168
330
503
1112
754
1108
575
437
630
1170
1
906
800
653
969
381
902
100
520
897
110
614
30
915
282
830
592
422
650
1060
536
1143
884
1167
919
1080
1243
536
1133
946
1106
886
775
836
948
474
1073
27
33
1173
782
1225
270
142
823
80
519
839
1191
318
112
540
1147
454
133
857
191
112
1136
830
990
1132
177
506
578
884
320
60
1108
1149
123
1199
1028
459
1062
298
859
1046
1236
1093
729
1218
437
353
1117
807
890
833
1137
149
711
685
404
233
863
262
910
472
557
103
291
461
836
156
515
1082
362
227
264
549
1090
391
881
1215
671
1103
790
1148
75
359
310
184
1192
211
116
822
78
274
923
949
532
2
1029
797
939
626
432
158
505
829
59
802
970
136
694
864
178
613
249
395
43
581
1200
1222
917
1115
199
241
602
45
193
1013
555
553
1163
718
1155
192
1083
1016
776
99
305
819
502
875
1210
1040
665
337
910
209
567
978
473
959
201
1246
911
719
578
617
98
1191
1173
1108
129
1130
925
1172
202
850
184
918
82
782
366
726
151
117
60
976
789
574
505
389
696
577
176
1035
975
729
1061
509
68
593
379
620
435
521
170
829
1227
187
899
424
133
172
138
537
343
268
694
103
234
155
374
821
70
1058
373
562
242
625
863
188
640
1053
901
619
29
975
248
630
203
721
87
1021
1005
590
333
324
583
359
917
214
842
978
1044
113
896
1163
973
718
437
6
296
475
491
431
204
198
62
1023
500
1032
355
197
257
827
681
1025
57
1150
1042
501
445
356
631
661
457
279
194
1
735
552
489
221
926
1145
1188
669
137
950
683
460
789
733
286
104
1121
1043
59
261
1196
378
467
933
309
1052
923
586
215
892
728
568
157
779
896
769
173
295
876
268
841
408
340
455
648
735
1011
226
29
475
348
476
242
955
54
252
1086
337
334
820
1113
1120
865
1122
178
497
411
198
510
148
943
163
421
693
92
475
674
1191
100
826
521
1193
560
144
130
590
290
100
977
315
317
537
180
654
1007
837
958
424
1045
948
549
300
433
930
242
461
630
88
133
901
522
658
324
1097
1189
894
1085
1038
1005
234
98
849
1085
152
488
166
826
394
593
423
228
326
383
42
15
714
160
584
879
528
67
746
408
362
89
98
1247
512
916
256
1137
390
178
848
608
906
1015
796
371
963
903
741
59
790
1056
442
1124
934
966
931
962
1069
558
420
681
823
962
459
439
793
545
273
48
336
1245
696
750
806
138
341
1222
27
138
747
854
229
787
658
246
1171
964
588
24
5
789
495
1145
1231
103
185
687
982
30
714
402
270
1135
900
1082
1117
462
129
323
653
1108
106
628
830
634
261
1140
1134
487
596
866
764
335
819
925
211
509
294
45
371
754
922
1028
648
505
105
171
245
57
150
411
501
1066
1181
901
935
174
1047
215
403
917
744
478
413
195
483
237
979
1011
793
1055
1179
209
309
788
543
466
1206
973
382
1232
736
1166
46
333
374
194
1045
680
905
119
297
866
544
1205
777
911
225
191
196
495
1234
1148
248
219
255
560
630
18
948
1086
186
1129
1221
1190
482
1074
667
910
1194
387
1069
492
926
20
1172
1136
1183
773
395
641
828
129
919
290
950
1166
506
221
215
1162
421
928
651
1044
40
375
595
1112
708
327
344
233
569
906
908
203
273
1222
492
531
745
1093
1001
634
934
834
612
440
1148
954
1211
365
572
600
1116
1064
1076
951
200
155
1227
54
496
308
689
421
887
292
82
297
739
611
30
745
373
146
892
833
1063
423
1177
1134
829
788
1042
190
444
554
501
92
1233
800
491
108
88
556
633
1230
291
799
186
514
924
498
621
379
1018
590
414
9
484
393
55
994
501
699
635
773
711
354
99
133
482
270
519
686
1062
543
853
911
92
322
806
1143
527
403
1007
378
850
854
707
353
82
266
373
638
214
723
106
1006
1209
764
325
932
8
1130
293
253
1162
601
1042
4
41
1116
134
191
146
649
303
893
376
219
873
1036
944
456
73
943
735
378
878
505
671
346
777
412
370
128
630
453
173
101
30
909
478
1017
452
1088
342
861
1223
720
424
704
156
382
1160
856
521
1087
786
1166
1060
1080
292
376
200
199
985
413
74
441
1243
842
899
1224
509
774
429
862
192
886
898
619
125
511
427
870
168
393
490
1016
398
1158
1059
198
1113
260
487
756
385
1225
1044
59
780
358
1156
1132
1035
478
1157
327
834
429
1154
511
845
815
1217
835
411
780
789
861
847
700
599
916
669
655
297
390
382
436
1249
744
113
996
683
855
684
20
698
1150
582
589
761
1193
668
50
205
305
418
151
1111
429
606
923
849
435
67
673
917
802
527
868
932
24
203
160
792
115
276
382
430
711
540
758
662
713
688
189
634
28
91
112
1184
129
218
949
987
710
190
1017
736
218
1087
864
27
1213
1097
326
803
659
212
405
1238
199
512
528
945
320
688
1153
400
766
362
491
471
892
425
564
189
594
217
1191
81
785
690
537
