180
966
106
98
760
310
1102
522
195
786
36
1061
1161
1105
172
402
412
493
365
774
555
49
152
715
906
701
1008
769
631
967
533
594
229
772
1019
176
1239
471
194
932
902
1109
618
247
625
266
150
1023
1097
2
358
821
346
607
1050
821
446
36
102
1123
57
990
329
469
654
574
146
1022
495
375
960
1127
79
1215
82
619
511
539
835
458
1037
1151
527
1015
729
255
439
775
627
356
514
921
700
1226
798
1242
63
1116
92
342
831
897
936
646
177
422
431
745
208
571
887
759
965
873
5
659
804
215
962
645
367
440
566
242
647
670
1001
50
582
147
1194
1207
941
720
508
931
1206
621
282
903
1025
68
250
314
685
811
611
1190
407
55
983
1057
1074
285
438
751
449
960
1051
755
2
536
711
103
857
279
1236
725
503
666
1061
589
701
433
554
507
492
314
985
765
281
728
1017
990
434
832
661
1102
349
1224
705
928
892
387
1194
982
608
498
48
522
330
118
130
221
385
774
918
1224
174
1217
865
427
920
220
639
886
414
789
393
525
951
786
212
376
71
773
423
188
95
838
987
773
833
1097
661
1241
658
292
932
144
884
1012
42
166
419
1093
1224
537
677
1046
254
231
977
1133
89
94
929
810
1058
255
831
670
349
961
871
315
732
1124
887
650
500
1066
275
77
24
1146
683
727
1108
475
1136
918
649
1232
1196
1179
780
1068
370
555
342
812
964
948
719
565
94
600
820
328
77
437
828
266
460
1220
856
655
1212
889
559
249
709
403
166
1049
1237
226
479
183
158
863
661
438
625
253
192
921
1229
878
944
20
1233
145
153
469
71
398
109
871
60
1098
769
181
1047
621
1150
504
184
1163
1036
1132
981
29
1165
743
1092
1162
903
547
609
494
553
323
246
1009
601
164
1051
26
653
11
517
1094
857
291
94
671
962
1030
655
1221
1095
608
1182
18
371
14
967
1160
323
1013
590
856
159
87
1099
148
792
756
929
183
295
1212
882
366
996
450
549
236
391
824
803
359
519
957
685
1179
300
568
1114
572
48
498
973
462
669
686
961
299
276
1224
273
280
20
1197
761
332
1001
1072
116
48
616
192
927
332
54
1006
427
861
710
862
385
601
884
1248
970
213
5
249
1172
974
760
775
316
260
874
681
1158
728
436
968
1036
547
6
317
194
36
169
1141
467
219
1103
80
784
412
397
516
231
464
350
652
890
822
645
327
203
342
614
338
576
920
5
99
1073
862
382
340
680
1173
1130
1006
928
958
1082
144
476
951
842
735
123
1062
621
661
1017
417
408
613
537
1090
723
200
304
1242
1029
123
941
659
139
76
665
249
673
863
466
1025
638
641
708
625
795
116
305
27
707
155
1147
833
143
515
1233
832
986
900
730
886
1112
531
670
1228
538
84
685
779
824
366
1087
164
315
326
306
641
177
1064
884
689
998
626
638
407
95
852
997
64
16
796
644
470
48
779
1077
362
584
949
269
666
62
865
418
126
31
1006
400
227
492
1150
92
102
515
697
144
1238
530
816
674
800
47
1186
488
986
185
69
731
155
980
1247
0
142
192
802
513
200
38
862
491
624
785
1123
1003
358
92
625
1197
939
982
1076
1101
1224
561
1032
214
676
815
1121
285
1201
1204
878
313
641
1064
335
959
575
751
957
723
775
86
841
721
268
198
391
475
319
347
299
741
1081
987
1235
1184
916
723
511
897
582
727
73
101
46
320
518
75
292
68
549
318
239
80
301
1004
969
773
856
856
1059
1157
611
995
629
980
1175
399
1241
1074
707
803
223
91
527
713
1177
545
847
874
1143
446
721
335
44
474
91
1013
711
916
185
884
302
439
1164
247
107
589
180
262
667
684
635
814
304
145
911
416
227
231
553
648
1062
873
134
535
239
25
468
388
1230
914
1219
929
1025
519
425
781
1106
84
637
16
883
1124
1148
173
1036
772
466
943
935
232
629
471
1073
1043
1066
673
798
588
131
686
273
1238
716
1014
961
644
306
36
62
127
895
941
68
1014
963
1201
383
440
61
1234
219
1091
1017
254
692
21
871
119
505
938
810
903
648
65
476
549
1230
1229
642
1095
145
129
376
268
148
390
990
510
557
54
581
990
594
992
214
1082
217
851
235
213
458
1072
708
730
628
1218
779
625
1129
330
1228
750
580
1008
234
634
813
664
1042
1145
639
300
539
1002
438
1105
779
661
935
1046
949
292
756
866
677
33
9
402
600
448
544
1124
63
1201
839
690
563
60
198
995
870
435
1235
686
958
708
806
386
1024
394
270
562
1211
130
1011
1013
1240
483
327
347
596
397
664
1073
840
436
772
1079
1241
306
853
44
287
345
875
406
1113
934
1104
265
409
93
192
861
211
561
735
290
574
549
218
818
95
421
325
638
509
75
623
448
1169
910
1213
732
62
110
618
1082
368
944
865
1128
238
1038
78
665
1224
783
241
997
615
271
44
906
202
222
791
108
248
960
1165
881
221
1173
522
696
658
925
1086
1163
1019
205
407
1002
1249
298
305
1211
579
218
887
450
113
503
253
1052
136
336
799
666
1044
625
1012
337
835
557
1156
768
1234
748
202
877
569
333
646
1106
363
218
327
606
794
657
389
449
539
384
393
1139
792
361
995
448
103
294
1173
792
140
413
851
401
1201
1103
736
801
581
1085
970
708
659
1201
893
448
780
502
131
1095
997
1200
137
478
412
972
721
150
661
1147
1218
528
983
1055
908
927
91
360
919
399
117
224
165
144
1003
1074
757
100
539
345
361
834
521
18
1204
67
620
233
1173
964
802
863
287
221
1165
843
533
677
277
34
63
664
184
46
85
1129
337
948
854
859
65
377
1122
155
1226
615
195
1041
1214
206
438
108
454
213
697
1134
768
1020
23
859
879
134
312
37
995
1153
163
1076
1196
964
58
401
599
1044
622
549
585
465
253
558
346
91
1220
303
1235
700
1222
408
196
617
692
831
709
279
1123
686
871
336
175
426
320
1044
1115
471
698
582
209
619
617
965
1229
1145
89
160
577
435
20
690
272
253
4
94
328
730
462
921
730
517
1225
572
368
867
70
427
1022
