289
782
869
615
949
497
768
449
805
668
919
128
899
34
598
653
39
152
802
963
573
741
1232
939
949
843
138
1229
719
773
136
83
533
827
142
505
474
966
49
1169
761
1074
709
1017
683
205
1086
958
708
569
470
542
941
689
762
141
635
330
1106
930
845
129
1023
720
341
727
4
788
989
1032
500
280
1103
1177
934
729
1055
446
491
673
528
1032
564
1027
347
252
649
47
595
1218
705
446
296
695
1179
515
1153
1044
128
177
768
132
1196
545
1145
245
364
600
1113
1149
1199
944
256
849
894
905
948
83
209
921
555
75
1038
146
367
278
813
841
770
672
275
511
1115
685
130
626
207
267
624
971
1120
566
701
536
349
982
1010
523
505
713
859
1231
714
420
245
1213
981
840
150
119
430
648
507
125
390
255
1178
10
640
784
73
882
281
711
1144
6
1033
232
296
56
1167
157
409
550
672
627
992
7
646
1107
574
924
979
467
312
1029
717
1000
308
1007
177
282
406
1113
868
831
62
94
818
408
718
402
971
761
143
736
1173
762
1121
538
1027
374
929
1032
145
458
1137
259
562
721
708
773
799
1248
771
133
469
1185
168
870
889
58
1054
440
49
319
616
23
1142
576
767
315
336
832
2
116
684
274
678
20
44
161
893
806
1039
80
10
798
550
382
178
1174
898
429
134
707
393
873
50
956
765
311
177
210
298
293
875
972
465
681
228
252
988
228
1010
55
183
988
1113
419
995
945
837
1048
1025
1248
182
660
278
887
854
711
1070
641
670
775
50
531
355
1151
379
184
1142
16
871
484
1145
1146
501
352
262
786
325
1142
1237
546
1001
918
1248
20
577
403
1100
835
443
365
1124
307
77
758
742
552
872
325
1053
174
342
796
327
435
304
354
838
863
237
797
584
908
968
1069
945
580
397
428
600
1101
355
1142
740
813
703
141
283
578
361
496
253
219
969
865
1093
210
960
184
288
935
484
609
148
738
830
1224
354
505
0
20
937
1090
732
1165
981
211
1034
468
1151
462
453
199
149
283
987
936
767
762
816
935
882
716
713
1249
828
626
188
98
206
515
220
409
424
18
1103
1177
1121
215
688
1171
831
397
1191
1238
374
1208
896
165
103
374
389
230
879
870
30
1024
216
975
1202
882
985
1054
189
1193
107
225
904
566
1095
874
245
166
204
67
700
505
783
536
991
203
1229
683
154
295
377
1126
779
368
893
898
481
530
527
1134
221
174
1180
1127
844
593
3
709
156
201
531
295
698
155
282
260
970
73
699
844
409
218
846
1241
871
977
995
885
1156
613
827
1010
678
396
796
399
450
697
903
1111
1198
1135
1216
97
1064
384
741
745
191
28
1027
962
620
699
1153
514
1030
133
480
657
353
424
645
1145
1090
733
677
121
699
1227
301
645
921
272
905
41
176
794
378
339
611
938
249
918
488
1221
328
647
777
1152
1101
418
690
182
4
249
361
1
461
82
1074
1134
656
969
1225
299
332
181
522
906
824
1241
218
329
464
270
213
182
29
1084
329
369
1012
327
722
299
1238
608
988
744
496
61
1067
613
971
118
907
505
379
111
257
596
433
1107
139
986
563
965
1009
1041
274
749
1034
985
255
294
409
88
836
1197
799
1128
959
923
591
126
289
517
24
846
1122
902
418
896
808
845
686
194
91
1107
206
940
700
279
623
840
226
679
1020
451
240
604
1047
964
276
1219
65
952
899
253
967
143
953
55
269
279
350
828
327
256
112
376
761
1205
194
0
80
1203
852
812
173
282
904
32
491
1076
936
1194
396
637
439
913
1130
402
788
689
529
149
957
919
1105
419
946
1185
927
678
804
1188
1214
578
9
206
857
778
1021
364
458
456
1095
1090
10
629
204
1015
63
294
161
22
680
959
287
110
880
38
509
2
1082
924
744
287
984
973
654
996
1074
218
170
228
987
188
416
570
651
48
949
334
988
727
999
720
493
253
1069
751
525
868
527
1097
231
280
782
610
422
1096
1076
13
63
669
69
1077
101
384
988
1137
962
457
798
163
909
428
1073
563
412
515
35
874
592
891
615
422
947
1070
210
454
348
1227
364
267
160
970
707
395
634
1003
615
1122
399
519
892
649
1038
763
1151
126
670
1136
282
664
589
1237
960
634
1010
151
864
824
770
946
19
76
668
465
1213
744
1113
603
378
291
860
313
1131
710
729
226
1145
390
365
233
708
1050
1006
872
818
1119
858
94
825
129
52
1024
249
236
102
500
370
492
29
542
1138
907
551
619
913
111
558
761
1043
771
172
494
904
625
1053
945
1041
425
162
56
985
858
266
806
252
1171
1227
316
1195
14
279
1040
616
292
1109
859
51
2
915
267
389
396
118
708
1094
1144
963
490
684
813
749
1205
984
823
398
701
89
982
535
1121
325
284
411
1067
309
484
929
1018
435
13
229
1075
603
505
943
966
782
1027
49
611
786
1023
8
249
111
101
88
1013
436
6
752
169
563
296
512
586
151
667
1054
242
458
27
486
10
618
1186
607
1135
1209
796
575
596
174
659
1163
679
355
469
746
1222
906
1081
307
210
1149
617
153
446
568
680
485
188
52
671
789
530
464
876
888
240
378
724
1164
214
770
941
76
253
202
127
67
467
477
1189
693
904
178
334
563
508
1070
188
916
1227
1241
1200
742
532
109
271
1045
240
302
6
951
1220
925
117
657
1021
852
5
695
1035
191
1219
406
844
623
173
498
124
930
1077
902
890
918
473
687
183
454
800
1209
285
303
296
951
750
902
1245
1230
344
200
56
1054
383
650
99
627
1246
608
1084
125
68
831
942
1007
1222
781
931
758
306
128
388
172
812
748
399
844
806
296
535
554
276
257
78
92
232
1121
961
379
927
380
1131
951
357
658
793
223
830
380
87
472
1120
714
1141
150
897
371
390
832
641
261
308
434
712
1122
475
613
956
1096
733
720
484
1117
627
1059
628
755
344
158
955
244
764
1059
857
1121
838
180
951
837
172
413
843
682
55
468
1189
982
1224
558
201
381
687
33
654
709
851
666
674
523
473
453
203
1016
226
94
513
514
1242
337
1026
