1112
919
890
291
418
1245
214
238
214
1221
566
560
130
1078
1235
775
1179
1221
735
276
697
685
484
251
141
342
80
1019
661
29
497
180
514
280
1045
438
941
561
1209
307
432
268
556
349
889
405
634
104
124
450
54
488
313
1084
1036
831
568
982
593
1202
564
289
294
578
325
755
151
522
1197
987
1047
319
902
146
378
608
540
1124
212
407
887
133
994
653
214
707
735
725
1245
1106
319
104
302
1237
743
689
326
741
762
443
215
1124
710
594
730
177
839
1000
1102
673
359
219
490
1132
86
987
738
994
949
69
481
820
661
1245
1059
1117
432
184
430
744
873
494
693
517
118
524
355
313
5
741
1190
681
259
8
1006
451
943
586
1166
145
318
1027
576
894
440
71
523
1195
1208
716
114
746
1022
642
470
634
884
1146
553
1168
22
1096
1188
828
196
675
670
804
24
636
615
93
341
821
140
774
312
204
1136
28
1179
1084
500
1040
665
86
213
920
984
396
1203
601
1134
1018
1052
513
1127
1034
320
548
1105
388
288
62
199
463
1190
926
388
866
134
645
1150
617
409
1166
346
851
314
552
429
656
164
378
558
375
570
488
458
5
188
878
1241
1024
457
937
573
1153
1231
1100
1143
447
599
627
1098
810
686
357
511
433
606
838
346
1125
460
646
600
1246
268
649
915
704
668
1213
304
1176
256
52
934
1201
615
1047
297
319
648
687
632
537
1249
452
3
685
1132
488
773
985
1065
475
342
1142
640
631
248
22
1239
483
299
1008
1153
1245
884
355
310
633
823
169
1142
510
201
730
1029
26
1131
911
263
898
870
546
1071
988
196
441
1048
1075
913
497
170
564
459
199
117
1015
1013
67
423
599
802
1062
781
1180
1066
1201
228
564
726
691
643
112
624
318
570
1072
554
773
1104
1089
370
1081
503
115
748
879
793
641
183
1111
229
963
456
582
767
483
622
435
125
338
874
567
44
777
923
701
267
774
1216
160
524
62
994
54
972
781
1037
690
789
214
473
1236
609
957
1056
147
132
631
597
715
381
327
676
651
42
909
449
240
413
904
1059
898
232
24
849
372
87
886
1070
1159
189
1172
812
949
101
493
990
1058
612
904
405
50
1201
601
551
1122
421
259
20
807
903
249
893
1114
265
1239
802
406
734
1142
1228
113
839
1246
749
760
174
647
770
754
1069
199
976
558
719
585
297
963
481
813
496
815
65
1149
18
764
728
507
350
1008
723
885
820
868
65
75
456
1079
910
766
303
108
164
656
882
575
1129
660
1196
17
546
72
249
394
527
1006
656
435
1188
1211
1215
737
1119
248
726
165
280
1172
33
1205
174
1121
267
754
1150
256
568
119
1037
881
1137
927
80
925
180
719
1068
1036
133
1220
1015
49
583
786
811
626
684
314
618
1118
766
219
297
239
240
962
174
784
508
563
1017
152
879
428
1104
815
349
971
1113
291
27
58
1188
1130
952
475
563
915
148
1185
526
619
965
619
734
554
799
938
1086
930
490
794
702
499
954
628
682
250
1073
177
449
70
460
961
1118
786
1062
594
79
1111
1019
196
819
366
188
1202
786
973
389
61
89
385
779
46
1017
819
1044
200
2
696
177
892
72
844
405
1047
481
366
534
244
656
232
477
40
329
296
569
735
1225
355
259
368
1130
797
104
37
1001
748
299
1140
453
173
369
1110
1202
850
39
811
568
1249
798
444
1066
893
830
999
1110
105
269
692
588
247
1166
1067
97
779
1112
1007
1200
478
352
305
197
780
1026
951
422
427
1249
246
104
393
801
229
552
899
845
171
1060
560
922
1042
1064
90
482
741
8
816
867
154
196
380
696
170
644
950
678
766
1040
228
404
565
821
649
877
453
857
588
1096
794
1022
1001
4
391
668
1060
331
270
184
124
443
1087
183
47
7
1195
401
195
962
879
309
784
806
648
756
210
466
417
761
1070
1213
963
622
231
306
1038
1175
1213
502
511
547
734
217
695
246
675
1009
340
1213
1012
883
784
1212
1021
622
123
146
912
189
1005
166
470
307
702
591
642
194
380
386
1112
372
485
111
693
771
1046
1170
844
330
488
1123
1067
453
736
898
490
1195
1065
1067
4
344
437
383
1116
850
759
754
509
1173
794
1058
950
966
292
402
978
1068
1248
403
905
819
1118
286
636
252
782
510
680
1094
825
1099
1078
611
403
568
1040
290
1184
841
1135
330
101
917
1182
211
673
578
446
985
940
660
273
511
795
310
131
767
1005
955
1175
594
786
346
625
219
308
160
272
971
626
1066
1101
378
1147
670
545
1201
138
334
915
1221
191
13
153
919
1105
295
422
160
1225
864
606
330
286
755
903
119
832
1199
254
413
579
455
903
915
691
380
904
73
1121
393
215
485
514
851
128
890
462
1121
501
731
215
612
724
1158
1059
972
322
1236
968
1171
940
956
474
321
934
242
830
1220
748
98
1206
218
776
20
794
935
785
1211
112
284
693
891
249
398
734
734
434
1142
1161
445
713
834
276
752
569
156
830
252
477
351
353
613
153
717
1061
982
1007
1015
1183
450
477
827
1165
1213
235
1025
862
536
57
992
1080
260
304
135
1012
642
521
1130
576
884
969
66
752
43
444
670
668
838
404
88
803
1121
4
1177
172
783
662
476
1069
635
814
195
1244
470
782
875
1176
1023
812
564
410
687
92
374
566
394
1204
664
328
976
1174
1197
626
521
98
381
260
708
1098
1170
1046
903
12
63
568
536
582
1020
988
59
664
812
392
1133
140
707
69
1104
739
1181
960
744
6
319
750
542
839
52
121
515
853
602
317
1142
1129
838
1240
474
1068
880
994
425
382
897
330
841
1169
595
279
294
965
116
726
1044
1176
1161
881
859
510
938
498
700
868
604
999
365
1090
840
820
847
998
136
1155
514
764
387
117
1004
365
200
485
932
49
18
968
45
584
314
620
441
157
428
697
266
1001
182
939
402
954
802
1217
920
113
730
426
397
811
146
209
968
1047
833
607
995
135
725
125
1024
570
1142
244
263
212
954
776
1081
299
436
594
922
553
422
1045
1007
906
223
922
163
527
223
193
16
1092
613
55
1145
415
381
1223
732
716
640
1074
