239
777
980
823
1024
1119
1164
1095
915
293
1235
633
446
453
274
1076
521
247
1239
96
673
706
1094
387
740
709
69
931
333
265
99
388
322
839
1026
93
315
566
878
108
139
633
837
374
267
834
32
693
52
808
960
285
980
299
1149
167
182
543
1202
462
1133
917
505
1230
1238
330
465
1146
317
86
25
592
531
674
583
539
1174
32
909
652
70
307
617
805
1087
539
607
175
1153
868
221
325
926
819
1215
22
708
917
806
813
98
938
451
419
363
1194
672
285
1220
999
1193
334
1207
887
1008
976
939
847
644
881
297
1247
598
1203
469
16
515
651
1107
903
1010
652
1143
1029
189
844
984
196
1151
191
689
216
669
312
1008
1042
161
1110
1139
1236
840
278
185
505
890
325
62
65
1003
539
935
949
589
477
479
1077
449
708
586
196
154
1185
909
374
972
930
128
659
1247
898
1246
752
871
1245
731
1148
941
751
1135
669
101
1098
96
86
618
1196
1007
1072
1220
470
796
258
1033
596
763
1147
585
617
130
44
1250
239
775
958
278
600
650
1184
632
483
1220
411
800
611
427
955
1152
923
39
797
1062
813
682
676
355
187
720
357
218
737
1172
651
1240
153
1158
36
289
1048
74
509
1051
16
686
401
840
1005
1038
602
1113
60
785
947
1079
665
1167
888
1242
341
1211
507
1036
837
578
231
73
625
508
588
294
180
1092
1096
996
59
203
1108
690
800
586
763
165
941
201
873
1191
961
309
508
747
755
478
334
156
237
297
626
22
962
930
204
330
919
1124
922
0
837
391
842
707
794
216
882
1133
1137
238
199
565
927
734
673
313
594
134
11
3
64
1193
1226
900
1018
757
782
901
474
76
248
316
1116
1125
427
944
322
98
530
696
1004
1122
1153
610
435
426
216
579
1055
85
1025
606
880
155
280
14
877
720
739
964
858
344
418
388
1037
173
128
776
182
772
1084
1172
417
356
252
452
690
428
269
353
403
494
987
847
18
743
1189
877
860
100
584
564
195
1110
131
467
685
1159
1070
450
563
748
608
689
721
917
909
604
90
328
294
227
352
891
185
326
793
1213
877
393
301
738
630
437
674
235
109
961
243
717
876
232
373
569
505
337
1002
1091
1014
423
114
244
153
1247
928
261
31
330
22
665
516
1176
470
1139
103
355
283
1080
1182
425
125
826
192
1193
1003
748
646
1172
131
419
387
692
852
630
152
645
459
913
874
417
189
887
728
831
1089
1059
163
1104
658
389
406
328
1115
666
1045
156
796
1226
1159
1191
773
770
775
412
921
1241
927
1034
60
513
760
933
670
816
1015
775
452
557
782
1064
271
978
453
428
655
295
282
179
266
959
1244
1053
1149
634
21
836
1193
116
145
886
568
1073
682
1026
26
824
510
365
397
295
648
610
1235
74
535
356
168
719
347
1078
1006
577
160
1092
359
1223
211
1010
55
334
285
655
1053
407
732
289
358
80
714
916
351
839
745
523
581
369
234
1184
491
906
688
373
246
1131
969
479
1246
273
738
382
823
1015
1225
889
978
1168
260
825
608
1129
681
891
268
1046
105
370
407
6
1173
1157
728
902
302
622
746
853
368
1032
632
917
631
457
319
1193
1097
421
259
90
801
1002
558
103
982
86
985
391
578
1147
241
551
896
514
334
778
1161
971
541
425
938
767
339
838
272
774
546
418
1106
212
1017
25
601
1049
368
237
975
86
1157
479
851
66
1107
462
504
857
910
1
382
248
185
1025
448
626
407
106
633
753
265
197
624
226
623
700
464
408
48
1089
546
203
30
810
1183
144
421
902
1062
468
476
634
1026
536
1093
510
2
802
86
63
339
1100
1129
380
461
658
315
61
225
695
261
470
324
277
250
70
974
280
1221
234
524
1010
192
522
0
275
427
48
373
627
590
76
905
82
927
476
930
280
1048
1194
140
1170
446
881
312
659
81
838
472
179
890
309
71
743
950
936
332
652
470
1009
1053
363
316
1068
312
924
1153
428
904
446
244
701
342
687
705
772
354
188
1097
336
795
437
27
407
501
822
903
101
349
782
309
352
139
1196
1145
620
982
926
756
217
547
668
968
1017
628
371
1207
708
500
387
114
71
7
692
856
1005
5
539
736
275
289
369
903
260
8
1006
196
293
947
1080
216
11
397
563
1140
251
328
298
1039
453
533
407
404
609
513
190
266
1067
971
832
921
652
326
799
450
527
626
254
699
826
164
64
1211
499
756
278
1216
578
177
169
1242
333
787
1040
226
1033
870
917
1113
1176
280
175
114
1003
280
1033
871
391
1123
625
518
902
1150
119
420
450
334
1047
67
897
72
1
275
866
1163
730
117
1131
255
1228
1118
607
1180
19
1211
679
125
728
971
553
156
836
1086
129
374
453
1045
877
168
962
783
493
723
572
954
225
1194
384
991
850
1124
285
766
285
380
441
348
932
391
643
126
278
630
1209
820
590
873
296
46
1057
491
9
1038
786
411
557
569
956
1221
137
1042
885
785
1024
281
904
551
227
794
65
350
304
1159
947
117
1195
194
114
953
653
217
1245
1094
155
502
793
1076
353
1177
1043
62
622
291
18
556
236
884
522
488
380
866
754
122
69
131
900
1155
256
247
1135
856
171
222
156
651
773
261
368
1029
814
1002
176
1017
389
432
604
1087
269
703
542
644
134
1113
660
831
907
980
1059
125
102
369
950
289
973
487
1113
383
1096
355
492
1198
466
1207
1240
632
806
349
152
631
247
44
127
754
1239
247
115
313
1106
752
391
249
408
1153
113
1140
902
182
378
1034
1199
1116
383
993
216
822
79
1047
908
855
802
683
798
1219
806
462
999
936
1093
663
266
612
967
720
137
229
766
82
337
574
371
483
202
1067
832
417
511
1004
20
447
1098
1237
249
598
734
544
596
387
167
102
202
579
27
581
1181
1209
207
373
690
741
180
289
126
61
270
1173
31
800
1067
67
913
446
507
1089
697
746
475
470
215
594
525
896
306
2
619
677
455
424
1215
704
55
567
842
1005
812
251
648
718
950
714
948
1191
1077
656
1142
566
385
1250
920
445
674
626
729
800
164
860
624
802
325
404
