1140
24
347
231
129
464
383
852
385
777
515
536
471
1224
1085
734
100
23
721
895
774
314
37
208
325
919
1037
425
501
380
1197
672
1203
874
448
383
998
834
237
1057
1147
1216
816
510
450
211
930
271
1131
70
983
423
350
430
83
124
674
139
1226
35
134
167
446
510
333
1053
119
336
553
1149
760
858
232
284
245
883
900
304
82
851
1058
328
200
451
1205
666
88
1094
548
1222
397
1188
1061
1121
570
352
1086
1127
939
343
88
848
824
285
635
368
20
6
915
1149
708
359
954
226
681
208
652
894
789
136
635
1166
481
385
883
172
264
120
260
340
393
1129
72
1200
431
125
884
109
1169
461
1118
865
957
905
1114
1151
51
1091
506
376
324
899
739
944
860
311
396
639
320
515
442
341
1239
307
485
816
544
1180
1069
763
624
789
313
741
188
139
212
837
625
510
772
98
893
179
752
494
1066
842
684
69
250
924
1068
30
1064
562
171
1011
287
761
758
10
668
717
663
338
707
660
1117
746
1157
828
1072
1053
1020
210
483
394
12
132
184
352
708
518
377
1190
144
1079
1124
844
553
326
5
244
681
359
716
642
442
1126
698
145
595
1137
219
1189
354
1113
1096
581
389
582
1041
240
1242
393
1145
918
754
818
29
1231
315
887
42
1159
1118
134
520
1202
229
313
1006
312
580
543
1066
1155
400
904
890
986
133
17
76
223
53
1110
112
272
1195
1177
36
278
1161
666
312
856
467
287
713
432
221
111
957
136
956
553
547
884
513
1214
819
97
457
769
132
661
1028
498
943
740
1063
123
1155
682
133
1121
857
741
44
420
186
1088
734
285
41
489
62
993
347
539
426
1162
1222
560
920
915
1209
1101
987
489
894
206
103
782
1006
23
655
478
918
101
1169
956
1213
930
996
1234
488
1018
374
682
854
1084
1018
261
227
678
663
20
310
99
441
954
717
479
709
752
1174
1173
1071
236
769
395
693
789
472
1063
1113
719
569
984
226
4
888
849
725
72
286
192
54
949
659
401
1040
464
843
909
41
623
428
1050
200
362
1161
355
712
467
684
308
962
495
431
1214
1007
1218
605
147
160
241
17
1227
1208
689
553
942
78
809
468
662
14
221
396
7
30
962
132
629
572
154
206
847
605
138
1135
84
780
367
1119
1213
669
406
720
617
915
647
542
1205
146
322
508
899
36
611
875
424
1228
1014
832
480
458
792
973
1030
601
368
391
1191
978
582
480
996
718
738
811
77
924
827
343
734
454
90
116
982
371
867
155
719
108
1170
122
1248
910
649
126
43
434
1107
936
611
624
598
1170
1089
319
452
526
1002
904
966
326
200
224
901
982
666
930
107
963
863
895
237
899
433
314
515
638
1235
312
47
306
571
571
477
765
717
878
1176
621
71
911
231
242
624
184
844
62
110
876
551
265
452
772
766
777
843
1097
271
1053
22
584
447
937
219
858
890
979
592
615
747
1080
44
955
676
84
844
243
676
679
147
58
551
120
762
17
1227
673
60
433
566
626
768
1236
20
212
962
1250
172
1186
6
188
686
94
378
775
867
577
114
988
722
43
864
1030
1062
406
24
174
973
545
532
818
242
1096
135
1003
190
587
19
351
987
763
1170
255
907
350
1032
597
999
387
565
581
478
142
982
551
362
471
915
1112
173
301
669
981
937
1151
67
606
103
393
443
336
158
848
481
238
942
859
922
609
1088
387
293
376
833
606
1217
895
153
1246
505
825
116
985
777
989
1219
1079
292
13
489
551
118
1071
790
980
939
1224
1226
561
280
17
272
600
30
838
559
34
661
1062
584
1098
939
34
1038
891
896
307
848
532
216
1181
1174
81
804
425
329
604
233
986
368
860
1182
288
1237
714
508
957
575
825
747
1218
798
511
809
342
881
1106
258
77
140
285
976
356
976
1207
658
632
144
667
1098
1123
472
644
941
992
232
609
1068
12
677
1039
467
1162
625
1043
4
420
326
583
999
1178
751
1191
859
667
1201
88
198
1046
366
897
857
229
1177
193
679
1146
707
433
533
894
208
670
786
968
1217
770
698
712
696
1233
1159
330
331
1175
207
680
874
508
386
354
1096
1147
689
153
853
1094
1076
138
861
339
984
293
75
898
305
219
172
495
955
324
409
834
982
163
430
51
414
1233
250
532
714
854
467
214
445
621
459
679
1196
337
705
458
1092
126
485
1001
442
960
778
26
671
790
1172
309
989
567
868
0
337
215
824
538
1052
382
211
1172
557
436
742
1019
1091
126
566
641
1070
1143
445
599
426
212
1053
129
1008
226
516
49
784
1163
1136
163
378
313
734
27
1068
690
820
190
688
330
119
583
853
1011
609
500
653
478
188
143
916
999
888
1102
1178
621
729
762
97
1001
548
539
120
465
941
1228
127
209
1250
1228
72
2
598
349
367
551
70
357
1163
433
236
488
1106
649
346
1150
983
592
416
75
979
289
237
1136
1094
1042
64
1010
511
47
830
734
133
509
396
1082
890
400
997
1185
565
1071
223
241
742
698
371
844
1123
860
745
277
676
1074
344
74
1066
311
1142
719
937
864
433
845
336
364
942
780
701
58
1111
1083
878
160
1236
928
635
974
1207
212
1059
1233
352
866
1210
896
518
1073
451
1239
391
40
272
987
693
28
1133
354
1201
1155
1136
844
272
300
728
1225
485
564
515
799
806
554
374
532
1230
105
252
467
229
499
1204
200
1084
819
1014
259
1045
1036
972
38
1179
800
841
483
290
973
603
554
54
416
351
859
1134
1205
883
863
1049
1219
420
460
1016
874
893
905
258
344
996
1124
1124
610
944
1173
182
961
1008
445
961
810
380
466
172
535
5
364
1239
950
399
237
998
123
38
455
116
707
453
776
11
276
239
1002
1239
684
112
6
397
641
1068
277
623
786
219
1069
270
238
349
948
538
184
1159
1104
553
330
915
1169
1240
517
171
322
905
435
393
408
70
422
352
184
342
341
217
14
661
118
1185
723
663
669
198
237
923
471
536
1125
249
1190
999
957
49
983
539
377
817
794
745
779
905
332
994
1227
687
569
1222
891
752
817
885
1157
140
362
428
