915
199
1079
410
64
429
988
844
805
528
677
7
1128
708
96
625
340
858
58
149
3
264
808
977
412
815
969
134
1250
1019
316
878
326
252
422
176
466
1140
1168
731
897
74
1165
609
98
890
933
439
841
1079
37
170
722
406
475
795
253
34
1006
768
1083
38
911
1100
267
1242
812
901
2
473
796
177
1157
1050
630
1211
163
584
311
1153
218
361
663
334
797
324
336
257
501
106
173
1070
768
1084
1223
449
1057
964
510
118
1203
678
725
1019
229
627
582
1136
1163
872
1166
1123
154
93
688
594
587
574
660
243
997
251
838
511
774
773
144
207
261
258
813
1250
1107
295
713
44
498
1025
1163
348
557
1152
1038
818
611
821
218
51
16
30
887
59
392
602
120
1065
229
29
54
1234
150
293
543
285
184
535
126
733
742
584
742
222
807
199
880
577
473
857
137
917
214
823
466
994
905
838
520
154
976
898
1126
1034
361
872
731
88
467
742
18
629
1070
579
1155
401
991
74
973
10
272
1181
140
1077
891
532
276
1162
1001
137
1153
1226
310
240
262
941
903
548
408
1201
703
788
604
371
1026
63
185
497
322
1053
757
1223
11
21
836
1067
1147
145
252
136
1103
666
518
770
278
660
654
365
808
914
1062
457
286
1217
287
843
1128
612
214
366
123
1086
82
603
3
236
982
440
480
906
332
1143
643
69
814
443
1034
1077
39
1210
753
628
942
40
810
303
308
1056
1010
670
1209
1052
229
1084
1071
17
403
184
966
860
345
1249
1019
1229
888
492
577
827
94
802
644
1164
740
81
896
890
428
180
777
73
1094
101
290
23
563
1027
934
206
597
546
580
201
26
625
1230
1206
470
515
1209
426
712
748
626
512
902
190
975
524
1095
139
1040
876
429
646
499
2
579
87
1138
744
998
283
1081
357
553
280
1140
999
189
595
1136
642
322
678
787
1077
16
773
415
367
744
470
295
349
113
679
142
738
267
1242
959
353
706
407
698
825
565
341
591
1023
54
1212
1101
196
919
195
429
347
850
91
714
1185
353
577
831
212
505
745
1049
1064
123
1124
121
1056
246
29
1186
759
644
984
364
1147
357
743
306
1177
259
324
12
867
814
881
546
459
931
733
750
843
811
374
356
126
300
304
396
269
1031
940
173
1057
486
175
336
598
226
1099
155
170
686
146
576
316
425
734
527
406
799
1086
9
868
785
971
619
777
527
1026
896
749
685
386
343
108
615
90
524
179
734
864
236
1062
689
147
274
270
1184
540
374
1209
296
491
64
314
50
680
547
225
88
658
657
1112
503
933
1061
929
1076
1163
445
809
443
1006
85
639
771
167
168
552
944
201
473
379
685
179
1246
877
919
136
1157
1057
308
273
132
1227
852
175
157
441
105
847
398
142
709
948
996
108
833
871
820
242
767
14
325
553
366
416
899
830
161
1076
551
693
541
831
990
1191
714
181
561
1217
938
250
51
1008
903
1101
215
314
1121
1066
798
304
653
1028
450
142
372
238
134
1040
451
1155
1203
549
473
469
807
829
588
764
1241
643
669
182
741
627
1137
549
613
119
275
226
375
745
235
545
1037
685
253
80
711
744
241
927
676
869
295
1028
69
446
609
616
396
53
555
263
515
1029
177
720
239
1035
213
264
227
544
818
1107
1165
199
872
406
434
1037
233
342
1105
442
18
386
1031
440
821
900
1195
1165
824
671
392
429
1013
525
853
739
513
655
1121
613
31
1249
764
661
666
728
885
190
7
482
492
444
861
287
872
939
262
806
741
952
1171
1001
462
315
555
990
401
447
978
270
929
388
701
348
234
460
569
108
760
1130
1236
544
851
623
537
435
158
468
422
874
906
863
38
722
1002
320
234
557
1121
1157
951
161
1106
117
603
1045
161
503
1132
691
523
1205
495
304
704
885
1176
592
767
125
322
792
683
969
551
65
1017
809
885
550
1175
613
391
702
389
1181
190
988
91
1205
67
1146
751
515
920
769
663
185
489
347
784
493
825
985
760
667
468
95
505
873
523
654
204
454
1200
891
589
1186
112
649
584
52
1024
624
1155
957
285
1105
208
1248
475
320
1030
440
1122
1017
237
1229
167
301
586
155
260
206
1099
1026
587
906
665
913
566
344
933
715
1220
390
660
324
254
461
332
104
177
499
442
274
1043
258
647
409
1119
1199
234
1049
469
251
616
464
594
762
899
836
254
1236
1135
882
291
373
918
185
58
897
439
747
265
765
583
97
1090
29
1180
62
1172
254
294
804
989
1229
140
119
992
680
319
344
329
757
626
665
43
1159
526
715
1098
766
809
303
314
242
88
1218
1042
156
1045
572
353
486
773
1008
1242
933
453
1070
1247
774
628
42
986
311
487
460
1213
365
700
744
1200
385
1130
223
548
495
1
27
116
1231
669
566
594
876
897
114
799
327
952
10
255
1142
390
184
827
1089
52
994
738
1010
1226
743
299
482
2
184
450
379
726
859
1135
682
337
961
1072
358
187
209
127
209
840
93
183
641
1130
738
386
273
231
1165
276
956
864
131
1015
614
855
1046
855
1077
211
756
150
659
1144
209
164
1104
6
828
947
554
598
1249
1116
375
955
1121
816
273
1178
1230
1036
827
499
306
276
882
858
545
335
451
380
219
342
620
1198
445
1018
557
351
1202
34
857
536
516
186
66
288
263
363
814
406
1166
648
30
575
1205
358
1138
315
813
71
358
795
1084
661
1003
332
589
570
426
485
875
771
417
266
92
177
1155
637
846
1201
335
1214
1018
897
331
1122
1235
88
1031
990
510
1092
7
36
1138
81
838
914
802
539
26
459
718
722
1029
886
452
1083
208
479
630
898
296
339
842
505
507
193
712
582
756
338
137
1083
612
52
48
214
512
631
504
270
544
351
939
840
298
587
157
662
805
35
138
36
305
542
383
190
531
256
500
1182
790
834
1033
925
317
662
499
556
97
173
95
946
1155
1173
695
1111
198
374
170
415
266
747
735
349
43
531
532
1118
169
422
58
1216
547
792
816
717
910
678
1245
878
248
992
620
1201
214
818
309
1050
678
92
142
641
420
812
690
1177
284
