524
751
293
137
1171
436
500
768
580
526
499
83
462
373
574
783
956
895
1078
711
685
876
558
916
342
665
335
928
546
557
222
555
429
1243
1221
526
82
64
912
99
92
723
99
1129
905
150
708
766
204
395
793
621
166
190
582
755
493
1066
968
269
877
1023
847
924
939
818
26
896
87
948
25
411
415
411
1079
907
251
25
139
20
914
452
1169
263
1031
409
41
249
714
1209
138
444
781
282
484
907
309
1101
480
1126
1106
1134
369
348
349
200
975
512
962
864
699
300
1086
165
671
542
1103
261
668
520
332
590
296
505
1161
1215
23
380
1015
960
301
78
1175
701
933
288
643
416
1232
586
1186
419
776
545
1205
5
247
377
306
66
833
242
184
516
314
861
1081
838
512
428
1210
822
542
276
639
945
1094
153
585
1182
149
1104
595
1120
944
1234
711
1182
944
13
723
262
546
317
1193
596
423
231
706
456
172
191
492
609
1152
165
615
60
556
862
1222
151
496
835
53
473
1065
559
239
889
355
1145
445
938
1238
50
619
630
500
541
473
982
286
272
1006
739
657
817
1098
863
269
1144
997
539
889
1034
656
184
170
37
543
904
226
376
1060
1043
1160
128
29
747
568
561
865
16
860
802
185
399
221
1013
960
1171
918
1050
561
849
474
743
983
820
985
329
248
493
838
137
921
453
1092
69
253
1084
1177
171
139
827
1053
768
1242
91
1166
972
417
506
227
1246
814
248
426
970
263
278
1116
1085
5
78
695
995
923
1226
167
515
1192
101
717
252
260
204
506
1110
758
401
897
24
588
595
686
712
866
841
886
920
1037
930
8
49
151
728
485
940
1079
631
860
412
440
251
865
663
455
950
622
471
1210
1033
43
612
927
72
596
407
417
377
990
1130
554
413
240
1125
1055
897
820
527
1084
752
1146
623
1092
336
610
960
786
832
1130
75
854
953
547
1159
287
453
240
1229
887
266
506
22
797
340
683
318
288
223
908
333
341
244
96
752
679
799
5
1115
432
1199
905
209
1062
545
265
1136
729
306
1046
444
556
692
979
474
296
1131
692
934
1050
166
374
951
245
964
642
457
501
493
834
729
950
1082
489
60
64
283
32
162
598
697
604
371
1113
959
800
448
566
972
519
490
367
317
265
618
528
762
179
928
875
1071
865
43
340
393
931
517
173
626
404
1105
933
761
647
481
1192
367
464
444
253
831
1212
148
185
499
640
712
1034
473
270
85
844
871
365
230
1091
623
341
979
1024
1081
596
154
801
385
948
545
461
1024
816
1183
647
579
653
452
583
358
724
869
474
336
559
357
364
1018
332
216
482
694
1134
1029
410
799
586
1112
1099
120
473
104
872
1183
43
957
1182
995
284
663
863
204
300
1130
1228
731
1183
289
672
1240
224
528
187
177
68
1130
252
1250
525
1062
1035
1239
815
161
170
676
923
275
463
997
983
1126
712
32
273
168
604
1217
353
569
238
1046
735
875
1207
752
1073
1087
114
1002
1238
520
463
1121
529
859
82
327
1045
426
626
1150
187
779
798
122
376
569
695
640
225
6
10
897
464
420
644
956
152
719
732
1048
850
1027
1057
471
335
590
220
458
1232
1229
1217
1080
373
380
423
119
56
406
565
891
1187
356
1205
569
50
94
522
1166
477
482
803
405
471
347
395
164
871
1193
995
2
419
266
476
1172
627
992
27
325
648
51
452
118
708
49
296
715
1156
364
429
334
480
733
106
103
995
12
933
71
372
343
939
1102
703
96
1161
811
68
828
477
408
44
366
629
109
869
418
1226
271
879
546
919
459
240
308
17
871
109
713
90
193
229
38
309
868
1242
614
260
840
100
86
771
325
282
1093
665
222
1087
197
168
3
636
690
818
852
563
1011
639
551
724
1187
199
677
858
824
851
874
283
1190
971
413
535
1162
1240
1182
1006
1166
314
720
872
1025
1176
1131
625
701
963
228
1135
410
397
61
693
1082
235
902
868
410
1168
1124
1171
1128
1037
1198
1132
872
935
181
602
162
1025
468
871
1035
1167
41
1150
245
1074
444
456
801
237
89
1124
617
890
602
1240
515
71
343
472
1073
484
31
785
1149
1207
790
310
678
1106
750
823
915
168
1093
560
978
588
1186
691
861
1016
813
466
880
441
571
765
376
428
1065
525
15
483
318
748
1097
1238
375
559
983
761
845
827
749
1056
1063
3
553
19
908
1120
209
816
1090
204
1086
652
881
783
353
393
924
38
617
20
597
557
730
1196
57
1089
280
952
583
708
361
748
1000
452
397
616
339
1247
747
1222
938
512
1065
335
644
74
1120
708
538
573
375
1000
548
0
816
548
315
490
217
86
428
717
96
466
16
888
686
936
854
827
759
775
496
276
914
65
337
544
1126
802
558
633
831
769
1067
9
825
276
655
664
1163
1079
76
227
681
673
685
11
150
1103
819
776
1040
783
844
477
603
919
253
197
1043
822
148
442
70
520
474
1102
682
487
24
724
733
1128
818
467
206
511
1216
223
647
227
38
196
654
1029
518
1123
1221
1185
642
602
414
1134
1111
649
1133
514
305
395
594
96
22
1058
415
247
238
732
1170
878
800
681
428
1069
4
721
963
706
1157
613
1029
62
529
1187
172
701
1143
273
1117
538
192
676
33
377
615
128
1040
69
1107
442
1016
1160
651
1067
1001
388
132
139
795
16
1236
721
527
1086
129
946
802
42
162
148
84
1048
26
767
133
1069
456
699
767
253
637
897
986
578
211
972
928
526
868
310
300
261
466
946
156
144
888
1239
427
819
831
394
1212
272
951
54
437
913
1049
519
1098
211
475
101
311
812
179
59
910
310
884
969
441
362
469
1228
501
406
800
441
822
1031
1202
689
232
91
788
870
369
124
575
215
619
762
619
754
33
916
161
205
644
27
1068
1145
967
508
260
1007
388
986
540
870
592
668
187
124
793
63
1181
73
1132
1173
1218
911
322
346
693
517
693
553
21
601
1102
1177
979
1127
112
1027
22
447
876
919
279
433
585
666
1024
626
682
913
408
1165
949
251
817
466
887
338
20
639
369
586
448
742
1214
433
311
96
543
379
508
