97
1207
531
320
540
579
92
62
1247
975
775
1087
91
683
893
638
592
1122
527
211
1123
304
971
324
718
882
392
97
903
176
1052
496
644
65
406
827
920
906
1192
972
222
136
934
1009
148
1250
340
712
117
132
421
690
233
497
1241
746
59
696
309
491
110
1146
1057
57
404
105
627
422
176
385
144
1052
824
1014
709
629
1234
622
866
61
216
369
275
500
1215
828
1224
125
458
11
1033
501
510
269
1087
390
709
849
145
388
978
663
243
828
852
895
153
630
842
388
275
1111
215
118
504
147
933
873
1192
769
339
242
490
321
544
158
625
283
309
1232
733
417
113
806
623
500
84
1053
1138
678
138
1020
912
362
555
1192
949
441
1032
815
192
253
1104
685
932
849
832
252
213
334
246
441
214
295
866
328
906
85
203
446
1026
587
278
344
392
76
438
391
233
864
536
42
644
710
402
74
662
120
245
135
113
774
938
1030
591
1242
1089
1144
845
489
362
1126
59
344
1222
576
995
671
339
1158
1033
518
844
854
1087
111
1054
1213
594
1147
846
1148
22
554
329
283
457
1145
248
1238
986
1171
218
232
1224
961
448
112
1195
829
1149
681
379
1217
317
579
648
680
429
822
341
1224
77
78
901
885
347
646
1141
682
612
255
243
1063
703
168
719
456
548
874
658
743
854
980
1105
411
846
696
278
457
509
389
544
917
351
376
458
1159
585
878
629
1000
99
1111
488
105
166
418
617
969
879
694
729
856
608
195
663
424
379
8
160
399
48
878
508
490
893
606
542
652
857
826
696
752
202
117
1117
211
128
319
8
873
1134
57
189
1009
464
1195
233
544
642
1075
380
863
1103
1226
810
149
1195
395
430
820
1199
252
890
219
1228
753
1145
57
784
38
609
311
797
941
839
899
449
93
728
1153
976
997
252
1020
247
702
489
1127
878
301
389
90
1188
286
1094
954
440
1006
893
882
979
808
71
664
953
1183
1000
556
225
515
84
582
1144
581
920
211
354
1241
333
1246
1181
97
189
231
1115
239
1087
4
995
1227
237
1023
488
521
497
964
206
441
480
253
378
143
775
1031
799
1110
987
966
517
1139
1150
681
57
391
168
800
546
73
568
1023
784
690
465
1183
281
1170
169
895
1155
312
637
751
985
31
494
276
830
133
963
550
482
633
1242
1016
799
527
56
672
545
343
1090
176
514
789
1200
881
153
117
627
673
827
70
209
463
1077
576
325
199
1115
1025
285
971
692
1148
560
74
1182
178
933
903
244
1049
566
1205
953
781
1143
303
151
157
213
1052
1111
124
704
874
202
115
278
775
588
859
520
63
123
303
771
4
668
1153
1093
1156
518
1198
49
344
889
547
632
190
418
797
442
397
1004
856
927
146
720
375
490
1135
1200
1207
248
487
898
231
596
17
359
677
386
878
275
443
453
1197
67
385
960
1109
650
158
517
851
850
919
960
1242
487
1244
1119
1096
650
421
601
376
173
52
369
833
1205
25
421
751
406
656
192
455
1059
319
515
978
558
357
71
1011
221
400
552
985
111
744
188
1143
285
907
378
735
696
189
608
875
554
620
936
1182
654
149
172
882
224
1105
986
1233
934
70
383
393
1196
1089
1219
413
263
778
510
564
942
306
1034
884
32
845
538
199
730
831
552
1130
558
986
103
685
1117
167
926
54
261
591
117
639
909
1174
268
1086
999
1101
1206
384
891
601
297
1120
745
1127
1167
253
359
922
1028
98
408
76
1038
124
317
1184
246
174
1216
962
78
210
870
430
220
559
378
245
1197
1176
830
482
1152
1180
175
780
635
453
1
1137
1002
101
1130
195
56
1035
411
25
490
438
226
100
774
115
499
817
448
23
1226
1149
835
209
161
780
973
1034
983
847
65
121
748
945
239
1028
977
593
737
1156
1186
61
1155
50
392
299
741
773
1089
640
736
312
440
663
794
274
467
357
247
747
1070
785
290
34
1162
238
1127
532
221
898
225
742
129
237
647
700
18
518
870
1091
1233
1174
1121
374
24
701
56
23
856
349
503
371
898
1044
85
342
1032
579
1225
216
33
7
915
18
898
667
623
544
531
279
1153
634
774
172
732
168
206
1142
670
911
768
502
761
524
641
297
814
389
496
533
7
468
1114
131
233
381
232
729
1026
76
233
1099
115
178
73
315
705
601
962
1006
284
1057
419
660
53
409
28
785
566
523
1183
841
1141
505
1113
558
70
163
869
694
23
122
763
403
812
682
774
261
512
1146
181
368
1013
286
196
716
655
1220
834
973
430
181
905
548
576
1142
239
86
1093
193
429
275
238
181
1044
739
914
175
78
333
936
644
398
206
844
327
291
158
363
938
140
516
856
211
637
195
17
617
1163
487
564
66
756
848
21
108
1218
771
835
287
1150
992
947
310
1009
393
26
1054
74
258
720
716
782
698
1163
1078
928
1086
964
417
815
1043
517
344
1005
1195
600
1232
596
329
677
894
924
536
720
160
106
57
301
162
364
1072
463
794
1019
575
912
1163
264
1027
486
282
101
1078
345
294
507
54
919
635
245
589
895
336
479
475
1165
390
640
529
1035
984
998
694
91
1151
95
659
776
1145
827
612
817
379
253
790
537
1077
372
824
252
120
700
492
323
53
578
782
1106
955
228
560
978
354
294
1080
1015
215
1066
665
33
1177
418
678
948
1162
385
516
1156
1102
804
913
855
591
589
647
493
1117
328
53
548
698
1005
1035
665
84
357
431
223
689
1020
916
419
675
322
733
4
525
17
904
324
778
526
51
1053
837
505
329
341
1048
1210
1231
929
1153
648
69
402
881
1196
1153
902
1047
29
725
584
290
1198
779
1123
1220
351
1216
915
218
450
367
9
863
1058
155
1150
47
1179
959
562
1128
1219
176
724
74
89
995
757
547
122
804
651
1075
639
97
759
1247
1237
168
103
1200
159
698
166
546
341
288
857
425
514
1040
188
1120
714
934
361
216
1091
1021
131
268
973
1160
459
105
62
1024
268
357
805
835
537
1163
585
1075
1166
219
199
1025
113
161
1049
457
1066
245
262
931
257
721
329
18
1206
679
1200
1140
848
601
1016
1082
1243
589
523
1233
