1877
1876
1876
1874
1872
1871
1870
1871
1872
1867
1870
1864
1866
1862
1862
1862
1863
1861
1857
1860
1857
1856
1855
1852
1856
1851
1853
1850
1851
1850
1845
1845
1845
1845
1845
1840
1844
1838
1841
1841
1836
1838
1837
1832
1836
1831
1830
1831
1831
1827
1829
1829
1823
1823
1823
1824
1819
1818
1818
1821
1817
1816
1815
1813
1814
1810
1813
1809
1808
1810
1807
1809
1808
1807
1806
1804
1800
1800
1800
1797
1800
1796
1798
1795
1793
1794
1793
1791
1792
1789
1790
1784
1784
1784
1785
1781
1780
1781
1780
1780
1779
1777
1778
1775
1776
1775
1773
1769
1769
1771
1767
1766
1765
1765
1763
1760
1763
1761
1761
1760
1756
1759
1758
1752
1751
1753
1749
1752
1749
1751
1750
1746
1748
1742
1742
1744
1739
1741
1738
1736
1736
1734
1735
1735
1734
1733
1734
1730
1727
1728
1730
1724
1724
1723
1722
1724
1719
1723
1720
1720
1717
1718
1715
1715
1711
1713
1709
1710
1710
1710
1708
1707
1708
1702
1705
1705
1704
1700
1698
1696
1697
1699
1693
1696
1691
1690
1691
1693
1687
1687
1687
1688
1688
1682
1686
1685
1683
1680
1677
1677
1678
1677
1675
1675
1674
1674
1669
1672
1669
1670
1665
1665
1668
1667
1663
1663
1664
1662
1662
1659
1658
1659
1654
1656
1653
1651
1653
1651
1652
1648
1650
1646
1645
1643
1645
1643
1642
1640
1642
1640
1640
1639
1635
1636
1633
1635
1630
1630
1629
1627
1629
1624
1625
1626
1624
1622
1622
1623
1620
1620
1615
1614
1618
1617
1614
1612
1612
1608
1607
1606
1609
1604
1608
1604
1606
1603
1604
1600
1599
1597
1600
1597
1598
1592
1592
1593
1590
1593
1590
1588
1589
1586
1584
1586
1585
1582
1584
1582
1582
1577
1575
1578
1574
1573
1575
1570
1570
1570
1569
1566
1568
1566
1567
1562
1561
1562
1563
1560
1560
1559
1555
1554
1553
1555
1554
1550
1554
1550
1549
1549
1549
1544
1546
1547
1542
1540
1542
1540
1539
1537
1538
1534
1533
1536
1531
1531
1533
1532
1531
1529
1528
1524
1524
1524
1523
1522
1523
1522
1519
1518
1517
1516
1515
1514
1515
1510
1512
1513
1512
1510
1507
1508
1504
1503
1504
1501
1502
1500
1497
1500
1499
1497
1496
1492
1494
1494
1491
1492
1487
1488
1487
1488
1487
1487
1485
1483
1483
1480
1478
1477
1479
1477
1476
1475
1474
1473
1474
1471
1471
1467
1469
1467
1464
1465
1466
1463
1461
1459
1457
1461
1459
1459
1456
1455
1455
1453
1450
1449
1448
1449
1447
1445
1443
1444
1441
1445
1442
1440
1440
1438
1440
1439
1437
1432
1431
1430
1429
1432
1432
1427
1427
1424
1427
1423
1422
1421
1424
1419
1421
1417
1420
1416
1417
1413
1412
1412
1413
1409
1412
1411
1410
1405
1403
1402
1401
1402
1402
1400
1402
1398
1398
1396
1394
1393
1395
1391
1394
1388
1387
1387
1388
1387
1384
1385
1386
1382
1380
1379
1378
1381
1377
1375
1373
1373
1375
1372
1372
1372
1368
1368
1366
1368
1364
1365
1361
1364
1362
1363
1361
1357
1356
1357
1357
1352
1356
1351
1352
1352
1347
1347
1348
1344
1345
1344
1341
1345
1342
1340
1341
1339
1338
1336
1335
1332
1334
1330
1334
1332
1330
1329
1329
1325
1323
1327
1322
1321
1321
1322
1319
1320
1318
1319
1316
1314
1313
1314
1312
1310
1311
1310
1305
1309
1304
1306
1306
1300
1299
1303
1302
1296
1296
1294
1293
1295
1291
1290
1292
1288
1290
1288
1289
1285
1285
1283
1286
1284
1279
1283
1277
1281
1277
1278
1275
1273
1274
1272
1270
1271
1271
1270
1267
1265
1264
1262
1266
1263
1262
1258
1257
1260
1258
1257
1257
1256
1255
1255
1253
1252
1252
1251
1249
1245
1246
1242
1241
1240
1242
1242
1238
1239
1240
1237
1235
1233
1234
1233
1230
1232
1228
1231
1230
1225
1227
1226
1224
1221
1224
1223
1221
1220
1218
1219
1216
1216
1215
1215
1213
1210
1208
1209
1208
1208
1206
1202
1203
1204
1201
1199
1200
1199
1195
1198
1195
1193
1194
1191
1192
1191
1191
1190
1188
1184
1184
1184
1183
1181
1184
1181
1177
1179
1175
1177
1173
1173
1171
1174
1170
1169
1172
1168
1166
1165
1168
1165
1163
1160
1164
1158
1158
1160
1157
1157
1153
1152
1153
1151
1153
1153
1150
1151
1147
1144
1143
1145
1142
1144
1143
1138
1141
1140
1136
1139
1137
1135
1134
1135
1133
1129
1128
1126
1129
1124
1126
1125
1123
1121
1123
1121
1121
1118
1117
1114
1113
1113
1116
1112
1109
1111
1112
1108
1106
1104
1105
1104
1105
1103
1099
1100
1100
1101
1096
1098
1098
1094
1096
1093
1093
1093
1088
1091
1089
1089
1084
1086
1085
1085
1084
1082
1080
1078
1078
1077
1075
1077
1074
1070
1070
1069
1072
1068
1068
1067
1067
1064
1066
1063
1059
1061
1059
1059
1057
1056
1053
1053
1051
1055
1051
1052
1051
1048
1050
1048
1047
1044
1044
1041
1043
1038
1038
1041
1038
1039
1033
1036
1032
1031
1029
1033
1031
1026
1028
1028
1025
1022
1022
1024
1022
1023
1020
1019
1016
1019
1015
1013
1014
1014
1014
1011
1012
1010
1008
1007
1007
1003
1004
1001
1001
1003
1001
999
1000
995
994
992
995
992
992
988
987
990
985
984
986
983
982
985
979
983
977
976
975
974
977
974
972
971
972
969
969
966
969
966
963
966
965
960
963
959
958
956
955
955
958
953
954
954
954
952
950
951
947
948
944
942
944
944
941
940
938
939
937
938
937
935
931
931
932
933
928
927
925
927
926
924
925
920
921
922
922
916
917
919
917
914
916
912
910
910
908
910
905
906
906
903
903
905
901
900
901
897
899
897
895
895
896
892
889
889
892
888
886
884
884
887
885
882
882
883
879
878
877
875
873
873
875
871
869
871
871
867
867
869
866
863
861
861
863
861
862
859
855
856
854
857
853
850
850
852
852
849
847
849
848
846
844
841
840
843
839
841
838
837
836
834
834
830
831
829
828
826
829
825
828
827
825
820
824
821
818
816
815
815
816
814
811
814
811
809
812
806
806
807
808
802
801
801
800
803
800
798
798
796
797
794
791
791
794
789
791
790
787
787
788
784
781
782
781
780
780
778
778
779
773
773
776
773
774
768
770
766
765
768
765
762
763
761
762
759
761
761
759
754
757
755
752
753
749
750
749
747
745
746
748
742
741
743
739
741
741
738
739
738
735
735
734
732
733
729
729
728
726
729
724
723
726
720
722
722
722
720
718
716
714
715
712
710
714
710
711
707
706
708
706
703
703
702
704
699
699
698
695
698
693
695
695
693
691
690
691
690
687
685
687
684
686
684
680
680
681
678
679
679
676
672
676
674
669
673
672
668
667
668
668
667
666
665
661
662
661
659
658
659
655
652
654
650
649
652
650
646
646
648
644
645
645
643
640
642
638
636
637
636
638
633
631
631
633
629
632
630
629
628
623
622
623
621
622
620
622
619
615
616
616
617
616
613
614
611
609
611
610
605
608
606
606
600
599
598
597
598
596
598
595
595
596
594
593
593
587
591
586
587
583
582
585
580
582
578
580
578
576
576
574
572
573
571
574
570
568
569
567
569
565
564
565
561
559
561
560
558
560
559
557
555
553
552
551
551
552
548
550
548
547
543
546
543
544
542
538
541
535
534
533
533
532
530
533
531
531
529
525
529
525
523
526
520
524
521
519
520
515
515
513
516
511
510
509
512
509
510
509
509
504
504
504
505
503
498
497
497
496
497
494
497
494
495
490
488
489
489
485
486
484
483
483
484
481
479
480
479
476
476
478
477
475
473
472
472
470
468
466
469
468
467
461
463
462
461
461
460
455
457
454
453
452
452
450
448
452
446
449
445
447
443
442
443
443
438
440
440
437
438
438
436
431
434
431
429
431
431
430
424
426
425
423
423
423
420
417
417
415
414
415
412
414
410
412
413
411
410
407
409
408
402
406
403
399
403
400
397
399
396
396
396
395
394
392
391
387
386
389
389
383
384
383
384
380
378
379
380
378
377
375
375
376
373
369
371
370
366
370
367
363
364
365
364
363
360
362
357
356
356
354
353
351
352
349
348
350
351
345
348
347
344
344
343
341
343
340
336
340
335
334
336
336
332
332
332
332
326
328
327
326
325
321
322
320
319
318
317
319
317
316
316
311
310
313
310
308
306
308
304
303
303
305
301
303
298
300
301
297
297
296
296
296
290
294
291
288
287
288
285
287
286
282
283
281
283
278
278
279
274
275
275
275
275
274
270
270
267
268
266
265
266
264
265
263
259
261
256
258
254
257
257
255
255
254
252
251
249
245
249
248
242
246
241
240
241
239
238
237
238
237
236
231
232
230
228
230
226
230
228
228
224
221
224
219
220
222
221
218
217
218
215
213
210
210
210
207
210
209
208
204
206
201
200
203
203
197
199
198
197
198
192
195
193
191
188
190
188
189
184
188
185
184
181
181
183
179
181
178
176
174
175
174
173
172
172
167
167
165
169
167
166
164
161
159
160
162
159
158
157
154
155
151
154
154
151
148
150
150
144
143
142
146
140
141
140
141
139
138
137
133
134
131
134
131
129
128
131
126
124
128
124
126
124
122
120
118
119
117
117
118
117
111
110
113
111
112
107
110
109
108
104
101
104
104
103
98
98
97
97
93
92
94
93
92
88
89
90
85
86
87
86
83
82
81
78
80
79
77
77
75
75
76
74
69
72
68
68
66
69
64
64
64
61
63
61
62
59
59
59
58
57
53
50
52
50
52
46
46
48
48
44
43
44
43
40
37
40
38
36
35
35
32
30
32
30
27
31
27
28
25
27
22
25
19
18
22
19
19
14
16
14
11
15
11
13
8
6
10
7
7
3
4
