1877
1876
1873
1873
1871
1873
1870
1872
1872
1869
1867
1864
1867
1862
1864
1865
1863
1863
1857
1859
1857
1859
1858
1856
1853
1854
1850
1848
1849
1848
1850
1847
1843
1846
1841
1842
1842
1841
1837
1841
1839
1839
1836
1837
1833
1832
1831
1832
1830
1831
1830
1829
1823
1824
1822
1823
1824
1819
1820
1818
1819
1814
1815
1813
1814
1814
1814
1813
1810
1807
1806
1806
1807
1806
1802
1804
1800
1799
1798
1799
1796
1795
1797
1794
1793
1795
1790
1789
1792
1790
1786
1789
1788
1786
1782
1785
1779
1780
1781
1778
1775
1774
1774
1776
1775
1774
1774
1769
1768
1766
1769
1767
1763
1765
1761
1765
1763
1762
1759
1757
1756
1754
1758
1756
1753
1753
1752
1753
1751
1750
1750
1745
1747
1742
1743
1741
1740
1743
1741
1739
1736
1736
1736
1735
1732
1734
1732
1730
1731
1728
1726
1727
1725
1726
1721
1723
1724
1722
1718
1720
1716
1716
1716
1717
1715
1713
1710
1711
1712
1706
1706
1708
1704
1704
1703
1700
1703
1700
1701
1700
1697
1694
1697
1696
1694
1695
1694
1690
1692
1687
1690
1685
1685
1683
1683
1684
1679
1683
1677
1681
1680
1677
1674
1673
1673
1672
1673
1670
1671
1668
1670
1665
1665
1662
1664
1660
1659
1658
1660
1656
1656
1656
1654
1656
1656
1655
1649
1650
1649
1650
1649
1647
1648
1646
1645
1645
1640
1640
1639
1638
1636
1635
1635
1633
1634
1633
1629
1628
1629
1630
1626
1626
1628
1623
1621
1620
1623
1619
1620
1621
1619
1618
1613
1617
1613
1615
1610
1611
1610
1609
1605
1607
1608
1605
1605
1601
1602
1600
1600
1599
1595
1596
1595
1594
1594
1594
1590
1588
1589
1588
1588
1586
1583
1587
1583
1585
1584
1583
1579
1578
1578
1578
1578
1576
1575
1575
1570
1570
1567
1570
1567
1564
1565
1563
1563
1561
1562
1562
1559
1557
1559
1557
1556
1552
1553
1553
1554
1552
1550
1547
1546
1544
1543
1544
1541
1543
1539
1539
1537
1541
1539
1536
1537
1533
1533
1534
1529
1528
1532
1530
1528
1527
1523
1526
1522
1525
1519
1519
1517
1517
1519
1516
1517
1515
1515
1510
1512
1509
1511
1510
1510
1506
1503
1506
1504
1502
1503
1502
1497
1501
1495
1496
1496
1493
1496
1493
1491
1493
1488
1487
1489
1489
1487
1483
1486
1485
1481
1481
1480
1478
1477
1475
1478
1476
1474
1473
1472
1472
1469
1466
1470
1467
1466
1464
1466
1462
1463
1462
1461
1457
1459
1454
1453
1454
1453
1451
1454
1450
1447
1448
1449
1447
1448
1443
1443
1444
1439
1442
1438
1441
1438
1434
1437
1434
1432
1434
1429
1433
1427
1427
1429
1425
1427
1424
1422
1424
1420
1423
1417
1420
1420
1418
1416
1414
1414
1415
1412
1412
1409
1410
1409
1407
1405
1404
1402
1403
1404
1399
1397
1400
1400
1394
1394
1397
1396
1392
1389
1390
1392
1391
1385
1385
1387
1386
1386
1384
1379
1383
1377
1380
1380
1376
1377
1377
1372
1373
1370
1368
1367
1368
1370
1364
1368
1366
1365
1363
1360
1362
1358
1361
1360
1357
1353
1356
1352
1355
1353
1351
1348
1346
1347
1349
1344
1342
1341
1343
1342
1343
1338
1341
1340
1338
1333
1335
1336
1335
1333
1333
1330
1331
1327
1328
1323
1325
1323
1321
1320
1318
1318
1319
1317
1314
1317
1312
1316
1310
1311
1312
1311
1307
1308
1308
1305
1304
1305
1303
1304
1298
1298
1300
1298
1296
1294
1295
1292
1294
1293
1289
1287
1286
1288
1286
1284
1284
1283
1281
1283
1279
1279
1279
1277
1278
1273
1274
1275
1273
1274
1272
1270
1268
1267
1269
1264
1263
1261
1261
1260
1261
1257
1258
1259
1259
1257
1256
1252
1250
1249
1250
1252
1249
1246
1249
1245
1242
1241
1242
1239
1242
1240
1236
1237
1236
1236
1235
1232
1231
1231
1230
1231
1231
1225
1228
1228
1222
1225
1222
1224
1223
1218
1220
1216
1217
1216
1216
1214
1212
1214
1210
1209
1209
1206
1205
1208
1206
1204
1200
1200
1202
1199
1199
1200
1197
1198
1196
1196
1192
1194
1192
1190
1186
1189
1186
1183
1185
1182
1184
1183
1183
1179
1177
1177
1175
1174
1175
1173
1172
1173
1171
1169
1167
1165
1166
1165
1166
1166
1163
1164
1160
1160
1160
1156
1155
1153
1154
1153
1151
1154
1151
1152
1147
1149
1149
1144
1145
1143
1142
1144
1138
1141
1137
1137
1137
1136
1137
1133
1132
1132
1131
1131
1129
1128
1124
1127
1122
1121
1124
1121
1123
1119
1118
1117
1119
1116
1114
1116
1111
1114
1109
1111
1107
1108
1104
1107
1104
1101
1103
1103
1101
1098
1101
1099
1094
1096
1097
1093
1091
1091
1092
1088
1086
1089
1085
1085
1082
1083
1081
1084
1082
1082
1079
1079
1078
1075
1077
1074
1073
1074
1073
1068
1069
1068
1069
1066
1062
1061
1062
1060
1063
1058
1059
1060
1058
1055
1057
1053
1054
1050
1050
1050
1050
1050
1049
1045
1046
1042
1042
1040
1038
1041
1039
1037
1034
1034
1034
1032
1032
1033
1029
1030
1028
1025
1024
1026
1024
1022
1025
1022
1021
1018
1018
1017
1014
1016
1014
1015
1015
1010
1012
1009
1011
1010
1008
1006
1007
1003
1000
1003
999
998
996
998
996
996
994
991
990
990
993
992
988
985
986
987
983
984
984
982
982
979
977
978
975
977
977
975
973
972
971
969
968
966
964
963
966
966
964
961
963
959
960
955
958
953
954
951
953
949
953
948
947
948
949
944
943
941
941
942
940
938
941
937
939
935
932
931
933
932
932
929
929
929
927
924
926
924
921
922
921
918
919
917
917
915
914
912
913
911
908
908
906
908
906
903
905
901
905
901
903
900
897
900
895
897
892
896
892
891
893
891
891
885
888
884
886
883
884
881
881
877
881
876
877
878
875
874
871
871
872
870
870
869
865
863
862
866
863
862
861
861
857
858
859
855
856
851
855
850
851
851
851
848
847
846
843
841
840
840
840
840
836
835
836
838
836
835
833
833
830
829
828
827
825
828
822
822
823
824
820
822
821
816
814
814
816
816
812
809
808
811
809
806
805
804
802
801
805
804
798
801
799
799
795
793
797
793
790
790
791
788
788
790
785
785
782
785
781
779
781
781
777
779
778
777
776
774
775
772
771
768
771
767
767
764
763
761
761
760
763
758
757
757
754
758
757
753
752
754
748
750
747
747
744
745
745
745
740
740
739
741
737
740
737
736
734
731
732
731
731
730
730
730
726
723
726
721
720
723
718
722
717
718
714
715
713
715
710
710
713
711
710
709
707
703
706
704
703
702
700
699
699
698
696
693
692
691
695
693
692
690
688
685
686
686
685
681
684
682
678
680
677
675
679
676
675
676
672
669
672
670
666
669
666
667
664
666
660
663
658
657
660
656
655
656
652
655
650
653
650
648
648
648
644
645
645
646
645
640
642
637
637
638
634
638
637
635
632
629
631
631
628
626
626
624
627
626
622
620
618
622
618
617
618
618
617
616
610
611
608
612
608
610
605
603
603
605
601
599
598
597
601
600
594
596
595
596
593
589
589
589
588
588
584
586
582
586
585
581
582
579
579
575
575
576
574
572
570
573
573
571
566
566
565
563
563
563
561
560
561
561
560
559
555
555
556
552
550
551
552
550
547
549
545
546
544
544
545
541
538
537
541
535
534
536
533
535
535
530
532
527
528
528
528
527
527
523
522
519
518
522
518
519
515
517
515
513
510
511
512
511
506
506
504
503
504
504
504
501
503
502
496
500
498
496
495
495
492
489
493
491
487
485
486
484
487
482
485
483
480
480
476
475
479
477
476
476
472
472
472
469
469
466
469
466
462
463
463
461
460
457
461
460
459
455
452
452
454
451
451
450
448
448
445
444
445
446
444
444
440
440
440
438
439
437
437
433
435
430
429
429
426
430
427
425
427
425
423
423
421
422
418
415
417
415
413
412
414
414
410
411
411
407
407
403
404
404
402
404
402
400
401
400
394
394
392
395
393
394
388
389
389
385
387
387
386
385
385
384
380
378
378
376
378
377
376
376
371
372
373
368
370
368
366
365
362
362
360
360
358
359
356
358
356
354
357
356
355
353
352
348
346
345
347
343
343
345
341
344
338
339
340
339
336
334
334
334
333
330
328
331
331
328
328
325
322
324
321
321
322
318
316
316
314
313
314
315
311
310
313
312
308
308
309
308
307
306
302
299
298
298
301
298
299
295
293
291
295
290
289
290
290
290
287
285
287
286
283
284
278
277
279
275
276
278
274
273
272
269
272
267
271
269
266
265
263
265
261
262
259
260
257
258
258
257
254
251
252
251
253
249
246
246
244
247
242
241
241
241
242
237
238
236
239
238
232
236
234
233
231
227
228
226
228
228
224
225
223
219
219
219
217
216
214
214
212
213
215
213
208
210
211
207
208
205
206
202
204
202
198
200
197
199
194
194
195
191
192
192
192
187
190
189
184
184
187
181
183
180
179
180
180
176
177
178
172
176
174
169
172
170
170
170
168
167
164
164
165
160
158
162
159
155
158
154
153
154
154
149
151
149
147
146
146
144
142
144
142
142
141
141
140
138
137
136
135
131
130
133
132
128
130
129
127
125
124
121
122
119
120
121
118
116
117
114
112
116
110
112
110
107
110
109
108
103
102
103
103
103
100
102
99
95
96
97
96
95
90
90
89
91
87
85
87
83
84
82
85
84
78
78
77
77
78
74
74
76
74
73
73
70
66
69
64
68
67
62
60
59
63
58
57
58
58
58
56
53
53
52
50
50
50
48
48
45
44
45
41
44
38
38
41
35
37
37
36
36
33
33
33
30
29
25
25
26
25
23
20
20
20
19
19
15
16
18
14
15
12
10
11
12
10
6
6
7
5
1
