1880
1874
1874
1876
1871
1874
1869
1872
1868
1868
1869
1869
1865
1862
1864
1865
1864
1860
1860
1861
1860
1855
1854
1853
1851
1852
1849
1850
1849
1848
1845
1846
1848
1843
1844
1840
1840
1838
1838
1840
1837
1838
1837
1835
1834
1834
1830
1832
1827
1826
1828
1827
1828
1825
1825
1825
1823
1819
1822
1820
1820
1814
1818
1814
1814
1813
1812
1813
1812
1809
1807
1805
1804
1802
1803
1800
1800
1803
1798
1799
1796
1798
1795
1797
1795
1792
1792
1792
1788
1791
1789
1784
1788
1783
1786
1784
1781
1783
1778
1781
1780
1778
1775
1774
1771
1774
1770
1773
1772
1771
1769
1767
1768
1763
1762
1764
1761
1763
1762
1756
1755
1759
1755
1755
1752
1753
1752
1751
1749
1748
1750
1746
1743
1743
1741
1744
1739
1742
1739
1739
1738
1739
1738
1732
1735
1733
1730
1730
1728
1727
1727
1728
1724
1727
1721
1724
1722
1722
1719
1718
1716
1714
1714
1715
1713
1710
1714
1713
1709
1706
1705
1704
1706
1707
1702
1704
1702
1702
1697
1696
1697
1695
1693
1692
1696
1691
1690
1688
1692
1691
1690
1684
1685
1684
1685
1682
1680
1680
1680
1678
1677
1679
1673
1672
1671
1672
1669
1673
1667
1667
1668
1669
1664
1664
1665
1663
1661
1660
1662
1660
1660
1654
1653
1655
1654
1652
1653
1652
1650
1649
1649
1647
1647
1644
1645
1645
1641
1638
1637
1641
1640
1635
1634
1632
1633
1635
1634
1628
1630
1628
1629
1628
1626
1622
1624
1624
1622
1618
1621
1619
1615
1615
1616
1612
1611
1611
1609
1608
1611
1609
1610
1606
1608
1606
1602
1601
1603
1602
1602
1599
1595
1596
1596
1594
1595
1593
1589
1588
1587
1588
1587
1586
1588
1582
1585
1583
1583
1579
1577
1576
1576
1577
1574
1575
1572
1571
1569
1569
1572
1568
1566
1564
1563
1562
1565
1560
1563
1559
1562
1556
1557
1555
1557
1557
1554
1552
1552
1550
1548
1549
1545
1546
1545
1546
1546
1545
1539
1541
1540
1538
1539
1539
1534
1532
1531
1533
1533
1528
1532
1530
1525
1528
1524
1524
1523
1524
1524
1519
1519
1517
1518
1516
1515
1514
1514
1513
1511
1509
1509
1509
1507
1504
1508
1503
1501
1502
1502
1501
1500
1497
1497
1498
1494
1494
1492
1494
1490
1490
1488
1490
1487
1486
1487
1483
1486
1485
1480
1479
1482
1477
1475
1479
1473
1473
1471
1472
1472
1470
1471
1467
1468
1464
1465
1467
1466
1462
1459
1460
1459
1460
1460
1457
1455
1453
1452
1453
1453
1453
1449
1446
1450
1447
1445
1445
1446
1440
1443
1441
1442
1439
1439
1439
1437
1437
1433
1434
1433
1433
1432
1429
1430
1427
1426
1425
1421
1421
1422
1419
1417
1416
1419
1416
1418
1415
1412
1412
1409
1411
1408
1411
1408
1406
1403
1405
1406
1403
1403
1399
1402
1400
1397
1399
1395
1397
1395
1391
1390
1388
1388
1386
1386
1388
1385
1387
1383
1381
1382
1383
1378
1381
1376
1375
1373
1374
1371
1371
1373
1372
1367
1367
1365
1367
1364
1366
1364
1362
1363
1362
1359
1359
1359
1354
1355
1353
1351
1353
1352
1349
1348
1350
1347
1344
1343
1342
1344
1341
1339
1343
1340
1340
1335
1339
1336
1336
1333
1333
1333
1329
1330
1328
1325
1325
1323
1324
1325
1320
1320
1320
1318
1320
1315
1317
1317
1315
1316
1314
1312
1309
1312
1310
1308
1304
1305
1304
1306
1300
1302
1298
1300
1301
1295
1294
1297
1292
1296
1290
1292
1292
1290
1291
1288
1288
1286
1282
1286
1282
1284
1283
1280
1277
1275
1274
1275
1275
1272
1273
1270
1270
1272
1271
1266
1264
1263
1263
1266
1260
1263
1263
1262
1256
1259
1259
1254
1253
1252
1254
1250
1253
1249
1249
1247
1246
1248
1244
1246
1244
1244
1243
1241
1240
1239
1237
1233
1234
1235
1233
1232
1228
1232
1227
1230
1228
1226
1222
1224
1225
1222
1221
1221
1218
1219
1216
1213
1215
1212
1213
1213
1210
1209
1210
1210
1205
1206
1207
1205
1200
1199
1200
1202
1197
1198
1198
1195
1197
1196
1194
1189
1191
1189
1187
1188
1188
1185
1182
1184
1183
1179
1183
1180
1179
1178
1174
1177
1174
1175
1173
1169
1169
1170
1167
1170
1167
1163
1166
1165
1164
1160
1160
1157
1158
1157
1156
1153
1154
1153
1153
1153
1153
1151
1146
1150
1148
1145
1147
1146
1141
1144
1139
1137
1139
1137
1138
1138
1134
1132
1133
1134
1129
1132
1126
1129
1125
1123
1127
1123
1124
1124
1118
1120
1117
1115
1119
1114
1113
1116
1114
1112
1110
1107
1107
1105
1106
1108
1104
1104
1100
1102
1099
1098
1099
1095
1098
1098
1097
1096
1095
1091
1089
1090
1086
1085
1085
1088
1087
1083
1083
1079
1078
1078
1081
1075
1077
1077
1073
1071
1071
1073
1069
1071
1071
1065
1066
1067
1063
1062
1065
1063
1058
1057
1057
1057
1057
1058
1056
1051
1051
1049
1049
1051
1051
1046
1044
1043
1045
1045
1041
1042
1040
1040
1039
1039
1036
1036
1037
1035
1035
1034
1031
1029
1026
1025
1027
1028
1024
1023
1025
1022
1019
1020
1018
1016
1014
1018
1012
1016
1014
1009
1011
1010
1008
1007
1007
1003
1004
1006
1002
1000
999
998
999
996
998
997
996
991
992
994
993
991
989
986
988
984
985
981
985
984
983
978
976
976
974
977
975
972
971
973
970
969
967
966
965
963
964
966
961
964
961
962
960
955
956
955
957
953
954
951
950
951
949
950
944
943
942
943
943
941
939
937
938
938
936
936
936
935
930
930
929
931
926
926
928
926
924
924
925
919
921
921
921
918
918
917
917
913
913
911
912
907
907
909
905
905
905
905
900
903
900
902
900
900
898
895
895
892
890
891
891
889
888
888
889
884
885
883
880
882
878
881
879
880
878
874
874
873
871
869
872
872
867
868
866
864
865
863
860
861
858
858
861
860
854
855
855
856
855
850
852
847
849
846
844
848
845
843
844
839
839
838
840
836
836
837
835
833
830
833
830
830
828
829
826
825
826
824
824
820
818
819
816
816
814
818
817
816
812
812
811
807
809
810
807
803
807
801
800
800
803
800
799
797
794
798
794
791
795
791
788
789
788
788
785
788
786
784
780
782
779
779
780
775
775
775
776
771
772
769
768
768
769
766
765
764
765
763
764
764
761
762
759
757
756
756
754
753
753
751
750
749
746
748
748
746
742
746
743
740
740
739
737
737
738
734
733
734
732
730
728
729
730
725
724
726
724
722
722
722
722
719
719
719
718
715
713
713
715
709
708
710
708
710
707
708
702
704
705
702
702
701
698
700
695
696
695
693
690
694
691
689
691
685
685
688
685
686
682
684
682
677
680
680
678
673
675
674
672
671
670
670
666
669
667
668
663
662
664
660
663
659
661
656
659
657
655
653
655
654
653
648
649
647
646
646
643
646
641
644
642
641
640
639
634
635
635
631
630
632
629
628
630
630
628
624
624
621
625
621
621
618
619
617
618
616
615
615
612
614
608
607
609
607
609
608
603
605
602
602
601
598
600
597
595
595
592
596
591
593
592
588
586
588
586
588
582
582
581
579
579
577
581
577
576
577
573
573
574
569
569
567
568
569
569
565
562
562
563
561
558
559
559
555
557
554
554
553
550
549
551
552
548
545
545
548
542
544
544
542
543
539
538
536
534
534
532
531
531
533
532
530
531
525
527
524
527
522
525
523
519
522
520
520
517
514
512
516
511
514
509
507
509
505
507
503
503
505
500
503
500
498
500
499
498
497
495
495
495
489
493
490
487
489
485
487
485
481
485
483
481
480
480
480
479
477
473
475
472
472
470
468
471
470
466
464
462
466
465
464
459
458
460
456
455
453
453
455
455
453
451
448
449
445
449
444
442
443
440
442
438
440
440
435
438
437
433
435
434
432
431
429
431
428
427
428
422
425
424
424
423
418
420
418
416
414
415
414
415
412
409
409
409
409
406
403
403
406
403
399
401
398
396
396
397
396
393
395
393
389
390
389
391
387
387
383
386
384
382
379
381
380
376
375
379
375
372
371
371
374
372
372
368
370
367
363
362
363
364
361
358
358
361
358
354
357
356
355
355
352
352
347
348
350
344
347
344
342
340
343
339
337
337
340
334
337
333
332
331
331
331
330
329
330
327
327
322
326
321
322
320
322
316
317
315
317
313
316
314
309
310
310
311
310
305
305
303
301
300
304
299
299
298
295
295
295
297
296
290
293
292
291
291
290
285
287
286
286
284
284
278
281
277
279
275
278
273
272
275
271
268
270
270
269
264
267
266
263
263
260
258
259
261
259
256
255
253
251
254
249
249
252
248
248
249
245
247
243
243
241
242
239
241
235
239
233
235
234
235
233
230
231
231
230
228
223
224
224
220
223
220
219
219
220
217
214
212
213
214
209
212
212
207
207
204
203
205
203
204
200
201
198
199
196
194
195
192
193
192
192
189
192
190
188
184
186
187
183
180
183
183
182
180
175
177
173
175
175
173
171
173
168
166
169
168
167
163
161
165
160
162
159
160
157
154
157
154
154
154
150
153
148
146
150
144
145
145
146
144
141
142
142
138
140
136
135
136
135
132
129
130
127
126
128
127
125
125
123
124
124
119
117
121
116
116
113
112
111
114
111
110
112
108
109
108
104
106
101
101
99
101
102
96
98
98
95
96
96
93
93
93
87
88
89
88
88
83
81
85
83
79
79
78
78
79
74
72
72
71
72
71
72
68
67
66
67
65
65
62
63
61
58
59
55
57
55
56
52
53
49
53
52
49
48
46
43
47
44
44
40
39
42
36
40
36
37
35
33
31
32
33
27
30
30
29
26
26
25
22
24
22
21
17
20
14
15
17
16
14
9
13
12
8
10
5
8
4
4
