1876
1874
1878
1873
1873
1873
1874
1871
1871
1866
1870
1869
1865
1864
1864
1862
1862
1858
1858
1856
1857
1855
1856
1855
1851
1854
1850
1853
1849
1847
1845
1845
1848
1846
1845
1845
1842
1841
1839
1838
1840
1834
1833
1834
1834
1832
1830
1829
1827
1831
1829
1826
1825
1823
1824
1822
1822
1818
1817
1820
1815
1814
1813
1817
1812
1811
1811
1810
1810
1808
1807
1804
1806
1806
1806
1801
1800
1800
1799
1797
1795
1797
1798
1792
1792
1790
1791
1789
1789
1788
1787
1789
1783
1785
1786
1780
1780
1782
1777
1777
1780
1778
1776
1773
1775
1772
1769
1771
1767
1768
1769
1766
1767
1764
1763
1760
1759
1758
1760
1761
1757
1755
1758
1756
1755
1755
1753
1750
1749
1749
1749
1745
1747
1742
1744
1741
1740
1740
1740
1737
1736
1738
1735
1736
1736
1730
1734
1732
1728
1729
1730
1729
1727
1722
1726
1720
1724
1718
1719
1720
1719
1716
1714
1713
1716
1711
1712
1708
1707
1708
1705
1706
1707
1704
1706
1701
1700
1702
1697
1701
1696
1694
1693
1697
1692
1690
1694
1691
1688
1687
1685
1687
1683
1685
1683
1681
1679
1683
1678
1678
1677
1677
1676
1674
1674
1674
1670
1673
1672
1668
1666
1667
1668
1663
1666
1665
1660
1663
1660
1656
1660
1656
1655
1653
1656
1650
1652
1652
1651
1648
1649
1644
1646
1644
1642
1645
1639
1640
1639
1637
1636
1636
1633
1632
1635
1631
1632
1629
1628
1631
1628
1624
1623
1624
1623
1622
1622
1618
1620
1619
1616
1618
1615
1616
1615
1614
1611
1613
1608
1611
1608
1609
1606
1606
1605
1603
1603
1599
1598
1600
1598
1596
1593
1597
1595
1591
1589
1591
1592
1586
1586
1586
1583
1584
1586
1582
1582
1581
1577
1581
1580
1576
1575
1573
1575
1574
1573
1569
1570
1568
1570
1569
1566
1565
1561
1563
1559
1561
1562
1560
1556
1557
1557
1554
1553
1553
1550
1551
1550
1549
1547
1544
1546
1544
1542
1542
1539
1540
1538
1541
1538
1537
1535
1536
1536
1534
1533
1529
1528
1529
1525
1528
1524
1523
1524
1523
1519
1519
1519
1518
1519
1515
1514
1514
1514
1515
1513
1509
1510
1511
1510
1504
1503
1505
1501
1500
1503
1502
1500
1500
1496
1497
1493
1495
1495
1492
1491
1492
1492
1486
1489
1486
1487
1486
1481
1482
1482
1478
1479
1480
1477
1476
1474
1473
1474
1475
1470
1470
1468
1471
1466
1464
1465
1465
1465
1460
1459
1461
1457
1460
1457
1454
1456
1452
1456
1451
1452
1449
1449
1450
1448
1447
1443
1442
1445
1441
1439
1443
1438
1441
1436
1436
1433
1433
1436
1430
1432
1430
1428
1427
1428
1429
1425
1426
1422
1425
1419
1423
1420
1420
1416
1416
1418
1416
1411
1414
1411
1413
1407
1409
1410
1404
1406
1405
1402
1404
1400
1401
1399
1400
1397
1396
1393
1396
1391
1391
1390
1392
1387
1391
1390
1386
1386
1382
1382
1384
1380
1379
1380
1380
1377
1374
1377
1372
1371
1373
1372
1370
1369
1369
1367
1364
1365
1362
1363
1363
1360
1358
1357
1356
1359
1359
1356
1355
1354
1354
1350
1352
1350
1349
1347
1345
1345
1346
1342
1342
1340
1339
1339
1337
1337
1339
1338
1335
1332
1335
1332
1330
1332
1327
1325
1326
1324
1323
1325
1320
1319
1322
1320
1319
1317
1314
1317
1317
1314
1311
1311
1311
1307
1307
1307
1309
1305
1302
1301
1302
1304
1302
1302
1300
1298
1299
1297
1292
1293
1294
1291
1289
1287
1286
1286
1288
1285
1287
1282
1285
1283
1282
1281
1276
1277
1275
1277
1277
1271
1271
1273
1273
1268
1271
1269
1269
1263
1262
1261
1261
1260
1263
1257
1258
1259
1255
1258
1255
1252
1255
1254
1251
1250
1249
1246
1249
1244
1245
1244
1240
1243
1240
1241
1238
1237
1235
1235
1232
1235
1232
1229
1233
1232
1230
1228
1228
1223
1225
1226
1220
1220
1223
1218
1218
1217
1216
1214
1217
1216
1213
1213
1212
1210
1209
1206
1207
1206
1206
1202
1205
1201
1200
1199
1200
1200
1195
1198
1192
1191
1191
1191
1192
1191
1191
1186
1185
1186
1182
1183
1180
1179
1180
1180
1180
1178
1179
1177
1175
1174
1175
1173
1171
1171
1166
1167
1165
1167
1163
1166
1161
1160
1162
1160
1159
1159
1158
1155
1152
1154
1153
1153
1149
1147
1146
1149
1144
1143
1147
1146
1142
1141
1139
1139
1140
1138
1139
1134
1132
1136
1133
1131
1132
1127
1129
1125
1128
1125
1127
1126
1124
1121
1121
1120
1119
1118
1115
1114
1117
1116
1115
1110
1111
1111
1106
1105
1104
1108
1102
1104
1103
1101
1101
1097
1099
1097
1096
1096
1093
1094
1090
1091
1093
1087
1088
1085
1084
1084
1087
1085
1085
1082
1083
1077
1079
1078
1078
1078
1076
1076
1074
1073
1068
1068
1067
1070
1066
1066
1066
1061
1063
1062
1063
1057
1058
1059
1055
1053
1055
1054
1052
1049
1051
1050
1050
1046
1046
1047
1045
1042
1042
1042
1038
1039
1036
1037
1036
1036
1034
1036
1033
1032
1032
1027
1027
1028
1025
1027
1022
1021
1025
1020
1020
1021
1019
1018
1014
1013
1015
1016
1011
1012
1009
1008
1007
1010
1004
1007
1007
1002
1000
1004
1001
1002
1001
996
999
997
992
993
990
992
990
990
989
988
986
988
982
981
980
984
982
977
981
975
976
974
975
974
971
969
973
968
969
967
969
965
966
962
965
960
959
962
959
957
954
953
956
955
951
951
952
948
946
946
948
945
942
944
941
942
938
938
938
935
935
934
932
932
935
930
933
927
931
927
929
928
927
926
922
919
920
918
918
915
917
913
917
912
912
909
913
912
909
907
904
908
903
901
904
901
899
900
901
900
899
896
892
894
892
889
891
888
886
887
886
884
887
885
884
881
883
881
877
875
877
873
877
872
872
871
872
867
868
868
868
863
864
863
865
861
863
860
856
856
859
858
857
854
851
850
852
847
850
846
847
844
846
841
842
840
840
837
841
835
837
835
836
831
833
829
830
832
826
829
825
824
827
822
820
822
822
820
817
817
814
818
814
812
810
813
811
807
806
809
805
808
807
806
801
801
802
798
797
797
798
796
795
794
792
791
791
788
789
786
789
786
785
781
782
783
780
780
781
775
776
773
774
775
773
769
770
767
767
767
766
764
763
763
764
763
758
759
760
759
754
755
756
753
751
751
749
747
746
748
747
746
746
745
740
741
743
742
739
737
736
734
732
736
734
734
733
728
727
730
727
724
724
725
723
724
723
721
719
718
718
715
716
713
711
711
710
711
710
710
704
703
707
705
700
700
700
698
696
697
699
695
696
691
692
690
692
692
689
688
687
685
687
681
684
684
680
677
678
680
676
676
677
671
674
669
669
667
666
668
668
668
666
666
662
659
662
657
659
659
656
656
656
654
654
649
649
652
648
649
648
647
646
645
642
641
640
638
640
637
635
637
633
636
632
633
628
631
629
626
629
626
622
621
624
624
622
617
618
616
619
615
613
615
611
610
609
612
611
608
606
606
607
604
600
601
600
602
600
600
597
597
594
592
590
590
593
589
586
589
587
588
584
581
585
580
581
582
577
577
574
578
577
575
571
571
572
567
571
567
567
566
567
562
560
560
558
559
557
560
555
556
554
554
555
550
549
548
550
545
545
546
543
545
545
540
538
538
538
539
535
538
536
531
535
529
528
527
530
527
527
527
522
524
525
522
518
521
518
518
518
514
517
513
514
511
509
508
506
507
509
507
507
505
505
500
501
499
496
496
498
497
494
496
495
491
493
489
488
490
484
488
485
483
485
480
481
481
479
477
479
477
474
474
474
470
470
471
469
466
469
467
462
466
463
460
463
462
461
460
456
455
457
455
454
452
450
447
449
450
449
446
447
443
444
444
441
442
438
440
436
433
435
435
433
429
429
432
431
425
427
425
425
422
423
419
421
418
421
415
419
417
412
415
410
414
409
411
409
405
407
405
403
404
400
400
400
401
398
400
396
397
392
394
390
392
392
392
390
388
385
385
386
385
381
382
382
379
381
379
375
377
377
375
370
371
368
368
370
367
365
364
367
365
365
364
358
359
360
359
358
355
352
355
350
353
351
350
350
350
347
348
345
343
340
341
339
341
339
338
337
336
332
336
334
332
328
328
328
326
328
326
326
324
323
321
322
318
318
317
317
316
313
311
312
314
310
309
307
305
306
303
304
306
300
302
302
300
299
296
298
294
294
296
292
291
290
292
289
286
287
284
283
283
284
282
283
278
277
275
279
273
272
271
271
269
270
271
271
267
269
266
264
265
264
259
259
258
256
258
258
255
253
254
252
252
248
249
248
245
247
248
244
246
242
243
243
242
240
240
234
234
236
233
235
230
232
228
226
225
229
225
222
223
224
223
218
219
220
216
219
218
214
214
213
209
213
207
211
205
209
205
204
206
201
204
203
198
198
196
196
197
197
194
190
190
189
191
191
190
185
184
182
183
181
183
183
182
181
178
179
173
174
172
173
174
168
170
170
168
165
168
164
164
161
161
162
162
159
160
156
158
156
151
153
154
149
152
150
145
149
146
146
141
141
141
143
138
138
137
135
138
136
134
133
132
133
129
126
125
126
123
123
125
122
120
119
119
118
120
119
114
116
113
111
112
108
111
108
109
104
107
103
104
104
101
99
99
99
99
95
97
93
94
95
94
89
90
88
86
87
83
86
85
83
79
83
80
80
75
76
77
76
75
72
69
72
71
68
68
66
68
66
63
63
62
62
58
57
55
56
57
54
56
51
52
53
47
51
50
45
43
46
41
45
42
38
39
36
39
35
33
32
31
32
32
33
30
26
26
29
25
25
24
24
24
22
22
17
16
17
13
12
11
13
10
12
9
7
8
8
6
4
1
