1875
1875
1875
1874
1872
1873
1872
1872
1871
1870
1869
1867
1868
1862
1865
1861
1860
1859
1860
1857
1857
1854
1853
1853
1855
1851
1854
1850
1848
1846
1850
1847
1846
1847
1846
1844
1841
1839
1838
1841
1839
1836
1837
1833
1832
1833
1830
1828
1827
1826
1827
1825
1824
1826
1821
1824
1819
1819
1821
1820
1818
1817
1817
1814
1816
1814
1814
1810
1807
1811
1810
1807
1807
1803
1806
1803
1802
1800
1797
1800
1799
1798
1796
1792
1791
1790
1790
1792
1788
1786
1787
1785
1787
1782
1783
1780
1784
1782
1780
1777
1775
1776
1773
1772
1772
1773
1769
1769
1768
1770
1767
1766
1767
1767
1762
1760
1761
1761
1758
1756
1757
1756
1758
1754
1755
1752
1754
1753
1751
1750
1746
1749
1744
1745
1743
1743
1743
1742
1739
1739
1739
1734
1737
1734
1736
1732
1734
1730
1729
1731
1728
1728
1723
1724
1722
1724
1719
1720
1720
1716
1718
1714
1714
1712
1715
1714
1714
1711
1711
1711
1706
1708
1706
1702
1701
1705
1701
1699
1700
1696
1695
1697
1694
1692
1693
1692
1690
1688
1691
1688
1687
1685
1687
1682
1683
1684
1684
1680
1682
1680
1678
1675
1678
1672
1674
1674
1673
1671
1668
1671
1668
1665
1665
1663
1663
1664
1659
1658
1657
1659
1656
1656
1653
1653
1653
1650
1652
1649
1652
1648
1650
1646
1643
1644
1646
1641
1640
1642
1642
1641
1636
1636
1634
1637
1633
1635
1631
1629
1630
1631
1628
1625
1627
1626
1622
1625
1624
1622
1619
1618
1617
1618
1618
1613
1611
1613
1609
1612
1607
1606
1606
1605
1605
1604
1601
1603
1600
1603
1599
1599
1598
1599
1596
1596
1594
1590
1589
1590
1588
1590
1586
1585
1587
1587
1585
1584
1584
1580
1578
1579
1579
1577
1577
1573
1571
1575
1573
1570
1571
1566
1569
1569
1566
1563
1563
1561
1560
1559
1557
1561
1556
1556
1556
1554
1551
1550
1550
1548
1551
1550
1545
1549
1547
1545
1543
1543
1540
1543
1540
1537
1539
1539
1538
1534
1531
1533
1531
1530
1527
1531
1530
1524
1524
1527
1522
1523
1520
1521
1519
1517
1520
1514
1517
1517
1516
1510
1510
1509
1510
1507
1507
1506
1506
1505
1505
1503
1503
1503
1498
1500
1495
1499
1495
1492
1492
1491
1492
1489
1489
1490
1486
1485
1483
1485
1486
1484
1479
1480
1481
1476
1476
1474
1478
1474
1471
1474
1473
1468
1468
1466
1465
1469
1466
1465
1466
1460
1464
1462
1461
1461
1460
1455
1453
1453
1455
1451
1452
1450
1447
1450
1445
1447
1446
1447
1443
1441
1443
1441
1438
1438
1440
1439
1433
1436
1433
1431
1432
1431
1428
1430
1430
1425
1424
1425
1425
1422
1422
1419
1418
1419
1417
1416
1415
1412
1415
1410
1412
1411
1409
1406
1407
1405
1407
1403
1405
1400
1399
1398
1398
1401
1398
1394
1393
1393
1393
1392
1390
1393
1387
1388
1386
1387
1385
1382
1381
1383
1382
1378
1381
1378
1380
1377
1378
1374
1375
1373
1372
1368
1370
1370
1370
1367
1364
1367
1365
1362
1359
1363
1357
1359
1355
1355
1354
1354
1351
1350
1349
1348
1352
1346
1348
1346
1348
1342
1345
1344
1344
1341
1341
1340
1338
1335
1333
1337
1335
1333
1333
1333
1331
1328
1330
1325
1323
1326
1326
1324
1321
1320
1318
1318
1316
1314
1316
1317
1316
1313
1310
1312
1310
1306
1305
1309
1307
1304
1305
1304
1304
1298
1299
1299
1298
1299
1293
1296
1293
1293
1292
1289
1291
1288
1289
1286
1288
1283
1282
1284
1282
1283
1280
1279
1275
1279
1273
1277
1275
1273
1269
1272
1272
1270
1266
1266
1263
1265
1261
1262
1263
1260
1260
1260
1255
1254
1254
1252
1253
1251
1254
1250
1250
1250
1247
1247
1244
1244
1243
1245
1243
1241
1237
1236
1235
1235
1233
1237
1233
1231
1234
1233
1232
1226
1230
1227
1224
1225
1225
1225
1224
1221
1221
1216
1219
1215
1213
1214
1214
1212
1214
1210
1211
1211
1210
1204
1207
1205
1202
1201
1203
1203
1201
1196
1195
1199
1197
1196
1195
1195
1193
1192
1192
1186
1189
1189
1188
1187
1184
1183
1182
1182
1181
1176
1177
1179
1175
1177
1173
1175
1169
1169
1167
1169
1166
1167
1164
1162
1162
1164
1162
1158
1162
1156
1155
1155
1155
1153
1153
1153
1152
1150
1148
1148
1147
1147
1146
1146
1144
1140
1139
1142
1142
1138
1138
1137
1137
1134
1132
1134
1130
1129
1128
1130
1130
1129
1128
1124
1121
1125
1122
1120
1120
1118
1117
1116
1113
1114
1116
1113
1114
1112
1111
1109
1109
1104
1107
1107
1104
1105
1100
1100
1098
1097
1095
1097
1096
1093
1094
1094
1094
1088
1089
1086
1089
1086
1088
1082
1085
1083
1083
1080
1082
1080
1077
1074
1077
1075
1074
1075
1070
1070
1069
1067
1065
1064
1063
1063
1064
1063
1062
1061
1058
1058
1060
1056
1058
1053
1055
1055
1049
1049
1050
1047
1050
1047
1043
1042
1046
1040
1044
1042
1041
1038
1040
1036
1035
1036
1036
1033
1029
1029
1027
1029
1030
1029
1025
1024
1026
1020
1023
1019
1020
1020
1020
1019
1013
1012
1012
1011
1011
1011
1010
1010
1010
1004
1007
1006
1003
1000
1002
1001
1001
1000
997
996
996
997
994
991
991
993
987
990
986
985
983
984
986
984
984
982
980
978
980
978
973
976
972
973
971
970
972
968
965
969
968
965
961
964
962
960
961
958
956
956
958
952
954
951
951
950
948
947
949
945
948
944
942
940
943
938
937
941
938
935
933
935
932
935
931
931
927
931
930
926
923
922
924
922
923
922
918
921
919
916
918
917
916
915
909
911
907
906
909
909
905
904
901
901
900
900
897
900
895
897
896
895
895
894
889
893
892
887
885
886
884
882
882
884
882
883
880
878
878
876
878
874
876
871
873
871
872
867
865
866
867
867
865
863
863
859
862
856
857
854
858
854
853
854
849
848
847
847
845
847
845
844
845
844
843
842
838
838
835
837
833
832
835
833
829
833
830
829
829
828
826
826
823
824
823
823
821
816
820
815
818
817
811
814
813
808
811
808
806
804
808
802
803
801
802
798
800
799
797
799
793
792
795
794
792
791
787
788
785
789
783
787
782
783
783
783
777
777
776
775
774
776
775
775
774
769
768
768
767
768
768
766
762
764
761
761
757
758
755
754
756
757
754
750
753
749
751
748
749
745
743
747
741
743
740
741
738
737
736
739
733
735
735
732
731
729
729
729
728
727
723
725
721
725
720
721
717
720
718
719
713
713
716
711
712
712
711
709
710
708
708
702
703
700
704
702
699
696
695
696
696
697
695
695
689
689
688
687
687
686
684
686
684
685
679
680
680
680
678
675
673
675
674
670
672
669
669
668
669
664
664
664
665
663
663
660
662
659
655
658
653
653
654
653
649
649
649
650
645
647
646
643
642
644
641
638
641
640
637
635
636
636
632
631
633
628
627
628
628
627
625
623
622
624
620
621
619
617
616
616
615
613
614
613
609
609
608
610
610
606
604
602
606
602
602
600
599
599
597
594
594
594
595
593
594
588
590
589
588
585
585
583
582
584
583
582
581
577
580
574
574
572
572
575
570
573
572
567
568
568
564
566
561
563
562
560
558
557
558
558
557
557
552
552
552
550
547
546
547
548
544
547
542
544
539
540
538
539
535
539
534
535
534
531
530
530
530
528
529
526
525
527
523
524
520
518
519
519
518
516
513
514
511
513
513
509
510
507
505
506
506
502
505
505
503
502
501
499
496
495
496
496
495
493
490
490
492
491
489
488
484
487
482
482
480
479
478
480
477
477
477
475
474
472
472
469
469
468
468
466
463
463
462
460
462
459
459
457
455
459
458
453
455
455
449
453
450
450
448
448
443
442
444
445
439
440
437
441
440
436
436
433
436
430
431
430
427
430
430
425
427
424
425
424
424
419
420
418
416
416
415
416
413
413
413
410
408
411
409
408
407
403
402
404
404
398
402
396
397
396
393
395
395
395
394
390
392
388
390
389
385
387
386
382
380
380
382
380
380
376
373
373
376
372
374
370
370
369
365
368
364
366
365
361
364
362
362
356
358
357
356
357
356
355
354
349
348
347
346
348
348
343
346
343
342
343
339
340
335
336
336
337
331
331
332
331
328
328
330
328
323
322
322
325
324
318
317
319
316
315
318
316
316
311
314
310
310
310
310
304
306
302
304
301
299
299
301
299
297
299
293
297
293
291
293
293
287
288
287
284
285
283
281
280
284
279
277
278
277
278
273
274
272
274
269
270
272
266
268
267
265
263
262
260
261
263
257
261
260
259
258
254
256
253
254
252
250
247
248
247
246
245
246
245
240
239
241
236
238
237
238
237
234
234
232
228
229
228
229
224
227
227
223
225
223
222
221
220
215
216
214
214
216
215
209
208
210
211
207
208
207
205
204
203
200
199
200
198
198
199
194
195
192
194
189
189
191
191
190
185
184
183
182
180
179
182
182
177
180
178
174
175
173
171
172
171
169
167
165
166
163
167
166
160
159
161
160
158
156
159
158
153
153
153
149
150
150
150
149
147
148
143
146
144
142
139
139
138
138
135
135
134
131
131
129
128
130
126
128
126
124
124
121
122
121
120
122
120
115
117
117
116
112
114
110
111
110
110
107
106
103
102
103
102
103
98
100
100
96
99
98
96
91
93
89
89
92
86
88
85
86
84
82
83
82
83
79
79
76
76
76
76
75
74
71
71
68
66
67
65
66
65
64
60
60
61
59
59
59
57
55
53
56
53
49
49
49
47
48
47
45
43
44
41
43
42
37
41
37
38
34
34
32
35
30
29
32
26
29
26
27
23
26
21
21
21
19
17
15
17
13
14
13
12
9
12
7
6
7
4
7
4
4
