1880
1876
1875
1877
1875
1871
1873
1872
1872
1869
1865
1869
1864
1864
1861
1863
1860
1858
1860
1856
1859
1858
1856
1853
1854
1853
1850
1850
1847
1850
1850
1846
1848
1845
1845
1842
1839
1840
1840
1836
1838
1836
1836
1835
1834
1833
1834
1829
1830
1831
1826
1828
1828
1826
1823
1822
1819
1818
1819
1816
1817
1817
1816
1814
1815
1811
1814
1812
1812
1806
1809
1806
1804
1803
1806
1804
1804
1802
1799
1796
1799
1796
1796
1794
1793
1795
1794
1789
1788
1787
1788
1789
1783
1787
1786
1785
1780
1781
1779
1776
1776
1775
1776
1777
1772
1774
1772
1773
1770
1769
1770
1769
1764
1765
1763
1760
1760
1760
1758
1761
1757
1759
1755
1754
1753
1753
1752
1750
1747
1751
1745
1749
1744
1742
1745
1744
1741
1743
1739
1741
1739
1737
1733
1734
1734
1732
1731
1732
1729
1726
1726
1726
1727
1726
1726
1724
1723
1720
1719
1720
1715
1718
1714
1716
1711
1713
1712
1709
1709
1709
1710
1707
1708
1707
1703
1704
1703
1703
1697
1696
1700
1697
1695
1694
1693
1694
1689
1690
1689
1691
1686
1686
1688
1682
1681
1684
1679
1680
1677
1680
1675
1678
1678
1675
1674
1674
1672
1670
1667
1670
1670
1664
1667
1664
1664
1664
1660
1660
1659
1658
1655
1657
1656
1655
1654
1651
1653
1649
1648
1649
1650
1645
1643
1643
1643
1644
1644
1639
1641
1638
1636
1637
1633
1632
1635
1634
1630
1628
1631
1629
1628
1626
1625
1622
1622
1625
1620
1623
1622
1620
1620
1616
1617
1616
1612
1612
1613
1612
1607
1611
1606
1605
1608
1607
1602
1605
1603
1601
1602
1599
1596
1599
1595
1592
1592
1594
1591
1590
1588
1587
1589
1587
1584
1586
1584
1583
1581
1580
1578
1579
1580
1576
1577
1576
1572
1571
1574
1568
1570
1569
1565
1565
1566
1563
1561
1564
1562
1561
1557
1560
1556
1557
1554
1553
1553
1551
1551
1549
1550
1549
1549
1544
1545
1546
1544
1544
1541
1540
1538
1539
1536
1536
1536
1533
1534
1532
1530
1531
1532
1530
1526
1529
1526
1526
1521
1522
1520
1523
1517
1516
1515
1515
1516
1515
1513
1512
1509
1509
1511
1509
1505
1509
1508
1503
1502
1501
1502
1499
1498
1496
1498
1497
1498
1497
1492
1495
1489
1490
1487
1491
1487
1484
1483
1487
1485
1484
1483
1483
1478
1480
1476
1479
1476
1477
1474
1475
1469
1471
1469
1470
1469
1465
1463
1464
1466
1461
1462
1458
1461
1457
1460
1455
1454
1455
1455
1454
1454
1448
1448
1448
1448
1449
1445
1443
1444
1443
1441
1441
1437
1441
1436
1438
1437
1433
1434
1432
1431
1430
1428
1426
1426
1425
1423
1423
1422
1425
1419
1421
1418
1418
1415
1417
1415
1414
1414
1410
1412
1408
1410
1410
1406
1405
1408
1406
1402
1402
1400
1399
1402
1401
1397
1397
1394
1396
1393
1394
1391
1392
1390
1389
1386
1389
1387
1382
1386
1381
1384
1379
1380
1377
1376
1374
1378
1372
1373
1374
1370
1371
1372
1366
1367
1364
1367
1362
1361
1361
1359
1361
1361
1360
1356
1359
1355
1355
1356
1350
1353
1349
1347
1346
1347
1345
1348
1345
1345
1344
1343
1338
1340
1338
1339
1337
1334
1334
1335
1330
1334
1331
1332
1329
1327
1328
1327
1325
1325
1321
1322
1323
1320
1317
1316
1314
1318
1317
1311
1311
1309
1313
1308
1308
1305
1305
1308
1306
1305
1302
1299
1299
1302
1301
1297
1299
1297
1295
1296
1295
1292
1293
1292
1289
1288
1287
1285
1285
1282
1280
1281
1283
1279
1279
1277
1279
1276
1275
1276
1271
1273
1270
1268
1267
1266
1267
1268
1266
1264
1264
1263
1262
1262
1256
1256
1254
1256
1253
1256
1254
1250
1249
1249
1250
1248
1244
1245
1244
1245
1241
1239
1242
1241
1238
1235
1234
1233
1236
1233
1233
1234
1233
1232
1229
1229
1229
1228
1226
1226
1224
1223
1219
1220
1218
1219
1215
1215
1214
1211
1210
1212
1208
1209
1209
1207
1209
1203
1205
1202
1203
1201
1201
1197
1201
1198
1198
1194
1195
1194
1191
1192
1191
1190
1186
1189
1188
1183
1182
1186
1184
1181
1179
1179
1180
1180
1174
1175
1175
1173
1175
1172
1170
1169
1168
1170
1167
1163
1166
1166
1165
1162
1162
1161
1158
1158
1155
1154
1156
1155
1154
1149
1149
1149
1151
1148
1146
1147
1145
1143
1142
1139
1143
1142
1136
1140
1138
1138
1137
1132
1132
1134
1132
1129
1127
1129
1126
1126
1122
1123
1122
1120
1119
1120
1118
1115
1117
1117
1117
1112
1112
1109
1113
1107
1106
1105
1107
1105
1105
1106
1100
1104
1098
1098
1100
1095
1096
1094
1095
1093
1094
1090
1093
1090
1086
1085
1088
1085
1087
1084
1084
1080
1083
1082
1080
1079
1079
1075
1073
1074
1073
1074
1071
1072
1069
1068
1069
1063
1062
1062
1061
1064
1060
1061
1056
1056
1057
1056
1057
1053
1052
1051
1048
1051
1051
1045
1046
1043
1047
1044
1045
1040
1040
1042
1040
1036
1035
1034
1036
1034
1035
1034
1032
1031
1026
1027
1026
1025
1027
1026
1020
1024
1022
1017
1017
1020
1016
1016
1016
1014
1012
1010
1011
1010
1008
1006
1006
1007
1007
1003
1001
1004
998
999
1000
998
999
998
997
996
995
989
990
988
986
989
986
987
986
986
982
981
982
979
976
979
977
975
974
976
972
971
970
968
971
967
969
963
967
965
963
959
962
959
959
957
956
954
956
952
952
954
948
951
947
947
949
946
944
944
945
941
943
938
940
938
937
935
934
936
935
934
929
931
931
925
929
927
924
926
925
921
923
917
921
919
918
916
914
916
912
911
911
910
908
908
908
908
904
904
900
904
900
902
899
897
899
895
894
896
893
893
888
887
887
885
886
883
886
881
880
883
879
881
881
880
874
877
873
874
870
871
868
869
870
870
866
863
866
861
865
862
863
862
857
859
856
854
853
853
853
851
851
849
851
847
846
846
847
845
844
840
840
838
837
835
839
838
836
836
830
829
829
827
828
826
829
828
825
822
825
820
820
819
818
819
814
815
814
816
815
813
810
812
809
810
808
803
804
802
805
799
803
797
801
800
794
798
792
793
790
792
792
789
789
787
789
784
785
785
784
783
778
780
779
780
775
773
775
775
772
773
768
768
769
767
764
766
762
766
765
759
760
757
759
755
754
753
757
754
755
753
751
748
751
749
747
744
745
742
741
743
740
742
739
737
735
735
736
731
734
731
728
732
728
730
727
723
727
723
723
722
718
719
718
719
716
714
712
715
715
710
713
708
707
706
706
708
706
701
700
704
701
700
700
698
694
696
696
692
693
691
691
687
687
685
687
685
683
684
680
684
683
678
679
677
674
678
677
671
670
672
673
672
669
667
668
664
667
664
663
663
662
660
661
657
655
653
656
651
654
649
652
648
648
650
648
648
647
645
642
639
643
640
637
639
637
637
634
634
634
632
631
627
629
627
626
628
627
621
625
620
623
618
621
617
619
615
613
616
613
611
613
612
607
605
604
608
603
603
601
604
599
600
598
595
594
598
597
594
594
592
593
590
586
587
584
585
583
583
580
579
583
581
577
577
574
573
575
572
572
569
569
567
570
565
568
563
564
565
565
559
558
557
557
556
555
558
556
553
552
552
550
552
549
550
548
548
545
543
542
540
540
542
539
537
539
534
532
532
534
531
529
527
527
529
526
528
522
525
523
524
523
522
517
519
519
516
513
516
513
510
512
512
507
509
505
505
506
502
502
501
501
498
501
497
497
495
492
494
494
492
490
492
489
489
484
487
482
483
485
480
478
477
476
479
479
476
473
471
471
469
469
469
471
465
468
464
467
462
463
464
459
462
461
460
458
453
453
453
450
451
450
451
448
450
448
448
442
443
444
441
439
441
437
435
437
437
432
433
433
434
429
431
427
428
424
428
424
422
421
421
418
419
416
416
414
415
415
413
410
410
408
410
410
408
408
408
403
405
405
403
400
402
397
395
395
396
392
391
393
394
388
390
387
387
385
387
384
383
383
384
379
381
378
380
374
377
375
375
370
372
373
372
371
367
364
364
365
362
365
364
358
359
357
355
358
355
357
355
350
349
351
350
350
350
347
345
342
343
343
339
339
337
340
338
339
333
334
332
332
330
331
328
330
329
325
327
326
321
321
319
319
318
319
315
319
315
317
312
315
309
309
311
306
310
304
303
307
303
300
301
301
301
299
296
299
294
296
293
291
292
292
289
287
288
287
287
284
284
282
284
282
281
279
279
276
278
274
274
273
273
273
272
266
266
268
266
263
264
264
262
259
261
256
255
258
258
254
252
255
252
250
250
246
250
246
243
242
242
243
240
238
238
237
237
234
236
233
234
230
233
228
230
228
228
229
223
226
226
223
223
218
220
219
215
215
215
216
216
214
209
210
211
210
209
205
205
204
201
205
203
200
197
198
195
199
194
195
196
193
190
190
190
190
187
184
185
183
186
181
179
183
180
176
180
177
175
173
175
173
170
170
167
170
165
168
166
163
164
162
164
162
159
157
159
154
158
156
152
150
154
150
152
150
149
146
148
147
144
140
144
143
142
137
136
137
137
134
135
130
130
131
127
130
127
127
126
127
125
124
123
122
119
118
115
115
116
114
113
111
113
110
109
108
108
106
107
104
104
104
103
100
98
100
98
97
98
92
91
90
91
90
92
89
86
87
85
86
85
83
81
80
81
80
80
78
76
77
71
74
72
73
70
71
67
64
68
64
62
60
62
59
59
57
59
54
57
53
53
53
53
48
50
49
45
49
47
45
43
42
41
38
39
38
40
39
37
36
33
32
31
31
31
30
29
28
27
24
24
20
22
18
19
21
20
14
15
14
12
13
12
11
10
6
7
5
5
4
4
