1875
1875
1874
1875
1873
1875
1869
1868
1868
1868
1865
1867
1863
1863
1861
1865
1859
1859
1862
1860
1856
1855
1858
1853
1851
1855
1854
1851
1848
1851
1846
1848
1847
1844
1842
1840
1844
1839
1841
1840
1836
1838
1838
1837
1834
1832
1834
1830
1832
1826
1826
1825
1827
1825
1824
1825
1824
1819
1820
1816
1815
1818
1818
1816
1811
1812
1809
1808
1807
1810
1806
1804
1803
1806
1801
1800
1800
1801
1797
1801
1797
1798
1794
1797
1793
1791
1789
1792
1791
1790
1787
1786
1783
1783
1781
1785
1782
1778
1781
1781
1775
1778
1777
1773
1773
1771
1772
1768
1771
1771
1768
1767
1766
1763
1765
1761
1762
1762
1758
1760
1758
1754
1755
1754
1752
1755
1750
1748
1750
1749
1748
1744
1747
1745
1742
1744
1743
1742
1741
1741
1740
1735
1736
1736
1731
1731
1731
1730
1727
1730
1730
1724
1726
1723
1722
1720
1721
1720
1718
1719
1719
1716
1714
1715
1716
1713
1710
1712
1709
1708
1710
1707
1708
1703
1706
1702
1699
1703
1700
1699
1700
1697
1697
1694
1691
1692
1693
1689
1688
1686
1689
1689
1683
1683
1683
1683
1682
1683
1680
1677
1677
1677
1673
1676
1676
1672
1669
1668
1670
1666
1666
1664
1664
1666
1661
1661
1659
1662
1659
1661
1655
1658
1656
1653
1651
1651
1652
1651
1651
1650
1645
1646
1645
1642
1645
1641
1641
1638
1637
1641
1637
1636
1634
1637
1632
1635
1632
1628
1630
1630
1629
1626
1623
1623
1622
1622
1622
1619
1617
1616
1619
1614
1614
1615
1614
1613
1611
1611
1610
1608
1608
1607
1604
1607
1604
1601
1604
1603
1597
1599
1595
1596
1596
1596
1594
1590
1589
1589
1591
1589
1589
1586
1587
1587
1583
1581
1582
1580
1580
1578
1575
1578
1578
1576
1574
1575
1572
1571
1569
1567
1566
1566
1567
1567
1566
1565
1560
1563
1557
1558
1555
1556
1555
1556
1555
1553
1550
1553
1550
1546
1545
1544
1544
1542
1542
1542
1542
1540
1538
1537
1540
1537
1533
1536
1531
1535
1529
1531
1529
1526
1526
1526
1527
1523
1521
1524
1522
1521
1522
1521
1520
1515
1516
1517
1513
1510
1514
1509
1507
1509
1508
1507
1503
1504
1506
1503
1501
1501
1498
1496
1500
1497
1496
1497
1494
1491
1493
1489
1492
1490
1486
1484
1483
1485
1485
1481
1483
1479
1481
1481
1478
1474
1474
1472
1476
1474
1473
1468
1472
1471
1470
1468
1463
1466
1466
1461
1462
1463
1459
1459
1455
1457
1455
1455
1456
1454
1452
1451
1449
1451
1450
1449
1445
1444
1445
1443
1440
1441
1440
1437
1438
1434
1435
1434
1434
1431
1429
1431
1428
1429
1429
1429
1428
1422
1426
1420
1422
1420
1420
1420
1415
1414
1414
1416
1413
1412
1414
1413
1409
1408
1408
1406
1404
1404
1403
1400
1402
1402
1397
1396
1400
1398
1398
1393
1394
1394
1390
1388
1389
1390
1386
1388
1388
1387
1383
1380
1379
1381
1378
1379
1380
1374
1378
1375
1374
1374
1369
1371
1369
1366
1367
1366
1366
1363
1365
1361
1360
1363
1360
1358
1357
1354
1354
1353
1355
1354
1349
1348
1352
1348
1347
1349
1347
1346
1345
1343
1341
1339
1340
1340
1335
1336
1337
1334
1331
1333
1331
1333
1330
1329
1325
1325
1325
1323
1325
1320
1324
1320
1318
1320
1316
1315
1317
1313
1312
1311
1314
1312
1310
1307
1309
1307
1305
1306
1301
1300
1299
1299
1300
1297
1298
1296
1294
1292
1291
1292
1294
1288
1288
1287
1287
1285
1283
1286
1284
1280
1281
1282
1279
1281
1277
1278
1274
1277
1271
1271
1270
1268
1267
1266
1270
1269
1268
1267
1263
1262
1263
1261
1260
1261
1259
1255
1256
1255
1254
1253
1250
1251
1251
1251
1247
1247
1243
1246
1243
1242
1241
1241
1239
1238
1236
1234
1236
1237
1231
1232
1233
1233
1232
1229
1225
1228
1225
1225
1221
1221
1221
1222
1220
1221
1218
1215
1216
1213
1215
1212
1214
1211
1212
1206
1208
1209
1206
1204
1204
1201
1204
1200
1199
1198
1198
1196
1194
1197
1194
1193
1194
1192
1187
1188
1187
1188
1187
1184
1181
1183
1183
1181
1180
1179
1175
1176
1177
1174
1175
1172
1171
1171
1168
1169
1169
1168
1167
1162
1166
1160
1164
1162
1158
1158
1157
1154
1155
1152
1151
1150
1150
1149
1152
1147
1150
1149
1148
1143
1145
1142
1143
1142
1137
1139
1139
1138
1134
1134
1136
1131
1133
1133
1132
1131
1130
1124
1127
1122
1124
1125
1119
1119
1121
1116
1117
1117
1116
1112
1114
1113
1114
1110
1112
1111
1106
1108
1103
1105
1102
1102
1099
1098
1097
1099
1099
1095
1094
1093
1092
1090
1091
1091
1092
1087
1087
1087
1085
1083
1081
1085
1081
1083
1077
1076
1079
1076
1077
1072
1073
1072
1070
1069
1069
1069
1066
1067
1066
1063
1064
1060
1060
1058
1058
1056
1055
1054
1057
1053
1052
1054
1050
1052
1050
1047
1046
1045
1045
1043
1042
1042
1041
1042
1039
1038
1036
1037
1038
1037
1034
1030
1033
1028
1032
1028
1025
1027
1028
1024
1025
1020
1019
1018
1020
1021
1019
1018
1013
1014
1015
1012
1013
1009
1010
1007
1005
1008
1005
1002
1002
1005
999
999
997
998
995
999
993
994
994
993
994
993
990
987
989
984
984
986
983
985
983
980
982
979
979
979
973
977
973
974
970
971
968
968
966
966
966
962
961
963
959
962
959
958
959
955
956
952
953
953
952
952
947
946
949
949
945
945
946
942
944
941
939
938
939
934
937
936
935
932
929
933
929
926
927
926
928
926
924
920
924
919
922
921
915
917
916
916
914
911
914
908
907
908
908
908
903
906
904
902
903
900
900
899
897
896
896
896
896
891
889
888
891
886
890
888
887
883
881
882
879
883
882
876
875
878
877
875
876
874
873
870
867
871
867
866
867
865
862
862
863
859
859
860
857
859
856
855
851
854
854
853
852
846
846
844
844
847
841
844
844
839
837
837
837
834
835
836
836
830
833
828
828
826
827
829
828
825
822
823
819
822
821
818
815
819
814
817
815
812
812
808
812
808
810
807
806
804
804
801
802
801
801
798
796
794
795
796
796
792
789
788
788
791
786
784
787
785
782
783
784
778
782
779
780
778
774
774
772
771
774
773
767
767
770
767
768
762
763
760
762
763
762
759
760
756
753
757
753
754
753
749
747
750
748
748
743
743
745
743
740
742
742
740
737
739
737
736
734
731
733
729
729
730
730
724
727
724
726
724
723
718
720
719
716
715
713
713
716
712
712
710
708
708
710
707
706
706
706
702
699
703
698
696
695
695
696
696
692
692
694
690
688
688
686
685
687
682
686
681
683
681
679
677
678
676
675
673
676
673
672
671
669
666
665
667
665
665
664
663
660
660
660
659
658
656
655
653
652
655
650
650
648
649
646
646
648
644
644
643
639
639
637
641
635
637
634
634
632
633
631
628
631
626
627
629
623
626
624
625
621
620
620
620
615
618
616
616
616
610
610
611
610
607
605
605
606
604
601
603
601
598
601
596
600
597
598
594
591
594
594
590
591
589
587
589
583
585
585
585
583
580
582
577
575
577
578
573
574
571
574
570
568
571
568
568
566
565
562
562
559
562
558
558
556
556
554
556
553
555
554
549
551
548
550
549
546
542
541
545
541
542
541
541
540
535
537
535
535
533
529
530
527
529
530
529
527
522
521
525
520
521
517
516
519
517
518
516
512
510
512
509
510
508
509
505
508
505
504
503
503
498
502
501
496
498
496
495
491
491
492
493
492
486
490
486
483
485
485
483
480
480
477
478
476
477
477
477
473
475
470
468
468
466
468
469
464
463
465
461
461
460
460
458
455
455
457
452
453
450
453
448
451
448
448
449
447
446
445
442
441
438
440
438
436
435
435
433
436
430
433
428
432
427
430
429
426
422
423
424
424
422
417
417
417
418
418
416
416
410
409
412
408
408
409
408
403
407
402
404
402
399
400
398
397
399
393
393
393
392
393
389
390
387
388
389
383
383
382
384
383
383
382
377
377
379
376
375
373
373
371
369
370
367
370
366
368
363
361
360
362
360
361
359
360
354
355
357
354
350
351
348
352
346
347
348
344
342
343
343
343
343
341
337
339
334
333
332
331
333
331
329
330
328
325
327
328
325
326
325
319
321
321
318
315
314
316
317
313
312
312
311
310
310
305
308
307
307
303
303
303
300
300
300
296
295
293
295
295
290
293
292
292
288
289
286
284
283
286
285
280
282
280
281
277
274
277
276
275
270
271
269
272
270
270
268
268
263
266
264
259
263
259
260
258
254
258
252
251
250
251
253
251
248
246
249
247
244
241
244
243
241
240
239
237
235
238
235
231
235
231
229
227
230
227
226
224
225
226
224
223
220
219
219
219
215
215
217
214
210
209
213
211
208
207
209
208
205
201
203
202
199
200
197
199
195
195
197
193
190
191
189
190
186
190
184
183
185
185
183
180
179
177
181
177
174
174
174
173
173
169
171
169
169
165
169
163
163
163
164
163
163
161
156
155
155
154
157
151
151
150
151
152
150
148
144
144
143
144
145
141
140
142
141
140
139
137
133
132
132
130
130
130
131
126
128
126
126
123
121
119
119
119
116
119
118
115
112
115
115
110
109
112
108
110
108
104
105
101
104
100
98
99
98
96
97
95
97
93
90
94
90
92
87
90
86
84
87
84
84
84
83
79
80
76
75
73
74
71
74
71
71
71
70
67
67
66
62
62
61
63
62
61
59
57
58
57
57
52
51
49
53
48
46
49
48
45
46
45
44
40
38
41
36
38
38
37
33
35
30
34
28
31
30
27
26
24
26
23
24
19
18
17
17
19
15
13
17
11
10
9
8
9
7
7
8
7
7
5
