1875
1875
1873
1874
1872
1871
1873
1873
1868
1869
1870
1864
1868
1866
1863
1863
1864
1861
1862
1860
1855
1854
1853
1856
1851
1850
1849
1851
1851
1850
1850
1849
1848
1847
1843
1840
1840
1841
1840
1841
1835
1838
1838
1837
1831
1834
1833
1831
1827
1828
1826
1828
1827
1826
1826
1825
1820
1820
1822
1820
1818
1819
1813
1814
1816
1812
1814
1809
1812
1807
1807
1804
1808
1804
1805
1802
1799
1802
1799
1799
1796
1796
1794
1795
1795
1793
1791
1792
1787
1786
1789
1787
1787
1785
1785
1785
1780
1779
1778
1777
1775
1776
1773
1774
1774
1775
1774
1768
1767
1769
1766
1769
1767
1766
1764
1763
1762
1760
1758
1757
1757
1755
1758
1755
1751
1754
1749
1750
1747
1746
1747
1748
1747
1746
1742
1744
1743
1741
1739
1737
1737
1737
1734
1732
1733
1734
1733
1730
1732
1726
1730
1726
1726
1726
1723
1723
1722
1720
1718
1720
1718
1716
1716
1714
1714
1715
1714
1711
1707
1708
1709
1708
1704
1707
1703
1701
1701
1701
1697
1701
1697
1699
1694
1697
1694
1693
1693
1689
1688
1691
1687
1688
1687
1685
1682
1681
1681
1679
1682
1678
1675
1675
1674
1676
1671
1675
1670
1669
1671
1666
1667
1666
1663
1663
1662
1664
1659
1659
1662
1661
1656
1658
1654
1656
1654
1654
1654
1653
1651
1650
1646
1645
1648
1645
1644
1645
1642
1638
1637
1637
1638
1636
1637
1633
1635
1630
1634
1633
1627
1627
1630
1627
1626
1623
1622
1625
1619
1623
1618
1617
1620
1618
1614
1613
1615
1610
1609
1613
1608
1606
1606
1609
1604
1606
1603
1602
1603
1602
1599
1599
1599
1597
1593
1595
1594
1594
1593
1589
1589
1590
1586
1587
1587
1585
1585
1581
1584
1581
1578
1577
1575
1577
1574
1576
1572
1573
1571
1568
1572
1567
1565
1568
1566
1566
1566
1560
1563
1561
1562
1556
1556
1559
1554
1553
1554
1550
1550
1553
1550
1549
1550
1547
1547
1544
1541
1543
1543
1541
1538
1538
1540
1536
1536
1534
1531
1532
1533
1532
1528
1531
1530
1526
1524
1525
1522
1520
1521
1519
1517
1517
1520
1519
1516
1516
1515
1513
1512
1510
1507
1511
1507
1504
1503
1505
1506
1502
1500
1503
1497
1501
1500
1499
1493
1495
1493
1491
1490
1492
1487
1490
1488
1485
1488
1487
1483
1483
1481
1478
1479
1479
1477
1478
1478
1476
1471
1475
1471
1473
1468
1471
1469
1466
1465
1464
1466
1465
1463
1459
1460
1460
1458
1458
1457
1455
1453
1453
1451
1450
1449
1449
1445
1449
1443
1443
1441
1441
1441
1439
1437
1440
1439
1435
1435
1436
1432
1434
1434
1432
1427
1430
1429
1429
1423
1423
1425
1421
1423
1420
1418
1416
1418
1417
1418
1413
1414
1412
1414
1410
1408
1406
1407
1405
1406
1404
1405
1402
1401
1398
1399
1398
1398
1394
1397
1392
1391
1391
1394
1392
1389
1389
1387
1388
1388
1384
1385
1380
1384
1382
1381
1381
1378
1377
1374
1374
1373
1370
1371
1369
1367
1368
1367
1369
1368
1362
1366
1360
1360
1362
1359
1360
1359
1356
1354
1353
1356
1355
1352
1348
1350
1348
1348
1344
1347
1347
1345
1341
1339
1338
1339
1336
1337
1337
1337
1335
1332
1330
1331
1330
1331
1327
1329
1324
1328
1326
1325
1323
1322
1321
1322
1319
1318
1314
1318
1312
1314
1312
1314
1309
1309
1310
1306
1304
1306
1306
1301
1300
1303
1300
1302
1300
1297
1298
1294
1292
1291
1292
1291
1290
1289
1289
1287
1284
1283
1283
1281
1280
1281
1282
1278
1279
1280
1277
1277
1272
1271
1273
1273
1271
1270
1268
1269
1265
1263
1265
1265
1262
1259
1263
1259
1260
1257
1255
1254
1257
1254
1253
1250
1253
1251
1249
1246
1247
1248
1246
1245
1242
1244
1240
1241
1241
1236
1237
1236
1235
1234
1231
1234
1232
1227
1230
1228
1228
1226
1224
1222
1222
1224
1220
1217
1219
1219
1217
1218
1212
1214
1215
1209
1213
1211
1210
1209
1207
1208
1206
1206
1201
1201
1199
1202
1198
1196
1196
1198
1194
1196
1191
1192
1192
1189
1186
1187
1187
1186
1185
1184
1181
1181
1179
1181
1176
1179
1178
1173
1174
1176
1171
1170
1169
1170
1169
1165
1164
1164
1163
1161
1163
1163
1158
1162
1160
1158
1155
1156
1156
1154
1151
1151
1152
1150
1151
1148
1145
1145
1142
1143
1142
1139
1141
1140
1137
1140
1134
1138
1133
1136
1133
1131
1128
1128
1130
1130
1128
1125
1126
1124
1120
1123
1120
1119
1118
1119
1116
1118
1114
1112
1114
1113
1112
1111
1109
1106
1106
1105
1107
1102
1104
1102
1100
1102
1097
1096
1096
1097
1097
1094
1092
1089
1089
1088
1088
1090
1084
1083
1085
1084
1081
1079
1080
1080
1079
1075
1077
1074
1075
1076
1073
1069
1070
1070
1067
1065
1067
1065
1063
1065
1064
1062
1060
1057
1060
1057
1059
1054
1055
1053
1052
1052
1051
1047
1050
1049
1049
1046
1042
1044
1043
1041
1043
1042
1036
1039
1034
1037
1032
1033
1032
1032
1028
1031
1030
1030
1028
1024
1022
1026
1022
1021
1020
1022
1019
1018
1019
1017
1015
1016
1015
1011
1012
1008
1009
1010
1004
1008
1007
1003
1000
1000
1003
1001
996
998
997
998
992
996
995
993
989
988
989
988
985
987
985
985
984
980
980
977
979
978
977
973
976
971
972
973
970
967
966
970
964
967
966
966
963
963
961
960
960
955
955
956
955
952
954
953
952
949
948
945
947
944
944
944
945
942
942
940
937
938
934
934
933
932
934
933
929
927
930
929
928
924
925
925
924
924
923
919
917
915
916
918
917
915
915
912
911
910
906
907
905
905
906
906
900
900
898
902
896
896
898
893
895
892
891
891
888
887
887
887
889
884
882
883
882
883
881
880
881
878
876
873
874
872
875
870
868
871
868
866
868
865
863
864
865
864
863
860
859
860
855
854
855
856
850
849
853
851
846
847
849
848
842
842
844
839
843
841
841
838
836
833
835
831
835
834
831
831
828
826
826
826
827
824
825
824
821
817
819
819
819
817
816
812
811
813
813
810
811
809
807
807
807
803
803
802
799
802
800
795
799
793
795
793
795
789
789
790
789
787
785
783
785
782
780
784
780
781
777
780
776
774
772
776
771
771
773
769
768
768
769
767
763
761
761
763
763
762
756
760
757
753
757
751
752
754
749
748
748
750
745
743
742
744
743
740
740
740
736
737
735
736
732
736
731
731
728
730
728
729
728
727
726
721
721
724
718
717
716
717
715
715
714
713
713
709
710
712
709
706
706
706
707
705
702
699
699
701
700
699
698
697
694
692
694
689
688
692
690
687
684
686
682
682
681
680
679
678
679
675
674
676
676
676
670
673
672
669
666
669
665
665
662
666
664
664
659
660
661
660
657
658
655
652
651
653
649
651
646
647
646
646
645
645
645
644
642
640
639
636
638
636
635
633
633
634
629
627
629
626
629
624
623
623
623
623
618
620
618
616
616
618
616
612
612
613
608
609
606
607
605
604
605
606
604
601
598
599
599
596
595
598
595
591
593
594
591
590
590
587
586
584
584
586
582
579
582
581
576
575
574
578
572
573
570
574
573
568
568
566
567
564
567
564
560
559
558
560
557
557
555
553
555
556
555
554
553
550
550
546
549
547
542
545
544
541
538
541
537
536
537
533
532
533
533
531
529
528
531
525
524
527
526
521
524
523
519
517
520
516
516
514
512
513
514
510
510
510
509
506
507
505
507
501
503
503
501
501
501
498
498
494
495
494
492
493
493
491
487
488
487
488
487
483
483
484
482
482
480
480
475
473
473
473
471
469
468
469
471
465
467
467
467
461
464
461
462
462
461
459
459
456
453
451
450
451
453
450
450
448
447
446
442
441
440
439
439
438
436
436
434
438
434
434
430
432
431
428
428
429
427
427
425
421
422
423
418
418
419
415
415
413
417
411
410
412
411
412
408
410
408
405
405
405
401
401
401
401
397
396
397
396
393
395
395
393
392
387
386
386
386
387
383
386
384
382
381
377
377
376
374
373
374
372
372
371
371
371
366
369
365
365
362
365
362
363
360
360
360
359
357
354
355
353
355
352
348
352
348
349
347
343
347
341
342
343
343
338
336
339
337
337
336
334
333
329
328
330
328
327
324
325
325
322
324
324
322
318
317
317
317
316
314
316
314
309
310
308
310
310
306
308
306
301
303
302
298
297
298
296
296
296
295
296
291
291
293
288
288
288
286
286
285
282
283
281
278
279
281
275
274
274
275
272
275
269
270
271
271
266
266
265
267
261
260
264
258
258
256
256
258
257
253
253
254
254
249
251
246
246
247
248
243
244
244
244
241
240
241
238
237
234
236
232
233
232
230
228
226
227
226
227
226
225
222
220
223
220
219
217
219
214
212
216
210
213
208
207
209
206
204
208
203
203
200
202
200
198
199
200
197
197
192
191
191
191
188
192
186
187
186
183
183
184
180
183
180
181
180
179
176
176
176
176
175
173
169
172
170
167
166
168
163
162
162
159
163
160
157
155
158
154
153
152
153
149
149
151
151
147
148
147
145
142
141
142
142
140
136
136
137
133
132
131
134
130
133
132
126
126
127
123
126
125
123
122
120
122
117
117
115
117
114
114
113
110
108
110
111
106
106
106
106
104
102
102
101
99
101
96
99
96
95
94
94
94
91
90
87
89
85
83
84
84
80
82
83
82
76
80
78
78
76
75
72
70
68
72
71
66
69
66
67
61
65
59
62
59
59
56
54
56
57
55
51
50
48
52
49
48
48
46
44
45
40
41
41
39
38
39
37
33
33
31
34
32
29
31
28
28
24
24
23
23
22
21
21
17
19
15
14
14
12
14
10
14
11
10
11
9
7
8
3
2
