1880
1879
1874
1873
1874
1875
1871
1868
1867
1866
1869
1868
1867
1866
1861
1865
1862
1861
1860
1857
1855
1856
1853
1852
1852
1855
1854
1849
1851
1850
1845
1848
1845
1846
1843
1842
1844
1839
1837
1840
1836
1834
1837
1837
1836
1832
1832
1831
1828
1826
1826
1828
1828
1822
1823
1825
1821
1823
1821
1821
1818
1816
1813
1817
1812
1813
1812
1812
1808
1806
1806
1805
1808
1807
1804
1801
1801
1803
1798
1799
1797
1799
1793
1793
1795
1791
1793
1790
1791
1791
1786
1786
1787
1784
1783
1780
1784
1780
1778
1779
1775
1779
1775
1774
1776
1775
1770
1770
1771
1771
1768
1767
1766
1766
1766
1761
1764
1758
1762
1759
1756
1758
1757
1752
1751
1751
1752
1749
1748
1751
1748
1745
1747
1744
1744
1740
1744
1743
1741
1740
1738
1738
1737
1733
1734
1733
1730
1731
1731
1729
1726
1724
1726
1725
1723
1722
1720
1723
1721
1719
1715
1719
1717
1714
1714
1713
1714
1709
1709
1711
1706
1707
1705
1702
1704
1702
1701
1701
1700
1697
1698
1697
1696
1693
1691
1690
1692
1690
1690
1691
1685
1688
1683
1682
1685
1685
1679
1680
1678
1676
1679
1674
1673
1675
1672
1670
1671
1673
1671
1668
1668
1669
1663
1664
1666
1661
1659
1658
1657
1656
1655
1655
1657
1654
1653
1650
1651
1651
1651
1650
1648
1646
1648
1644
1645
1644
1641
1643
1639
1640
1637
1638
1634
1634
1635
1633
1632
1628
1629
1628
1625
1624
1624
1622
1626
1624
1624
1618
1618
1619
1620
1614
1614
1613
1611
1614
1609
1610
1610
1608
1606
1607
1608
1602
1603
1600
1599
1603
1597
1599
1600
1594
1594
1596
1593
1590
1591
1588
1590
1587
1587
1585
1588
1585
1583
1580
1580
1582
1579
1581
1577
1577
1573
1572
1575
1575
1574
1572
1571
1569
1568
1565
1564
1565
1565
1565
1560
1559
1560
1556
1557
1554
1556
1553
1555
1550
1553
1550
1548
1549
1545
1549
1544
1546
1546
1545
1544
1542
1542
1541
1538
1536
1535
1533
1532
1532
1530
1533
1527
1528
1526
1524
1525
1522
1524
1521
1523
1520
1520
1520
1515
1518
1518
1514
1513
1514
1512
1510
1508
1506
1505
1509
1507
1506
1503
1505
1500
1502
1498
1497
1497
1497
1494
1493
1492
1490
1494
1492
1491
1490
1488
1484
1487
1482
1486
1481
1479
1479
1481
1478
1477
1478
1475
1474
1473
1471
1469
1470
1472
1466
1468
1468
1464
1467
1461
1461
1461
1463
1457
1460
1456
1457
1454
1454
1455
1452
1452
1450
1450
1450
1445
1444
1446
1442
1446
1445
1441
1438
1442
1441
1439
1435
1437
1433
1432
1431
1429
1428
1428
1426
1429
1424
1427
1427
1423
1424
1424
1423
1417
1421
1419
1417
1415
1417
1412
1410
1413
1408
1408
1411
1406
1405
1406
1405
1401
1403
1404
1402
1397
1397
1397
1398
1398
1395
1392
1391
1391
1393
1392
1387
1390
1385
1384
1383
1381
1384
1381
1383
1377
1376
1379
1377
1374
1374
1374
1372
1373
1370
1371
1370
1370
1368
1364
1365
1361
1365
1360
1361
1361
1357
1355
1355
1356
1354
1356
1353
1351
1350
1352
1348
1346
1348
1344
1346
1342
1341
1339
1343
1338
1336
1338
1336
1338
1334
1335
1335
1329
1332
1330
1331
1329
1326
1325
1327
1323
1320
1323
1321
1320
1318
1318
1316
1314
1317
1312
1311
1310
1312
1307
1306
1305
1306
1303
1307
1304
1303
1303
1301
1298
1301
1297
1296
1296
1292
1296
1291
1294
1291
1288
1289
1288
1287
1286
1287
1284
1285
1281
1280
1282
1277
1279
1274
1273
1272
1275
1270
1270
1272
1267
1271
1268
1268
1268
1267
1265
1260
1264
1260
1257
1261
1257
1257
1257
1252
1251
1250
1254
1252
1247
1250
1250
1245
1247
1243
1243
1243
1240
1242
1241
1237
1238
1237
1236
1232
1235
1231
1233
1228
1227
1227
1227
1227
1224
1224
1224
1222
1222
1220
1219
1216
1215
1219
1218
1213
1213
1214
1213
1212
1210
1209
1206
1207
1204
1206
1202
1202
1203
1202
1198
1196
1198
1195
1197
1195
1193
1193
1194
1189
1191
1188
1190
1188
1187
1183
1182
1182
1179
1182
1182
1179
1178
1175
1174
1177
1174
1171
1173
1168
1170
1166
1168
1165
1166
1165
1164
1165
1159
1159
1161
1161
1159
1155
1156
1153
1155
1152
1149
1151
1148
1151
1146
1146
1148
1146
1146
1145
1143
1139
1138
1136
1138
1136
1133
1133
1133
1135
1129
1129
1130
1129
1126
1128
1127
1126
1124
1124
1121
1118
1122
1117
1119
1116
1114
1115
1111
1114
1110
1109
1109
1108
1105
1106
1105
1107
1106
1105
1102
1101
1097
1099
1100
1095
1095
1095
1092
1091
1092
1090
1092
1086
1086
1089
1083
1083
1084
1082
1084
1080
1082
1078
1078
1078
1077
1077
1072
1074
1072
1071
1068
1068
1068
1069
1065
1067
1064
1062
1059
1058
1058
1056
1059
1057
1055
1054
1056
1052
1051
1052
1048
1046
1045
1048
1043
1044
1043
1040
1040
1039
1038
1036
1036
1034
1034
1033
1034
1034
1031
1033
1029
1030
1025
1027
1025
1027
1026
1022
1022
1020
1020
1020
1017
1018
1018
1015
1013
1014
1013
1012
1012
1010
1010
1007
1004
1004
1003
1005
1003
1000
997
996
998
997
993
994
991
995
993
991
991
988
987
986
985
983
985
982
980
979
978
977
980
976
977
976
972
971
970
973
969
970
970
968
968
964
964
964
962
959
958
959
958
958
954
954
956
953
951
950
948
950
947
949
948
945
943
940
940
942
940
939
937
936
933
936
933
934
931
930
927
927
926
924
923
924
922
925
923
920
919
920
920
915
916
916
911
915
914
911
912
907
908
909
904
906
905
905
903
903
897
898
897
897
895
896
891
893
891
890
889
887
888
887
883
885
883
884
882
880
878
877
878
877
878
876
872
873
874
872
872
871
870
867
863
867
861
860
864
861
857
859
856
859
856
853
851
855
853
849
847
847
847
847
845
846
845
840
840
839
841
839
835
839
834
837
834
835
830
832
827
828
826
827
825
824
826
824
819
821
818
820
819
814
816
812
816
814
810
810
809
808
806
805
808
807
801
801
803
803
802
799
795
795
798
795
795
791
793
788
787
788
787
789
788
786
781
782
779
782
782
779
780
776
775
773
775
774
772
771
768
771
767
769
765
767
763
760
761
761
759
756
759
759
753
753
756
753
749
749
747
749
746
749
748
747
741
741
743
742
739
738
739
734
737
737
732
731
729
732
730
727
729
729
728
725
723
725
724
720
720
716
719
716
716
712
715
713
714
711
707
711
705
705
707
703
704
701
700
699
697
698
697
695
696
693
691
690
693
688
692
689
689
687
685
684
681
682
680
683
678
681
679
675
678
673
671
675
673
671
671
669
668
669
663
664
663
660
662
660
661
657
655
657
655
654
651
650
649
650
650
651
647
645
643
642
643
644
639
642
638
639
635
637
634
635
633
632
632
633
632
630
629
627
628
622
626
624
624
622
617
616
615
615
617
614
615
612
612
610
607
609
609
604
607
604
602
603
600
599
600
601
595
599
594
594
595
592
591
591
589
589
588
589
588
587
583
584
583
580
578
581
575
575
573
573
573
572
569
568
569
566
568
568
567
567
565
563
562
563
560
556
556
559
558
556
556
553
553
553
552
546
546
545
546
544
541
542
543
541
542
541
537
539
536
536
534
535
534
531
531
526
527
525
527
522
524
525
522
519
519
518
518
515
517
512
512
511
513
513
510
508
507
504
503
504
504
500
504
502
497
501
500
499
494
493
491
493
490
493
489
486
485
489
485
482
484
484
483
483
478
479
477
474
473
477
475
474
473
472
469
469
468
467
465
464
463
461
459
460
459
458
460
457
456
455
454
455
450
452
452
446
448
446
444
443
441
442
442
438
442
440
437
437
436
435
435
433
430
431
427
427
429
428
423
427
423
421
419
423
422
419
417
417
415
417
414
412
410
412
408
406
407
406
405
407
405
403
400
398
399
399
396
398
398
395
393
391
393
391
392
391
387
385
387
383
382
384
384
382
380
381
378
377
373
372
376
370
372
372
368
371
365
369
363
367
363
362
361
360
357
357
359
359
355
353
353
354
351
348
349
347
349
347
347
345
343
343
344
342
338
341
340
336
333
335
333
330
334
328
332
328
330
326
325
326
325
320
323
323
317
321
319
315
318
312
315
310
310
312
307
311
307
309
304
303
302
305
302
303
298
300
296
298
293
292
292
294
294
288
292
288
288
286
283
284
286
280
279
281
282
281
277
279
273
274
272
275
272
272
272
266
269
266
267
266
263
261
259
261
260
260
258
257
258
257
256
255
251
249
248
251
250
248
246
244
241
242
241
243
237
237
235
238
234
235
234
230
233
228
228
229
228
228
224
226
225
220
222
221
221
219
217
218
213
216
213
215
213
211
208
206
206
206
207
203
202
202
202
200
200
196
195
197
195
192
193
195
191
192
190
189
187
189
184
183
181
185
184
179
179
181
178
179
176
177
175
172
173
168
172
167
166
166
167
166
161
160
162
160
157
159
157
158
153
156
156
154
151
149
152
149
147
146
144
146
143
141
144
140
139
141
138
134
138
134
135
134
129
128
129
130
128
124
125
125
123
124
123
120
120
117
117
114
113
112
116
110
113
112
111
109
107
108
103
103
106
104
104
101
98
101
96
98
97
93
94
93
90
88
88
90
86
88
86
83
84
80
82
82
77
81
79
79
73
75
72
70
71
73
70
66
68
66
66
63
64
63
60
61
59
56
56
58
56
57
51
54
52
48
51
49
48
48
46
44
41
44
43
38
37
41
40
39
37
36
34
32
32
31
29
30
26
24
25
22
21
20
21
18
21
17
19
17
13
14
11
14
14
8
8
11
5
8
4
5
1
