1877
1875
1874
1873
1876
1871
1874
1868
1867
1869
1865
1868
1863
1866
1866
1863
1860
1859
1862
1861
1856
1854
1856
1853
1852
1855
1854
1850
1847
1847
1846
1846
1847
1846
1844
1840
1839
1839
1837
1839
1840
1839
1838
1835
1834
1832
1833
1833
1830
1828
1826
1828
1827
1822
1822
1821
1824
1820
1822
1820
1820
1815
1816
1815
1813
1814
1814
1813
1812
1806
1806
1805
1806
1802
1802
1802
1800
1802
1799
1800
1799
1797
1796
1793
1796
1790
1790
1790
1789
1788
1786
1785
1787
1785
1781
1781
1783
1781
1781
1777
1776
1775
1776
1775
1772
1770
1771
1769
1767
1767
1769
1767
1767
1766
1765
1760
1763
1758
1759
1760
1759
1759
1756
1753
1755
1755
1750
1753
1751
1746
1750
1749
1743
1745
1742
1741
1739
1740
1737
1737
1738
1738
1737
1734
1736
1733
1731
1729
1727
1731
1727
1726
1728
1724
1726
1721
1723
1723
1721
1719
1715
1719
1713
1712
1713
1710
1711
1713
1712
1710
1709
1707
1707
1704
1703
1705
1704
1701
1700
1699
1695
1698
1694
1696
1694
1693
1689
1688
1687
1691
1688
1684
1684
1683
1682
1680
1679
1680
1677
1681
1676
1678
1676
1673
1672
1670
1672
1668
1671
1669
1670
1665
1668
1665
1661
1661
1662
1662
1658
1659
1659
1656
1656
1657
1654
1651
1651
1651
1648
1651
1646
1649
1643
1645
1644
1642
1641
1643
1640
1637
1639
1634
1634
1634
1635
1635
1632
1631
1632
1629
1629
1624
1627
1626
1624
1622
1619
1621
1621
1617
1620
1614
1617
1615
1614
1613
1614
1611
1608
1609
1607
1604
1608
1602
1601
1603
1600
1599
1602
1597
1598
1594
1598
1595
1596
1591
1594
1590
1589
1589
1587
1585
1583
1587
1582
1584
1584
1580
1578
1579
1576
1579
1575
1572
1573
1571
1574
1569
1571
1571
1568
1567
1564
1566
1566
1564
1563
1559
1557
1560
1560
1559
1557
1557
1552
1552
1553
1549
1548
1551
1548
1545
1548
1543
1545
1542
1542
1542
1537
1537
1538
1538
1533
1532
1533
1531
1531
1532
1531
1529
1529
1529
1524
1524
1522
1523
1523
1518
1519
1519
1517
1514
1516
1512
1514
1514
1513
1511
1510
1506
1509
1508
1505
1503
1501
1500
1499
1500
1499
1496
1495
1495
1497
1493
1491
1490
1492
1488
1487
1487
1485
1485
1487
1485
1484
1484
1480
1481
1480
1478
1479
1479
1478
1475
1476
1474
1474
1468
1469
1471
1470
1465
1468
1462
1461
1463
1460
1463
1460
1461
1460
1456
1456
1454
1455
1450
1450
1450
1449
1449
1450
1444
1445
1443
1443
1440
1440
1438
1442
1439
1438
1434
1433
1432
1431
1435
1432
1429
1430
1428
1426
1429
1426
1422
1423
1422
1422
1423
1419
1421
1415
1414
1414
1412
1415
1414
1413
1408
1408
1408
1410
1408
1404
1404
1403
1402
1403
1400
1401
1400
1397
1394
1397
1397
1396
1391
1391
1393
1390
1391
1385
1388
1386
1384
1382
1380
1384
1381
1381
1380
1380
1376
1377
1374
1374
1370
1374
1373
1367
1371
1369
1364
1366
1366
1364
1360
1364
1363
1357
1357
1357
1354
1355
1356
1355
1353
1350
1353
1350
1346
1346
1346
1343
1342
1341
1345
1344
1342
1338
1340
1338
1337
1338
1334
1333
1333
1332
1332
1331
1328
1327
1325
1326
1322
1326
1324
1323
1321
1321
1316
1320
1316
1314
1315
1316
1315
1314
1309
1312
1307
1306
1307
1303
1302
1301
1305
1304
1298
1298
1300
1295
1297
1296
1297
1296
1290
1289
1288
1289
1290
1285
1286
1288
1287
1284
1282
1284
1278
1282
1276
1280
1276
1278
1272
1273
1274
1274
1269
1268
1268
1268
1269
1268
1264
1261
1260
1259
1258
1258
1261
1258
1259
1255
1254
1254
1255
1249
1250
1249
1246
1247
1246
1247
1245
1241
1240
1244
1239
1238
1241
1238
1237
1236
1234
1234
1230
1232
1233
1229
1230
1226
1229
1228
1223
1221
1221
1221
1219
1217
1218
1216
1214
1218
1216
1216
1212
1213
1209
1207
1207
1206
1206
1205
1206
1203
1205
1202
1202
1200
1197
1200
1197
1198
1194
1193
1190
1194
1189
1190
1186
1190
1186
1186
1187
1185
1181
1182
1179
1178
1178
1178
1174
1175
1177
1172
1170
1174
1170
1171
1170
1165
1169
1165
1162
1164
1161
1159
1161
1158
1159
1160
1156
1155
1153
1152
1150
1149
1153
1148
1146
1148
1146
1147
1144
1143
1140
1139
1141
1141
1137
1136
1136
1133
1136
1131
1131
1134
1129
1129
1129
1129
1127
1126
1127
1122
1120
1120
1123
1121
1117
1118
1115
1113
1114
1111
1115
1113
1110
1108
1111
1109
1107
1103
1105
1103
1102
1100
1101
1100
1101
1100
1097
1095
1097
1091
1094
1090
1088
1089
1088
1090
1086
1084
1084
1082
1081
1082
1081
1081
1076
1077
1076
1078
1072
1076
1073
1073
1072
1067
1067
1066
1065
1063
1067
1066
1064
1060
1062
1061
1061
1060
1055
1056
1056
1051
1052
1051
1051
1047
1048
1046
1046
1045
1044
1042
1041
1044
1043
1041
1040
1036
1037
1033
1035
1032
1033
1030
1030
1031
1031
1026
1026
1024
1027
1022
1023
1020
1021
1021
1019
1017
1016
1018
1012
1012
1015
1011
1013
1011
1010
1005
1006
1007
1002
1003
1003
999
1001
999
997
1000
997
997
992
992
990
993
990
987
987
986
987
988
982
981
984
979
978
982
979
978
979
975
974
971
970
970
971
970
968
965
965
964
966
964
962
963
961
958
961
958
954
958
952
951
951
953
949
950
947
949
947
944
944
941
945
940
941
940
941
935
937
936
933
933
933
932
932
932
927
925
928
927
922
922
925
924
923
917
921
915
918
915
915
912
912
912
908
908
909
905
907
904
904
901
904
903
902
898
897
898
896
893
895
891
893
892
892
888
891
885
888
887
887
883
884
884
883
880
877
880
877
878
876
875
875
869
872
871
868
870
868
863
862
865
864
859
858
858
860
857
857
854
856
855
855
849
852
850
850
847
844
843
846
844
845
844
842
841
838
837
838
834
836
832
834
833
830
830
830
829
825
826
824
821
820
820
819
819
820
816
814
816
812
813
815
813
809
807
806
809
804
804
803
806
803
803
802
801
800
800
797
796
797
796
794
791
789
787
789
789
784
786
783
784
783
784
780
782
776
778
777
777
773
776
771
772
768
771
766
766
764
763
765
761
761
764
760
762
760
758
759
757
754
754
754
750
753
751
746
748
746
744
745
742
744
739
739
738
741
740
739
736
732
733
731
733
728
728
731
729
726
727
723
724
725
719
723
718
717
715
717
716
717
714
712
710
713
708
706
709
708
704
704
702
702
704
698
698
698
700
699
695
692
696
692
690
693
687
689
690
685
687
687
686
680
680
679
677
676
676
678
674
677
674
675
673
673
670
670
667
669
664
662
666
660
664
658
658
658
656
657
658
654
656
654
649
651
652
647
649
646
646
645
644
643
640
639
642
637
635
637
633
634
634
630
631
631
630
631
629
629
625
624
623
623
620
622
619
618
617
616
615
614
611
610
614
612
610
607
609
606
606
604
606
603
601
602
600
597
599
597
597
595
595
591
590
591
591
589
586
589
583
585
581
583
581
581
581
580
579
578
574
574
573
571
570
571
567
566
569
564
568
564
563
564
564
559
560
561
558
556
558
552
554
552
550
553
550
547
545
545
543
544
541
543
543
539
541
538
537
536
535
537
534
530
533
532
530
530
525
524
526
523
523
524
521
521
519
519
520
519
518
512
516
512
511
510
508
507
506
507
507
503
504
505
500
502
502
501
498
499
494
496
491
491
489
492
487
490
488
488
488
487
482
485
483
479
482
481
477
474
473
474
473
470
474
470
471
467
470
466
463
462
461
465
459
458
460
456
457
457
458
453
455
452
451
448
450
448
447
447
447
443
446
440
440
440
440
439
440
438
435
435
434
433
433
431
430
427
426
426
426
425
426
423
419
423
417
417
417
418
416
412
414
415
413
411
412
411
405
406
405
407
406
400
403
400
402
401
397
399
397
394
394
394
393
392
391
386
387
386
386
386
386
381
380
383
377
381
376
374
376
377
371
374
370
370
371
368
369
365
363
367
364
361
364
363
359
358
357
355
356
354
352
355
350
349
347
350
349
348
344
346
343
342
343
341
338
336
336
334
334
336
333
334
334
330
328
331
327
328
325
324
321
325
323
318
320
320
316
319
316
317
316
311
311
313
309
311
305
307
306
307
301
302
302
298
300
296
299
296
297
294
291
293
291
289
292
286
289
285
287
287
285
280
280
280
280
277
276
274
278
277
274
274
272
268
270
268
265
264
265
262
266
264
259
263
262
256
260
258
256
257
251
250
254
253
252
249
250
249
244
244
246
240
244
238
242
237
235
237
235
236
231
234
229
232
229
227
228
228
226
225
226
225
222
223
219
216
218
215
218
212
213
214
213
210
210
211
209
208
208
203
203
201
202
200
202
201
200
197
193
196
192
192
189
192
188
189
188
189
183
186
186
182
181
181
178
176
179
179
175
175
173
172
172
168
168
170
170
165
166
165
161
163
160
160
157
161
158
154
154
156
155
153
152
149
147
150
150
144
143
146
144
142
139
143
141
141
137
134
134
134
131
132
134
128
132
128
125
126
128
125
123
125
124
118
120
118
119
119
115
114
114
112
111
113
110
111
108
106
104
105
104
102
99
103
99
96
97
94
95
95
95
91
93
91
88
90
85
86
86
84
82
85
81
82
80
80
79
75
74
75
76
71
74
68
67
66
69
69
66
63
63
65
59
61
58
57
59
59
58
54
55
53
50
51
47
50
45
47
46
47
43
43
43
42
37
37
38
35
35
36
33
33
31
32
31
31
30
29
28
25
24
21
22
23
17
19
20
15
13
14
16
13
14
10
7
11
10
6
7
3
2
