1877
1879
1874
1876
1873
1870
1871
1873
1872
1870
1870
1868
1864
1863
1865
1865
1863
1861
1858
1859
1857
1859
1856
1856
1851
1854
1852
1851
1848
1847
1845
1845
1845
1847
1841
1841
1840
1842
1841
1841
1835
1834
1834
1832
1831
1833
1834
1833
1828
1829
1827
1824
1825
1823
1826
1822
1820
1821
1821
1817
1818
1816
1816
1817
1811
1811
1813
1812
1812
1811
1805
1804
1805
1807
1806
1800
1799
1802
1797
1797
1800
1797
1798
1797
1795
1793
1789
1790
1790
1787
1789
1786
1784
1785
1785
1781
1780
1780
1781
1778
1776
1775
1773
1774
1772
1774
1773
1771
1770
1766
1768
1767
1766
1764
1761
1762
1760
1758
1761
1758
1757
1754
1753
1753
1756
1754
1753
1748
1752
1748
1745
1748
1745
1744
1742
1745
1741
1741
1739
1737
1735
1738
1734
1732
1732
1733
1734
1728
1730
1729
1727
1729
1726
1724
1721
1724
1719
1722
1721
1718
1718
1719
1718
1715
1713
1711
1714
1710
1707
1708
1710
1707
1704
1705
1702
1701
1699
1699
1697
1701
1700
1699
1695
1692
1691
1690
1690
1693
1688
1687
1690
1686
1683
1686
1683
1683
1683
1683
1677
1677
1680
1679
1673
1673
1674
1675
1674
1672
1672
1671
1665
1668
1668
1664
1661
1663
1660
1661
1661
1656
1660
1658
1654
1655
1655
1650
1654
1653
1647
1650
1645
1646
1648
1646
1643
1645
1639
1641
1640
1640
1637
1634
1633
1635
1636
1631
1632
1628
1628
1628
1628
1629
1627
1624
1624
1624
1623
1619
1621
1620
1618
1616
1615
1613
1612
1611
1614
1611
1608
1606
1608
1608
1606
1607
1604
1601
1602
1602
1600
1597
1599
1597
1595
1596
1596
1592
1590
1590
1587
1590
1585
1586
1587
1584
1585
1584
1579
1579
1579
1577
1575
1579
1573
1576
1572
1571
1572
1570
1569
1567
1565
1569
1564
1567
1564
1564
1564
1560
1559
1558
1557
1554
1553
1553
1553
1551
1551
1552
1552
1546
1547
1547
1547
1543
1542
1543
1543
1539
1539
1541
1538
1534
1534
1532
1531
1535
1534
1530
1529
1530
1525
1528
1528
1526
1524
1524
1519
1522
1522
1520
1516
1515
1517
1514
1511
1515
1512
1511
1511
1509
1508
1506
1504
1502
1501
1502
1503
1501
1500
1501
1497
1498
1498
1496
1493
1494
1489
1489
1490
1487
1486
1487
1487
1483
1484
1484
1484
1479
1480
1479
1477
1477
1474
1477
1471
1475
1469
1471
1471
1471
1466
1467
1467
1467
1461
1463
1464
1459
1459
1461
1460
1458
1458
1452
1451
1451
1452
1451
1448
1447
1447
1449
1445
1444
1443
1440
1440
1440
1440
1438
1437
1435
1434
1437
1434
1432
1429
1433
1429
1428
1425
1428
1426
1424
1426
1420
1420
1421
1419
1416
1420
1414
1413
1417
1416
1414
1409
1408
1410
1410
1408
1404
1405
1407
1405
1404
1401
1402
1397
1396
1399
1394
1398
1395
1391
1392
1390
1388
1392
1387
1390
1384
1386
1386
1385
1380
1384
1380
1378
1379
1380
1374
1378
1376
1374
1374
1369
1368
1370
1368
1369
1365
1366
1364
1363
1364
1359
1362
1361
1358
1355
1357
1353
1355
1353
1350
1349
1353
1348
1351
1350
1347
1345
1346
1341
1343
1340
1342
1337
1337
1335
1339
1336
1336
1331
1331
1329
1329
1327
1326
1326
1324
1325
1323
1326
1325
1320
1318
1319
1321
1315
1319
1315
1316
1312
1311
1314
1311
1307
1311
1306
1306
1303
1305
1305
1305
1300
1298
1300
1298
1295
1297
1293
1294
1291
1292
1293
1289
1287
1290
1287
1285
1288
1283
1285
1285
1281
1283
1279
1281
1277
1278
1273
1275
1274
1274
1269
1270
1268
1267
1265
1268
1263
1266
1265
1262
1262
1261
1257
1258
1256
1255
1256
1254
1255
1252
1250
1253
1252
1251
1247
1246
1246
1245
1245
1245
1241
1238
1241
1238
1237
1234
1233
1232
1235
1235
1229
1228
1228
1231
1230
1229
1223
1223
1222
1224
1220
1219
1219
1217
1219
1219
1213
1215
1211
1215
1211
1208
1210
1209
1206
1206
1207
1204
1205
1200
1201
1198
1199
1198
1197
1196
1194
1192
1191
1191
1191
1192
1189
1188
1188
1186
1185
1185
1181
1181
1182
1181
1179
1181
1175
1179
1175
1175
1173
1174
1174
1173
1169
1170
1169
1169
1165
1167
1161
1165
1162
1163
1159
1160
1156
1155
1158
1157
1151
1153
1149
1153
1152
1151
1150
1148
1143
1146
1146
1140
1140
1142
1141
1141
1136
1138
1137
1132
1132
1130
1129
1131
1132
1127
1129
1129
1128
1125
1124
1121
1122
1123
1117
1121
1115
1115
1117
1116
1115
1111
1112
1109
1109
1107
1105
1108
1103
1105
1106
1101
1099
1099
1100
1100
1098
1099
1095
1097
1093
1090
1089
1089
1088
1086
1090
1089
1088
1083
1082
1080
1081
1078
1082
1081
1080
1078
1078
1072
1074
1073
1072
1070
1068
1071
1070
1067
1068
1065
1065
1065
1064
1059
1060
1059
1055
1055
1058
1057
1054
1050
1052
1052
1050
1046
1050
1048
1044
1047
1043
1043
1040
1042
1041
1039
1040
1039
1038
1034
1032
1034
1032
1028
1032
1031
1029
1027
1028
1024
1025
1020
1020
1019
1017
1016
1019
1019
1015
1016
1014
1015
1009
1012
1010
1006
1010
1005
1004
1005
1005
1004
1000
999
1002
997
999
998
998
993
992
994
989
990
990
991
987
985
984
984
984
981
981
978
977
976
980
978
978
976
976
971
973
968
967
966
968
969
967
964
963
961
962
962
961
961
955
954
954
953
953
952
951
952
947
951
947
948
944
946
941
940
940
939
937
936
936
939
933
936
932
930
932
931
929
929
925
928
923
922
924
923
921
923
919
921
919
918
916
916
912
911
911
908
912
909
906
907
903
906
902
905
902
899
897
897
899
898
897
897
896
892
893
892
888
886
885
885
883
884
885
880
880
879
879
881
879
879
873
873
875
872
871
870
870
868
866
868
864
866
863
860
862
861
858
859
859
856
853
853
853
854
852
851
849
851
849
848
848
847
841
840
841
838
837
838
839
835
838
836
831
835
834
828
829
830
826
824
823
823
825
823
820
823
819
817
818
814
813
812
813
813
811
809
809
808
810
805
806
803
805
802
803
801
802
798
799
794
798
794
791
790
793
788
790
788
787
784
784
786
785
781
781
782
779
781
775
775
774
773
774
773
770
770
769
768
766
769
766
766
764
761
762
758
761
761
759
757
757
752
755
753
749
753
752
751
745
745
745
745
742
742
744
742
738
738
740
739
737
732
734
735
729
732
730
731
729
728
728
723
725
721
720
718
721
716
718
717
715
714
711
711
713
713
711
711
710
709
705
706
701
701
699
703
702
698
697
696
693
697
694
691
689
690
689
691
688
689
685
684
684
681
683
679
680
680
679
675
678
672
676
671
669
669
671
666
666
669
663
667
661
661
661
659
659
658
657
659
653
652
652
650
654
651
648
646
648
648
645
646
643
640
641
641
640
641
637
635
634
635
631
630
630
630
627
628
629
625
626
622
625
620
624
622
618
617
615
619
613
614
612
614
609
613
608
611
609
608
608
606
602
600
600
600
598
600
599
599
595
597
593
595
589
593
587
591
590
587
585
582
585
581
584
579
578
577
578
575
573
573
574
573
571
570
568
567
565
568
564
565
561
561
561
559
562
556
555
555
554
554
553
551
551
549
551
547
550
549
547
542
542
541
544
543
541
537
540
539
533
533
533
530
529
532
529
528
530
524
524
525
523
521
520
522
519
521
518
516
513
512
516
513
511
513
512
510
506
509
503
502
503
501
499
502
501
501
496
499
497
492
495
490
491
490
487
490
490
489
486
485
482
485
483
481
482
476
476
476
475
473
475
475
472
472
471
467
470
468
466
464
462
461
459
460
457
456
458
456
457
454
453
451
454
451
452
448
445
449
446
443
442
445
443
440
441
439
438
438
435
433
433
435
433
428
430
428
427
425
424
427
423
423
420
420
422
421
420
415
413
412
414
411
412
412
407
406
406
404
406
405
401
405
402
403
402
398
400
396
398
392
391
392
390
389
387
391
390
384
385
382
382
385
382
378
382
380
376
377
375
377
374
375
371
373
370
366
370
364
363
365
361
362
363
363
358
358
356
357
357
357
355
355
354
348
348
348
347
345
343
345
345
345
342
338
340
337
337
339
335
335
332
332
332
333
331
329
329
325
328
325
321
321
319
320
319
320
317
315
314
313
315
311
312
309
310
310
306
309
305
303
303
305
299
300
299
301
300
295
293
293
295
295
294
292
291
291
286
288
286
285
283
285
280
279
280
276
275
278
277
276
275
274
269
270
267
267
266
266
266
266
264
263
261
262
257
257
256
257
254
256
253
253
249
249
251
251
247
248
244
244
245
244
239
242
237
237
236
236
236
235
235
234
233
229
231
226
227
226
226
223
222
223
221
222
218
217
219
219
215
213
215
212
213
209
207
207
209
206
208
205
206
204
201
200
201
197
196
195
197
195
194
191
193
192
189
190
185
187
185
186
184
185
180
178
182
178
176
175
173
172
175
171
173
173
168
166
167
168
165
163
162
160
162
161
160
158
157
158
158
153
154
154
153
149
152
147
147
149
147
143
144
143
143
140
142
138
135
134
135
136
134
132
131
133
131
128
129
128
124
126
125
123
124
118
117
117
115
117
118
117
114
115
109
111
109
110
108
106
108
105
104
100
99
103
100
100
99
96
95
93
95
93
93
89
88
87
87
89
83
85
82
83
84
83
82
76
80
74
73
75
76
72
73
71
69
70
70
64
67
62
63
61
64
60
62
56
57
57
55
56
53
52
51
50
50
51
46
45
48
44
41
44
42
43
38
39
36
36
33
35
33
33
33
30
31
26
25
29
26
25
25
20
20
18
20
19
17
18
16
12
12
12
12
12
12
10
7
7
5
4
2
