1880
1878
1874
1876
1874
1873
1870
1869
1872
1871
1867
1864
1865
1865
1861
1862
1859
1862
1860
1861
1859
1856
1855
1852
1855
1850
1854
1849
1849
1850
1850
1847
1847
1847
1843
1842
1839
1839
1838
1840
1836
1837
1835
1832
1833
1830
1831
1833
1831
1828
1828
1825
1825
1827
1825
1824
1823
1818
1818
1816
1816
1816
1816
1816
1811
1810
1814
1813
1810
1810
1807
1808
1805
1805
1804
1805
1802
1799
1798
1801
1796
1794
1793
1793
1792
1791
1791
1791
1792
1786
1788
1789
1786
1785
1781
1785
1784
1778
1778
1778
1775
1775
1776
1772
1773
1770
1774
1773
1770
1770
1766
1767
1765
1763
1761
1761
1763
1762
1761
1757
1755
1754
1753
1755
1752
1752
1751
1749
1747
1750
1748
1745
1743
1744
1742
1744
1740
1743
1738
1740
1738
1737
1733
1735
1732
1732
1730
1728
1728
1731
1726
1729
1727
1725
1724
1721
1722
1721
1721
1717
1716
1718
1714
1715
1716
1713
1709
1710
1709
1710
1709
1706
1706
1704
1701
1702
1703
1698
1700
1701
1695
1695
1694
1692
1695
1692
1690
1689
1692
1690
1689
1689
1687
1687
1686
1680
1679
1682
1680
1680
1676
1675
1676
1675
1671
1672
1673
1668
1672
1668
1665
1664
1665
1664
1661
1665
1663
1658
1662
1660
1659
1656
1658
1653
1651
1651
1654
1649
1648
1650
1645
1644
1645
1647
1643
1641
1640
1641
1638
1637
1639
1637
1633
1637
1635
1630
1630
1632
1629
1627
1626
1624
1626
1623
1623
1623
1623
1618
1620
1618
1615
1614
1614
1613
1613
1615
1610
1610
1609
1606
1605
1608
1606
1604
1601
1602
1603
1599
1597
1596
1595
1596
1594
1597
1594
1591
1591
1588
1592
1589
1586
1588
1588
1585
1582
1581
1582
1583
1580
1578
1576
1579
1577
1573
1573
1571
1570
1569
1570
1569
1568
1568
1568
1562
1563
1565
1563
1561
1558
1559
1559
1555
1556
1552
1551
1555
1551
1552
1548
1550
1546
1545
1545
1544
1545
1541
1542
1542
1540
1538
1540
1534
1534
1533
1536
1534
1530
1530
1528
1528
1530
1527
1526
1524
1522
1523
1523
1522
1519
1520
1515
1514
1516
1514
1514
1513
1511
1513
1511
1508
1505
1506
1504
1506
1504
1500
1499
1499
1501
1501
1495
1498
1498
1497
1496
1493
1490
1489
1488
1490
1486
1484
1485
1487
1486
1481
1483
1481
1480
1481
1475
1474
1473
1477
1476
1470
1471
1468
1472
1471
1467
1464
1467
1462
1463
1461
1464
1462
1460
1459
1460
1455
1453
1454
1451
1454
1450
1451
1449
1449
1449
1445
1448
1446
1444
1444
1441
1439
1440
1439
1435
1435
1433
1433
1431
1435
1429
1428
1430
1430
1426
1426
1426
1422
1426
1420
1423
1423
1422
1420
1417
1416
1418
1415
1414
1413
1410
1413
1407
1410
1410
1409
1407
1404
1404
1405
1404
1402
1401
1396
1396
1394
1395
1394
1393
1393
1390
1393
1392
1389
1387
1388
1386
1383
1384
1381
1381
1381
1380
1376
1376
1375
1376
1374
1374
1375
1373
1371
1371
1370
1369
1368
1366
1367
1362
1361
1363
1359
1357
1357
1357
1356
1357
1354
1354
1354
1350
1350
1350
1348
1350
1346
1348
1344
1341
1343
1341
1341
1339
1340
1335
1335
1336
1335
1336
1332
1331
1328
1330
1328
1327
1327
1328
1323
1322
1324
1320
1321
1320
1321
1319
1317
1318
1313
1312
1311
1312
1309
1312
1307
1305
1307
1307
1303
1302
1304
1299
1299
1300
1296
1298
1299
1297
1297
1293
1293
1289
1293
1291
1286
1286
1289
1286
1286
1286
1281
1280
1282
1281
1278
1278
1276
1277
1274
1274
1275
1272
1269
1271
1270
1269
1268
1266
1264
1265
1261
1263
1259
1262
1259
1259
1255
1257
1252
1254
1250
1249
1252
1247
1249
1246
1245
1244
1242
1245
1243
1240
1240
1238
1236
1240
1235
1236
1236
1236
1230
1233
1228
1230
1231
1226
1226
1225
1222
1222
1223
1220
1219
1221
1218
1215
1218
1213
1216
1211
1211
1214
1209
1208
1210
1210
1207
1208
1207
1205
1203
1202
1203
1200
1199
1196
1197
1194
1194
1192
1193
1194
1188
1192
1189
1189
1188
1184
1183
1183
1182
1180
1178
1180
1177
1176
1176
1177
1175
1176
1171
1170
1171
1169
1170
1167
1167
1168
1163
1166
1163
1160
1158
1161
1158
1158
1155
1157
1157
1152
1150
1154
1148
1152
1146
1145
1149
1146
1145
1142
1142
1142
1140
1139
1138
1136
1134
1138
1136
1134
1134
1129
1130
1130
1126
1130
1129
1126
1123
1123
1122
1121
1123
1120
1118
1116
1116
1113
1117
1112
1113
1113
1108
1108
1106
1108
1105
1103
1102
1102
1104
1100
1100
1099
1097
1099
1099
1094
1095
1091
1094
1093
1092
1089
1086
1088
1085
1083
1087
1084
1080
1084
1082
1080
1080
1076
1078
1076
1076
1076
1074
1070
1068
1072
1068
1067
1065
1066
1062
1062
1065
1063
1058
1061
1059
1059
1054
1053
1054
1053
1051
1052
1051
1047
1047
1049
1045
1045
1043
1041
1042
1040
1039
1039
1039
1037
1035
1033
1037
1035
1035
1030
1028
1030
1031
1029
1025
1025
1025
1026
1024
1021
1020
1017
1017
1019
1016
1014
1017
1011
1012
1010
1012
1011
1010
1005
1004
1007
1004
1006
1000
999
1000
1000
996
998
996
993
996
994
991
990
990
991
990
990
988
984
982
981
983
979
978
980
977
977
974
974
973
974
970
969
968
970
967
967
964
966
967
961
961
964
959
958
961
958
956
953
955
953
953
949
953
952
951
947
947
947
942
946
941
943
940
942
937
940
938
936
936
936
935
929
930
928
930
927
925
925
924
925
923
922
921
920
921
919
917
916
913
913
911
912
908
909
910
909
904
908
907
905
902
902
903
900
900
898
898
894
892
892
891
890
892
887
887
886
885
887
886
881
884
884
882
877
878
875
876
873
872
873
872
869
872
871
866
867
869
868
867
865
862
860
861
861
857
860
858
858
856
853
851
849
849
848
849
850
847
843
844
844
845
840
842
841
836
838
839
833
834
831
833
832
829
830
831
825
825
827
824
825
825
821
820
817
816
815
816
816
817
815
812
811
808
810
806
805
806
808
807
803
802
803
803
800
799
800
798
794
795
793
793
789
788
789
787
789
789
785
783
785
780
780
781
777
776
780
777
778
773
775
774
771
769
769
770
768
769
767
762
765
760
760
762
761
761
755
757
758
754
754
750
750
751
752
747
750
744
746
744
746
745
740
742
742
740
740
735
737
737
734
733
732
728
729
729
725
729
723
725
724
721
719
718
719
719
720
717
716
717
716
712
709
709
707
708
708
704
705
703
704
705
699
698
701
700
697
695
695
695
693
694
693
692
687
687
687
684
684
685
682
680
679
683
680
680
678
677
675
675
673
674
669
669
667
668
667
666
666
662
663
664
659
662
658
657
659
659
657
655
653
651
651
653
651
648
646
644
648
643
643
643
639
639
640
639
639
637
635
634
636
630
632
629
629
628
627
627
626
626
624
625
622
619
621
621
620
617
615
617
611
613
613
612
610
611
605
607
605
604
605
601
604
599
602
599
597
597
597
596
594
590
590
589
590
587
588
585
584
585
584
585
579
581
580
576
580
576
578
572
573
570
571
571
571
569
567
569
567
567
566
561
562
559
559
557
559
555
553
557
551
552
553
549
548
551
547
549
545
545
542
544
540
542
538
537
538
536
536
534
533
533
534
529
531
529
527
525
525
527
525
525
523
519
518
518
515
516
516
516
515
511
512
512
512
508
510
508
506
505
501
500
501
503
499
498
500
495
493
494
495
493
492
490
490
490
485
487
488
482
482
484
479
481
481
479
475
476
475
477
473
474
470
473
468
467
465
467
466
467
464
465
464
461
458
461
459
454
456
454
451
453
449
453
449
447
449
446
447
445
443
445
443
441
440
441
438
436
437
436
431
432
432
429
431
431
430
425
423
426
421
420
421
421
419
417
417
415
416
412
414
410
414
412
412
411
407
408
404
406
404
401
400
400
397
397
398
399
396
395
392
393
393
389
387
386
389
386
387
384
385
381
383
382
377
379
379
377
378
372
372
375
372
369
372
368
370
366
367
365
362
361
362
361
361
357
360
357
355
354
354
350
350
349
348
348
350
345
346
344
344
344
341
342
341
336
337
335
333
334
331
330
331
332
327
328
330
324
325
323
324
321
322
319
317
318
315
317
316
317
316
312
309
308
308
311
305
307
306
306
303
305
304
302
301
299
295
296
294
296
292
290
289
291
290
290
288
287
285
284
286
280
281
281
282
276
280
277
277
273
276
274
273
273
269
267
269
264
265
265
266
265
263
262
260
261
260
256
257
253
255
253
252
250
252
250
247
246
245
244
244
244
240
239
238
238
239
239
236
235
236
234
233
229
228
227
229
228
225
225
225
223
222
221
217
216
220
215
216
215
216
210
214
209
212
211
207
208
205
202
206
202
201
198
199
198
195
195
193
194
191
190
189
191
188
189
185
187
188
187
182
181
181
183
179
181
180
175
178
172
174
174
173
173
170
170
165
164
165
163
163
161
162
160
161
156
160
155
155
155
156
155
151
148
150
149
147
148
143
143
146
145
139
141
142
138
139
139
138
133
131
135
131
133
127
126
130
127
123
125
124
123
121
118
117
119
119
115
114
115
114
115
113
112
112
111
108
107
107
106
104
101
101
98
102
97
99
96
98
95
94
94
94
89
89
86
89
89
87
83
81
84
83
80
77
77
80
76
77
73
76
73
69
68
67
69
66
67
63
66
64
62
59
61
57
57
58
57
54
57
53
54
49
52
49
51
48
48
43
43
45
41
40
41
37
40
36
36
36
34
36
35
29
30
31
29
30
25
26
25
21
24
20
21
19
19
19
17
14
15
15
12
14
10
7
6
10
7
5
4
4
