1878
1879
1875
1877
1876
1875
1869
1872
1868
1871
1867
1864
1867
1865
1864
1860
1861
1858
1859
1857
1857
1855
1854
1855
1856
1854
1853
1848
1851
1847
1845
1845
1847
1842
1846
1843
1840
1840
1838
1840
1839
1836
1838
1832
1831
1835
1830
1828
1828
1828
1829
1829
1826
1822
1823
1823
1819
1823
1821
1818
1815
1815
1814
1817
1813
1812
1811
1808
1811
1810
1808
1804
1803
1805
1804
1805
1802
1801
1802
1800
1796
1798
1793
1794
1793
1793
1790
1790
1789
1788
1786
1785
1788
1782
1784
1785
1783
1778
1782
1776
1776
1778
1776
1773
1774
1772
1770
1772
1769
1770
1765
1765
1767
1765
1761
1765
1762
1763
1757
1756
1756
1758
1753
1756
1753
1751
1750
1751
1748
1751
1746
1745
1743
1744
1746
1741
1742
1743
1740
1741
1738
1738
1736
1734
1731
1735
1729
1732
1730
1729
1729
1729
1724
1724
1724
1723
1724
1722
1721
1718
1719
1718
1713
1716
1715
1715
1714
1711
1708
1709
1706
1708
1708
1705
1705
1705
1704
1703
1698
1698
1697
1697
1696
1692
1694
1691
1694
1693
1689
1690
1688
1684
1684
1687
1684
1681
1684
1678
1680
1677
1677
1678
1674
1672
1672
1674
1670
1670
1671
1668
1669
1666
1664
1666
1664
1661
1664
1661
1662
1657
1658
1658
1656
1652
1651
1653
1649
1652
1650
1649
1645
1646
1648
1642
1644
1643
1639
1638
1641
1637
1640
1639
1635
1634
1634
1630
1634
1628
1631
1628
1630
1628
1623
1622
1626
1625
1624
1619
1619
1616
1617
1617
1615
1616
1612
1610
1613
1608
1609
1606
1606
1609
1604
1602
1602
1601
1600
1603
1602
1599
1598
1598
1595
1594
1594
1590
1592
1589
1587
1590
1585
1585
1583
1584
1581
1580
1579
1582
1580
1578
1579
1575
1577
1573
1575
1573
1569
1571
1572
1571
1567
1568
1567
1564
1565
1563
1562
1559
1557
1556
1555
1557
1557
1553
1553
1554
1551
1552
1549
1548
1548
1549
1544
1547
1545
1540
1541
1543
1541
1539
1538
1538
1533
1535
1536
1532
1534
1530
1528
1529
1529
1525
1526
1527
1524
1520
1519
1523
1519
1518
1518
1517
1513
1517
1515
1513
1510
1509
1509
1506
1507
1507
1505
1506
1503
1501
1502
1503
1501
1501
1496
1497
1494
1494
1496
1492
1491
1491
1490
1490
1489
1484
1488
1487
1483
1482
1483
1481
1479
1477
1479
1478
1473
1475
1475
1474
1469
1472
1471
1468
1465
1465
1465
1462
1461
1464
1464
1461
1460
1460
1457
1457
1455
1454
1455
1452
1454
1453
1452
1449
1446
1448
1447
1443
1444
1445
1440
1443
1437
1437
1437
1434
1437
1436
1432
1433
1434
1433
1428
1427
1430
1427
1428
1422
1424
1425
1423
1423
1421
1416
1415
1415
1415
1415
1416
1410
1412
1408
1411
1406
1405
1405
1406
1402
1406
1400
1402
1400
1397
1396
1400
1399
1398
1395
1394
1392
1394
1392
1389
1391
1386
1388
1383
1387
1385
1384
1379
1378
1380
1378
1380
1374
1376
1376
1376
1374
1370
1368
1370
1367
1368
1369
1367
1365
1364
1360
1364
1363
1360
1357
1356
1357
1358
1352
1351
1352
1349
1353
1350
1350
1350
1344
1344
1342
1344
1343
1340
1342
1341
1338
1340
1336
1338
1333
1332
1335
1331
1329
1328
1327
1327
1328
1326
1322
1326
1325
1323
1322
1321
1319
1316
1314
1318
1317
1313
1310
1310
1312
1312
1307
1308
1308
1304
1304
1302
1302
1300
1302
1301
1299
1300
1298
1298
1293
1295
1293
1294
1290
1289
1287
1286
1289
1283
1287
1281
1281
1279
1278
1281
1279
1278
1279
1275
1274
1276
1273
1273
1271
1269
1268
1268
1269
1266
1264
1262
1262
1264
1261
1258
1257
1255
1255
1258
1253
1251
1251
1252
1252
1250
1246
1247
1247
1248
1242
1244
1244
1242
1241
1241
1241
1235
1236
1234
1234
1234
1232
1231
1233
1228
1226
1225
1225
1223
1224
1224
1223
1219
1219
1221
1218
1215
1218
1215
1212
1215
1215
1209
1211
1207
1209
1210
1205
1205
1207
1204
1202
1204
1202
1200
1199
1197
1197
1193
1196
1195
1190
1194
1191
1191
1191
1190
1189
1188
1183
1186
1185
1179
1182
1182
1177
1176
1179
1174
1173
1174
1175
1173
1170
1167
1170
1167
1167
1164
1165
1163
1164
1160
1158
1161
1161
1159
1157
1154
1157
1155
1154
1152
1152
1151
1149
1147
1144
1144
1147
1145
1142
1141
1139
1140
1139
1137
1136
1138
1136
1133
1134
1130
1131
1132
1127
1128
1125
1124
1125
1122
1124
1124
1119
1119
1120
1119
1115
1117
1112
1114
1111
1109
1108
1110
1108
1109
1105
1103
1105
1102
1103
1103
1099
1101
1101
1099
1098
1094
1092
1091
1095
1092
1091
1092
1087
1085
1086
1085
1087
1085
1085
1081
1081
1081
1080
1078
1074
1073
1074
1073
1073
1071
1070
1067
1068
1068
1066
1065
1065
1066
1061
1059
1060
1057
1057
1058
1057
1053
1057
1052
1054
1052
1048
1050
1049
1046
1046
1045
1047
1041
1044
1042
1043
1038
1038
1035
1035
1036
1033
1036
1031
1031
1033
1029
1029
1029
1027
1026
1026
1026
1020
1021
1022
1018
1017
1015
1014
1015
1016
1014
1010
1012
1012
1007
1011
1005
1008
1004
1007
1003
1000
999
999
997
999
998
994
993
997
993
993
991
989
990
987
990
989
985
983
983
985
979
980
982
977
979
977
973
976
971
972
970
970
969
966
965
965
966
966
965
963
964
958
958
959
956
957
957
954
953
952
949
950
947
947
947
948
944
946
946
944
939
941
938
939
940
938
935
935
933
930
933
932
929
927
927
927
928
922
923
922
924
921
921
916
916
915
918
916
914
911
913
910
907
907
905
905
908
906
901
903
899
901
900
896
896
898
895
897
892
891
894
890
887
887
888
885
883
886
885
883
880
879
877
877
879
879
878
874
874
871
874
872
868
870
866
867
864
863
862
863
860
863
860
859
858
858
856
853
854
854
849
853
847
849
849
849
848
845
845
841
843
840
837
839
836
835
835
832
834
832
833
830
832
831
830
829
828
827
824
824
824
819
818
821
819
815
814
815
812
811
814
809
809
809
809
805
804
802
801
803
803
798
802
796
796
797
795
792
791
793
793
793
787
791
785
785
783
787
785
782
780
782
778
780
777
775
775
774
773
771
769
770
768
766
765
765
768
764
764
760
764
759
761
760
760
755
757
756
756
753
754
748
747
746
749
749
743
746
743
740
743
738
742
736
735
737
734
736
733
732
734
732
727
729
727
725
727
725
724
721
724
723
719
716
720
714
715
713
716
710
711
708
710
708
705
706
706
707
701
703
699
698
700
697
696
694
696
697
693
694
694
690
687
687
685
687
683
686
682
683
679
683
677
681
679
675
678
676
672
675
672
668
670
669
666
666
663
662
666
663
660
659
659
657
657
654
653
656
653
651
649
651
648
648
647
646
645
647
646
641
642
643
642
637
636
638
636
634
633
631
630
633
630
626
629
625
628
627
621
621
622
623
622
621
620
615
617
613
616
610
612
613
612
606
608
608
607
607
603
601
599
600
602
599
596
597
597
595
596
594
591
593
587
588
587
587
588
587
581
582
582
581
579
579
576
576
573
575
575
573
572
570
567
566
565
568
564
566
565
563
559
562
558
558
560
556
556
552
554
552
551
548
547
549
546
549
547
545
541
544
543
543
538
538
535
536
538
536
531
533
529
532
528
529
530
527
524
522
521
523
519
520
518
518
515
517
516
516
513
513
511
511
508
509
506
508
504
506
504
503
503
503
499
499
500
499
493
493
492
491
489
491
491
490
489
485
487
487
481
483
482
482
481
481
475
477
473
476
471
470
471
468
472
470
470
469
465
464
461
463
464
458
459
460
458
458
454
454
454
452
454
451
447
450
446
444
445
446
446
440
441
442
440
441
440
436
435
434
435
431
432
429
431
427
430
429
426
426
424
424
424
418
417
416
418
418
415
414
415
411
413
411
411
407
409
409
407
407
406
400
401
401
397
398
395
395
393
394
392
393
392
393
387
388
388
386
387
382
386
382
383
381
382
381
376
379
377
375
376
374
371
368
367
368
369
368
364
363
361
363
363
361
358
360
360
357
356
354
354
355
352
350
348
348
347
347
343
343
345
340
340
339
338
341
336
338
336
334
331
331
333
333
328
328
329
328
326
323
322
325
322
320
318
319
317
318
315
312
313
312
313
308
307
307
310
307
306
307
303
301
300
301
300
299
298
296
298
294
293
292
291
289
289
287
287
284
287
287
281
282
279
279
278
281
280
279
276
275
276
275
270
268
271
270
265
264
265
267
263
265
259
258
260
260
255
254
257
252
254
250
254
249
248
247
246
248
247
247
245
245
240
240
238
241
237
237
238
232
234
233
229
231
229
229
228
228
226
225
226
221
220
218
219
219
216
215
214
215
211
214
209
212
207
208
210
206
203
204
205
201
200
202
198
199
199
194
198
192
191
195
193
190
189
190
188
188
183
185
186
182
182
180
181
178
175
175
173
176
176
175
174
173
167
166
167
168
164
164
165
163
163
160
161
159
157
157
155
156
155
155
153
148
147
149
145
147
148
143
141
143
142
140
138
138
139
139
138
133
132
134
131
129
128
131
125
126
125
127
122
121
121
123
121
116
117
119
113
116
114
115
109
109
107
108
110
107
104
103
102
105
99
101
97
100
95
99
95
92
93
95
92
89
92
89
85
87
84
83
86
83
79
79
78
79
75
76
78
73
72
75
69
73
69
71
69
64
66
63
63
64
60
58
58
61
56
55
57
57
53
50
53
49
49
49
48
49
45
45
44
42
44
43
40
37
39
39
33
35
33
34
31
33
29
27
25
28
26
24
25
23
21
19
18
16
19
19
17
14
13
13
12
10
10
11
6
6
6
2
3
