1875
1874
1876
1873
1871
1874
1872
1872
1869
1868
1869
1869
1867
1862
1866
1861
1860
1860
1859
1861
1859
1856
1853
1857
1851
1850
1851
1851
1851
1849
1849
1844
1845
1842
1844
1842
1842
1841
1841
1837
1837
1836
1838
1837
1832
1833
1832
1828
1830
1830
1825
1827
1828
1827
1823
1824
1819
1819
1819
1818
1815
1814
1818
1817
1814
1813
1812
1812
1810
1806
1808
1807
1804
1802
1805
1805
1802
1801
1801
1798
1795
1795
1793
1797
1793
1792
1791
1790
1789
1788
1786
1789
1785
1784
1785
1781
1782
1781
1779
1781
1776
1774
1777
1775
1771
1773
1769
1771
1769
1768
1770
1769
1765
1767
1762
1760
1762
1762
1758
1761
1757
1754
1757
1752
1751
1753
1750
1749
1749
1749
1750
1749
1743
1743
1743
1745
1742
1742
1740
1739
1740
1736
1736
1735
1734
1730
1731
1728
1730
1728
1726
1724
1728
1726
1726
1723
1721
1718
1718
1721
1720
1717
1716
1717
1711
1715
1709
1712
1712
1707
1710
1708
1706
1705
1705
1700
1704
1700
1699
1696
1696
1696
1697
1696
1693
1691
1691
1689
1687
1691
1690
1688
1686
1683
1685
1685
1682
1682
1679
1676
1677
1678
1674
1674
1671
1671
1674
1670
1670
1666
1667
1668
1667
1665
1666
1665
1663
1663
1658
1656
1658
1657
1658
1657
1656
1652
1651
1651
1652
1648
1646
1646
1646
1642
1645
1640
1641
1642
1637
1640
1638
1636
1633
1632
1632
1634
1634
1632
1630
1629
1627
1628
1627
1627
1621
1623
1619
1619
1617
1616
1616
1617
1617
1617
1612
1610
1611
1612
1608
1610
1609
1604
1607
1603
1602
1603
1602
1601
1600
1601
1597
1596
1594
1597
1594
1595
1594
1591
1590
1590
1590
1588
1584
1583
1582
1582
1580
1582
1580
1577
1578
1578
1578
1573
1573
1570
1572
1570
1569
1566
1568
1568
1565
1562
1562
1563
1560
1562
1559
1557
1560
1557
1556
1552
1554
1551
1553
1551
1551
1550
1549
1548
1548
1545
1545
1545
1542
1541
1542
1539
1536
1537
1533
1536
1536
1532
1530
1530
1532
1530
1529
1525
1526
1525
1521
1520
1523
1521
1519
1521
1515
1519
1518
1516
1514
1510
1509
1512
1508
1510
1505
1508
1505
1505
1503
1505
1503
1499
1499
1498
1496
1496
1496
1496
1496
1490
1489
1491
1488
1491
1487
1485
1485
1486
1481
1482
1483
1479
1478
1476
1478
1478
1475
1475
1475
1474
1470
1472
1471
1466
1465
1466
1465
1467
1466
1463
1463
1459
1458
1457
1460
1458
1454
1452
1453
1450
1454
1449
1448
1448
1446
1444
1447
1446
1446
1444
1440
1441
1438
1441
1438
1438
1438
1437
1432
1433
1433
1431
1427
1426
1425
1429
1423
1422
1422
1423
1420
1421
1418
1420
1420
1417
1417
1417
1414
1413
1410
1411
1410
1411
1410
1408
1404
1406
1404
1401
1400
1403
1399
1401
1396
1395
1398
1393
1396
1394
1392
1392
1391
1386
1389
1388
1386
1382
1386
1385
1380
1381
1378
1376
1378
1378
1376
1372
1371
1373
1372
1370
1370
1369
1366
1369
1367
1362
1366
1362
1362
1361
1360
1360
1356
1358
1355
1352
1352
1354
1354
1349
1348
1347
1347
1345
1344
1345
1344
1342
1341
1341
1339
1337
1340
1336
1333
1335
1336
1333
1334
1329
1328
1329
1329
1328
1327
1325
1323
1325
1322
1320
1320
1320
1315
1319
1313
1313
1312
1310
1309
1310
1310
1311
1307
1309
1304
1307
1305
1300
1300
1301
1298
1297
1300
1298
1297
1297
1292
1290
1289
1293
1289
1286
1287
1286
1288
1284
1283
1282
1279
1280
1280
1280
1278
1279
1273
1277
1275
1275
1271
1269
1268
1270
1267
1265
1267
1266
1264
1260
1259
1259
1257
1258
1260
1256
1253
1257
1254
1250
1254
1251
1252
1251
1246
1249
1246
1246
1241
1245
1240
1239
1237
1239
1237
1235
1233
1235
1234
1233
1234
1230
1232
1227
1226
1229
1223
1222
1223
1221
1222
1221
1219
1218
1219
1214
1217
1215
1214
1214
1209
1211
1210
1206
1205
1209
1205
1207
1204
1204
1202
1201
1197
1200
1197
1199
1197
1193
1191
1194
1194
1191
1187
1191
1189
1189
1187
1185
1186
1182
1183
1178
1179
1181
1178
1175
1177
1172
1174
1170
1170
1169
1172
1169
1168
1168
1167
1167
1165
1165
1160
1158
1159
1161
1156
1156
1154
1153
1152
1155
1149
1148
1152
1149
1150
1148
1145
1144
1141
1144
1140
1139
1139
1136
1136
1136
1134
1137
1136
1133
1132
1132
1129
1130
1127
1128
1128
1127
1122
1123
1122
1122
1117
1118
1117
1117
1113
1112
1115
1113
1113
1112
1112
1106
1109
1105
1105
1102
1105
1102
1103
1102
1102
1100
1097
1095
1095
1093
1094
1091
1093
1091
1088
1089
1088
1089
1083
1087
1082
1085
1082
1082
1078
1081
1080
1075
1074
1076
1071
1073
1074
1072
1068
1070
1065
1068
1067
1062
1062
1065
1060
1059
1062
1058
1056
1055
1057
1052
1055
1051
1053
1052
1050
1047
1046
1046
1043
1045
1043
1040
1041
1042
1040
1036
1039
1038
1036
1036
1032
1033
1029
1033
1032
1029
1026
1026
1025
1023
1024
1021
1023
1020
1019
1016
1017
1017
1014
1012
1016
1012
1014
1010
1007
1009
1007
1006
1004
1007
1005
1002
1003
999
1001
1001
997
997
993
994
991
994
994
992
989
988
986
989
986
984
981
984
984
980
981
978
980
974
976
973
972
974
973
972
967
970
970
964
965
964
963
965
964
959
958
961
957
958
957
955
954
951
953
948
949
948
950
946
944
942
942
942
943
942
937
938
936
938
935
935
932
935
929
929
930
931
929
925
926
923
923
922
921
920
921
919
920
919
915
916
914
912
909
911
909
911
906
905
904
905
906
905
902
898
898
897
897
899
895
893
893
890
894
889
889
886
888
886
886
882
882
885
880
878
878
881
879
877
873
875
874
875
871
871
872
871
867
869
867
862
866
865
860
862
862
860
857
856
856
855
854
851
852
853
849
850
849
844
847
847
845
843
843
840
838
837
840
836
838
832
835
830
832
831
829
830
827
824
823
827
821
820
822
823
818
821
820
816
816
816
815
813
809
813
808
806
806
805
805
806
802
801
801
801
800
800
800
795
796
792
795
791
791
789
787
788
786
784
787
787
786
784
780
782
778
777
775
779
775
774
774
772
771
770
770
771
769
767
766
762
765
763
763
761
760
761
756
754
755
755
751
755
751
751
752
746
746
749
743
744
741
745
742
741
738
738
736
736
738
737
736
735
733
730
731
728
727
728
727
726
725
723
722
719
720
716
716
717
714
714
714
710
710
708
708
706
710
706
708
706
701
703
704
701
698
700
695
697
697
694
693
691
693
692
688
687
685
689
685
683
684
680
679
679
680
676
678
675
674
674
672
674
673
671
667
666
665
667
666
662
662
664
664
662
659
657
655
659
655
652
652
650
653
653
647
649
646
644
648
645
645
645
639
640
641
641
637
635
634
637
633
635
630
630
631
626
629
627
628
625
626
620
620
622
619
619
618
614
615
614
611
613
612
613
611
608
609
608
608
603
602
601
601
598
599
598
595
597
597
593
593
595
590
593
590
587
589
589
588
587
585
584
580
583
581
577
577
575
575
576
573
571
570
571
570
570
568
565
566
565
562
563
560
560
559
561
558
556
558
553
552
551
550
548
552
551
547
546
548
547
546
541
542
543
539
540
536
537
533
533
533
535
530
531
531
530
528
525
528
522
525
525
522
523
518
517
520
515
517
512
515
515
511
508
510
506
509
505
508
506
504
505
503
500
500
500
496
496
493
492
493
492
493
490
487
486
490
485
486
486
481
483
479
478
480
480
478
479
475
474
473
475
472
470
472
470
466
464
463
463
461
461
460
462
457
459
458
459
455
452
455
452
453
449
449
451
448
444
448
445
442
441
439
442
440
439
439
435
437
432
436
435
432
429
431
426
427
428
428
425
422
420
420
421
417
416
415
418
417
414
414
414
414
411
411
408
406
404
405
406
405
404
403
399
398
397
396
394
397
392
393
391
389
389
392
388
387
389
387
383
384
380
382
380
381
379
376
374
377
375
376
375
370
370
372
366
366
366
364
363
361
363
360
362
358
360
359
356
353
356
354
353
351
349
348
349
345
346
346
347
346
345
344
340
340
341
337
339
337
333
333
330
334
333
331
331
327
328
326
327
326
322
321
322
318
320
320
314
317
313
312
313
312
310
311
308
308
308
304
305
302
304
299
298
301
296
299
296
295
294
295
295
292
291
289
288
288
289
284
285
282
282
281
278
280
279
276
278
273
272
274
275
274
268
268
269
265
267
266
265
264
262
260
262
260
257
255
255
256
254
251
255
252
252
252
248
250
244
244
242
246
240
243
243
242
236
235
234
238
232
232
234
234
230
227
229
230
227
226
222
224
221
220
222
220
217
218
218
215
217
213
211
210
210
210
208
209
209
206
207
204
201
201
203
200
198
199
198
193
194
191
195
193
189
189
187
186
189
186
184
181
181
181
183
182
181
180
175
177
172
176
175
169
173
172
169
170
165
163
164
162
165
160
162
160
161
157
158
157
152
156
153
152
152
151
149
146
147
143
146
146
141
143
141
141
141
138
138
134
134
136
130
133
131
132
127
128
128
125
122
123
125
123
122
118
117
117
115
115
113
112
111
114
109
107
107
105
108
103
102
105
102
99
98
97
99
100
97
97
92
96
90
90
89
90
89
88
89
84
84
83
80
84
78
82
80
75
79
74
74
76
70
70
73
71
66
68
66
64
64
63
61
64
62
59
58
59
56
57
55
56
51
52
48
48
46
50
49
46
45
43
41
41
41
41
37
37
37
34
35
32
34
29
33
27
29
30
24
24
23
26
23
23
23
19
19
20
14
15
13
12
11
11
12
9
6
8
6
7
5
1
