1880
1878
1873
1874
1873
1871
1870
1869
1870
1867
1870
1865
1868
1862
1865
1863
1864
1862
1857
1859
1859
1859
1857
1854
1856
1850
1854
1853
1848
1847
1850
1846
1845
1842
1843
1840
1839
1838
1842
1841
1835
1838
1838
1834
1833
1834
1833
1832
1830
1829
1829
1829
1823
1826
1822
1823
1820
1822
1819
1817
1818
1816
1815
1817
1814
1812
1813
1810
1810
1808
1807
1805
1808
1807
1803
1800
1802
1801
1797
1797
1797
1794
1794
1795
1793
1793
1793
1791
1790
1787
1788
1787
1788
1785
1781
1780
1781
1780
1779
1780
1778
1777
1773
1775
1772
1770
1769
1771
1770
1766
1765
1768
1764
1765
1764
1760
1762
1763
1762
1758
1760
1758
1757
1754
1754
1750
1749
1751
1748
1751
1749
1745
1748
1746
1743
1743
1739
1738
1741
1741
1740
1738
1733
1733
1731
1733
1734
1730
1730
1729
1726
1729
1723
1722
1722
1720
1724
1722
1721
1717
1718
1716
1714
1712
1712
1711
1713
1711
1709
1707
1705
1708
1705
1704
1705
1703
1703
1700
1699
1697
1695
1696
1697
1697
1695
1690
1694
1693
1689
1689
1686
1684
1687
1684
1681
1680
1682
1679
1679
1681
1675
1678
1678
1672
1674
1670
1674
1670
1671
1667
1665
1664
1668
1664
1661
1665
1659
1659
1658
1656
1657
1659
1654
1653
1656
1655
1651
1653
1650
1650
1650
1644
1646
1647
1644
1640
1639
1639
1637
1637
1640
1639
1634
1635
1634
1634
1632
1628
1629
1627
1627
1627
1623
1625
1624
1620
1621
1621
1620
1620
1619
1618
1616
1615
1613
1610
1609
1613
1610
1607
1610
1606
1603
1602
1604
1604
1603
1599
1601
1598
1598
1598
1595
1592
1596
1592
1592
1593
1588
1590
1590
1587
1586
1584
1585
1585
1582
1578
1581
1576
1578
1579
1575
1574
1572
1571
1569
1568
1569
1569
1567
1564
1568
1567
1562
1563
1563
1560
1559
1559
1555
1557
1554
1554
1553
1551
1552
1553
1549
1547
1548
1548
1543
1544
1542
1540
1542
1538
1540
1537
1538
1537
1535
1534
1534
1531
1529
1533
1530
1528
1526
1528
1525
1526
1522
1522
1521
1518
1520
1517
1517
1519
1514
1514
1511
1513
1512
1509
1508
1506
1506
1504
1504
1504
1502
1500
1501
1498
1499
1501
1496
1498
1498
1493
1495
1495
1493
1493
1492
1490
1486
1487
1483
1485
1483
1485
1484
1478
1477
1480
1477
1475
1473
1474
1476
1470
1470
1470
1468
1466
1468
1469
1467
1467
1464
1465
1462
1462
1462
1456
1457
1455
1456
1454
1452
1454
1454
1452
1449
1448
1449
1445
1445
1444
1441
1444
1441
1438
1437
1439
1440
1434
1436
1435
1434
1431
1429
1432
1432
1431
1425
1426
1424
1422
1421
1425
1423
1420
1418
1417
1415
1417
1416
1414
1414
1411
1413
1410
1409
1407
1406
1407
1407
1406
1405
1402
1402
1398
1400
1401
1396
1399
1394
1397
1391
1392
1393
1392
1392
1389
1390
1387
1385
1387
1384
1382
1381
1382
1378
1379
1380
1378
1374
1373
1375
1375
1373
1370
1369
1370
1368
1369
1368
1362
1363
1361
1360
1362
1360
1358
1356
1355
1354
1352
1351
1351
1353
1353
1347
1347
1348
1345
1348
1344
1346
1340
1343
1339
1339
1337
1337
1335
1336
1334
1332
1331
1332
1332
1331
1328
1329
1328
1327
1323
1326
1321
1324
1318
1322
1321
1319
1316
1316
1315
1311
1311
1314
1313
1308
1309
1305
1308
1306
1306
1303
1305
1299
1298
1300
1297
1295
1297
1298
1297
1291
1290
1289
1289
1292
1287
1287
1289
1288
1285
1282
1281
1280
1283
1279
1280
1280
1274
1274
1274
1274
1270
1272
1268
1270
1271
1267
1265
1265
1264
1265
1265
1259
1259
1261
1257
1259
1258
1258
1252
1251
1254
1252
1248
1251
1250
1248
1248
1248
1246
1242
1240
1240
1241
1238
1237
1237
1238
1236
1237
1234
1230
1232
1232
1232
1228
1229
1225
1223
1223
1221
1225
1220
1221
1220
1220
1220
1219
1216
1215
1212
1213
1211
1213
1210
1210
1205
1207
1208
1202
1203
1205
1200
1202
1200
1198
1200
1197
1196
1195
1195
1193
1193
1193
1191
1187
1190
1189
1184
1186
1183
1184
1179
1178
1180
1180
1176
1177
1178
1172
1174
1173
1173
1173
1170
1168
1168
1167
1168
1165
1165
1160
1162
1161
1157
1161
1156
1159
1157
1153
1154
1151
1153
1148
1149
1147
1150
1144
1144
1143
1142
1144
1141
1138
1141
1139
1135
1134
1136
1136
1136
1130
1132
1129
1129
1127
1126
1124
1126
1127
1124
1124
1122
1118
1119
1119
1117
1117
1115
1116
1114
1115
1112
1112
1107
1109
1105
1107
1103
1105
1105
1100
1103
1103
1101
1099
1096
1095
1093
1097
1092
1091
1094
1091
1090
1088
1086
1089
1086
1083
1084
1085
1079
1082
1077
1078
1076
1078
1078
1073
1071
1070
1070
1073
1067
1070
1070
1065
1066
1067
1064
1065
1064
1061
1062
1061
1059
1056
1056
1055
1051
1053
1049
1050
1051
1047
1050
1045
1046
1045
1044
1045
1044
1041
1038
1041
1035
1039
1033
1035
1036
1034
1030
1029
1028
1029
1025
1029
1023
1025
1022
1022
1024
1019
1017
1018
1017
1016
1013
1012
1013
1013
1013
1011
1007
1009
1006
1005
1003
1004
1002
1001
1000
998
1001
998
999
994
995
992
993
992
989
990
988
988
985
984
985
983
982
980
982
983
981
976
980
977
973
972
974
971
970
973
971
970
966
969
966
963
963
960
962
958
957
959
955
956
958
954
954
952
950
949
952
947
949
949
943
942
946
941
943
941
939
940
939
938
938
936
933
931
929
929
927
927
927
929
923
924
921
921
924
920
921
917
920
917
915
913
914
912
911
909
911
910
910
904
904
904
903
903
899
902
900
898
897
897
895
895
893
895
893
891
891
889
890
884
886
884
884
882
880
880
880
881
875
874
875
876
873
874
869
873
871
869
867
868
868
866
866
865
862
860
857
860
855
857
855
857
853
855
851
853
851
848
846
844
843
842
841
841
842
840
842
840
840
838
838
836
835
835
831
830
827
828
827
825
827
824
821
824
823
822
822
818
819
816
817
815
815
815
812
808
812
811
810
805
807
807
801
804
802
800
798
796
798
796
793
793
796
790
793
790
789
789
785
788
783
784
784
785
784
781
779
780
779
774
778
772
771
773
773
772
767
766
765
765
768
763
761
761
761
759
761
760
759
757
755
753
752
755
754
748
752
748
746
746
744
747
743
740
740
741
741
738
735
737
735
734
736
731
730
731
731
727
728
728
724
722
725
722
721
723
721
718
718
714
713
715
712
711
709
713
708
708
705
705
703
706
705
703
703
701
702
696
696
697
697
693
695
691
691
690
691
691
689
687
685
685
683
680
680
683
677
679
678
678
675
673
675
671
671
669
669
671
666
669
663
663
663
661
660
661
660
661
660
657
656
654
652
651
651
648
649
646
645
648
643
642
645
645
644
638
637
638
635
638
634
637
635
630
629
631
630
631
628
626
624
626
626
623
620
622
620
619
619
615
614
616
615
612
610
610
609
611
607
608
603
604
604
604
604
602
597
598
596
598
596
597
594
594
592
589
592
589
585
585
586
586
585
583
580
579
581
576
575
576
577
574
572
570
572
570
572
570
565
566
563
562
561
564
560
562
561
559
559
556
557
552
554
550
552
552
547
547
550
549
545
547
543
544
539
538
539
536
537
537
536
533
532
531
531
531
528
531
528
525
528
527
523
524
524
522
518
516
518
516
515
516
515
513
510
511
507
509
509
507
504
502
501
500
501
502
501
496
496
499
495
495
492
495
494
492
490
491
485
488
486
482
483
484
483
481
478
478
476
478
475
475
476
475
470
469
467
471
466
467
467
464
466
463
459
458
462
461
458
456
458
453
451
455
453
448
449
449
445
448
445
445
445
443
440
440
439
437
440
439
434
433
433
431
432
431
427
427
430
426
425
422
425
420
420
420
420
419
416
417
418
415
414
413
411
411
408
410
406
406
405
407
406
400
399
398
398
401
396
395
397
392
396
393
391
391
392
390
389
385
384
383
381
385
384
383
380
377
375
377
375
372
375
371
369
372
368
371
368
367
364
367
365
362
362
363
360
357
355
356
353
354
356
353
351
353
350
350
347
344
348
346
341
343
342
339
338
340
337
339
337
333
333
332
332
329
327
329
328
328
323
322
326
322
322
319
320
320
319
316
317
316
312
315
311
311
309
307
306
304
306
302
304
301
301
302
297
299
297
295
297
294
291
295
293
291
290
289
285
285
288
283
286
284
283
283
279
278
280
276
274
275
275
271
270
273
270
268
270
265
263
263
266
262
263
260
258
257
260
254
253
252
252
250
250
249
247
249
248
244
244
242
243
243
239
238
242
240
236
238
235
236
234
232
232
233
230
230
230
227
225
225
226
222
223
218
217
221
216
216
215
215
211
212
210
211
207
211
209
204
208
204
202
200
201
200
201
198
200
199
196
192
195
190
189
193
190
191
187
186
183
184
181
184
181
182
182
180
176
178
176
173
176
175
172
171
167
169
165
169
166
167
164
164
163
161
161
158
159
159
153
152
151
150
153
152
151
148
148
144
143
146
146
144
141
138
139
137
135
134
136
136
135
131
129
133
129
128
128
128
124
123
122
125
124
120
119
117
118
114
116
116
116
111
112
112
110
108
110
104
105
105
102
103
99
103
97
99
97
95
96
95
93
91
90
89
88
89
85
85
83
83
86
82
84
81
81
81
77
76
78
76
72
71
69
68
70
71
69
66
68
62
63
63
62
58
60
56
56
58
53
53
54
53
49
51
50
48
45
48
48
43
46
41
40
40
37
36
39
36
38
35
32
33
31
31
31
28
28
25
25
24
26
25
20
22
18
20
18
15
15
16
14
13
12
13
9
6
8
7
3
4
1
