4
3
2
4
8
9
9
9
11
14
11
12
16
15
15
16
18
22
22
22
23
21
23
25
26
27
28
27
33
32
32
34
33
34
34
38
37
39
42
39
44
43
46
44
45
47
48
52
52
54
55
53
57
57
59
59
57
58
61
62
62
62
65
65
66
69
70
71
71
70
71
74
73
75
76
76
78
82
80
84
82
84
86
83
89
88
89
90
93
94
92
92
92
98
98
100
100
102
103
100
100
103
103
103
108
106
108
108
112
110
113
112
117
118
116
117
121
119
121
121
125
123
122
124
124
125
130
132
132
130
134
132
136
133
138
136
140
140
140
140
141
145
142
143
148
150
146
151
151
154
150
152
156
156
155
159
158
161
161
159
161
165
162
164
168
168
170
167
168
171
172
171
173
178
175
175
180
181
179
180
185
184
184
187
185
187
186
188
189
191
191
191
193
194
197
200
200
202
198
204
205
206
203
207
209
206
210
210
211
214
214
215
213
216
216
219
220
217
221
221
220
226
227
223
226
228
230
231
233
232
232
232
237
236
235
239
238
239
242
244
243
242
247
247
246
247
247
247
253
250
251
255
252
256
259
258
259
261
260
259
263
261
267
264
267
267
270
270
272
274
275
276
276
276
277
277
279
281
282
284
282
282
284
288
285
290
288
287
289
294
295
292
293
294
294
296
300
302
299
304
300
306
302
303
305
308
309
308
308
313
310
316
315
314
318
319
318
321
322
324
324
321
327
328
325
328
329
329
333
330
333
331
337
337
338
336
337
338
338
342
341
341
343
345
346
348
348
352
348
350
353
351
353
356
356
358
357
361
361
364
362
366
362
365
369
366
368
372
369
371
371
374
376
378
374
378
380
380
380
383
383
385
386
385
384
387
389
392
392
389
390
394
393
396
394
396
397
401
399
402
400
403
403
403
407
408
408
409
408
412
413
412
413
416
419
417
421
420
423
423
422
425
422
426
424
428
430
431
430
431
430
435
432
433
435
438
437
440
443
442
441
443
442
443
448
448
450
448
450
451
453
452
455
458
457
456
458
457
460
460
463
463
464
468
464
468
471
469
469
469
472
472
475
478
475
475
479
480
481
483
482
485
482
483
489
487
487
490
491
489
492
491
496
494
499
499
499
498
503
503
503
501
504
503
506
505
506
512
508
510
511
514
512
518
515
519
521
519
523
519
523
522
522
527
526
528
529
530
531
529
530
535
533
538
535
540
540
540
540
544
545
543
543
544
547
548
546
548
553
554
555
556
556
557
554
556
557
558
558
564
561
561
566
566
564
566
566
572
570
569
571
572
577
578
579
580
579
578
578
579
581
586
586
585
588
588
590
589
588
589
594
596
595
594
594
598
599
600
600
604
601
603
602
605
605
609
611
608
608
614
613
615
616
613
615
619
617
617
622
621
622
621
626
627
629
630
631
630
632
631
630
634
634
635
638
636
639
640
638
642
641
642
642
645
649
649
646
648
650
652
651
652
654
658
654
659
659
662
658
660
663
665
665
668
666
668
666
667
672
670
674
672
675
678
677
675
681
682
679
684
683
686
684
683
688
690
688
688
692
690
691
691
696
693
695
699
700
697
698
699
702
704
707
705
708
706
709
709
709
709
715
716
713
716
714
718
718
718
720
722
721
723
722
724
726
726
727
728
729
733
732
734
735
733
737
736
736
741
742
743
744
745
745
747
746
745
750
748
752
751
753
755
756
757
759
758
759
761
759
759
763
766
762
764
766
767
769
768
770
771
771
773
775
777
775
775
777
777
783
784
782
785
783
783
788
785
787
791
792
792
790
791
794
793
796
797
797
801
801
803
804
803
802
805
807
807
811
808
810
813
810
815
817
818
819
820
819
820
820
824
822
826
825
825
827
826
829
827
832
829
832
833
834
836
839
840
841
839
838
843
840
841
846
848
848
847
846
851
851
851
852
852
854
857
859
857
858
860
862
863
865
862
867
863
868
869
869
867
870
874
873
873
873
873
879
877
879
877
882
883
880
886
882
887
887
889
891
890
891
890
893
893
897
898
895
900
899
898
899
902
900
905
904
908
908
905
910
907
909
911
914
915
912
916
916
916
921
919
920
920
920
922
926
925
924
927
927
932
928
930
931
932
934
935
938
937
938
941
938
939
941
945
944
946
944
948
949
952
948
950
951
952
955
957
958
958
957
961
958
963
960
962
966
965
967
966
969
969
971
973
974
971
973
973
975
977
979
978
980
981
981
986
987
985
989
985
990
989
989
991
993
991
993
994
997
999
1000
1000
998
999
1004
1004
1006
1008
1009
1008
1008
1007
1009
1009
1015
1014
1015
1015
1014
1016
1020
1019
1023
1023
1020
1026
1022
1026
1026
1026
1029
1030
1033
1034
1033
1031
1037
1036
1039
1039
1040
1042
1041
1043
1045
1042
1046
1047
1046
1049
1047
1047
1048
1052
1050
1053
1056
1055
1056
1060
1061
1059
1059
1059
1062
1064
1063
1063
1069
1068
1070
1071
1070
1072
1071
1071
1075
1077
1075
1077
1078
1078
1079
1079
1084
1081
1086
1088
1084
1089
1090
1092
1091
1092
1093
1091
1096
1095
1096
1098
1098
1100
1102
1099
1100
1102
1105
1108
1104
1108
1110
1111
1112
1113
1111
1114
1114
1117
1119
1115
1120
1120
1122
1120
1122
1122
1124
1125
1128
1129
1129
1132
1131
1130
1130
1134
1135
1136
1137
1137
1139
1142
1139
1139
1141
1142
1142
1146
1148
1147
1148
1150
1149
1150
1152
1156
1152
1153
1156
1157
1156
1158
1162
1164
1160
1165
1165
1167
1168
1170
1167
1168
1173
1171
1171
1174
1174
1174
1179
1176
1181
1181
1182
1183
1184
1183
1183
1187
1188
1187
1189
1188
1192
1191
1190
1192
1192
1195
1199
1197
1200
1201
1203
1203
1200
1202
1206
1207
1207
1208
1210
1209
1213
1214
1210
1211
1217
1217
1217
1216
1221
1219
1222
1224
1223
1221
1224
1227
1229
1228
1226
1231
1231
1230
1232
1234
1232
1233
1238
1237
1239
1239
1238
1240
1242
1243
1244
1243
1247
1249
1249
1250
1251
1249
