1
4
2
5
5
9
8
9
11
13
15
11
16
13
17
18
19
22
22
23
25
24
23
26
29
26
29
29
33
29
34
32
36
36
34
40
37
42
39
43
45
43
45
44
46
49
48
49
50
53
54
54
52
56
58
60
58
58
59
59
61
61
63
68
64
70
68
71
70
74
74
74
74
74
78
77
78
81
82
80
81
83
85
87
88
89
90
90
89
89
94
91
93
94
94
95
98
102
101
101
103
104
105
107
109
105
108
112
109
114
115
111
114
114
118
115
120
118
120
123
120
126
124
125
129
130
128
128
128
133
132
132
132
136
138
139
138
137
142
143
140
144
146
147
149
149
151
150
153
150
154
155
156
158
158
156
158
159
162
164
161
166
164
168
168
170
170
167
168
171
172
175
175
176
179
176
176
180
181
180
181
182
182
184
188
187
188
191
189
194
193
195
194
197
194
197
199
197
199
200
202
206
206
208
204
206
210
208
208
212
212
216
213
214
214
218
217
221
218
224
225
225
227
225
226
227
229
228
229
233
234
231
232
236
238
238
238
242
241
239
240
244
244
243
248
248
249
249
249
250
254
255
254
257
257
257
261
262
258
261
261
261
267
263
266
269
268
269
273
274
275
271
273
273
279
275
278
282
282
284
283
286
284
287
287
285
286
291
290
293
295
296
294
295
299
299
297
299
302
300
300
303
302
308
305
306
309
312
309
312
312
312
312
315
317
318
321
320
320
320
320
322
324
325
327
329
326
331
331
332
331
332
334
334
339
337
341
339
341
339
345
344
343
344
344
348
346
348
351
350
350
355
354
353
356
358
356
360
362
361
363
361
363
364
367
370
368
372
370
370
375
374
374
373
376
377
376
380
378
380
382
386
385
383
386
385
389
390
393
394
390
396
395
393
397
396
401
401
399
404
402
402
403
404
406
405
406
409
411
414
414
416
413
416
415
416
418
418
423
419
420
421
427
426
429
430
427
430
432
432
435
434
434
438
434
435
437
439
439
440
443
444
444
445
445
448
446
447
450
453
450
451
455
456
454
456
459
461
463
464
461
466
462
468
468
468
470
468
469
470
475
474
476
474
478
475
476
482
483
482
482
482
486
488
485
487
487
492
488
493
490
495
493
495
495
495
500
499
502
502
505
501
505
505
506
506
506
510
508
509
515
516
517
514
514
518
518
519
520
524
523
522
523
523
529
530
527
529
530
532
534
531
533
537
538
535
539
538
541
540
543
544
543
546
545
546
546
552
552
550
551
556
557
553
557
557
559
558
561
560
562
565
567
566
567
568
568
572
571
571
574
573
577
576
577
579
578
582
579
583
580
585
582
584
585
590
587
587
591
591
591
596
596
593
594
595
598
599
599
602
602
606
607
605
608
607
611
609
611
614
615
612
614
615
614
616
619
617
621
622
625
624
625
627
626
629
627
627
632
634
632
631
632
636
639
637
638
641
642
642
644
646
645
648
648
649
648
652
649
653
650
651
653
653
656
659
661
658
662
662
664
666
664
667
665
669
668
671
672
669
672
676
677
678
676
676
677
680
680
683
684
681
683
684
686
690
686
692
689
692
695
692
694
694
696
697
697
701
699
703
704
701
703
704
705
707
709
711
709
712
710
716
717
717
719
720
716
720
719
723
724
722
727
727
729
728
727
732
733
732
735
731
735
736
734
735
736
739
743
739
740
744
744
743
746
745
750
751
750
754
750
756
754
758
755
756
757
761
761
763
764
766
764
768
765
767
768
770
770
773
773
776
774
775
779
780
777
779
780
782
783
782
786
788
785
790
791
789
789
792
790
794
792
794
799
795
799
801
802
801
801
805
805
804
804
805
807
809
811
813
812
816
815
813
817
817
817
820
822
819
822
821
827
823
829
828
826
830
833
833
830
836
837
836
834
835
836
837
840
840
840
846
842
843
849
845
849
849
848
852
850
856
856
853
855
859
857
859
859
861
862
865
863
865
865
867
870
867
869
871
872
876
876
874
876
875
877
882
879
882
884
882
883
883
885
885
890
888
891
894
894
895
892
895
899
899
898
898
902
903
901
904
902
906
909
908
906
910
909
911
911
911
913
914
918
917
917
922
920
922
923
924
923
927
927
930
926
929
929
934
933
936
932
933
935
940
936
939
939
940
941
944
946
946
949
948
946
950
950
953
955
954
956
953
954
960
960
962
961
964
964
965
967
966
967
968
970
968
970
970
971
974
972
974
979
975
979
982
979
982
984
983
986
984
987
990
991
991
989
991
991
992
997
998
996
997
1001
1001
998
1001
1000
1003
1005
1008
1007
1009
1006
1008
1012
1009
1010
1016
1012
1013
1014
1016
1021
1017
1022
1020
1021
1022
1022
1027
1024
1027
1026
1029
1031
1032
1030
1032
1034
1034
1038
1040
1041
1042
1039
1040
1042
1046
1047
1047
1046
1049
1050
1047
1053
1049
1050
1056
1054
1053
1059
1059
1058
1059
1062
1061
1065
1063
1067
1066
1066
1069
1071
1071
1069
1073
1071
1075
1073
1075
1075
1075
1078
1081
1080
1079
1084
1083
1084
1084
1084
1086
1086
1091
1092
1090
1091
1095
1092
1093
1096
1098
1100
1102
1101
1099
1101
1105
1106
1108
1106
1106
1109
1110
1111
1113
1115
1115
1113
1117
1117
1116
1118
1121
1123
1124
1123
1122
1125
1127
1128
1127
1127
1132
1131
1131
1132
1136
1137
1134
1134
1135
1139
1140
1143
1140
1143
1144
1142
1147
1146
1148
1147
1151
1150
1152
1150
1156
1154
1155
1157
1156
1161
1160
1163
1163
1163
1165
1167
1168
1167
1169
1169
1169
1169
1170
1171
1173
1174
1176
1177
1180
1181
1179
1182
1179
1181
1185
1182
1186
1184
1186
1189
1190
1189
1189
1191
1193
1196
1196
1196
1195
1198
1200
1200
1200
1205
1204
1206
1208
1204
1209
1208
1210
1212
1209
1210
1215
1216
1215
1219
1218
1217
1219
1222
1220
1222
1225
1225
1226
1229
1226
1229
1228
1231
1232
1231
1234
1232
1237
1236
1237
1239
1239
1238
1242
1240
1243
1244
1244
1248
1248
1247
1248
1252
1252
