2
2
7
5
6
6
6
12
9
10
14
15
15
13
16
20
17
21
18
24
25
22
22
23
25
28
28
28
33
33
33
33
35
38
34
35
37
37
38
44
45
45
47
45
49
48
50
48
53
54
51
54
53
58
59
55
58
57
58
59
63
64
64
66
69
67
68
71
68
69
75
73
73
74
74
78
77
81
81
79
80
81
85
85
89
89
88
88
91
92
94
92
95
95
99
97
98
98
101
101
103
105
104
103
104
109
107
107
110
112
112
112
117
113
119
116
119
121
118
123
120
123
122
123
125
126
129
129
133
134
133
131
133
133
134
136
140
141
139
143
140
145
144
146
144
146
148
152
149
154
155
152
152
154
156
155
159
162
161
163
162
162
164
167
166
166
171
170
170
170
172
172
173
176
178
177
178
181
182
181
180
186
184
184
185
189
190
188
191
191
191
191
197
193
195
196
199
200
201
202
202
203
205
208
204
208
210
208
208
213
210
215
217
217
217
217
217
220
222
222
224
223
226
224
224
230
229
232
230
233
231
231
233
233
235
239
238
242
240
241
240
246
247
246
247
249
250
247
252
251
251
253
254
253
258
258
259
257
263
262
261
264
262
264
267
267
266
268
269
269
273
274
276
273
275
276
280
282
280
284
284
282
285
285
289
286
287
287
289
294
294
292
297
295
298
300
296
302
298
299
302
303
304
308
308
306
306
310
312
312
313
314
317
316
315
316
321
322
323
319
325
324
327
327
327
328
326
332
330
331
331
335
337
336
337
339
341
339
341
344
341
345
347
344
347
345
347
351
348
354
355
353
356
354
358
356
358
358
361
363
362
361
363
363
369
366
367
370
371
370
375
372
377
377
378
380
381
379
378
379
380
385
384
386
387
388
389
392
388
391
391
396
397
398
394
395
400
402
401
399
403
405
404
408
407
407
410
412
412
410
413
412
412
418
414
417
421
418
421
420
420
422
427
427
428
430
430
427
432
429
431
431
432
435
438
436
441
437
443
443
441
446
445
443
444
448
449
450
452
453
455
456
457
453
459
459
458
462
458
461
462
462
467
465
466
467
468
468
468
469
475
472
475
477
474
480
479
482
481
481
485
486
486
485
488
490
491
491
489
493
495
496
492
494
496
497
497
501
503
504
503
505
504
508
506
508
509
511
513
509
511
514
514
513
515
517
519
518
519
520
525
524
526
525
526
528
530
532
532
529
534
536
534
533
538
538
540
540
538
544
545
546
543
547
549
545
551
550
553
554
554
551
555
554
558
555
556
562
559
563
560
561
564
568
567
566
571
570
569
574
574
572
573
573
577
580
576
582
582
579
582
582
587
584
585
589
591
592
588
593
592
594
595
593
594
598
597
598
603
604
602
601
602
608
606
609
611
612
611
613
612
613
613
615
617
616
619
619
623
622
623
625
622
627
629
630
626
632
633
631
634
634
636
638
637
639
636
638
640
644
640
645
647
643
649
645
650
652
650
650
655
653
656
657
655
658
659
662
663
659
663
666
665
664
666
667
669
667
668
669
675
672
672
678
676
677
679
681
678
682
680
685
683
684
688
686
688
688
690
692
691
692
694
696
699
697
700
701
701
700
702
701
703
707
704
709
711
709
710
711
712
711
717
717
719
716
720
721
723
721
724
726
725
726
729
728
727
730
729
729
733
735
734
737
734
740
736
739
742
742
740
743
745
747
748
745
748
752
752
749
750
756
753
753
758
760
758
760
762
761
763
766
762
767
766
768
768
767
772
770
772
772
775
777
778
779
779
782
779
782
782
785
784
784
787
788
791
787
788
794
793
792
795
793
797
800
800
802
801
800
800
804
803
807
806
809
811
810
809
813
815
815
817
814
814
816
820
822
819
819
822
826
824
825
825
827
828
829
832
830
835
832
834
834
839
835
836
840
840
843
841
842
844
848
848
849
848
850
851
853
851
856
853
857
855
855
860
862
861
861
860
866
867
868
868
870
867
872
868
870
874
872
875
878
874
880
876
879
879
880
881
884
883
883
887
885
891
890
893
890
895
896
895
894
899
895
899
900
900
904
905
904
903
905
906
909
908
912
913
909
912
914
913
913
917
916
921
921
920
921
922
926
923
924
926
926
929
927
929
934
930
931
937
933
936
937
939
940
943
940
944
941
943
947
949
945
949
949
951
951
952
955
952
957
958
956
956
960
961
964
960
961
964
964
966
965
968
970
971
971
974
974
972
975
974
975
978
979
978
984
982
982
983
985
984
986
986
990
993
992
991
991
994
995
996
998
1000
1000
1001
1001
1004
1001
1007
1003
1004
1005
1010
1012
1012
1011
1011
1015
1017
1015
1019
1020
1019
1018
1019
1022
1025
1024
1024
1026
1028
1027
1031
1031
1028
1031
1033
1034
1034
1036
1039
1038
1040
1041
1043
1041
1043
1046
1046
1046
1046
1048
1050
1051
1052
1052
1050
1052
1053
1055
1058
1056
1057
1059
1061
1064
1063
1064
1063
1068
1066
1066
1067
1072
1070
1070
1072
1074
1073
1075
1074
1076
1076
1078
1078
1082
1080
1083
1082
1085
1085
1086
1086
1088
1089
1090
1093
1096
1097
1093
1097
1100
1100
1101
1098
1099
1102
1101
1102
1106
1109
1105
1107
1107
1108
1111
1110
1116
1113
1114
1118
1119
1118
1117
1122
1124
1122
1126
1123
1128
1127
1129
1130
1127
1131
1134
1135
1132
1137
1138
1139
1135
1138
1140
1142
1143
1144
1141
1147
1148
1145
1146
1149
1148
1152
1149
1152
1155
1153
1157
1157
1160
1156
1158
1161
1160
1164
1166
1163
1163
1164
1170
1168
1171
1172
1170
1175
1174
1172
1176
1176
1175
1176
1182
1178
1180
1182
1183
1183
1183
1187
1190
1189
1187
1190
1191
1192
1191
1195
1196
1197
1195
1201
1200
1201
1203
1204
1204
1205
1206
1205
1205
1206
1210
1210
1211
1212
1212
1212
1217
1215
1217
1218
1222
1223
1221
1221
1221
1227
1223
1229
1227
1226
1232
1230
1230
1231
1234
1234
1236
1237
1239
1237
1238
1240
1240
1244
1246
1245
1248
1249
1250
1250
1248
1248
1253
