5
1
2
5
4
8
6
9
13
9
11
13
17
15
17
16
20
20
20
22
22
24
22
28
28
25
26
27
29
30
34
32
35
34
39
40
37
41
41
42
40
45
47
43
47
49
49
50
52
51
54
53
52
55
59
55
60
57
59
61
63
61
67
67
67
69
67
70
68
73
75
73
76
76
74
75
78
78
79
81
83
85
85
84
84
87
89
91
90
90
93
95
95
96
95
100
99
97
98
100
101
105
107
106
109
107
107
108
110
112
110
112
112
114
117
115
116
118
119
120
122
122
124
124
126
126
131
132
128
130
134
134
135
138
135
140
138
138
141
142
140
145
142
145
147
150
147
148
152
153
150
151
152
156
159
155
159
158
159
161
164
161
165
167
165
170
170
168
173
169
170
176
174
177
174
177
181
182
179
180
184
181
183
188
187
186
186
191
191
193
193
191
197
198
196
200
198
199
200
202
204
203
204
206
208
205
211
210
209
209
213
214
213
216
218
217
217
218
219
220
225
225
224
225
229
230
231
231
232
231
234
232
233
235
236
236
236
242
241
240
243
246
247
243
248
247
246
250
249
252
255
256
257
254
254
257
261
258
260
260
261
266
264
266
264
266
267
270
271
273
270
272
276
277
276
280
280
277
283
281
281
285
283
287
284
289
287
288
292
289
295
292
296
298
297
296
300
301
299
299
305
305
302
303
309
309
306
312
313
312
311
314
316
318
314
315
316
320
320
322
322
326
322
324
327
328
331
329
330
331
331
333
337
336
335
337
339
338
342
343
340
341
346
343
344
345
347
349
351
353
351
355
357
354
355
360
358
358
362
364
365
361
362
366
367
370
371
370
372
372
375
376
375
377
374
375
377
382
378
382
384
382
386
384
389
386
388
392
389
390
394
391
395
398
398
398
396
398
401
399
401
403
405
404
406
409
407
407
409
413
412
415
414
416
419
420
419
420
419
424
422
421
423
428
428
426
430
428
429
433
431
432
435
433
436
435
436
440
441
443
445
441
445
448
448
447
449
449
452
454
451
454
452
453
457
455
457
460
463
464
461
466
466
465
468
469
469
467
468
473
470
472
477
473
478
479
480
477
479
481
480
483
485
484
484
490
486
492
493
494
491
493
497
494
497
500
496
498
500
503
504
502
504
505
507
506
510
511
508
513
515
515
515
514
516
516
519
522
520
522
522
526
525
525
524
528
529
530
531
529
535
531
535
533
536
540
538
542
539
544
544
542
546
544
546
545
551
548
550
552
554
553
552
555
559
558
558
560
560
562
560
561
564
568
566
565
567
572
569
572
573
571
572
575
575
579
576
577
583
582
581
586
582
587
584
587
591
592
591
591
595
595
593
595
596
596
601
602
598
599
600
606
605
605
609
609
610
612
612
611
612
613
617
618
614
615
618
622
623
620
625
624
623
624
625
626
631
628
628
632
632
631
632
637
634
636
636
639
638
644
643
645
647
644
646
646
651
649
652
652
654
651
656
656
656
658
661
660
659
661
660
663
664
664
665
669
666
671
671
669
671
674
673
673
676
679
679
679
683
684
685
685
684
683
687
685
686
690
690
691
693
692
695
695
697
698
698
698
702
703
703
703
706
706
706
708
711
709
710
710
714
716
713
714
718
720
721
720
721
720
720
726
726
726
726
727
726
727
728
732
735
736
736
736
734
738
736
739
739
744
741
744
746
747
746
745
746
751
751
750
755
753
757
757
759
755
758
760
762
762
764
763
762
768
768
767
766
768
768
770
770
772
776
778
777
775
777
782
781
784
783
781
786
785
784
789
788
788
792
791
795
794
797
798
797
799
799
800
803
801
801
803
804
805
809
810
807
808
808
810
813
816
817
815
817
816
816
821
821
823
825
824
824
824
829
829
831
827
832
833
834
834
834
837
838
838
841
838
840
843
845
844
842
846
844
848
847
847
851
854
854
851
854
854
855
859
859
859
862
864
863
864
863
864
868
865
871
867
871
869
875
872
875
875
875
877
878
882
881
884
885
883
884
886
885
887
888
892
888
890
890
896
894
898
898
896
901
897
898
903
900
905
907
904
904
908
911
909
909
912
914
915
912
917
914
916
916
922
920
923
923
923
922
926
926
929
926
927
928
930
932
933
934
934
934
940
940
937
941
940
945
946
943
945
948
950
949
949
948
952
955
956
954
953
955
958
958
962
963
960
961
963
967
964
969
970
967
969
972
973
970
971
977
973
976
978
981
980
983
982
982
986
987
984
984
988
987
989
990
993
990
996
997
998
999
995
999
1000
1001
1003
1002
1006
1004
1005
1005
1008
1007
1007
1011
1010
1012
1013
1013
1017
1019
1018
1020
1017
1023
1021
1020
1022
1024
1028
1027
1025
1026
1027
1029
1032
1031
1032
1032
1034
1037
1035
1036
1040
1041
1044
1042
1042
1042
1043
1048
1050
1048
1047
1053
1049
1054
1053
1054
1057
1054
1056
1061
1060
1060
1060
1061
1065
1064
1063
1064
1066
1070
1069
1068
1073
1070
1072
1072
1076
1077
1079
1081
1079
1081
1081
1080
1083
1084
1088
1084
1087
1090
1088
1093
1089
1094
1092
1094
1098
1094
1098
1100
1097
1099
1099
1100
1103
1104
1103
1107
1110
1110
1107
1109
1112
1115
1116
1117
1116
1116
1119
1120
1122
1120
1121
1123
1126
1126
1123
1124
1130
1128
1131
1128
1133
1132
1131
1136
1134
1136
1136
1136
1141
1139
1144
1145
1142
1142
1146
1146
1145
1149
1150
1153
1154
1153
1153
1156
1155
1157
1158
1160
1161
1159
1162
1163
1162
1162
1167
1167
1168
1167
1167
1170
1170
1172
1171
1176
1178
1179
1178
1177
1178
1183
1183
1185
1185
1187
1186
1185
1185
1191
1189
1188
1192
1192
1191
1192
1193
1194
1195
1199
1200
1203
1202
1200
1203
1205
1205
1209
1207
1211
1209
1212
1213
1212
1211
1213
1217
1215
1217
1218
1218
1219
1221
1225
1224
1224
1225
1229
1228
1227
1228
1229
1233
1235
1234
1236
1237
1235
1239
1240
1242
1239
1243
1245
1245
1243
1245
1245
1249
1247
1248
1249
1253
