3
2
4
4
6
9
7
10
11
11
11
12
14
13
19
15
18
18
19
21
22
21
22
28
28
29
30
27
30
34
32
32
34
38
38
39
39
42
42
43
43
42
42
47
46
47
46
49
52
50
55
54
53
58
57
60
56
62
61
63
60
64
63
68
64
66
67
70
73
69
75
72
73
76
75
75
77
82
82
80
80
84
86
85
86
89
87
87
91
93
95
91
93
97
96
96
100
99
101
103
101
102
106
103
107
109
108
108
111
112
115
111
115
113
117
120
120
118
119
124
122
124
124
126
128
128
128
130
133
132
132
134
134
133
138
137
136
138
140
143
143
141
142
147
146
147
151
150
153
149
150
153
157
153
155
156
161
157
162
163
160
162
167
165
167
167
166
167
169
170
170
172
173
176
176
176
179
181
183
183
185
183
184
187
184
190
186
190
193
191
191
194
197
196
199
196
196
198
199
201
203
204
205
205
205
208
208
208
211
209
212
211
213
215
217
220
220
218
221
223
221
226
224
225
224
228
229
231
228
229
233
235
236
236
237
239
240
241
239
243
240
246
247
245
247
247
250
251
249
249
252
253
257
257
255
257
258
262
260
262
261
266
267
266
269
270
270
272
271
271
272
275
277
277
277
275
278
282
280
284
281
281
286
286
284
290
286
289
290
293
292
293
296
296
296
299
296
298
302
302
302
306
305
307
306
309
306
312
311
313
314
316
314
314
318
320
316
320
319
320
325
325
323
328
326
325
331
328
331
331
331
336
336
334
337
337
338
338
340
340
343
343
345
347
347
350
348
349
352
353
352
355
355
354
359
356
361
357
360
360
364
366
365
366
368
369
368
369
373
374
371
376
374
377
377
376
376
382
381
384
380
381
385
383
385
385
391
387
390
391
394
394
395
393
396
398
399
400
402
400
402
401
407
406
408
408
408
411
408
409
413
414
413
415
414
420
421
421
419
419
424
426
425
426
427
430
426
427
429
432
434
432
437
434
435
438
437
441
443
443
440
445
447
444
446
447
447
451
452
452
451
453
452
456
458
457
457
462
460
464
465
463
462
468
466
466
466
470
470
470
475
473
473
475
477
480
480
481
478
479
484
485
485
486
486
487
490
487
490
493
493
493
492
497
494
499
498
497
502
501
503
505
506
504
504
510
510
511
508
509
513
516
515
516
514
520
521
521
523
524
523
521
525
523
524
525
528
529
533
529
531
533
537
535
539
537
541
541
541
540
542
546
545
546
549
548
551
549
549
549
554
551
557
553
555
555
557
560
559
560
560
562
566
565
568
567
569
571
571
569
575
575
574
575
578
576
580
578
578
580
584
583
584
587
586
587
590
592
590
589
595
593
597
596
597
598
597
602
600
604
603
606
604
606
608
606
608
607
613
610
612
613
613
615
614
619
618
617
623
622
625
622
625
628
626
628
628
632
628
632
634
636
635
634
635
637
638
641
640
644
641
643
642
648
647
648
646
651
650
653
654
655
657
653
654
655
660
657
662
660
660
665
663
664
669
667
669
667
668
670
675
671
674
675
674
679
679
677
683
682
683
682
685
686
685
689
691
692
692
694
695
693
692
695
695
700
701
698
701
704
702
706
706
703
704
708
709
711
712
714
712
712
717
715
717
717
717
722
719
721
725
725
727
728
726
726
729
730
731
729
732
734
732
735
736
738
737
740
740
739
741
742
744
744
745
749
749
747
749
752
752
754
752
754
754
756
757
757
761
760
763
761
764
766
767
770
768
772
770
773
772
773
772
777
779
776
776
779
779
783
785
782
784
785
788
787
787
788
788
790
794
791
797
798
795
797
798
797
803
804
802
803
805
806
809
807
807
810
811
812
810
813
815
817
815
816
820
819
822
821
823
825
823
828
827
828
826
831
832
829
830
832
836
838
839
836
837
842
842
839
845
845
842
845
849
850
846
847
851
849
852
853
856
855
855
856
859
861
862
864
863
863
867
865
866
866
869
870
868
873
872
872
877
873
874
877
876
878
878
882
880
885
885
885
884
889
891
892
890
890
892
896
896
894
899
896
899
900
900
901
902
903
902
904
907
906
909
909
913
912
913
915
914
918
919
917
919
922
919
923
925
921
925
927
927
926
929
930
933
934
934
931
935
938
935
936
940
942
943
943
945
944
946
945
948
948
947
949
948
949
955
953
954
955
957
958
959
959
959
961
963
962
965
963
966
967
970
967
970
973
975
973
974
973
976
979
977
982
983
979
983
985
987
987
988
990
990
992
991
994
994
996
996
994
996
995
1000
999
1000
1004
1004
1004
1006
1004
1004
1006
1010
1008
1011
1012
1014
1012
1017
1013
1017
1016
1020
1021
1018
1021
1025
1023
1025
1025
1028
1026
1026
1029
1030
1033
1033
1034
1032
1033
1038
1037
1038
1037
1041
1042
1043
1046
1043
1048
1046
1047
1051
1051
1051
1052
1053
1053
1055
1053
1056
1059
1058
1060
1059
1061
1065
1066
1063
1066
1066
1066
1070
1070
1071
1072
1073
1074
1073
1076
1078
1079
1081
1079
1082
1079
1082
1082
1087
1085
1088
1089
1089
1089
1090
1089
1091
1095
1095
1094
1099
1095
1096
1102
1102
1100
1103
1105
1107
1104
1104
1108
1108
1110
1113
1113
1113
1114
1114
1113
1114
1116
1117
1118
1122
1120
1123
1124
1124
1123
1129
1125
1126
1132
1133
1132
1130
1134
1136
1137
1135
1136
1140
1139
1142
1142
1140
1146
1143
1145
1148
1149
1148
1147
1152
1153
1151
1154
1153
1156
1155
1156
1157
1158
1162
1162
1165
1163
1165
1168
1165
1167
1166
1172
1173
1171
1173
1173
1177
1175
1179
1180
1177
1179
1183
1183
1181
1183
1187
1188
1184
1190
1187
1191
1190
1193
1190
1191
1195
1194
1196
1200
1197
1198
1202
1200
1205
1201
1204
1206
1208
1207
1206
1209
1209
1209
1212
1214
1215
1218
1219
1220
1220
1217
1221
1222
1220
1223
1224
1227
1225
1228
1226
1227
1232
1229
1233
1235
1235
1234
1234
1236
1236
1239
1240
1242
1240
1245
1246
1244
1247
1249
1247
1252
1249
1249
