0
1
2
4
6
5
9
7
8
11
13
16
12
17
14
20
20
18
21
19
21
21
26
23
24
30
28
30
29
29
33
36
32
35
34
35
41
42
38
41
45
41
42
45
44
47
47
49
48
49
54
55
56
53
55
57
57
60
61
62
60
63
65
63
65
68
69
68
68
71
70
73
76
76
75
75
79
79
78
82
84
83
86
84
89
87
91
87
93
94
92
96
93
98
98
100
96
102
103
101
105
104
102
103
106
109
108
107
113
114
113
114
115
116
114
116
119
119
121
122
122
126
127
124
126
126
131
130
131
131
131
133
133
133
134
139
136
142
142
143
145
141
146
147
146
149
151
150
151
152
150
152
154
153
158
155
157
157
163
160
162
165
167
163
166
168
171
168
172
169
171
172
176
175
175
175
178
180
181
183
181
184
186
187
184
189
189
192
189
191
195
195
196
198
197
197
198
198
202
204
205
203
204
205
204
209
207
210
211
213
211
214
214
217
215
218
216
222
223
219
223
221
227
225
229
230
231
231
233
229
230
236
237
235
238
240
237
237
242
241
243
244
242
244
248
245
248
248
253
253
254
251
257
258
258
255
256
259
261
259
262
261
264
267
269
266
271
267
272
269
275
275
275
274
275
277
279
279
281
279
285
286
286
284
288
289
291
292
293
289
290
295
297
295
295
299
298
300
299
300
300
301
307
304
309
306
306
310
310
310
312
315
317
313
314
316
320
321
320
324
320
322
326
326
324
328
331
331
331
331
335
332
336
337
336
336
336
338
343
344
341
343
344
343
348
345
351
347
350
350
352
352
355
358
358
358
358
359
363
364
361
361
363
363
369
367
367
371
368
373
373
373
372
378
374
378
377
382
383
381
385
383
382
385
386
387
387
387
392
390
391
394
392
397
395
399
399
399
402
399
402
401
402
404
404
407
407
411
412
411
414
415
416
417
418
418
416
421
421
419
424
424
424
425
429
428
431
427
431
430
435
435
433
437
436
439
440
439
442
439
445
443
442
446
448
450
447
447
453
449
452
452
456
453
457
460
458
460
461
460
463
466
463
464
464
470
470
470
469
473
471
476
475
477
479
475
477
481
479
480
481
482
486
485
487
485
486
492
488
492
493
494
496
495
495
500
497
497
503
504
500
503
503
504
507
508
510
510
508
513
512
514
512
516
514
518
521
518
523
519
521
521
523
523
529
525
530
530
533
534
535
534
535
533
535
537
539
542
540
542
544
545
546
544
549
546
550
551
548
552
551
553
555
558
559
557
561
559
561
559
565
566
566
568
566
566
567
571
568
571
570
576
576
574
576
577
580
579
579
579
585
581
587
588
585
588
591
588
592
592
592
591
593
593
595
598
599
597
602
602
605
603
606
606
609
608
611
609
612
614
612
611
612
617
617
616
616
622
618
623
622
625
626
628
625
626
626
629
632
633
633
631
632
635
634
636
638
641
640
640
643
645
643
645
648
645
647
648
652
653
655
651
654
656
659
656
657
661
658
661
662
665
666
666
666
667
666
670
668
671
670
671
676
677
675
678
679
678
683
681
680
685
683
686
687
686
687
691
692
693
694
696
693
697
695
696
698
699
702
702
705
704
704
704
707
708
711
709
710
712
712
711
712
716
717
719
719
722
721
723
723
722
722
723
725
729
726
729
731
732
735
735
735
734
737
739
740
742
742
741
742
744
745
747
747
746
746
749
752
750
752
756
757
755
756
758
757
761
760
760
760
761
764
766
764
769
769
768
772
770
775
775
775
776
776
779
776
780
779
782
783
783
784
783
785
786
791
792
793
789
792
792
795
794
798
800
798
800
801
803
801
801
805
803
809
809
811
809
811
813
814
815
812
818
814
817
819
822
819
819
822
824
825
823
824
826
828
832
828
834
832
832
833
834
837
835
838
841
842
840
843
843
846
846
844
846
851
851
850
849
852
853
855
858
859
855
861
861
862
859
862
866
862
868
864
866
866
867
869
873
870
871
877
878
874
875
876
877
881
879
883
883
887
886
889
886
889
887
889
893
890
893
896
894
898
895
899
902
898
902
905
906
902
908
909
908
908
910
912
913
915
914
917
915
915
915
917
920
918
919
924
922
925
926
929
925
928
929
932
930
931
935
932
933
937
939
937
939
940
940
945
943
942
946
948
945
947
952
951
954
953
954
954
956
955
959
956
959
960
964
962
963
966
964
967
970
969
969
968
970
972
976
977
978
979
976
979
977
980
982
984
981
982
984
989
985
990
987
993
989
990
994
996
994
996
1000
1000
999
1001
1003
1003
1003
1004
1004
1006
1007
1011
1012
1011
1010
1010
1013
1015
1014
1018
1019
1020
1022
1022
1019
1020
1023
1026
1026
1027
1026
1028
1029
1030
1034
1035
1033
1037
1034
1038
1039
1041
1042
1038
1040
1043
1041
1042
1045
1047
1049
1046
1048
1051
1054
1055
1052
1052
1056
1056
1055
1056
1060
1060
1063
1060
1062
1066
1067
1065
1068
1071
1069
1072
1070
1071
1073
1075
1074
1079
1077
1077
1082
1081
1080
1085
1085
1082
1084
1086
1089
1091
1087
1089
1094
1093
1095
1095
1094
1097
1098
1097
1102
1099
1099
1104
1103
1105
1107
1105
1105
1107
1112
1108
1113
1113
1112
1117
1118
1116
1116
1117
1121
1120
1124
1125
1121
1125
1126
1127
1127
1127
1128
1133
1131
1131
1132
1132
1133
1134
1137
1140
1139
1141
1139
1141
1146
1143
1145
1146
1150
1147
1149
1148
1154
1150
1153
1155
1158
1155
1156
1161
1159
1162
1160
1165
1166
1167
1166
1164
1170
1171
1171
1172
1174
1172
1173
1175
1175
1177
1180
1179
1181
1179
1181
1184
1182
1184
1183
1187
1189
1189
1190
1191
1192
1192
1194
1197
1193
1196
1196
1196
1202
1198
1201
1202
1202
1206
1205
1207
1206
1208
1209
1208
1211
1213
1213
1214
1218
1216
1216
1219
1218
1218
1223
1223
1226
1227
1225
1227
1229
1226
1230
1232
1229
1232
1235
1236
1238
1239
1238
1240
1240
1238
1239
1243
1246
1246
1246
1245
1247
1246
1251
1253
1251
