1
1
7
3
8
8
7
8
12
10
11
15
17
17
18
15
17
22
19
20
21
23
22
27
28
28
29
30
32
34
32
35
36
36
39
36
41
38
41
40
41
44
47
43
45
45
46
48
48
53
52
52
56
56
57
57
58
62
60
62
62
66
65
64
69
68
68
68
68
72
74
76
75
78
76
75
78
78
79
84
82
83
86
87
87
88
91
90
93
92
94
94
93
98
99
98
100
99
101
99
101
104
107
103
106
108
106
111
110
112
112
111
115
114
114
117
116
120
122
124
121
122
122
126
127
127
130
130
133
133
133
136
133
136
139
140
138
142
138
139
140
146
143
145
145
149
149
150
150
149
155
154
154
155
156
156
161
158
162
163
164
162
166
165
167
167
170
169
173
171
172
176
174
178
174
179
179
182
181
184
183
186
183
184
186
186
186
191
191
190
194
191
194
198
197
195
198
199
198
200
200
206
205
203
209
206
206
207
211
212
215
215
212
215
216
220
218
217
218
223
222
223
225
224
226
230
230
229
231
234
233
236
235
235
238
240
241
242
242
243
245
242
242
243
246
248
247
252
252
249
254
256
256
257
256
257
261
257
261
263
263
264
266
268
265
269
266
270
273
271
275
271
275
274
277
278
278
281
282
280
282
286
282
287
284
285
287
292
290
291
291
291
294
297
298
299
301
301
303
300
300
303
303
307
309
308
308
312
311
312
313
316
315
318
315
317
316
319
320
322
325
325
327
324
328
326
328
331
330
334
335
331
337
333
336
338
341
341
338
339
340
346
345
343
348
347
350
349
352
349
354
355
356
356
358
359
358
361
359
362
364
362
366
364
367
369
369
368
369
373
373
371
375
373
379
379
376
380
379
384
383
382
384
388
385
386
391
388
393
392
395
394
395
395
396
400
398
398
400
400
402
404
403
407
409
408
409
410
412
409
411
415
415
416
416
416
421
419
421
421
422
422
422
427
424
429
427
427
432
431
431
432
432
436
438
435
438
438
441
443
444
445
443
443
447
448
449
451
449
451
452
456
452
457
456
458
461
460
461
462
462
463
464
466
469
465
468
468
470
474
473
474
474
477
479
478
476
480
480
484
482
481
484
485
488
486
488
488
488
493
492
494
496
494
494
499
496
497
500
500
503
502
502
507
508
505
511
507
508
510
510
514
514
515
514
518
519
518
520
523
525
525
522
523
525
530
528
532
531
530
534
533
535
533
534
540
539
542
541
544
543
542
547
546
548
546
551
550
552
549
555
555
554
554
559
558
557
560
559
561
565
565
563
563
567
569
567
569
570
572
571
572
574
576
574
577
578
578
582
579
582
581
586
586
586
589
586
592
591
591
591
593
595
596
598
595
599
601
598
600
604
605
607
605
609
610
610
612
612
609
611
616
617
613
616
615
620
617
618
621
625
622
625
626
625
630
631
629
629
630
630
635
633
633
638
640
641
639
641
644
640
643
644
643
649
646
650
649
652
650
650
652
654
653
657
658
661
657
659
663
660
664
666
664
667
667
670
671
669
671
674
671
677
673
679
680
679
679
683
679
681
685
682
683
685
687
687
690
688
691
693
694
692
695
694
698
699
698
700
699
703
701
707
707
708
707
710
710
712
713
713
715
715
714
714
718
717
722
720
722
722
722
727
724
729
725
729
732
733
732
731
733
734
736
737
738
738
740
741
741
742
745
745
747
748
749
747
751
752
754
752
756
757
753
754
756
761
758
759
759
763
766
766
765
765
766
768
771
770
773
773
774
774
775
774
777
776
777
780
782
782
782
785
788
784
790
786
791
793
791
795
796
794
795
797
797
798
801
800
799
801
804
802
803
808
809
808
808
812
814
810
813
817
817
814
816
818
817
821
820
822
825
825
827
824
830
826
828
828
829
834
836
836
837
839
835
837
841
841
844
843
846
845
846
849
849
848
848
851
851
850
855
852
858
854
859
858
857
860
860
864
862
865
866
866
865
868
872
872
869
874
872
876
878
879
878
876
882
881
883
882
884
882
884
886
886
891
891
890
893
890
893
892
898
898
899
900
902
899
902
903
903
904
903
906
907
909
912
913
910
915
912
917
915
917
918
917
920
922
919
921
925
925
927
924
926
929
931
929
934
931
931
932
938
939
935
939
941
938
940
940
944
946
943
949
948
946
952
949
951
952
953
956
955
957
959
956
962
963
959
960
961
967
963
965
967
967
972
973
973
970
971
976
975
975
978
981
979
979
981
983
981
983
988
986
985
989
991
989
994
992
995
997
995
999
996
997
997
999
1004
1005
1006
1003
1004
1004
1010
1010
1007
1013
1013
1013
1015
1014
1014
1015
1020
1018
1022
1020
1019
1025
1021
1024
1023
1025
1030
1031
1029
1033
1031
1035
1034
1034
1036
1038
1036
1040
1039
1042
1040
1044
1046
1045
1045
1048
1048
1051
1049
1049
1053
1052
1055
1053
1058
1055
1060
1057
1058
1061
1062
1064
1066
1062
1065
1065
1068
1067
1070
1070
1069
1073
1076
1077
1075
1074
1077
1076
1078
1083
1083
1081
1086
1085
1086
1086
1090
1091
1092
1091
1089
1090
1096
1097
1097
1094
1099
1101
1098
1098
1100
1105
1106
1102
1104
1108
1106
1109
1109
1108
1109
1114
1113
1114
1116
1118
1118
1116
1118
1120
1122
1120
1124
1125
1127
1129
1125
1127
1128
1129
1130
1130
1135
1137
1133
1135
1136
1139
1140
1143
1144
1142
1142
1145
1148
1145
1145
1146
1151
1153
1149
1151
1153
1157
1158
1155
1155
1157
1162
1163
1161
1163
1164
1164
1168
1167
1170
1166
1170
1169
1171
1171
1175
1176
1176
1176
1179
1180
1179
1181
1183
1184
1182
1185
1183
1184
1190
1191
1188
1190
1191
1194
1191
1194
1198
1194
1199
1197
1200
1202
1201
1201
1202
1207
1206
1207
1210
1210
1211
1212
1211
1212
1212
1217
1214
1215
1219
1218
1222
1218
1220
1222
1221
1226
1228
1226
1230
1226
1227
1233
1233
1235
1231
1234
1237
1234
1235
1240
1238
1239
1239
1242
1241
1247
1246
1244
1247
1249
1251
1251
1253
