1
2
3
6
4
6
11
9
13
14
14
13
14
17
17
18
16
20
22
22
24
23
25
28
24
25
31
31
28
29
34
35
37
36
35
36
36
37
38
40
41
44
47
48
48
47
51
51
52
51
51
51
55
57
55
55
61
60
60
61
61
63
64
63
69
65
67
67
70
73
75
73
75
74
79
80
76
80
82
84
85
86
87
87
89
89
90
91
92
94
95
94
95
97
99
99
101
102
103
100
105
105
106
104
105
108
110
111
113
111
115
116
116
114
119
117
121
120
123
119
123
126
123
127
124
127
126
128
133
133
135
136
135
134
136
135
136
137
142
143
143
143
147
148
144
150
146
148
151
152
154
156
155
155
158
157
156
158
159
162
165
163
162
167
164
169
169
170
168
172
170
176
177
177
178
180
176
182
180
181
184
184
186
187
184
187
191
187
193
190
193
191
194
194
198
199
201
202
202
199
204
206
207
206
206
206
206
210
209
209
214
212
214
217
218
219
219
217
221
224
224
222
224
226
226
225
230
230
230
232
233
236
236
233
237
240
240
241
241
240
242
244
245
248
244
249
251
250
252
253
253
255
256
256
255
258
257
257
260
264
262
261
266
263
267
267
267
267
268
271
272
274
273
273
277
276
281
277
283
282
280
285
287
283
289
289
288
291
291
294
295
291
297
295
294
300
299
297
303
301
303
306
305
308
304
309
309
307
308
310
314
312
314
313
317
316
317
319
322
321
320
323
327
328
324
329
328
330
330
329
331
332
336
336
337
335
340
337
339
339
340
343
343
345
344
350
347
350
353
351
353
355
352
353
355
356
360
359
362
359
363
364
365
366
366
369
367
372
369
371
375
375
373
373
377
379
376
377
383
383
381
381
386
384
386
390
390
388
391
390
394
391
397
393
396
400
399
401
401
399
405
404
405
404
404
407
406
409
408
412
415
411
413
414
415
417
416
418
419
422
425
424
427
428
428
426
430
429
428
429
432
432
433
436
439
440
439
441
439
442
440
446
446
443
444
445
449
447
449
450
453
451
453
457
454
460
459
457
463
460
461
462
464
463
464
466
469
468
469
471
472
476
474
473
475
477
481
482
479
484
482
483
482
484
488
487
488
492
489
491
490
496
494
495
496
499
499
501
502
501
504
505
506
506
505
510
506
507
510
514
513
514
517
517
518
520
516
522
522
523
525
526
522
525
529
525
529
530
531
530
535
534
535
533
537
537
539
538
540
544
542
541
545
543
549
545
549
549
553
554
552
552
554
557
556
556
558
558
561
560
564
563
563
566
567
570
571
567
572
574
575
572
574
576
579
576
579
579
583
580
584
582
586
586
587
589
588
589
592
591
593
596
592
598
597
596
598
598
602
603
605
601
603
608
608
610
611
611
608
610
615
611
614
618
619
618
621
621
623
620
620
626
627
624
625
628
628
628
633
632
633
633
637
635
637
637
640
637
643
639
643
646
643
645
645
648
649
652
653
653
651
656
654
655
654
655
658
658
662
662
664
662
666
664
667
666
671
670
668
669
672
673
673
676
678
679
681
677
678
682
682
683
685
683
688
690
690
692
688
691
693
694
696
693
696
696
698
697
702
699
702
703
703
704
706
708
709
712
710
713
714
715
716
716
717
720
718
717
722
722
721
723
727
725
726
727
729
732
732
730
733
732
737
737
734
740
740
742
739
743
740
744
747
748
744
750
747
748
750
754
755
756
752
756
755
759
760
758
761
763
764
766
762
764
769
770
770
771
771
770
770
773
777
777
774
780
778
778
780
781
782
783
787
783
785
787
786
789
788
790
790
791
796
794
797
800
796
797
803
802
803
804
803
808
807
807
811
812
812
811
815
815
813
815
816
819
820
819
819
823
823
823
826
824
827
825
831
832
830
830
830
834
837
833
839
839
837
840
841
839
841
846
846
848
844
847
846
847
851
851
852
855
852
853
854
859
860
861
860
861
861
865
865
868
868
867
871
867
870
871
870
872
872
873
878
880
878
878
878
880
882
885
886
885
885
885
889
887
891
892
894
896
894
897
894
896
897
900
902
904
905
906
903
904
909
908
907
911
911
912
910
915
915
914
918
920
919
918
918
919
920
923
927
927
924
925
930
927
931
932
935
932
934
936
939
940
937
938
939
939
941
941
942
946
945
947
950
949
948
949
951
951
952
954
954
959
957
959
958
963
964
963
965
965
965
968
967
967
973
969
975
974
975
975
976
978
977
977
980
979
980
985
985
988
986
990
990
987
993
990
993
991
996
997
999
996
998
1001
1003
1002
1002
1004
1002
1003
1007
1006
1006
1007
1011
1013
1014
1016
1016
1018
1015
1020
1018
1017
1019
1023
1020
1022
1022
1027
1029
1026
1027
1032
1032
1031
1030
1035
1036
1038
1037
1038
1041
1042
1042
1042
1040
1045
1045
1043
1048
1048
1046
1052
1050
1054
1055
1051
1057
1057
1057
1057
1061
1061
1063
1062
1060
1062
1065
1066
1067
1067
1071
1067
1070
1070
1075
1072
1076
1076
1074
1079
1078
1081
1080
1080
1081
1086
1086
1083
1089
1088
1089
1087
1090
1093
1091
1096
1096
1093
1096
1098
1096
1100
1100
1099
1104
1105
1102
1106
1107
1106
1111
1112
1113
1112
1110
1114
1116
1114
1119
1116
1117
1120
1120
1119
1125
1121
1124
1127
1127
1126
1127
1128
1128
1134
1130
1131
1137
1135
1135
1136
1141
1138
1143
1139
1145
1143
1145
1144
1149
1147
1149
1147
1148
1154
1155
1155
1153
1156
1158
1158
1161
1162
1158
1164
1165
1164
1166
1165
1169
1166
1170
1171
1172
1174
1175
1171
1176
1178
1177
1175
1177
1180
1178
1180
1184
1183
1184
1183
1185
1187
1188
1187
1189
1192
1191
1192
1195
1196
1197
1195
1196
1201
1198
1199
1200
1203
1202
1208
1206
1205
1210
1209
1210
1209
1215
1212
1215
1218
1214
1217
1221
1220
1218
1220
1225
1225
1222
1228
1227
1229
1226
1231
1228
1230
1232
1234
1236
1236
1239
1237
1238
1241
1242
1244
1240
1242
1246
1247
1248
1249
1249
1250
1250
1254
