3
6
6
8
9
9
8
7
13
9
13
11
14
17
14
17
17
20
23
19
21
21
24
28
24
29
28
27
33
34
30
33
37
33
36
39
36
39
40
40
44
45
43
46
47
47
47
52
48
49
51
54
53
55
59
60
57
58
63
63
60
64
65
67
67
70
67
71
73
72
71
71
76
74
78
78
76
77
80
79
80
86
87
83
89
87
91
88
93
90
91
95
97
98
94
100
97
97
99
103
100
102
103
104
108
105
107
109
108
109
115
113
115
116
115
119
117
121
119
121
122
126
126
128
128
129
126
130
133
130
135
132
136
134
134
135
141
140
139
144
140
146
144
144
147
146
150
148
151
152
151
155
152
154
156
160
157
162
159
161
162
161
167
164
168
169
170
171
173
170
174
174
172
178
179
175
180
181
183
182
180
185
186
185
185
185
189
189
193
189
195
191
197
196
195
197
199
200
203
204
205
201
204
203
206
205
206
211
211
211
215
215
215
213
216
220
217
219
218
219
225
224
226
227
227
227
227
228
229
234
232
236
233
235
239
235
241
238
239
243
241
244
243
246
249
249
251
252
248
253
254
251
252
256
254
259
256
259
261
264
263
262
264
266
268
268
268
270
271
272
272
274
277
276
277
276
277
277
281
281
285
283
286
284
288
286
288
289
289
291
292
296
294
296
299
299
298
298
298
300
304
302
303
304
305
309
310
311
313
313
311
314
313
314
319
316
319
317
321
324
320
322
322
323
328
327
331
328
329
332
334
334
337
337
339
339
340
339
339
344
344
342
344
346
349
348
350
348
350
353
355
353
353
354
355
356
358
362
362
361
362
364
367
368
369
368
367
370
372
374
370
374
372
378
374
378
377
377
379
380
380
382
383
383
389
385
387
388
393
392
395
394
392
398
395
399
400
397
400
402
405
405
406
406
408
410
409
408
408
412
414
414
413
413
419
419
420
419
421
421
425
423
424
427
427
426
428
429
429
433
435
434
436
438
436
437
441
441
439
440
442
446
443
447
446
447
451
449
451
452
454
453
452
453
458
460
456
462
460
463
461
466
462
464
468
469
470
470
470
472
471
476
477
473
477
477
478
481
482
480
481
485
482
487
488
488
491
489
493
489
490
496
494
496
499
498
496
497
501
499
500
502
503
507
504
507
510
507
510
512
513
513
516
516
517
516
520
518
523
523
522
525
526
527
528
525
526
530
528
529
535
531
533
537
537
540
540
541
541
544
541
545
543
543
549
549
549
550
551
549
552
552
554
557
556
559
557
560
559
559
565
565
564
566
566
565
566
569
570
570
572
572
575
574
579
576
581
579
581
580
583
585
585
588
587
586
590
591
592
594
592
592
594
595
599
597
596
598
601
604
603
605
603
606
605
605
610
607
610
612
610
612
613
617
617
615
616
619
621
620
621
621
624
626
625
626
628
632
632
629
632
634
635
638
639
639
640
641
643
643
643
644
644
645
646
646
649
649
649
652
655
652
655
658
657
656
658
661
658
661
663
666
663
668
666
666
671
671
668
673
672
675
676
673
678
675
681
680
681
682
684
684
684
685
684
687
687
690
688
689
691
693
694
696
697
698
701
697
700
703
703
704
704
703
707
709
711
710
709
710
710
712
712
713
719
716
721
720
718
720
724
724
727
725
729
725
731
731
730
734
731
734
732
735
739
737
740
741
739
742
742
746
742
745
749
750
750
749
751
752
751
752
752
757
759
756
757
760
758
760
761
764
762
767
769
767
769
769
769
769
774
774
777
777
776
778
781
782
780
779
784
782
782
783
789
786
787
789
788
791
792
791
794
798
799
799
800
802
800
804
804
801
803
803
804
810
809
807
811
813
811
812
816
817
818
819
818
822
821
824
824
826
822
828
825
825
830
831
830
829
830
834
835
834
834
840
839
842
841
839
843
841
845
845
848
847
849
852
849
850
853
854
852
854
856
855
858
860
862
864
860
861
864
868
867
869
871
872
869
872
872
876
877
873
874
878
878
878
878
882
885
881
887
887
889
886
887
889
888
891
895
891
896
894
897
900
897
902
900
903
905
901
905
908
906
910
909
909
910
912
911
915
916
913
919
920
920
917
923
923
921
923
924
925
927
930
928
931
928
931
933
933
933
933
935
938
939
937
942
944
944
946
944
946
946
948
950
951
949
949
950
953
952
954
955
959
961
959
960
964
961
966
967
963
968
968
971
967
972
973
974
972
977
973
978
975
981
981
980
984
981
982
984
983
984
987
990
990
993
991
991
991
995
998
994
999
999
999
1003
1001
1000
1003
1004
1006
1007
1008
1007
1008
1008
1010
1015
1014
1015
1013
1016
1015
1020
1017
1020
1024
1022
1024
1026
1026
1028
1030
1031
1031
1031
1034
1031
1036
1037
1038
1038
1038
1037
1040
1040
1040
1043
1041
1043
1048
1049
1046
1046
1052
1049
1050
1054
1056
1052
1054
1059
1060
1057
1058
1063
1064
1064
1065
1063
1065
1068
1066
1068
1070
1072
1073
1075
1076
1076
1077
1076
1079
1079
1080
1078
1081
1080
1084
1087
1086
1085
1086
1088
1091
1089
1090
1093
1096
1097
1098
1096
1099
1100
1099
1099
1100
1103
1102
1107
1108
1105
1110
1110
1109
1112
1112
1110
1116
1115
1117
1115
1118
1118
1118
1122
1120
1120
1121
1122
1125
1124
1130
1126
1130
1132
1130
1132
1132
1137
1138
1139
1138
1139
1140
1141
1143
1140
1145
1143
1144
1147
1146
1150
1147
1150
1154
1153
1154
1156
1157
1156
1159
1157
1157
1160
1159
1163
1162
1165
1168
1167
1169
1166
1168
1168
1173
1175
1176
1173
1176
1175
1176
1180
1182
1179
1179
1182
1185
1185
1184
1184
1186
1189
1191
1188
1194
1190
1196
1193
1197
1197
1197
1200
1197
1199
1201
1201
1204
1202
1206
1205
1210
1210
1212
1208
1214
1210
1211
1215
1214
1219
1219
1219
1221
1218
1224
1222
1222
1225
1225
1226
1227
1229
1232
1228
1231
1232
1231
1236
1235
1234
1239
1238
1242
1239
1240
1241
1245
1247
1248
1245
1245
1248
1252
1249
1249
