2
5
7
5
6
10
8
9
9
9
11
14
14
15
14
19
21
22
18
21
21
23
27
28
27
26
28
32
33
34
33
34
33
38
36
39
38
42
43
39
45
42
47
48
49
47
49
48
53
54
51
55
54
55
58
60
59
58
61
60
65
62
64
66
67
67
70
69
72
74
70
75
73
75
74
76
80
82
81
82
85
81
86
88
85
90
89
87
90
94
90
94
97
93
95
99
101
99
101
100
100
103
107
107
107
107
111
107
113
111
113
112
116
116
116
116
120
117
121
120
121
123
123
128
124
127
131
129
133
132
131
133
133
137
139
140
139
138
141
141
145
141
144
147
146
149
146
150
151
149
155
151
153
157
156
156
159
158
163
164
165
163
162
165
164
168
167
167
169
170
174
172
175
178
174
179
181
180
183
182
180
181
184
185
188
188
187
189
189
191
193
194
197
197
194
196
198
200
201
202
200
201
205
204
205
208
211
209
213
209
211
213
217
214
218
220
218
221
220
222
225
221
225
227
227
228
231
232
228
233
232
231
236
238
238
239
238
237
239
243
240
246
243
245
246
247
250
247
251
252
255
251
252
257
254
260
261
258
259
260
264
264
266
267
267
265
269
267
272
271
271
275
277
278
275
275
279
280
282
284
281
283
287
288
285
287
290
289
290
291
294
295
295
296
298
296
297
299
299
300
302
302
304
307
307
306
309
308
312
314
311
313
314
313
315
320
317
318
322
321
323
321
325
324
327
330
329
328
328
330
335
333
335
337
339
338
337
341
342
344
345
346
344
345
347
347
348
348
352
349
350
355
352
358
359
358
361
358
363
363
364
366
364
363
364
368
366
370
372
372
375
373
372
375
378
377
378
379
379
382
385
385
386
387
388
389
390
391
392
393
390
393
393
396
395
399
398
399
401
401
403
404
403
408
408
406
407
409
409
411
411
411
417
414
419
417
416
420
419
420
424
421
423
424
429
425
428
428
433
434
433
436
434
437
435
440
441
441
442
441
444
443
447
448
448
448
450
452
451
450
454
454
454
453
458
455
459
459
460
462
462
465
464
467
468
469
468
471
470
474
474
471
475
475
474
475
481
482
479
483
481
484
482
483
484
489
487
489
491
493
492
493
497
497
497
498
500
497
501
502
503
503
503
504
506
508
507
511
509
509
515
513
516
517
519
518
517
518
519
521
523
522
524
524
528
526
530
532
529
531
534
533
532
537
539
535
540
537
543
544
541
542
542
547
547
545
547
551
549
550
550
555
555
554
554
560
557
559
563
563
560
564
563
568
569
569
570
572
573
570
572
573
576
578
579
577
581
579
583
582
583
583
587
584
587
588
586
589
589
592
594
592
597
593
594
597
600
598
598
603
602
602
604
608
607
608
611
607
609
610
613
616
612
613
616
617
617
621
620
621
622
624
625
626
625
628
631
629
631
632
632
633
632
634
638
637
641
639
640
643
645
645
647
645
646
648
648
650
651
654
653
652
652
658
655
657
658
660
660
659
663
662
662
664
665
669
666
668
672
674
670
676
677
675
674
680
681
682
682
684
685
681
682
687
686
688
687
690
688
689
694
691
696
693
694
695
700
698
699
699
701
705
706
705
706
707
709
709
710
714
714
711
716
717
714
716
718
722
720
719
720
723
723
725
724
727
729
732
732
734
732
734
732
734
736
735
740
739
742
740
742
741
747
748
749
745
749
750
751
750
750
754
754
757
758
760
757
761
759
759
762
766
766
767
765
769
766
769
768
771
770
773
772
773
779
780
779
781
782
780
781
784
785
783
789
785
786
790
792
789
793
792
793
793
795
800
796
799
800
800
803
803
803
806
809
809
810
807
809
814
810
815
817
814
818
816
817
820
822
824
820
823
825
824
828
828
830
832
832
833
832
834
835
838
839
839
838
842
842
839
842
841
844
844
849
849
848
848
848
853
850
856
855
853
858
857
859
861
859
862
862
866
865
864
865
865
871
868
869
870
871
872
873
877
879
878
880
881
879
882
881
886
884
884
886
888
887
888
890
892
890
895
895
896
898
900
899
897
902
899
901
905
904
906
905
910
907
912
913
911
915
913
914
917
914
915
920
920
921
919
922
926
925
928
927
928
928
930
929
930
935
936
932
938
934
936
941
940
940
944
943
942
946
948
949
949
951
950
948
950
951
955
954
953
958
959
961
961
959
960
961
961
965
967
969
966
969
969
971
969
972
973
972
977
979
979
977
981
981
979
983
985
987
988
984
986
991
988
993
992
994
996
997
997
999
997
1001
1000
1000
1001
1002
1003
1006
1004
1009
1005
1010
1009
1012
1009
1010
1014
1012
1013
1017
1020
1016
1019
1023
1024
1021
1024
1025
1027
1025
1028
1031
1030
1033
1030
1031
1034
1032
1033
1039
1040
1038
1039
1043
1041
1045
1042
1045
1046
1046
1050
1048
1050
1048
1053
1052
1056
1056
1056
1059
1056
1058
1058
1061
1062
1064
1062
1063
1064
1067
1065
1066
1070
1069
1074
1072
1072
1073
1074
1076
1080
1080
1082
1079
1079
1084
1081
1084
1087
1086
1089
1086
1088
1092
1092
1090
1091
1092
1093
1096
1099
1098
1099
1099
1104
1104
1103
1103
1108
1104
1109
1106
1107
1112
1109
1114
1114
1116
1118
1119
1119
1121
1118
1122
1122
1124
1123
1127
1127
1125
1129
1129
1128
1131
1130
1132
1131
1136
1137
1135
1135
1139
1140
1142
1144
1141
1141
1145
1147
1145
1147
1146
1147
1151
1152
1153
1151
1152
1156
1157
1160
1156
1160
1163
1159
1161
1166
1165
1167
1165
1167
1171
1170
1169
1170
1173
1173
1175
1173
1176
1180
1176
1179
1179
1184
1184
1181
1185
1188
1186
1189
1188
1189
1188
1193
1191
1192
1192
1193
1196
1195
1196
1198
1203
1203
1204
1201
1204
1206
1206
1210
1210
1211
1208
1211
1210
1215
1216
1216
1217
1217
1217
1220
1218
1222
1221
1225
1225
1223
1226
1227
1231
1232
1232
1234
1233
1231
1236
1235
1238
1238
1239
1239
1241
1241
1240
1241
1244
1248
1248
1245
1251
1250
1250
1252
