5
4
2
5
8
7
10
7
10
13
14
13
12
18
14
18
19
22
23
22
21
25
25
23
24
26
30
28
28
32
33
31
36
33
36
35
41
39
40
41
45
42
42
43
48
49
48
48
49
52
50
51
57
56
54
60
58
59
63
64
65
63
63
65
68
70
68
69
73
73
74
72
75
77
76
79
77
82
78
80
85
82
84
84
85
85
86
91
91
92
91
94
93
96
95
95
99
102
102
101
105
106
105
103
106
110
107
110
111
112
110
115
114
114
119
116
118
122
119
122
125
126
127
124
126
129
127
131
129
129
131
132
137
138
134
137
139
141
142
142
142
144
146
143
145
148
148
151
149
154
152
153
155
155
158
155
157
157
163
162
161
161
167
164
164
165
169
168
171
173
175
175
177
178
174
175
177
182
181
180
182
186
187
188
184
190
189
189
191
192
193
193
193
198
194
198
201
198
203
202
200
202
204
204
208
206
211
208
208
213
213
213
214
217
217
215
221
220
218
219
225
222
222
228
224
229
230
227
229
234
232
235
236
237
239
236
240
242
241
240
240
243
242
248
246
245
247
250
249
249
250
252
254
258
258
255
258
259
261
261
262
264
265
267
268
266
269
270
271
274
274
272
273
273
275
276
280
278
280
279
281
282
285
283
285
289
290
292
289
289
290
292
296
297
298
297
301
299
298
301
300
306
302
304
307
308
307
310
308
313
311
316
316
316
316
316
319
321
321
319
325
322
325
328
329
327
331
328
333
334
333
334
337
338
339
337
341
341
340
344
344
342
342
347
344
345
350
348
353
352
353
356
352
355
359
357
356
362
363
362
365
361
363
363
366
368
370
368
368
372
370
373
373
378
377
378
377
378
381
380
385
384
387
383
386
390
386
392
392
389
394
393
392
395
399
400
397
398
402
404
402
402
402
403
409
406
409
407
409
411
415
411
417
414
416
418
419
421
420
423
424
421
427
425
429
426
431
429
433
433
434
432
434
436
435
438
439
442
438
439
445
444
444
447
447
447
451
450
448
452
453
453
457
458
455
456
456
457
458
462
463
463
462
468
465
468
466
468
472
472
470
473
472
477
478
477
480
478
479
482
484
482
484
484
487
486
487
492
488
490
495
491
493
498
496
497
499
498
498
500
502
502
502
505
508
508
511
509
509
510
513
516
514
515
516
515
521
521
520
523
520
526
526
523
527
530
527
530
528
534
535
536
534
537
539
535
539
540
538
541
543
542
545
545
546
549
551
547
549
552
553
552
555
553
556
555
561
562
561
562
565
565
565
563
564
570
570
567
573
574
574
572
576
578
576
580
580
577
583
580
582
582
586
583
587
589
590
591
591
589
591
592
594
593
594
596
597
597
602
599
605
601
602
607
605
610
608
609
613
614
610
613
615
615
616
620
618
619
623
621
624
624
627
628
627
629
628
630
630
633
632
631
636
633
637
638
636
639
639
643
643
641
644
647
649
645
647
652
651
654
655
651
656
657
657
659
661
660
662
659
663
661
667
666
664
666
667
669
673
669
672
676
677
678
675
678
680
681
681
681
681
683
687
685
684
690
688
689
690
690
690
693
693
697
696
698
701
701
702
704
704
704
704
705
709
708
708
707
713
712
712
716
715
714
717
715
719
722
722
721
725
723
727
726
725
729
726
729
728
730
731
731
736
737
736
738
739
742
740
741
745
745
745
748
746
750
747
752
748
750
754
756
752
754
754
755
761
760
759
761
761
763
767
768
768
765
768
769
770
770
770
775
774
774
776
779
778
778
781
779
783
782
782
785
786
785
790
790
788
791
794
793
795
795
797
800
796
799
799
799
801
803
804
807
804
808
811
811
808
812
812
816
817
817
819
820
817
822
819
820
825
826
823
823
829
827
829
832
829
832
835
831
836
837
835
835
838
840
841
839
842
845
843
846
846
846
847
847
852
852
851
854
857
858
856
859
857
859
860
860
862
861
862
867
868
866
869
868
868
874
871
874
877
876
878
880
880
878
880
879
882
882
885
886
888
890
890
887
890
892
894
895
893
897
895
900
900
902
902
903
902
903
905
905
909
908
906
911
913
911
911
911
913
917
916
919
917
917
923
923
920
922
924
924
926
927
931
928
932
933
933
932
936
935
938
935
937
937
943
940
945
945
945
946
944
950
951
947
950
954
950
956
956
955
955
956
960
959
961
964
963
961
965
965
966
970
966
968
973
972
973
974
973
973
979
980
977
982
979
980
985
985
987
987
985
990
987
988
992
990
994
996
993
993
998
996
996
999
1000
1003
1000
1003
1006
1003
1006
1010
1007
1012
1011
1012
1015
1012
1017
1018
1016
1020
1019
1022
1019
1023
1024
1025
1022
1024
1027
1028
1029
1027
1030
1029
1032
1033
1037
1037
1034
1040
1041
1042
1038
1039
1040
1042
1046
1048
1047
1046
1051
1050
1049
1050
1055
1056
1053
1053
1055
1055
1056
1059
1061
1062
1062
1065
1063
1063
1064
1065
1067
1069
1072
1072
1070
1075
1075
1073
1077
1079
1078
1082
1079
1081
1082
1085
1086
1086
1085
1085
1086
1088
1088
1092
1090
1095
1096
1097
1098
1100
1098
1102
1100
1102
1100
1102
1106
1107
1106
1105
1111
1109
1109
1109
1114
1113
1117
1114
1117
1116
1116
1117
1120
1121
1123
1121
1126
1127
1129
1127
1131
1132
1133
1130
1131
1134
1137
1136
1135
1139
1139
1140
1141
1140
1140
1141
1146
1145
1148
1150
1148
1152
1152
1152
1152
1155
1155
1153
1156
1160
1156
1160
1158
1162
1160
1162
1164
1163
1165
1170
1167
1168
1168
1171
1170
1171
1177
1178
1175
1180
1180
1181
1179
1184
1184
1183
1183
1188
1189
1188
1186
1188
1193
1190
1195
1196
1195
1195
1199
1198
1197
1201
1198
1204
1204
1202
1202
1207
1209
1209
1209
1210
1209
1210
1212
1211
1214
1218
1219
1217
1221
1217
1220
1222
1221
1224
1227
1224
1225
1225
1227
1229
1229
1234
1233
1235
1234
1238
1239
1235
1239
1240
1242
1239
1242
1243
1244
1246
1246
1250
1249
1247
1250
1253
