3
1
3
5
4
5
9
12
8
14
15
13
17
16
18
18
20
18
18
22
23
21
27
23
26
29
31
32
28
29
33
36
35
36
37
36
38
39
39
39
43
44
43
47
47
50
47
49
50
52
50
54
52
57
54
55
59
59
60
63
62
65
63
68
67
66
70
72
71
74
73
71
74
78
79
77
76
79
79
79
83
81
85
83
88
86
90
90
91
93
95
91
97
97
96
100
100
97
101
101
100
105
102
105
109
108
106
107
109
112
113
115
112
117
114
119
120
121
119
121
121
124
122
126
124
128
130
132
129
132
130
131
134
135
138
136
137
137
142
142
140
142
143
143
149
147
150
152
149
154
150
151
154
153
159
159
160
162
159
164
162
166
167
168
166
169
166
170
170
169
171
171
175
174
178
179
177
180
183
181
184
184
184
187
187
190
190
188
191
189
193
194
193
196
198
199
196
198
201
202
204
203
206
204
204
209
209
211
212
209
213
213
213
217
217
215
218
221
221
220
222
222
226
227
224
226
228
232
229
229
234
231
232
233
234
240
238
242
243
243
243
241
242
247
246
248
250
249
248
251
254
255
254
258
256
255
261
257
258
264
264
263
266
265
265
268
269
269
270
269
270
275
274
277
276
275
281
277
278
283
285
282
286
285
287
290
288
291
293
291
295
293
292
296
295
297
301
299
302
299
301
305
304
308
308
305
306
308
309
312
314
315
313
313
317
319
316
317
320
321
323
323
325
323
327
328
328
329
328
331
334
333
335
336
334
337
337
338
339
344
345
346
347
348
348
350
351
351
351
354
353
356
353
355
355
359
361
361
361
359
363
364
366
367
365
369
370
369
372
374
375
375
375
376
376
377
377
379
383
381
382
386
386
384
387
389
389
388
388
392
391
392
396
397
398
400
399
401
401
399
401
404
407
404
404
406
406
409
408
414
413
415
417
416
414
416
419
417
423
424
425
424
425
428
427
429
428
429
433
429
435
431
432
437
434
435
441
439
442
440
445
445
446
448
445
447
451
448
450
453
450
451
455
458
455
456
457
457
459
459
464
466
462
466
465
467
468
470
472
469
470
472
474
477
479
480
476
478
482
480
480
482
486
488
488
488
489
490
488
490
491
493
497
495
496
495
496
500
500
503
505
505
506
503
504
508
507
511
512
510
511
514
515
515
515
520
519
521
523
522
523
521
526
527
528
530
531
531
532
531
531
532
534
537
538
536
541
542
542
543
543
541
544
544
549
550
551
551
548
549
552
555
555
555
559
559
559
562
560
559
562
561
562
566
565
567
567
572
568
570
573
575
573
574
574
579
578
582
581
583
585
586
586
583
589
588
586
591
592
591
593
594
596
597
599
599
596
602
600
599
602
603
606
608
609
610
609
611
608
611
611
611
615
616
619
616
620
619
623
620
622
623
623
628
625
629
631
628
631
631
633
631
636
634
635
637
639
642
643
644
644
642
647
643
645
649
647
650
650
652
654
653
653
655
659
656
657
662
659
661
665
663
663
665
666
666
666
668
671
669
674
674
676
676
679
677
679
680
682
680
682
683
687
684
689
685
690
692
690
693
691
692
692
696
698
695
698
700
699
701
704
702
705
704
707
707
708
712
712
714
710
715
714
715
714
719
721
721
723
719
720
723
725
724
728
727
731
731
733
732
732
732
733
736
737
740
736
740
741
743
740
746
744
743
748
748
751
749
750
752
751
751
754
755
754
757
756
761
758
759
761
761
762
768
766
768
768
769
773
774
771
771
776
778
779
778
776
780
782
783
784
786
782
783
784
787
788
788
789
793
792
791
792
794
799
798
797
800
800
803
800
804
803
805
805
805
808
809
808
812
811
815
814
813
818
820
820
822
822
821
822
826
823
826
828
830
829
830
833
833
830
832
837
837
835
835
837
839
839
842
845
843
846
843
844
847
849
847
848
851
853
853
857
853
855
855
856
861
859
860
860
866
863
865
869
865
870
869
868
871
875
871
877
876
874
875
878
879
878
882
880
885
886
888
886
890
886
888
893
891
895
892
894
897
895
900
897
898
903
900
904
903
904
904
905
908
907
907
912
910
910
911
915
915
914
920
920
920
922
922
921
924
924
927
929
927
930
927
929
930
934
936
937
935
938
940
941
937
939
943
941
942
942
944
944
948
946
948
948
950
954
951
957
955
958
956
957
961
961
961
961
962
962
968
965
969
969
968
971
969
971
974
974
977
977
978
977
979
978
984
984
982
983
983
986
989
991
992
990
991
994
991
996
993
995
998
996
997
1003
1001
1001
1003
1005
1005
1008
1007
1007
1010
1010
1010
1011
1011
1016
1015
1016
1017
1016
1020
1021
1023
1023
1021
1027
1027
1024
1025
1028
1031
1033
1030
1033
1032
1033
1034
1038
1035
1037
1037
1039
1041
1040
1041
1046
1043
1044
1050
1051
1051
1052
1049
1051
1055
1054
1058
1055
1057
1059
1057
1060
1061
1065
1065
1065
1067
1064
1066
1069
1069
1069
1073
1072
1073
1074
1078
1074
1075
1079
1077
1079
1082
1084
1082
1085
1085
1086
1090
1091
1091
1089
1090
1094
1091
1092
1096
1096
1095
1100
1098
1101
1100
1102
1101
1102
1107
1109
1109
1106
1110
1109
1110
1112
1114
1117
1113
1116
1120
1117
1122
1123
1123
1120
1122
1123
1128
1128
1129
1130
1130
1133
1134
1130
1136
1137
1133
1139
1136
1138
1141
1138
1144
1145
1145
1145
1143
1145
1147
1150
1148
1151
1154
1152
1152
1153
1157
1154
1156
1159
1158
1161
1161
1165
1164
1164
1165
1168
1168
1169
1171
1171
1169
1170
1174
1176
1175
1179
1177
1178
1179
1180
1179
1184
1185
1185
1186
1185
1190
1189
1190
1192
1190
1195
1194
1194
1194
1196
1200
1201
1197
1198
1204
1200
1204
1207
1203
1209
1206
1210
1212
1210
1212
1211
1214
1212
1213
1215
1219
1221
1217
1221
1222
1225
1223
1222
1223
1225
1228
1228
1230
1233
1232
1230
1231
1235
1233
1235
1235
1241
1239
1239
1243
1245
1242
1244
1243
1244
1245
1247
1252
1248
1250
