0
5
7
4
6
10
9
11
13
9
12
12
17
13
18
20
16
21
23
21
22
25
22
28
28
30
28
29
29
31
30
34
36
34
34
39
38
37
41
42
45
43
43
45
47
48
47
52
52
52
50
52
52
56
56
59
59
59
61
61
61
64
65
65
65
68
69
68
73
71
71
72
75
76
74
75
78
78
80
82
84
84
82
86
88
86
91
90
93
93
94
95
95
95
94
99
100
100
102
99
101
102
107
103
108
105
107
111
108
112
113
114
116
118
114
115
117
117
122
124
125
124
126
127
127
130
129
130
128
129
134
133
137
134
138
138
141
137
143
139
144
141
146
147
146
146
148
149
149
154
154
154
152
153
154
158
157
159
162
163
165
162
165
165
164
165
170
168
171
170
175
175
172
173
177
176
176
182
181
181
185
186
184
183
189
187
187
187
191
192
191
193
192
197
197
197
201
197
199
201
205
206
206
208
204
206
207
211
211
210
212
214
214
213
219
219
217
219
221
222
224
222
226
226
228
225
231
228
233
233
233
231
233
233
239
238
241
240
240
242
242
243
243
248
248
245
246
250
250
250
253
254
257
258
258
255
258
258
260
261
264
265
262
265
268
269
270
271
268
270
274
273
274
274
278
278
279
277
281
284
281
284
282
286
287
286
286
290
289
294
293
294
293
298
296
295
297
297
301
301
303
302
307
304
304
307
306
310
308
310
314
313
315
315
318
320
321
319
322
321
321
323
322
325
327
330
327
330
329
334
331
331
334
335
335
340
339
338
338
343
345
343
342
347
349
349
350
350
349
350
353
356
352
355
358
359
361
362
362
361
361
362
367
368
367
368
371
369
371
372
375
371
374
376
379
379
379
380
380
381
383
383
384
388
388
389
391
388
391
389
393
394
394
397
395
395
401
399
401
401
401
401
403
404
406
409
407
408
408
409
410
416
414
417
417
420
418
417
420
420
421
421
426
427
426
425
427
430
428
429
434
434
437
434
435
435
438
442
439
444
440
442
442
448
445
446
446
451
453
449
455
452
457
456
457
460
456
459
461
461
462
464
463
464
466
469
471
472
469
473
471
474
475
474
478
478
481
482
483
482
481
482
485
486
484
488
486
488
490
489
492
495
496
496
497
495
500
502
502
499
504
503
506
508
506
508
509
510
513
511
515
515
517
518
518
518
517
519
523
524
525
523
525
524
527
525
529
530
528
532
534
531
534
533
537
535
539
539
542
544
544
545
543
548
544
548
546
547
549
553
551
554
556
555
554
560
556
558
559
560
560
561
566
566
567
567
569
571
572
574
571
573
572
577
577
577
580
582
583
583
580
586
584
583
585
589
587
592
589
593
590
593
595
595
598
598
599
598
602
602
602
601
602
603
604
605
606
612
609
612
610
616
612
617
619
619
620
619
618
620
623
621
626
624
625
625
630
632
628
634
634
631
634
638
637
635
638
641
643
641
642
646
642
644
649
650
650
649
650
652
652
651
655
655
655
660
659
662
663
664
664
666
665
667
665
670
666
672
669
673
671
672
675
676
678
677
679
678
681
679
684
686
684
684
684
688
686
689
690
690
690
692
695
693
696
700
696
698
700
699
702
705
704
705
709
706
708
711
711
709
714
711
717
716
719
715
718
722
718
724
723
723
727
727
726
726
728
732
731
731
734
731
735
736
738
740
740
741
743
741
745
746
744
745
745
745
749
751
748
752
750
753
752
754
758
760
758
759
762
759
760
763
765
767
764
769
766
770
770
771
771
774
775
777
779
777
776
782
780
780
785
782
784
783
788
790
789
790
788
789
792
795
792
798
794
796
797
799
799
804
802
801
804
806
805
810
808
811
808
813
815
815
817
813
818
815
818
821
819
820
823
824
825
825
824
826
831
829
829
833
833
831
836
834
834
836
836
838
838
840
841
844
847
846
845
846
851
848
851
850
851
853
855
856
859
858
857
861
858
860
863
861
866
867
865
869
871
870
871
874
874
873
872
875
874
878
881
878
878
884
881
885
886
888
884
889
888
888
888
892
892
895
897
895
899
900
901
901
899
901
902
905
907
907
905
910
906
910
911
912
913
915
914
917
919
918
921
917
923
921
924
925
923
927
926
927
926
927
933
933
933
932
937
936
934
935
941
940
939
942
944
941
947
944
945
949
950
950
950
951
953
952
952
958
954
955
958
959
962
960
965
963
965
967
969
967
969
968
970
971
971
976
974
973
976
976
981
980
983
980
980
982
982
983
989
987
990
989
988
989
995
993
996
995
996
996
997
999
1003
1004
1000
1005
1002
1005
1004
1006
1007
1008
1012
1012
1012
1014
1013
1015
1018
1019
1017
1019
1018
1023
1024
1024
1027
1023
1029
1027
1030
1029
1031
1030
1030
1033
1034
1034
1036
1038
1038
1037
1039
1042
1043
1042
1042
1048
1045
1046
1046
1051
1048
1054
1053
1054
1057
1057
1055
1056
1058
1059
1063
1063
1061
1065
1065
1065
1068
1066
1069
1071
1073
1073
1074
1074
1072
1077
1077
1075
1080
1082
1081
1081
1081
1086
1086
1083
1088
1089
1087
1089
1090
1090
1094
1093
1092
1097
1099
1100
1097
1099
1102
1100
1105
1106
1102
1103
1106
1106
1107
1107
1109
1110
1113
1114
1115
1116
1118
1116
1121
1120
1121
1123
1122
1126
1123
1128
1125
1126
1130
1128
1131
1133
1132
1136
1137
1133
1134
1138
1137
1142
1140
1142
1145
1144
1143
1146
1148
1145
1150
1151
1153
1151
1151
1153
1153
1157
1157
1156
1158
1158
1163
1159
1161
1166
1167
1167
1166
1166
1171
1172
1171
1169
1174
1172
1173
1175
1176
1180
1179
1177
1183
1183
1183
1185
1186
1184
1187
1189
1191
1188
1189
1192
1191
1194
1197
1196
1198
1195
1197
1201
1203
1201
1204
1203
1206
1205
1206
1206
1211
1210
1209
1210
1212
1211
1212
1215
1218
1217
1219
1220
1222
1220
1220
1222
1226
1225
1228
1229
1228
1228
1231
1230
1232
1232
1233
1233
1237
1239
1238
1242
1239
1241
1245
1241
1246
1246
1246
1247
1248
1249
1253
1254
