0
2
7
5
8
10
10
7
13
9
11
15
16
15
16
20
18
18
23
24
23
21
22
23
29
26
28
30
30
34
33
35
36
35
36
39
37
39
42
41
43
41
42
44
44
46
50
50
53
52
50
51
56
58
57
55
60
60
63
60
64
62
62
63
67
66
68
70
72
70
73
72
73
77
75
77
80
79
81
80
83
85
87
88
86
87
89
89
92
93
94
93
94
97
97
100
98
101
101
99
100
105
104
103
107
110
106
108
109
109
111
116
112
118
119
119
118
118
122
123
122
121
123
128
128
129
129
131
128
134
134
132
136
138
136
139
139
137
143
140
145
144
147
143
147
147
150
148
149
152
153
156
152
154
156
156
158
160
160
159
164
161
162
163
165
166
170
172
173
169
171
171
173
177
175
179
177
181
182
180
184
182
183
187
185
187
186
192
188
192
195
194
196
196
199
195
197
199
201
201
204
206
202
206
206
210
206
210
212
214
213
216
216
216
215
220
221
218
222
220
221
222
222
228
226
226
227
231
228
230
232
234
234
237
235
240
241
238
243
242
241
244
245
247
247
246
251
252
248
252
251
252
256
258
256
260
260
261
260
263
261
266
265
265
267
270
269
270
271
273
274
272
274
275
276
278
279
278
281
282
280
286
282
284
284
285
287
288
291
292
290
295
293
297
298
296
298
298
303
301
301
304
302
303
304
306
307
307
313
310
315
315
314
316
318
318
317
318
318
321
322
324
324
327
327
325
328
332
331
329
334
335
333
336
338
340
338
338
341
344
340
344
345
345
345
346
348
348
353
349
353
356
352
358
355
357
360
358
363
364
360
362
363
365
368
368
371
370
369
371
373
375
374
377
375
376
379
382
381
382
381
385
382
383
389
388
388
390
393
394
392
396
394
395
397
397
396
401
399
403
405
402
404
406
405
405
411
408
412
412
413
415
412
413
415
419
418
418
420
419
423
425
424
427
427
427
426
431
432
432
434
434
435
435
434
437
440
439
443
440
440
441
442
448
448
449
451
448
448
449
455
454
453
454
457
460
461
460
460
459
465
465
464
466
469
470
466
470
469
472
473
473
472
478
478
480
479
481
479
479
484
485
484
487
489
487
490
490
490
492
490
494
494
493
498
496
496
498
500
501
503
505
503
503
508
510
510
511
511
513
512
513
514
516
517
520
517
519
523
522
521
526
526
527
524
526
530
532
532
531
534
533
532
536
539
537
541
540
543
541
544
541
545
548
549
546
548
550
550
549
555
551
554
555
558
555
556
560
561
562
564
566
562
563
567
570
567
568
573
569
570
573
573
573
574
580
581
581
581
582
584
586
586
587
587
586
587
590
591
594
595
591
594
595
594
598
600
599
601
603
600
602
605
605
606
606
609
607
613
610
610
614
612
616
614
618
616
622
622
623
622
623
624
627
626
627
631
632
631
630
632
634
637
637
639
637
637
639
640
642
640
644
642
648
649
645
647
647
648
654
652
654
654
653
657
656
658
660
660
659
663
661
665
665
666
665
666
671
671
671
675
676
675
674
676
678
680
677
680
683
682
683
682
686
688
690
691
690
688
689
694
692
696
698
695
696
701
698
701
700
702
706
705
704
707
707
711
708
711
714
710
714
713
717
714
718
718
718
722
719
723
722
725
723
724
726
730
730
731
733
732
732
737
734
734
740
737
741
739
743
744
741
742
745
745
749
748
749
750
753
754
753
757
758
756
760
757
760
763
760
760
765
765
767
764
765
771
769
771
774
770
772
777
777
778
775
781
780
783
780
785
784
784
788
786
785
791
788
788
790
790
793
795
793
799
800
799
799
798
803
805
801
804
805
805
807
806
811
812
814
810
816
812
814
817
816
819
821
819
821
825
826
823
823
826
829
828
831
830
834
830
836
834
837
838
837
838
837
841
839
841
844
844
845
845
848
846
848
851
850
850
853
857
853
858
855
858
862
858
863
863
862
867
868
868
868
869
870
872
871
874
873
877
874
879
880
876
879
881
882
885
882
887
885
885
890
889
890
889
893
895
895
892
897
899
900
899
898
898
899
904
901
904
906
906
909
909
909
912
914
914
913
915
916
919
917
919
922
922
922
925
923
925
928
924
928
931
930
932
934
931
935
932
935
936
940
936
937
938
940
940
942
942
944
944
946
946
952
951
953
953
954
954
954
955
958
956
957
958
961
962
964
963
966
969
968
968
970
972
973
974
974
974
978
977
977
977
981
978
983
984
981
987
988
985
987
990
988
992
993
992
996
994
998
995
996
997
999
1002
999
1000
1004
1002
1008
1005
1010
1007
1009
1010
1012
1014
1015
1016
1017
1015
1015
1019
1019
1022
1021
1020
1021
1023
1023
1028
1026
1030
1028
1033
1034
1033
1031
1035
1035
1035
1035
1036
1037
1043
1039
1043
1044
1045
1047
1048
1047
1048
1048
1048
1051
1055
1054
1053
1055
1058
1059
1057
1059
1062
1062
1064
1066
1066
1068
1064
1065
1070
1071
1070
1074
1073
1076
1075
1075
1078
1080
1078
1080
1082
1081
1085
1083
1082
1083
1088
1086
1090
1092
1088
1090
1091
1094
1093
1098
1099
1100
1099
1100
1100
1099
1100
1106
1102
1108
1105
1106
1109
1108
1112
1113
1110
1115
1112
1114
1118
1119
1118
1119
1119
1123
1123
1124
1123
1125
1129
1128
1130
1128
1131
1133
1134
1134
1136
1137
1136
1137
1138
1142
1143
1139
1145
1143
1144
1143
1149
1148
1150
1149
1150
1154
1154
1153
1154
1157
1155
1155
1156
1158
1160
1164
1161
1161
1163
1166
1164
1167
1167
1170
1170
1171
1170
1173
1174
1177
1177
1178
1179
1179
1178
1180
1183
1186
1186
1186
1185
1190
1191
1188
1191
1192
1192
1193
1196
1194
1199
1199
1197
1201
1201
1200
1202
1202
1207
1205
1204
1205
1209
1212
1211
1214
1214
1211
1213
1215
1214
1218
1220
1218
1218
1219
1221
1224
1222
1226
1226
1228
1231
1228
1228
1229
1234
1234
1237
1234
1237
1239
1240
1242
1239
1240
1243
1246
1243
1248
1249
1248
1247
1251
1248
1254
