4
2
6
5
6
5
8
8
11
10
11
16
14
17
17
18
18
21
18
22
23
26
23
24
29
30
29
31
31
33
32
34
32
35
37
37
39
39
39
43
44
42
43
48
49
50
48
51
49
52
54
51
54
57
59
55
61
61
61
64
63
63
63
67
64
69
70
67
73
74
72
72
76
78
77
78
81
79
82
80
83
82
84
87
89
87
89
92
91
92
95
95
92
94
94
96
100
98
100
99
102
105
107
106
105
109
108
109
111
113
113
116
113
113
119
115
117
117
122
123
121
121
122
126
125
127
128
131
129
130
135
131
136
134
134
137
137
140
139
140
145
142
143
145
144
149
149
147
150
154
153
156
153
154
157
158
156
160
163
162
163
161
167
164
165
168
167
168
170
173
170
173
174
176
175
179
177
179
178
184
182
186
186
183
186
189
187
191
193
194
194
196
194
195
197
200
200
199
200
201
202
206
202
203
208
210
211
212
212
214
214
215
212
218
214
217
218
217
223
223
223
222
226
228
228
225
229
228
232
231
232
236
235
238
239
238
238
240
243
239
241
241
245
244
249
247
251
250
253
254
254
251
252
258
254
260
260
261
263
261
265
265
267
263
264
266
268
269
270
273
275
276
275
277
277
280
280
280
283
283
280
281
286
287
287
290
291
289
289
289
293
291
296
294
294
297
298
297
302
301
305
304
303
304
305
307
308
311
312
309
310
313
315
317
319
316
318
320
321
322
321
323
322
326
329
328
328
332
328
330
330
331
337
338
334
337
338
341
343
343
344
346
346
347
347
347
346
348
353
349
354
351
353
358
357
356
356
360
360
359
361
366
365
364
366
365
369
371
373
373
375
371
373
378
376
378
381
377
380
380
382
382
383
385
389
386
388
387
388
389
393
394
396
398
395
395
396
400
400
399
402
405
405
403
408
406
406
410
412
411
413
414
415
416
415
415
418
421
423
424
422
424
424
424
427
426
428
428
429
429
432
434
433
435
439
435
441
438
442
442
440
444
443
445
444
445
448
448
448
454
452
456
453
453
459
455
460
461
459
460
461
466
466
465
467
468
467
467
471
469
472
472
473
477
476
479
477
482
478
480
481
485
485
487
485
488
491
491
491
494
493
494
496
494
497
500
501
499
503
504
502
502
502
503
506
505
506
512
512
512
513
511
516
516
518
519
520
518
523
522
521
523
523
524
528
527
531
527
528
530
535
533
532
537
537
536
536
537
542
542
542
545
545
544
545
549
546
547
550
554
553
554
552
558
555
556
558
562
562
563
560
563
563
563
567
568
571
567
568
574
574
572
576
575
575
580
576
582
580
580
585
586
582
585
586
590
589
588
590
593
593
593
596
595
594
599
600
599
598
603
602
603
607
607
607
609
608
608
612
611
614
616
616
615
617
616
618
617
623
623
623
626
626
627
626
629
627
630
630
633
632
636
636
636
639
638
638
640
639
639
641
641
644
647
644
648
649
650
650
649
653
655
653
656
657
658
656
661
663
662
663
664
665
665
667
669
668
668
672
672
672
672
672
676
677
679
676
682
683
681
685
684
687
684
689
690
689
687
693
694
693
695
694
696
699
695
700
699
703
699
703
705
705
707
709
707
707
711
709
712
715
716
716
715
714
716
721
719
722
721
722
721
722
726
724
726
728
729
731
734
730
731
735
734
738
739
739
739
741
741
741
746
744
746
746
746
746
749
751
754
752
756
757
753
754
758
760
758
763
759
762
763
765
765
767
765
766
770
773
773
770
773
775
776
774
776
779
781
782
782
783
781
787
788
784
786
786
788
790
789
792
792
796
795
799
799
798
800
801
802
801
801
805
807
808
810
809
810
808
814
811
812
815
813
815
818
821
820
822
822
820
822
823
828
824
826
831
832
829
834
835
835
836
837
839
838
840
839
838
840
840
843
842
845
847
849
846
850
851
852
851
851
857
858
856
857
857
862
861
864
860
865
864
864
864
868
866
869
873
874
872
872
873
873
874
877
881
880
882
882
881
886
887
884
884
890
889
888
891
889
894
891
893
895
896
900
897
897
903
904
902
905
902
907
906
907
910
911
909
914
913
911
912
916
919
915
917
919
920
919
925
923
924
926
925
925
931
930
932
930
934
935
935
935
935
935
941
937
940
940
940
944
943
946
948
948
949
950
949
954
954
952
955
953
957
956
958
962
960
959
964
963
966
967
968
969
967
968
968
973
975
972
973
975
974
975
981
981
978
981
985
982
984
985
989
987
990
989
992
993
992
991
997
997
998
998
1001
1001
1000
1001
1002
1003
1007
1006
1005
1008
1007
1010
1011
1013
1013
1014
1013
1017
1019
1019
1018
1018
1022
1020
1022
1021
1024
1028
1029
1029
1030
1028
1033
1033
1030
1036
1034
1033
1036
1037
1038
1039
1040
1043
1044
1045
1045
1046
1045
1046
1050
1050
1053
1054
1052
1052
1052
1055
1058
1057
1057
1057
1058
1063
1063
1061
1066
1063
1065
1068
1069
1067
1068
1069
1071
1076
1073
1078
1076
1078
1076
1081
1078
1082
1082
1086
1085
1084
1088
1090
1088
1090
1092
1094
1091
1092
1094
1096
1096
1097
1100
1101
1103
1101
1104
1104
1103
1108
1107
1109
1106
1109
1113
1113
1115
1114
1117
1117
1114
1116
1116
1117
1120
1120
1124
1123
1125
1127
1124
1129
1131
1129
1128
1134
1135
1133
1135
1134
1134
1139
1141
1139
1142
1142
1144
1144
1146
1145
1147
1145
1147
1147
1149
1154
1155
1154
1155
1156
1154
1157
1158
1158
1160
1162
1163
1165
1162
1165
1164
1166
1171
1171
1172
1173
1175
1174
1176
1173
1177
1180
1176
1180
1179
1180
1183
1182
1184
1186
1186
1185
1187
1187
1190
1192
1193
1192
1192
1193
1195
1196
1197
1201
1200
1204
1204
1206
1206
1205
1205
1209
1209
1212
1213
1210
1211
1213
1217
1214
1214
1217
1221
1219
1223
1219
1222
1225
1225
1225
1225
1230
1227
1228
1228
1234
1235
1235
1237
1238
1235
1240
1241
1242
1240
1244
1243
1244
1247
1248
1245
1245
1248
1251
1251
1249
