558
272
1069
614
1242
419
369
632
494
832
1068
1051
321
184
1045
380
883
205
750
505
850
1327
199
1357
455
1145
95
920
1120
669
117
1199
469
1328
267
1240
549
441
449
25
1139
1289
151
51
68
728
658
269
96
882
780
722
1029
894
580
19
557
227
474
999
402
82
695
504
797
907
9
1255
134
538
583
455
1106
365
1171
488
255
1137
823
926
1125
757
1334
1301
1009
711
947
419
1368
876
78
1297
389
628
482
355
1142
288
94
851
715
351
446
1366
203
1285
912
344
517
590
788
1287
92
310
418
172
98
23
710
439
533
362
414
459
1128
1367
456
790
58
660
1305
442
903
165
802
685
836
448
526
16
796
62
710
281
115
752
1353
427
200
1315
1270
1264
249
732
865
129
300
1209
814
833
175
1151
1151
523
620
38
1006
704
789
845
469
92
1144
576
1034
1310
1036
1275
954
928
305
507
25
1007
1294
775
9
935
336
1266
1167
1154
736
1139
58
423
605
1064
509
506
1108
138
715
634
810
535
34
511
411
1113
497
636
683
1036
21
212
1272
921
996
1074
149
925
1303
364
840
190
510
1180
782
654
133
622
196
1368
345
769
349
581
283
507
1173
1238
739
635
98
1219
194
152
1052
515
59
426
1215
139
981
78
198
788
1082
77
764
113
883
1305
1126
1145
812
1133
616
678
1131
931
329
386
231
804
778
445
1181
639
38
1368
258
720
268
1329
412
1350
32
146
210
1144
1358
921
991
24
508
951
152
1239
196
1282
257
681
65
268
591
869
477
1088
74
1097
441
190
238
1340
919
740
1036
1165
519
470
35
238
804
887
1027
514
842
1246
683
759
1238
890
495
575
1053
338
856
893
1357
980
137
349
1337
1040
927
472
527
184
905
924
601
1333
852
1069
17
546
892
908
1220
255
1065
1308
1069
56
824
1106
1227
1034
226
535
122
1205
1362
1157
1140
527
586
527
848
1035
376
1126
658
972
1025
1281
510
424
1283
171
695
819
1070
703
174
935
610
563
915
94
1294
695
591
162
61
29
941
799
370
286
1288
1080
1208
665
515
95
612
262
870
511
973
723
1212
956
856
847
695
499
1151
1132
462
687
1094
863
887
486
101
895
648
616
923
732
512
361
789
1162
18
432
779
687
27
758
1133
129
10
1103
1285
317
834
592
1139
475
336
1359
145
92
227
1322
544
237
1342
762
356
1073
168
590
1286
112
1201
1283
1088
1279
611
365
95
417
95
1222
260
787
767
1266
1204
51
981
753
1037
916
157
30
420
61
605
783
614
1115
863
298
1162
1308
651
968
1043
529
182
61
737
852
286
585
387
814
739
723
35
536
2
646
723
900
1067
739
1050
1323
75
1367
539
1210
600
393
1181
697
322
1136
1309
779
586
980
251
916
1342
417
337
719
62
867
579
955
344
661
1063
1036
480
200
980
855
1170
1137
1287
839
333
87
1101
385
176
693
893
1209
276
1000
1185
689
313
356
759
163
648
267
1023
567
436
829
418
1113
433
330
144
1064
894
742
868
1128
1318
900
900
1074
1318
276
1121
647
386
1329
1043
904
1235
711
676
1159
450
395
1365
430
971
1344
1270
291
594
279
1127
404
96
1203
361
1
1009
436
786
1231
1000
1264
91
154
1205
33
308
595
1148
1247
150
62
940
368
1211
1077
201
913
404
982
1257
316
477
1343
519
342
897
360
1031
373
932
1363
653
227
724
67
1017
403
1249
833
579
991
229
1043
131
451
1085
210
232
506
579
2
1281
1234
273
516
44
1041
423
1045
859
887
893
992
636
1208
1116
704
1306
1224
1372
833
1362
664
242
1134
1254
1051
207
374
528
1135
657
1355
639
978
708
40
857
1355
424
1329
292
898
239
619
470
10
727
1069
941
564
182
663
421
98
1249
286
25
17
739
445
13
1293
758
1360
85
1140
1372
1192
152
935
268
1184
856
341
651
1258
865
1246
14
900
117
751
1239
567
957
839
1000
1015
1250
17
32
314
908
516
1230
900
382
1094
16
224
15
1273
385
163
690
1223
1109
295
629
895
157
764
1144
1147
63
1290
750
1169
1331
613
1281
581
1022
1340
228
626
1356
868
915
1164
610
565
317
453
513
223
1311
283
1064
510
740
596
402
923
402
830
1081
402
1224
878
17
441
1024
1356
147
974
1239
998
765
1107
307
332
1209
322
321
1237
398
509
331
1205
316
452
705
566
723
1075
578
1113
463
420
1046
1200
1183
1049
709
1146
33
343
1300
585
407
1108
771
1092
121
760
249
874
370
459
234
513
700
1277
718
811
227
879
1236
553
485
66
387
524
286
1079
576
55
662
841
1308
512
1349
1191
813
699
857
96
398
579
42
489
413
589
163
36
419
1202
28
806
639
832
997
603
731
103
103
79
124
1030
604
416
909
883
682
393
404
627
976
613
400
716
392
1137
236
1373
632
632
396
844
1067
486
655
1320
772
1227
540
65
1206
996
1124
1282
403
301
125
315
250
1269
394
1332
924
351
102
988
75
342
1000
816
1362
299
77
221
301
1068
85
667
1258
915
637
206
838
898
921
372
671
798
59
376
1125
731
39
132
875
395
574
322
281
1260
732
850
1326
812
385
1117
643
371
603
1077
987
1274
999
595
297
1150
399
1290
1349
618
880
848
908
317
781
524
1297
1077
1167
1166
982
264
939
353
31
540
878
61
918
518
858
25
292
1373
1269
1022
75
1331
780
634
698
1152
1050
144
772
1079
122
209
577
191
664
251
1070
393
183
190
571
231
446
832
252
257
126
1013
280
413
933
1130
737
543
1048
1357
582
674
656
1096
832
1122
348
505
1062
927
1165
994
1282
1223
452
573
159
248
1172
1064
360
954
408
182
1280
986
1085
972
629
25
678
439
651
1095
541
181
269
140
262
24
1363
953
1344
244
590
954
690
898
772
597
144
1177
397
806
45
364
346
156
552
220
864
1221
1081
1313
189
295
965
514
807
16
311
337
875
590
1014
394
377
995
562
1272
144
682
1205
912
1146
267
405
421
1289
181
1263
638
213
1291
1259
159
952
736
241
1139
780
1168
213
1325
702
340
169
805
65
1164
511
45
652
793
228
776
715
267
952
1227
35
319
986
1131
946
1038
339
1293
489
771
273
945
1061
482
71
10
967
944
33
852
597
400
602
1300
1064
252
794
849
72
1373
1324
1113
827
220
1341
182
419
501
1139
1164
350
1063
887
927
507
1054
1067
863
747
921
453
322
805
280
1035
457
1015
1199
5
723
1362
6
745
1072
25
643
796
466
73
775
755
126
761
80
973
739
574
1180
252
695
1115
630
201
1051
519
982
289
886
1121
187
1035
119
427
43
316
1234
686
601
1134
636
77
461
1028
1192
540
221
277
374
879
466
990
950
1137
531
353
1107
1374
1337
1217
300
76
894
380
42
338
110
609
1056
1034
475
544
752
561
996
1036
79
1311
1119
620
989
1173
656
607
1274
202
1310
742
930
775
156
906
538
789
