820
664
212
469
357
188
1170
151
383
972
935
1057
270
527
768
313
332
1337
816
875
322
619
1095
123
328
439
185
700
515
1062
379
1224
94
744
780
479
520
980
518
804
679
48
1353
849
567
1064
494
1194
203
237
195
603
955
1034
390
217
602
711
894
54
245
807
752
91
187
467
13
573
295
1216
440
96
1137
342
848
416
44
989
689
1342
266
1097
804
932
267
588
371
992
835
1159
1174
834
76
94
149
652
1357
486
201
1375
629
831
520
1149
1120
56
322
99
95
772
289
1039
1095
403
1141
418
397
424
1116
250
1158
680
515
814
888
381
1135
18
944
873
186
848
1057
1203
342
601
1107
1191
968
615
904
56
1062
315
872
1240
476
1346
745
1271
1019
604
715
1049
924
8
617
1189
1078
711
101
1367
282
717
843
1217
471
744
1212
1001
595
1166
72
1306
40
646
304
527
753
998
504
633
1019
1206
968
343
1199
1326
1034
587
680
1026
297
615
1120
424
1371
991
792
56
503
106
1039
426
517
639
1122
141
466
1334
1100
464
1189
192
351
438
570
943
496
1063
525
309
1212
1355
349
239
305
154
835
887
434
1203
333
979
1148
1215
1200
1337
747
2
1124
247
497
405
366
121
36
765
1311
1333
1028
1061
253
698
833
252
1004
89
1319
114
888
886
240
1349
810
321
1034
1314
1284
545
283
332
713
150
238
128
935
354
1073
423
399
11
1077
47
425
667
915
222
220
228
204
1114
554
353
550
56
231
279
348
686
476
65
684
527
688
1337
561
1029
545
1261
622
359
706
1000
1117
537
1136
249
460
629
452
849
1027
929
1370
1104
550
1308
444
425
1083
1163
174
1044
1321
1129
393
759
367
346
592
846
1126
786
205
603
781
1067
670
433
1304
766
908
1252
857
1291
521
168
1369
1356
985
1205
818
579
529
466
86
662
110
623
19
574
695
11
529
568
19
795
234
646
291
320
333
1005
1374
582
813
1339
284
477
331
637
367
349
806
486
877
669
1312
1001
1164
883
437
115
546
266
613
1112
502
182
361
622
894
975
174
170
172
1117
10
628
438
56
320
612
860
1094
1031
1153
649
649
524
550
399
564
1256
876
677
1168
831
1132
808
122
684
766
1004
654
809
870
1066
959
301
699
994
1298
825
1121
91
1103
523
698
906
150
1130
965
624
1178
654
1006
1171
1135
1197
851
291
1157
1073
521
611
693
1015
1139
514
654
391
331
223
928
313
1169
438
503
37
460
1227
166
603
141
295
1031
731
777
563
1210
730
1264
81
922
447
772
1159
183
1006
1233
346
957
1054
733
775
14
1318
428
643
1212
974
702
470
647
1321
518
27
670
60
71
386
919
1199
655
79
474
1164
1269
261
883
708
730
1144
50
19
1188
80
164
1223
649
1374
768
873
964
214
1240
656
772
206
1157
1343
1241
851
766
439
110
358
463
557
760
765
831
392
6
663
1358
1363
95
862
653
53
1210
485
778
999
127
1222
1126
406
1105
917
766
73
831
1268
783
864
737
664
444
924
483
202
317
631
1370
88
561
983
883
1128
60
867
419
538
1260
316
130
965
282
1317
499
458
95
1281
844
497
226
1177
1262
1350
549
555
667
880
516
1239
986
168
1323
253
913
762
634
1292
433
871
604
1097
1041
160
17
966
733
582
274
243
345
1281
1243
768
958
655
1342
694
428
808
1312
47
631
589
869
1357
1266
1045
1128
1100
449
1120
130
111
1231
620
471
1059
1337
529
894
1008
1026
1209
1209
439
98
1181
474
878
1031
995
154
1274
711
567
1195
298
1050
957
414
375
153
1034
266
1205
679
314
747
927
245
803
262
74
769
71
346
696
562
116
939
1137
1020
601
1015
1258
1155
1139
316
1161
39
1258
201
341
1183
588
100
167
1048
741
568
804
972
326
616
175
117
1267
686
101
1306
576
963
844
211
484
1251
1019
663
623
709
1328
1316
1068
1168
208
707
1226
967
670
265
459
1167
251
759
240
1099
1051
1098
522
962
1321
104
1332
710
348
797
469
1337
556
345
373
702
538
439
1228
889
1093
264
1371
250
562
709
1102
806
413
876
438
655
181
583
551
195
21
984
1316
293
1181
959
1093
854
796
1365
1291
451
661
1013
825
1201
1338
392
837
560
1247
503
1348
1022
796
326
149
1062
387
26
248
298
496
1161
1338
106
1361
504
1005
513
483
347
417
882
1040
831
131
917
906
543
1338
923
989
1008
625
924
1212
458
170
556
194
249
40
591
772
371
46
1026
844
154
375
996
1192
81
1036
519
677
1152
415
578
238
1000
599
788
182
1077
561
1016
462
784
254
986
475
1371
694
963
415
1291
468
657
1033
1160
331
282
932
281
1035
63
772
444
580
13
1372
904
1375
370
40
934
295
408
911
87
494
1054
404
1189
1130
1337
824
297
1241
336
1203
1260
134
918
414
247
317
147
325
620
504
1023
389
210
565
49
522
815
231
373
583
171
141
887
1039
998
204
369
169
1244
186
14
940
126
865
435
1025
1359
990
917
213
207
196
518
685
1159
1233
1210
475
1209
1242
464
11
747
656
382
846
312
893
1023
418
868
1042
1059
44
1294
1100
243
1090
1179
277
216
1071
511
125
218
57
894
436
1064
354
1315
374
742
993
585
94
1353
164
1374
726
310
248
914
248
911
209
889
1189
1292
590
1371
966
1090
272
1243
608
1277
798
516
443
965
87
1205
470
494
979
767
833
150
275
239
200
1139
611
330
812
408
54
1077
1374
803
1194
1022
773
491
980
1083
395
821
1269
254
408
1252
445
1158
48
817
504
408
778
556
801
110
602
1073
53
427
1111
1120
22
272
1328
1321
140
777
1002
182
878
1124
1367
1013
267
87
193
528
674
336
848
60
83
898
463
651
774
144
154
742
1231
694
651
765
683
1208
835
949
432
505
358
435
473
494
1293
912
1168
118
362
725
534
268
1203
905
943
1314
597
815
760
1013
72
119
1081
1176
316
341
920
97
1307
1311
697
632
540
566
763
886
725
1123
325
450
413
968
1108
17
811
662
1366
312
989
93
141
42
1115
767
1242
110
969
249
918
442
270
1340
333
677
1239
192
448
1064
742
490
1274
352
934
138
783
178
254
131
116
272
405
621
918
1286
74
940
338
1320
927
1094
192
836
1340
1348
1262
774
293
911
62
724
1069
1201
1194
287
665
957
1035
1237
1291
125
258
731
94
692
1234
707
242
603
167
1162
343
703
469
318
1199
769
657
530
294
417
279
785
710
1199
827
1057
550
317
167
615
646
488
1082
554
1093
632
586
397
1293
934
1119
1066
223
967
1106
423
1272
305
566
1065
602
1198
1009
174
936
132
146
615
1253
938
982
1187
136
1257
879
386
1208
473
390
999
183
198
1164
796
961
903
586
538
882
550
401
922
439
95
167
82
490
1169
926
393
101
1299
51
709
1019
824
522
502
648
437
950
921
615
1285
931
47
50
461
972
1145
407
240
661
