564
920
1210
425
120
715
1275
640
228
245
878
475
829
522
923
345
291
186
1095
1071
197
964
540
1041
147
297
832
329
1181
1258
1218
248
1192
631
313
955
90
228
145
624
896
824
1127
171
910
160
841
745
937
447
519
791
816
1221
1222
361
813
994
1318
1275
709
1232
1045
49
1305
372
546
220
945
1181
1322
519
257
523
969
213
165
211
1291
519
615
342
715
864
734
292
1108
678
1307
418
381
301
516
865
333
1351
592
37
245
1068
1068
625
515
942
254
419
361
854
67
599
1222
1117
127
1215
739
692
1066
762
866
949
509
1325
1140
65
503
508
1181
1169
1321
701
634
1207
856
753
1060
477
214
707
533
1062
132
32
931
55
739
925
916
1084
563
1094
796
18
982
1084
49
695
1277
656
689
1024
90
632
951
70
398
663
1262
51
137
553
103
576
617
1329
819
293
746
26
688
1008
1057
170
275
955
461
1177
618
867
1112
283
770
313
8
867
684
710
1056
23
477
52
1302
1032
672
943
345
69
247
358
601
711
83
172
58
730
156
306
381
961
1149
1312
1112
178
104
1255
874
782
531
921
877
361
1371
1233
835
246
106
828
322
643
1130
454
420
58
1098
1014
580
477
484
912
416
1024
1091
1306
1336
1023
468
772
1308
512
924
1367
1064
1138
351
689
856
389
1188
912
349
897
1307
660
532
959
48
589
131
220
1158
1142
533
571
487
1316
1060
190
1372
1013
1140
242
1300
622
1293
569
1150
616
1370
657
811
24
992
1218
475
744
720
371
476
722
1021
1183
1013
740
91
918
1348
1207
585
709
30
1039
955
1154
257
696
753
784
371
954
295
149
485
361
1290
294
1045
1256
1167
1338
1002
873
873
1053
594
471
320
270
232
319
1172
140
992
1319
488
464
17
1130
1371
848
887
1313
854
1100
133
1049
649
369
804
436
376
183
1136
723
653
1296
998
855
1368
153
599
1064
104
171
633
1369
20
435
925
307
121
101
345
1350
709
738
891
551
1158
739
1057
881
169
705
128
1229
906
438
1256
718
457
429
195
366
373
1282
1151
516
820
187
955
861
1065
734
277
99
1011
1140
85
731
265
483
989
1325
825
760
795
1014
1003
1140
151
435
855
320
755
950
1038
454
1082
1299
271
240
1059
1157
521
862
749
1062
678
957
283
982
447
1062
1345
1333
479
60
668
292
599
221
1146
426
274
125
795
1199
1158
963
102
306
607
827
1005
1134
420
286
602
1310
1073
974
1171
1007
716
458
284
621
884
1344
292
1133
332
1198
291
928
735
781
271
167
148
531
397
1170
1143
1068
463
971
1336
606
388
1217
1021
758
161
817
6
869
1131
657
737
836
813
218
928
825
1320
829
700
1144
401
335
1239
180
858
1356
1131
1304
329
1231
1102
820
1343
803
199
589
969
1083
670
361
95
554
458
553
1006
504
580
39
1137
317
1037
1037
498
1199
589
738
774
1151
1360
412
1183
319
1341
85
1333
554
183
442
1026
622
510
1017
1234
91
1207
508
665
601
433
1122
1272
947
1160
383
818
760
467
133
1139
906
766
1247
1148
22
805
265
975
610
232
877
514
68
354
643
631
728
1233
177
579
1198
1181
1047
932
1277
407
692
717
495
717
231
527
652
165
1114
110
779
1122
580
606
1232
705
1274
1006
1222
1341
179
212
1169
286
14
610
748
1362
1166
1136
928
371
359
640
595
92
483
424
838
1213
16
1111
789
907
734
190
887
1254
1019
20
374
1127
1329
958
1135
1310
71
1266
1233
697
385
297
600
905
308
725
80
64
1168
977
629
1018
1032
886
128
42
661
1088
1082
126
163
1040
1283
192
1360
545
286
423
489
1023
962
1097
1159
884
738
1223
975
168
378
178
102
872
100
750
80
1109
589
1217
1077
999
1024
1132
541
258
364
594
1080
883
992
495
160
1332
1318
716
1001
303
1298
902
1270
47
1336
801
822
969
1002
7
1074
237
299
476
1026
1000
356
514
716
61
1182
1330
1240
709
319
423
1214
777
965
1254
1363
929
916
858
1118
611
1011
860
577
71
564
966
957
1154
88
404
722
556
430
1173
14
1012
730
512
1020
715
884
839
973
1240
1076
758
171
1239
434
374
84
677
1079
1016
1137
1338
677
431
729
1194
1275
156
785
1210
991
1064
536
598
1347
979
558
1043
932
1374
770
1354
661
1172
1320
676
1161
796
1122
1334
278
28
206
948
1338
306
981
616
1320
324
47
1335
672
866
1181
934
341
90
339
570
831
1368
319
667
285
223
812
1372
1283
192
1291
212
245
172
685
578
1330
1271
14
908
382
194
92
589
58
1124
135
772
926
481
223
261
490
1355
864
391
1218
83
234
819
488
1026
727
1351
318
793
430
863
838
6
1072
363
990
1243
245
841
851
1016
1318
344
636
483
1139
533
521
43
269
591
583
159
751
370
440
599
378
409
45
218
1356
98
847
834
1024
869
1296
357
1242
1125
61
356
221
1074
916
164
669
692
586
206
616
544
233
793
517
938
115
856
87
735
735
1266
884
916
795
1228
376
1023
275
911
413
1135
1298
1209
748
496
144
562
1090
357
505
1175
666
171
504
1260
1096
770
512
144
931
1294
527
1282
448
844
1276
425
493
1295
379
463
909
811
319
183
1200
297
1185
62
1128
288
663
649
1062
989
869
934
502
541
917
283
876
1217
688
802
1346
1172
384
68
1130
709
1156
1327
1214
949
791
112
1179
157
1243
764
727
475
1245
906
855
954
941
1210
29
379
812
1033
448
501
557
133
540
1129
638
784
173
966
1284
1375
1119
731
1175
1180
1268
1223
70
783
420
507
448
662
340
1144
23
355
1198
1039
1196
113
1374
217
1222
879
320
137
645
402
1191
1154
603
1207
575
556
1362
145
629
1250
110
631
1107
1315
271
802
102
120
533
1185
908
1209
554
1314
1103
467
692
1255
594
235
130
609
290
693
217
872
689
757
1182
631
1200
195
1364
299
108
1279
1033
1285
862
1134
1148
1366
75
131
1307
367
44
1021
1216
675
277
1026
182
249
432
1299
584
224
604
0
913
758
1362
1211
564
164
1109
103
115
1216
1158
1071
1051
700
387
6
21
1314
1217
1333
492
396
243
130
962
757
393
1012
436
456
1180
1161
270
609
164
1226
580
340
805
1307
634
158
1146
765
1228
736
49
308
1015
1267
0
626
63
81
753
606
4
386
156
370
476
1063
1306
670
1100
31
1234
1280
1190
1071
171
382
1094
1264
48
307
1182
858
675
19
363
1017
1236
584
52
448
592
595
1036
644
1314
65
534
202
83
865
81
1202
1223
870
492
869
1075
444
874
104
273
1117
314
712
479
650
1265
232
155
1128
464
833
219
933
1051
1031
179
1187
410
446
730
1226
407
1140
1139
376
577
963
1271
836
676
376
541
1041
149
45
709
518
537
784
208
822
109
321
1317
1249
240
442
481
1020
503
334
892
526
1176
78
560
152
1052
1308
1225
92
593
243
493
1179
811
818
1041
1122
894
980
1254
1030
351
941
286
137
