1182
1285
244
1219
699
1190
815
37
989
1162
733
453
549
1200
54
1350
132
1256
688
710
9
419
152
919
309
136
548
673
268
1143
992
1262
611
1245
546
1353
998
687
922
1092
442
1147
718
290
1330
961
751
145
1234
599
395
1115
1186
355
1102
75
1183
1249
582
1005
188
151
626
1201
49
91
1196
1339
145
961
415
207
90
1197
796
956
1241
273
645
366
1131
408
359
236
99
876
615
572
350
606
870
1348
30
951
381
1
119
701
112
675
190
75
122
1214
149
902
652
748
905
524
1022
887
474
28
474
491
264
547
742
1091
407
734
617
843
236
1111
57
383
954
651
540
412
1210
996
410
1309
1075
599
1106
750
523
1279
553
997
980
872
196
109
1080
559
1106
430
1190
1116
708
417
326
1064
372
1360
1039
1283
646
557
1287
1368
798
215
525
504
1072
430
1289
852
553
434
1163
639
813
261
805
277
1157
89
833
988
1098
1258
1349
7
1104
127
997
28
448
657
1291
185
1212
113
1035
45
874
1062
150
672
1135
1061
938
1016
326
450
301
998
1139
951
370
923
1213
719
1122
96
1024
915
562
229
732
1169
889
520
1197
1172
264
826
562
644
924
384
1291
393
840
176
465
76
910
971
1246
459
354
909
187
1059
1094
151
179
191
184
657
824
40
1279
583
79
1307
756
55
1145
217
801
903
1034
484
634
624
394
948
956
500
178
1190
846
162
1047
507
604
459
359
1004
375
100
160
737
760
124
843
1125
1188
1356
855
628
108
878
1005
1144
1
1224
208
640
1163
591
1065
265
1200
938
1039
47
299
850
308
404
351
90
672
67
514
1140
321
703
1171
511
982
1049
693
1069
119
91
285
92
1146
674
763
147
1137
424
866
777
390
905
392
537
1014
350
1118
420
1066
812
63
766
695
621
290
435
390
399
1139
134
37
340
1288
1304
1329
255
1260
1102
905
1057
101
999
980
22
34
177
888
670
119
353
814
548
460
1157
58
1218
977
181
755
1045
1016
414
784
29
150
666
181
964
894
390
244
512
741
782
980
696
1052
964
1324
24
1302
412
1250
359
263
793
369
1160
1331
375
490
112
688
1357
675
971
704
498
7
375
635
510
111
1305
558
1199
373
810
917
1147
707
860
1228
959
1001
140
759
1063
364
812
457
1158
526
478
1221
749
13
42
821
603
1312
750
45
1323
1332
454
1272
255
1238
932
270
1092
701
701
515
183
312
223
692
885
282
1280
517
374
422
985
1338
332
1230
688
69
653
766
922
1249
850
1265
455
73
1028
1180
1063
478
566
1060
1005
622
265
598
546
816
674
445
354
150
1289
784
319
682
166
1003
1266
986
122
787
1118
1050
1121
239
536
816
1229
541
453
449
293
1243
980
529
664
466
286
1041
854
823
867
40
551
30
424
1334
547
1340
656
674
1012
965
551
905
377
941
1333
855
1339
588
863
993
478
58
734
967
67
244
76
28
587
483
56
1210
629
680
859
209
193
999
638
927
1060
319
5
569
1307
916
586
851
323
797
204
0
1325
973
1168
1105
523
1323
883
190
749
1206
176
954
416
881
181
1251
811
54
617
951
417
712
61
162
655
673
982
32
1011
743
537
1242
499
731
782
51
875
488
10
635
733
997
142
1169
109
607
282
970
697
681
1124
986
455
157
813
1179
666
575
876
1120
981
1090
1273
1106
165
1017
953
254
814
322
1085
1169
523
571
1250
478
704
1018
716
1222
1310
1099
344
192
410
1160
1093
597
1139
974
801
747
277
523
680
1318
386
335
728
1314
1045
918
805
1090
735
19
1326
969
929
488
886
1029
659
924
384
1253
460
1101
291
1329
679
1116
1092
127
1012
1028
1363
996
1004
1089
1098
95
472
34
1217
1017
648
629
697
454
1098
905
997
443
259
120
562
1370
839
1247
720
98
1355
844
403
349
1150
875
53
1110
159
1254
728
1354
650
924
1253
579
663
1195
987
7
1319
63
1365
1089
1314
1123
1284
830
1318
1331
687
186
1085
120
542
284
1313
1111
1153
1235
823
1272
1159
149
716
333
912
1048
1251
677
700
1295
654
600
481
3
649
197
827
376
1146
106
723
9
359
55
835
537
325
1310
400
1278
351
1370
56
744
841
1073
1074
1092
1268
1134
1140
1018
888
1274
1235
927
917
1009
365
569
847
430
371
1373
268
548
925
790
1238
192
701
230
929
435
162
1326
1213
131
1086
971
1146
1223
999
1366
327
219
1288
1090
646
4
1324
1297
493
1189
1277
423
169
222
433
197
540
323
502
1248
1288
221
592
1040
977
187
26
613
1324
809
1197
1049
44
769
1106
1255
27
160
255
1116
619
232
1035
262
547
986
102
420
657
24
521
602
630
515
789
460
94
998
533
335
260
925
1372
927
863
1336
1308
857
1361
1341
1313
441
261
1021
443
367
129
251
1034
1011
852
263
334
1351
334
45
241
382
308
160
1177
572
1030
1063
1269
851
1288
1311
737
558
554
1367
879
272
92
1334
395
640
462
1085
198
368
779
765
1008
318
1295
597
484
623
1173
43
1300
1242
1181
550
444
832
500
356
878
521
159
118
175
629
830
1058
975
518
544
427
638
1038
903
712
505
1051
190
868
1358
1100
216
666
175
680
1350
535
897
509
1267
598
134
344
660
422
738
1112
782
843
316
332
1139
19
279
236
783
245
346
634
786
664
561
1118
517
661
13
529
194
916
156
755
1210
208
537
143
762
559
794
735
354
1338
226
48
1119
539
218
1070
793
853
505
525
138
848
643
623
606
464
258
714
1256
647
805
1146
166
776
724
609
466
923
1374
1088
691
468
1140
917
1099
402
565
1103
81
288
865
944
1021
630
729
564
1291
862
1047
407
1161
651
1019
1121
699
1019
924
803
38
1134
252
1100
525
744
1345
55
637
241
997
1285
1137
682
412
727
1195
1235
826
1117
1316
467
590
474
252
956
395
575
510
373
670
149
159
81
315
848
1179
923
413
1138
713
1257
807
228
673
280
968
65
721
751
538
16
485
326
1356
322
997
526
531
246
592
231
585
214
338
383
893
1286
1140
595
164
888
893
982
1087
435
591
547
1368
155
378
243
429
551
910
146
1287
271
1221
369
60
1305
1134
502
8
50
697
1070
638
173
1368
545
1120
404
536
641
560
909
341
27
1044
1225
755
1199
1290
769
1143
943
1347
1240
385
65
398
162
819
1365
1052
1179
1236
90
780
723
720
697
951
720
966
931
474
213
95
959
640
267
1218
1255
898
8
1214
296
799
202
581
193
1126
227
993
625
1086
1290
525
971
324
1324
403
757
572
1043
987
116
1253
293
459
1151
487
278
84
1174
349
429
989
151
238
73
1112
1018
244
708
783
187
848
562
677
1070
73
1169
139
804
14
736
1154
761
860
256
707
271
154
1075
656
223
353
893
828
594
378
1003
1238
46
878
1022
613
1012
572
633
68
932
841
663
452
57
553
1228
98
663
632
681
106
1317
636
1018
143
637
