412
218
346
1269
1282
174
1164
496
485
271
10
1061
456
840
1198
86
534
109
1079
1223
483
1008
279
303
823
1197
118
802
296
935
719
577
986
19
359
4
684
844
367
1243
443
989
521
373
499
1100
1329
1069
679
923
1175
1362
1112
700
1206
569
497
306
21
1295
1064
993
1266
494
875
147
660
570
922
622
1120
800
1087
574
87
946
337
1112
1317
408
1325
104
1088
883
405
190
362
262
48
675
670
1327
907
153
1144
1208
147
887
684
919
982
306
1068
1309
980
767
289
835
112
228
57
664
663
323
1227
1059
14
1321
921
408
1243
433
672
905
869
878
296
218
853
1016
522
415
402
317
160
137
1279
382
421
1254
1362
102
230
395
1132
686
450
323
211
932
1004
386
1215
159
1207
1032
1163
872
182
168
740
988
1208
1357
767
1273
218
73
250
224
1135
1053
1176
150
851
509
665
947
419
846
2
140
860
109
706
1278
919
1336
103
296
1037
719
1147
859
1204
294
269
852
978
1275
1228
1060
948
162
521
590
204
1172
870
1083
590
37
847
1057
390
1303
71
204
1286
1059
923
1216
971
328
822
1160
529
1331
85
702
1158
367
1150
609
461
946
666
153
323
28
1203
950
963
7
45
510
452
365
946
496
1065
244
1056
423
1333
992
345
349
486
332
1106
452
933
189
699
1175
928
1079
565
1082
80
693
252
12
1354
255
808
375
994
562
1227
1237
252
634
1296
871
270
432
988
769
1097
219
540
1287
513
695
826
603
785
143
835
442
775
130
414
546
812
773
700
963
1090
1357
1365
119
1180
950
959
768
791
805
809
707
1259
1261
684
91
1142
187
200
706
1152
1158
888
1110
990
1007
154
517
325
960
473
789
335
505
726
1126
1266
1153
581
218
304
277
698
244
753
1039
753
842
373
679
899
213
505
992
1372
307
1088
520
944
66
724
69
496
1227
824
1080
1363
784
198
1105
71
838
976
264
430
1318
976
1167
310
1035
17
354
1317
1135
12
427
57
211
672
1316
569
650
922
600
1
179
1349
326
971
883
294
357
565
689
810
751
1233
804
1022
499
828
322
3
539
1179
1332
804
394
1112
129
1132
251
808
1024
1337
720
713
81
679
110
635
569
414
368
925
1252
631
842
912
441
1049
726
670
66
114
44
824
241
1314
719
616
1
1233
542
514
1287
45
1137
101
952
179
1180
42
210
1091
1192
1350
501
12
557
704
6
666
898
210
429
692
787
926
823
723
811
810
14
1215
368
389
726
701
646
1268
567
227
628
244
990
1078
640
842
464
649
842
1312
1174
1156
1306
1078
773
484
978
1210
579
259
590
144
289
305
934
1114
142
860
858
614
1074
210
936
935
1026
198
215
297
770
53
1315
316
953
855
630
664
633
481
1087
728
437
575
568
897
920
268
270
1081
1186
9
491
1277
311
366
558
1146
710
0
941
227
999
858
996
746
376
1001
702
914
1289
668
445
1329
620
181
1100
926
1264
708
939
789
1252
353
445
508
402
1177
178
224
227
964
103
678
604
1359
432
30
1123
469
703
384
406
742
666
888
280
958
63
285
702
504
36
797
157
79
1000
1105
524
380
221
1173
1200
1253
885
625
221
3
1181
712
944
379
195
689
295
412
421
1345
922
600
429
14
816
1207
847
129
530
1159
436
264
1113
1076
806
843
1113
617
788
49
414
595
325
596
187
1339
1282
561
924
1046
137
191
1002
13
412
859
863
724
1093
648
34
325
788
48
337
417
487
13
167
249
194
1240
332
1287
817
271
35
954
1223
139
1320
1037
912
1071
837
1072
868
271
667
246
1358
240
720
1243
878
1205
18
578
530
285
1263
1069
709
702
506
1161
225
1149
237
403
102
938
223
1200
1245
341
379
1065
1155
1325
493
391
1076
1163
834
947
1199
1301
1077
1361
878
676
104
500
95
1179
709
798
1039
298
793
642
201
1024
203
53
791
395
174
1187
1150
593
543
864
1004
357
995
1346
556
912
246
835
1234
651
342
679
546
1327
601
1166
202
0
827
228
1315
919
1202
1350
531
1216
332
1267
227
1186
790
499
312
1293
1141
86
768
196
1004
61
908
1282
336
605
1060
300
408
6
980
867
662
644
658
660
231
864
543
1125
249
1333
1268
456
1070
499
322
144
730
691
734
1187
840
298
883
286
152
992
892
792
988
945
407
945
1132
204
1301
21
1213
686
1047
790
1175
1110
6
30
591
108
956
225
1305
544
116
137
193
78
1349
183
1218
1208
996
248
856
590
1185
394
1072
782
88
585
132
404
1363
138
913
1026
936
800
846
1050
814
63
212
1302
3
905
307
397
535
595
1023
567
567
125
1043
1223
177
1354
848
910
1147
105
30
104
625
413
930
1342
1089
453
1032
1262
917
763
482
627
1089
1115
575
420
1174
595
591
433
1332
866
1033
413
925
1097
260
738
1026
1336
1371
287
505
994
1024
1332
1244
329
1306
1026
337
864
1051
253
469
890
436
251
503
1186
393
1298
1270
416
128
1052
715
1214
152
1358
846
654
499
1080
736
996
1201
832
1042
371
764
250
855
98
1076
985
1108
970
1055
1241
879
568
1159
1344
104
1062
1052
289
571
1274
189
715
373
1085
393
540
727
561
1283
932
880
711
1369
537
746
770
1200
217
219
1349
1113
1368
304
936
605
1178
363
857
285
484
412
1239
624
783
629
323
166
177
1305
483
804
507
1308
635
1251
449
654
251
963
646
989
539
1281
135
422
422
566
1116
690
87
929
943
1083
808
368
151
1227
985
494
507
843
1025
480
716
1197
961
678
1309
1356
472
164
104
1132
26
118
372
276
63
485
768
472
96
228
533
897
905
654
1092
607
995
957
402
292
869
911
780
1081
832
201
810
1045
444
586
1105
1357
747
1019
629
1267
766
899
746
1188
167
58
954
655
6
1017
618
1161
548
1189
496
1169
409
984
881
86
1015
449
931
668
650
5
728
871
958
156
214
1263
646
7
919
197
434
189
84
128
470
28
1124
1012
1313
784
1335
532
30
1190
621
392
1099
1352
1335
682
277
548
1354
240
729
447
85
1123
455
456
786
1153
68
1104
1157
790
285
163
582
225
870
1074
768
972
298
656
1335
571
522
226
1360
487
1097
164
940
207
349
181
10
845
1104
1217
1167
865
560
1268
1233
1275
1018
1048
941
880
361
77
662
40
574
268
1287
535
1138
1311
392
976
792
109
202
1051
253
92
1221
758
352
1347
921
1260
92
1076
1321
1238
224
892
501
760
574
180
1103
114
493
13
478
1159
528
751
547
632
859
157
55
382
1078
1184
916
1139
700
1295
10
1109
522
664
1170
488
770
1075
995
1109
982
896
330
25
980
202
1279
599
443
484
305
1210
477
742
560
895
479
365
138
664
1167
401
1037
730
233
747
426
1097
1318
867
1085
286
640
815
764
165
1302
1164
485
571
579
1136
402
801
929
34
272
707
541
176
895
601
1213
1046
901
961
239
1331
785
