1259
379
413
245
723
41
525
477
326
454
1149
1355
372
598
1300
936
1237
434
926
669
711
1053
29
689
1223
85
27
182
479
217
182
1324
425
1340
1157
1125
882
86
978
502
999
971
1352
485
890
226
1206
413
1077
587
658
688
630
531
735
322
506
28
570
70
1296
926
120
533
866
371
1055
888
250
1105
792
1269
843
57
796
1281
626
792
678
239
354
886
997
428
1360
278
558
579
555
553
469
764
334
1314
1055
1347
680
734
1007
366
89
969
762
200
56
1057
188
415
86
695
1039
198
1129
482
690
760
492
390
1293
733
594
521
1186
382
89
1032
537
759
970
975
1079
681
206
1254
34
491
1190
924
646
238
718
206
154
396
363
264
22
824
9
316
777
1276
496
1294
1001
635
405
63
1124
89
38
1090
709
1348
1302
942
734
112
647
1375
749
293
767
803
1178
270
225
784
460
1323
194
224
1352
877
244
831
252
345
155
348
1
938
335
705
1348
521
984
1133
634
1056
1159
175
168
585
68
843
560
1227
459
482
240
1248
194
607
1348
116
160
947
1347
333
794
249
933
29
276
15
37
1289
261
808
697
1094
266
1360
970
263
1097
1016
600
306
127
430
624
166
1025
1290
1357
311
85
602
1343
62
777
437
608
898
756
33
1230
673
159
1126
523
1086
142
1272
334
1051
1232
213
889
452
1254
476
776
416
1013
1212
716
741
1017
576
739
1014
732
412
258
826
1238
193
515
338
435
396
584
77
871
883
225
379
14
1082
69
268
404
1069
769
785
1201
603
195
6
186
443
1034
636
1030
424
937
932
209
554
494
1365
549
703
68
603
1238
1327
844
1340
117
490
464
1125
144
796
246
744
1213
174
544
94
946
140
1159
766
1173
1292
1064
1170
762
383
84
622
1268
901
762
924
355
692
440
162
746
913
1089
975
1201
286
634
735
535
346
1023
962
1237
514
670
1203
515
53
283
368
450
279
78
234
506
440
763
572
17
1126
1268
289
383
386
7
278
1359
875
1179
1069
1368
185
37
134
873
954
898
790
572
685
1240
390
75
4
7
1356
418
1047
414
473
475
918
1022
1020
12
27
1156
218
2
106
749
401
473
1117
379
1041
90
1134
358
1123
607
762
519
136
97
1252
802
399
353
329
1065
1108
181
480
614
243
201
561
690
1149
959
1038
552
600
588
391
1371
957
520
1105
1175
82
739
663
962
927
776
1210
1175
798
945
1197
1289
716
420
202
1236
860
977
493
769
1270
19
1144
772
188
1041
1013
116
1073
153
1209
882
448
974
1074
667
168
177
1153
411
1062
498
972
218
545
818
249
1332
295
365
1288
991
1319
768
1299
394
996
1237
549
772
769
659
1004
471
830
176
681
432
110
56
44
520
182
729
1154
1276
776
758
1144
461
343
109
1220
458
345
4
843
440
421
1115
442
94
927
361
181
902
344
712
902
1071
1213
66
856
181
138
780
125
316
1083
642
1131
1267
882
1367
993
466
384
626
65
554
331
79
1063
518
1223
889
119
866
247
551
563
714
1037
482
1353
1269
1293
1016
674
92
875
205
679
358
518
349
963
504
968
319
962
326
1203
454
461
1356
334
1191
450
863
896
89
815
1259
1280
155
513
839
927
154
1247
349
1036
1138
687
666
119
661
1197
1307
451
345
105
435
700
1046
675
1370
824
273
782
935
701
922
1257
1153
499
89
1363
1204
77
613
179
825
1164
360
852
200
146
712
156
143
1192
1101
999
108
1151
191
397
1217
288
1073
933
119
1349
607
976
157
430
1371
1273
277
561
752
353
1174
600
939
717
465
777
471
1067
810
966
676
363
191
647
1359
48
91
608
1259
1029
372
947
250
1112
388
607
673
1002
640
1034
916
121
884
542
687
145
885
340
296
1060
442
1333
934
416
166
401
1290
335
766
93
752
962
183
869
557
690
995
847
788
869
681
18
378
1303
859
1349
120
735
548
1129
683
79
177
109
1157
1079
850
275
569
91
388
1203
624
413
1334
315
1223
387
1298
1166
1315
826
1027
451
773
45
1281
177
1151
1188
796
1370
809
543
513
615
1337
286
173
1275
771
1073
588
546
1022
865
43
1237
1359
54
520
735
445
267
403
257
295
872
147
798
377
1260
658
1324
515
1278
198
385
415
1286
105
1231
1214
583
716
455
559
613
395
932
1266
838
1368
1180
1011
767
1157
827
1130
1185
501
979
1364
1062
799
569
372
1063
120
200
758
1273
1206
892
508
354
494
46
638
851
286
1037
1147
90
729
324
572
1250
506
835
1311
814
747
645
321
1194
484
594
1311
438
670
1346
1099
453
91
164
196
1049
93
776
1288
1257
586
484
1025
977
196
359
200
871
12
871
423
746
1122
1048
703
827
863
515
1206
936
314
1243
1159
1270
817
1043
886
210
716
492
1124
106
949
888
1364
194
562
63
1014
838
529
1332
742
1149
600
675
1156
117
790
217
1098
1266
1279
481
725
1251
693
216
376
10
648
1187
638
724
441
468
169
289
305
227
1072
185
1010
842
515
767
134
1035
1134
474
448
829
431
793
134
154
650
1128
162
27
466
99
1247
939
1258
1050
1038
259
1065
1147
1284
80
502
880
66
499
173
1011
441
935
45
971
455
681
1094
459
463
409
295
418
419
886
2
241
702
769
1012
293
886
263
975
199
146
1252
844
692
1020
1040
503
862
1275
885
580
160
510
900
412
918
887
1274
413
282
819
1175
1062
54
612
1011
365
525
301
63
159
1335
1050
1251
729
715
990
262
199
262
492
730
842
1016
16
1090
961
1325
1035
273
437
1135
354
472
1287
154
382
52
365
223
1050
555
98
290
869
924
241
157
1306
1082
449
908
1007
519
387
883
254
37
161
1308
782
975
1095
74
1329
1055
31
1230
329
610
314
888
1052
636
127
529
381
584
1289
874
742
671
382
768
295
421
141
250
812
641
1117
417
1043
1245
1123
1112
801
559
814
186
1111
1132
617
338
275
504
1026
119
734
124
1039
701
128
1209
1150
893
849
324
781
744
178
108
826
998
557
622
47
159
401
1040
648
4
749
1323
468
699
205
239
761
706
635
916
139
918
888
175
477
374
605
464
203
111
857
1217
324
1133
203
1269
557
504
372
1294
1375
992
1297
286
1309
285
431
38
149
1051
1209
1149
458
945
909
1341
225
625
464
344
1021
573
928
85
606
1010
1309
170
871
393
904
31
492
550
4
1092
89
962
955
442
1025
549
1335
1119
905
710
1343
408
1204
266
1044
783
862
531
327
1131
1262
1323
1085
695
258
177
92
99
1112
101
174
640
191
835
1025
1314
879
1234
273
826
386
391
1078
283
1082
450
1346
8
805
614
1021
127
580
1232
420
1169
574
439
77
1214
179
463
728
383
205
231
660
1370
112
481
829
670
1294
9
702
1227
146
317
132
395
1139
1340
213
138
1003
1263
1105
878
524
1205
1327
76
29
980
1030
485
239
38
410
1274
1331
165
1115
