298
423
105
757
1264
1009
1348
1217
1297
988
1180
505
120
1143
230
1264
439
785
423
136
328
964
744
222
438
540
548
641
768
964
496
96
596
485
1373
605
228
634
990
170
911
999
1123
187
858
902
82
356
603
385
405
178
71
68
1239
334
1075
396
672
16
578
761
1326
562
1153
1191
1076
561
1216
79
567
828
1203
736
477
1021
1141
837
769
1324
878
1212
629
584
838
924
477
371
168
751
232
831
355
818
1034
1246
661
967
63
298
413
1214
821
759
883
1326
771
1077
296
66
438
422
6
420
1165
188
1162
289
292
1188
1168
328
833
1160
1033
727
458
436
261
410
628
263
267
630
1136
661
84
322
185
958
795
1356
75
626
209
304
557
900
1256
663
656
88
29
1140
145
370
89
264
51
33
406
526
286
368
954
676
846
1319
1361
248
1274
19
1308
732
133
1123
348
359
866
1156
1230
1231
372
1034
1252
1109
26
1202
810
1033
302
1243
854
989
463
355
732
777
724
364
280
1189
421
460
113
1052
887
871
902
1117
8
162
151
1342
654
53
592
952
914
86
1123
272
88
681
1297
782
749
837
1323
131
1178
106
87
250
188
893
714
1064
1094
84
1274
132
387
879
936
883
836
253
581
761
739
549
1001
1323
106
1130
102
297
1191
615
1069
254
178
892
929
360
747
522
939
1078
1098
206
59
586
473
212
619
434
221
614
432
575
278
582
371
770
1332
552
12
886
662
486
450
406
1057
920
1214
1173
402
392
119
65
238
211
1243
940
891
48
878
700
594
597
1124
278
525
1135
430
169
444
964
840
820
352
258
489
1221
1152
290
908
1267
1026
519
1
222
544
953
1087
61
70
983
316
1097
792
751
942
362
568
907
413
501
838
265
109
192
457
379
666
204
949
60
917
849
43
583
349
220
890
391
780
438
354
1196
1075
649
822
436
19
131
282
58
1119
483
232
1265
246
819
2
323
274
1259
789
1015
519
108
1316
1066
482
26
896
330
1218
415
891
807
798
627
1351
379
1128
1225
877
154
334
564
1086
711
1269
1374
390
649
24
195
524
1124
802
290
104
309
898
516
865
313
1222
54
1062
453
898
1119
204
603
307
287
926
205
785
1153
171
895
490
1087
225
869
404
30
1056
486
844
623
940
449
1041
1279
857
255
452
164
711
1033
1331
948
1312
122
772
1079
144
703
81
139
95
1143
431
511
324
692
1154
692
1101
624
1120
783
251
1141
948
811
371
44
628
56
1190
1262
189
1088
7
790
481
674
14
1081
778
798
1262
725
1348
1126
67
16
992
180
450
529
686
49
387
95
752
1047
1278
911
1226
808
1358
104
91
534
0
939
391
372
18
642
42
715
488
1163
1132
1357
504
211
910
739
615
1312
184
892
503
60
142
1104
736
1148
1085
230
655
562
437
927
39
1006
1176
840
13
662
894
925
766
318
910
299
1044
381
551
803
300
673
715
335
417
168
1355
343
812
528
863
727
565
904
549
592
352
935
736
480
714
938
200
540
1155
634
700
719
517
765
387
874
597
219
1113
429
1373
342
313
622
184
298
1272
633
432
768
1186
317
1354
21
442
17
196
1092
81
1125
568
446
431
1011
194
729
195
779
756
1166
773
672
717
282
770
1346
373
607
25
1367
1337
972
980
910
387
124
727
1152
161
122
210
794
632
81
1233
253
221
457
207
1334
621
200
93
649
1052
639
416
222
1350
1244
1
772
1140
251
503
1300
194
661
599
926
771
380
600
696
450
726
1335
491
187
461
352
754
633
158
831
403
759
331
499
1341
297
1363
769
1266
514
197
30
198
599
198
928
626
605
289
987
431
411
406
1112
828
439
91
958
426
518
839
1032
275
244
945
969
674
148
1334
154
1312
1168
713
153
39
22
1131
289
334
1052
262
238
1097
803
655
543
227
661
1221
696
764
627
736
984
458
773
1374
552
1043
1118
190
650
366
739
606
437
62
397
489
725
684
307
1094
850
28
1022
556
336
388
755
1230
636
594
469
1058
773
65
340
164
349
562
315
349
774
233
910
992
520
1373
453
828
614
465
292
663
1196
217
1340
1262
465
86
589
576
1358
802
1097
506
854
919
342
115
1331
948
819
983
841
1017
302
164
699
1374
1131
646
518
1366
666
13
725
766
80
635
973
1029
1273
982
1082
1025
980
25
630
51
1173
255
543
871
865
489
195
435
803
1109
1296
1278
928
1206
710
494
937
176
975
824
163
728
1107
803
297
1337
809
807
601
91
572
96
1265
1036
576
528
1035
864
69
971
1004
546
371
681
1182
643
10
519
313
386
1279
1092
822
390
356
1077
252
529
337
953
323
114
154
648
1205
265
721
1288
1119
653
268
1027
533
1287
469
697
618
1255
1175
910
693
1289
306
146
681
501
772
471
324
607
844
508
194
1124
140
275
803
283
938
1277
805
1229
507
511
190
350
638
1010
1270
862
1334
628
326
531
982
527
1232
1271
166
461
532
505
588
0
842
169
1124
179
787
316
133
693
542
404
537
931
170
265
123
1115
0
1279
1078
853
1083
384
703
1219
1050
488
866
686
911
870
60
873
1159
333
828
67
383
79
111
163
61
641
917
433
1096
1297
525
286
1059
1065
657
1114
1132
741
1375
670
1275
1039
1007
366
954
51
898
394
688
540
163
588
1189
623
128
1346
1040
1295
203
857
793
1186
687
912
1246
1359
660
1104
701
745
1089
241
143
901
1262
806
403
891
1356
1232
1018
931
551
966
733
1291
967
1361
885
341
364
978
1026
1274
1200
196
116
119
516
1007
840
564
598
1205
888
79
1293
372
816
1100
945
755
1353
14
450
471
712
144
676
981
184
238
1180
1232
909
592
1207
153
1033
189
1071
958
452
918
1210
733
529
610
1101
660
615
667
302
92
1237
1119
995
1342
592
1231
911
1329
1142
436
1094
693
1292
969
822
244
797
1362
159
200
819
209
377
863
821
1121
1328
378
957
101
736
703
947
72
731
2
66
1094
725
283
1218
1105
823
153
638
309
1226
105
629
949
207
1157
775
1366
476
1292
1102
509
425
1277
670
456
248
159
1004
791
981
395
1204
517
724
1010
572
1016
74
16
601
1096
650
680
269
153
480
456
376
507
1375
1338
724
600
760
973
1298
41
107
639
848
1044
256
380
1221
266
756
944
411
1332
255
58
137
296
1219
854
706
1294
1201
733
1203
681
639
430
116
1010
636
1033
1345
1043
1105
87
1284
232
269
23
1177
658
175
1350
510
450
720
532
1364
705
635
549
178
737
898
559
1073
613
155
649
1144
1070
1142
17
427
1055
2
149
242
1004
903
291
1068
839
918
382
1035
521
27
955
840
620
619
889
3
574
96
430
93
353
1336
686
987
255
160
189
606
307
250
445
236
448
882
797
475
1008
1289
713
933
263
910
382
331
1051
696
531
1372
790
177
410
108
1200
108
1077
873
