75
1194
424
409
350
370
1055
263
718
686
1189
1329
285
504
1186
293
1125
834
121
155
128
377
385
1268
1055
460
685
935
953
1239
864
514
956
903
303
863
1211
680
1233
660
346
929
44
792
974
939
1217
502
623
893
941
1298
255
215
252
583
234
471
936
775
284
551
1291
484
847
354
723
488
632
1069
605
968
832
264
1190
1126
1219
786
789
470
221
1250
591
336
601
922
956
1226
1132
884
444
40
635
1011
983
1028
979
19
281
337
348
963
488
767
238
812
1093
367
270
1057
608
470
764
5
774
1295
456
1217
288
121
973
841
924
1081
611
457
1174
219
103
1189
141
1149
972
1110
210
36
310
958
552
259
1014
958
479
1240
609
907
1310
1033
1340
583
702
808
172
1030
28
1244
13
890
1025
1154
94
308
217
264
647
729
131
32
366
1263
1028
433
708
162
1
547
94
136
1010
506
768
1095
339
201
164
732
461
283
1213
1047
426
877
347
633
109
640
1179
1323
518
1343
360
771
954
112
119
285
246
603
821
893
996
1153
306
581
554
1003
1218
806
573
1157
1135
323
338
812
515
1087
1154
948
577
496
935
482
36
822
646
1140
39
1332
369
693
1152
231
1012
1209
835
80
24
769
1021
1030
1290
1034
307
22
197
1137
1363
135
584
489
189
445
541
767
927
159
647
718
489
1067
800
400
1296
1217
1235
819
803
312
166
599
882
524
564
950
1090
904
115
216
462
168
1172
686
1185
91
221
1052
1184
13
440
44
453
166
403
799
435
1062
939
670
365
490
1241
1208
221
533
46
65
28
185
1170
620
1260
1333
1023
1151
734
707
179
714
354
449
1212
127
1094
850
868
373
882
754
524
1095
545
1005
503
1180
13
472
1317
798
416
711
852
420
252
1091
593
509
704
839
157
1112
1322
28
427
68
352
872
121
1059
575
34
1025
932
671
767
620
93
1171
217
99
802
354
195
139
348
258
292
1238
1031
5
949
1250
1259
100
210
284
939
84
959
1206
68
1140
196
390
1267
418
702
1302
734
507
85
938
790
1075
1162
607
559
1038
1035
186
287
1230
668
834
492
194
946
1098
344
493
53
37
1278
147
1231
735
849
577
31
1310
1194
728
506
932
936
1104
1345
828
1232
534
486
237
1146
62
267
854
804
813
331
654
813
1306
516
1074
418
673
1149
1079
341
1270
643
475
157
557
1023
671
713
676
1055
785
959
1027
342
782
655
1305
1337
348
1300
1043
84
466
528
571
1343
231
771
1107
121
927
727
1059
1133
816
919
1098
12
1088
725
255
720
878
590
1282
7
710
237
376
610
120
643
333
1083
588
1362
25
298
815
743
757
221
1254
719
71
1044
1335
1292
323
743
971
1258
1284
394
1006
306
320
262
262
704
503
988
854
1223
482
1214
222
753
1105
368
749
787
197
352
1372
620
1202
135
1319
370
693
965
266
925
1375
386
137
86
982
865
288
595
1194
1068
769
209
417
57
887
976
89
259
1337
503
1202
1037
848
1046
770
1041
257
1137
642
874
726
412
719
1220
329
1295
906
690
1275
54
308
728
393
638
1312
1339
1252
993
832
28
1052
767
827
1069
1214
925
307
523
935
1306
1069
991
1297
579
435
655
131
965
748
399
611
561
454
486
61
59
345
1374
1267
303
826
846
727
756
813
486
678
354
971
953
358
521
166
452
302
1241
985
405
1066
706
663
949
1304
442
497
34
110
1046
607
578
248
432
710
588
29
13
669
994
107
647
25
942
1244
560
307
663
901
302
1065
780
748
646
724
1263
511
629
604
199
562
719
845
1308
147
322
222
611
602
176
32
349
784
1130
53
171
981
582
499
231
88
615
563
64
34
346
755
299
1223
40
299
1017
857
109
1045
1097
1323
1183
589
991
554
773
210
64
967
846
996
97
516
1143
1200
280
516
232
13
866
791
714
48
398
957
143
998
744
317
109
200
853
781
418
386
1252
1061
184
958
1288
688
831
672
1158
142
177
740
658
1345
940
201
273
551
1287
776
1071
158
964
411
692
264
1097
1174
874
971
323
1231
458
285
1077
120
602
1308
1184
11
342
741
499
1166
1150
1173
646
1361
918
249
1146
222
1153
363
450
1136
1355
144
1201
785
288
57
842
1063
843
617
1090
335
1219
502
1152
1130
429
177
1106
274
349
5
156
28
953
723
179
578
69
570
1217
506
408
1125
260
513
695
1041
636
651
912
671
585
664
288
437
189
875
1374
345
406
404
706
1297
437
1343
1156
927
1257
324
1328
990
317
1158
1286
1270
571
716
216
817
810
237
995
372
400
533
1219
12
914
530
1278
669
1122
694
976
975
800
1121
742
22
119
873
1226
1150
952
866
100
580
750
139
788
384
1032
431
215
91
1097
913
970
577
1324
366
140
1201
326
218
427
345
570
48
990
966
1162
359
268
1202
473
914
1166
372
731
678
146
842
1215
358
1302
1008
987
1097
887
32
1264
440
257
1142
1257
1167
1274
466
997
526
1340
265
346
148
1162
513
484
1036
785
937
1375
896
862
1056
702
41
1176
927
94
90
957
670
1316
249
271
249
1187
208
540
1372
705
982
683
518
485
579
1352
858
861
857
854
1069
461
99
14
4
520
81
1355
1282
1371
299
321
571
267
710
674
986
1140
989
913
750
159
784
710
865
485
395
436
884
91
288
921
1260
1115
977
1131
1099
1081
850
471
1066
1321
811
686
405
950
179
811
651
757
325
439
219
593
1079
1319
439
1216
1125
376
1212
458
1358
1315
931
41
288
110
686
441
996
31
584
515
1016
666
1244
88
1179
766
664
395
728
258
180
1054
815
1071
1370
425
1044
429
953
529
499
309
228
679
302
1100
198
1162
6
899
349
785
768
988
920
277
175
831
728
1235
1284
390
230
724
829
219
933
873
227
90
348
194
456
1254
1205
1282
938
297
21
226
1148
605
295
1346
342
674
956
1226
170
12
848
521
677
741
988
730
460
1124
176
838
499
156
969
917
589
841
754
628
462
1255
886
158
1
126
721
1049
593
101
88
651
1087
800
1329
21
304
369
158
676
316
522
95
1030
254
775
1126
946
886
126
1068
936
152
303
1351
356
1198
495
358
804
448
98
1145
134
736
1104
1333
471
553
220
820
730
795
539
835
655
576
193
787
1092
154
786
392
42
479
220
608
426
406
891
1113
768
833
515
474
61
691
603
1063
13
1099
694
1142
942
517
909
227
301
72
910
1152
1262
408
366
562
820
208
269
36
49
995
747
614
1082
519
381
1324
102
1063
267
686
1101
585
877
1117
366
266
92
673
1303
1033
1191
1292
542
570
314
874
1045
1366
730
328
764
836
1067
933
606
233
729
1328
1274
987
37
1098
1006
927
1061
952
1078
1215
363
284
1011
747
536
1256
778
608
279
436
1254
1368
1248
1335
1039
559
197
762
551
227
736
1289
868
555
239
235
994
128
1075
81
692
119
397
628
