444
865
324
684
646
1092
1142
921
816
1341
233
433
1375
899
957
404
1270
928
1086
1264
922
167
1229
388
589
1074
67
933
819
22
1281
867
435
918
828
514
479
193
250
1136
261
434
437
789
1313
1278
1094
334
806
330
360
1133
1336
185
713
153
425
622
1050
610
1057
1060
1132
952
143
1066
322
680
126
441
790
1307
873
921
171
1180
1056
987
517
704
403
246
1285
1108
617
651
901
1278
785
852
110
714
303
810
309
459
648
1239
757
527
964
1018
498
694
815
1341
870
1007
989
950
55
408
1080
921
2
1088
437
773
243
401
580
1192
1205
1074
637
759
859
100
1161
338
1300
750
400
681
850
582
1335
952
398
1090
1039
81
901
956
640
1228
1154
1063
1103
1032
903
176
1243
1244
1266
606
1127
773
446
172
1026
985
254
74
927
165
1264
1346
742
1176
923
275
404
500
128
703
493
781
978
1001
1284
1253
114
1102
801
228
1020
754
1004
1317
357
658
536
1323
78
1013
674
1359
34
1042
612
1008
504
208
70
509
452
1265
1125
74
24
908
289
645
257
923
952
596
329
792
1104
934
282
577
591
100
272
542
1155
698
390
999
420
739
1300
451
125
157
1370
309
557
1226
990
1364
1118
655
1079
951
539
782
1350
224
196
534
200
1084
346
238
1252
1032
6
566
1194
543
1100
1032
1115
420
86
375
1291
496
852
1152
832
71
1253
825
1374
8
220
1226
963
783
880
1066
800
974
408
30
283
1033
350
369
819
929
521
162
821
259
123
1
523
371
467
932
237
744
271
614
163
518
130
785
40
1072
431
687
1197
509
555
869
103
163
614
349
1081
398
665
1312
10
909
1302
33
246
1204
992
894
418
1375
1334
498
767
875
1331
1211
88
585
502
223
1113
1031
369
480
742
313
1179
328
105
73
938
796
979
471
1189
48
1199
299
838
1066
1231
1153
1082
746
321
441
688
287
164
811
738
510
125
349
856
1282
801
570
451
1268
1096
1347
1041
763
116
995
1170
755
928
481
209
881
1004
1026
258
467
43
536
156
208
528
1220
1230
256
193
1232
297
479
150
676
1137
598
638
1334
1209
768
1002
506
771
205
60
90
1332
399
696
1274
1174
1154
490
1321
392
1108
1121
104
10
1349
972
148
696
872
234
1015
849
1167
665
621
277
450
197
279
159
824
592
400
1333
180
318
1028
1194
51
1229
1057
83
1305
680
1234
478
598
491
1255
754
172
382
315
1252
282
1347
511
582
1146
165
459
694
847
65
192
897
132
1178
216
381
549
864
1239
1041
1274
1031
955
1093
928
1018
186
1030
189
758
540
71
714
500
112
664
1125
473
1256
1308
141
402
1004
757
688
637
549
471
148
151
1059
435
274
25
690
1130
1256
1061
1030
889
889
1008
599
203
886
945
239
761
548
960
804
854
1336
154
923
1179
1258
1358
386
916
611
597
500
573
874
1257
206
32
612
354
887
95
623
274
916
1079
382
1246
915
1005
100
374
630
470
148
544
1070
282
262
105
1339
626
1029
485
385
1348
1022
1295
323
1354
771
110
563
808
523
239
1236
498
115
303
277
315
1287
427
1203
771
716
1149
215
573
529
1116
353
1141
1369
774
743
1054
1042
130
969
451
443
820
836
1111
514
1191
243
955
254
885
520
777
431
497
1117
989
428
782
869
446
351
1283
132
802
1342
332
1090
901
148
278
362
1285
276
50
61
856
298
1222
1374
278
1251
1366
106
1030
1009
1180
534
803
818
142
73
1232
562
378
696
1082
108
1314
1198
97
1185
571
262
488
277
747
8
1100
541
934
891
1262
272
792
483
250
809
475
685
269
935
1332
299
1047
1328
795
495
1245
633
242
1096
651
1287
801
10
1334
1050
1269
944
627
624
885
701
482
1103
1301
637
1369
631
696
973
1209
1220
347
247
251
662
477
533
1299
1142
95
1145
338
738
38
692
1035
547
881
217
686
135
195
1036
806
92
845
460
664
426
874
188
1195
749
1266
906
588
167
107
48
232
1111
978
184
1319
211
1154
1275
803
1073
10
1259
585
590
682
1074
342
1264
644
575
557
768
684
533
184
958
6
907
430
1281
554
634
463
1048
124
1051
1157
229
59
657
836
1026
486
1065
1366
1152
544
634
551
1102
145
1270
1038
785
51
629
737
641
680
149
1036
667
18
864
689
780
1075
1135
235
764
1190
1158
459
512
1205
171
822
875
420
549
1030
1291
677
804
486
722
101
11
705
1276
565
826
776
1153
627
503
1096
882
414
1027
304
1195
743
966
1047
117
1124
359
226
930
242
701
967
470
624
1101
758
1350
439
462
1214
347
308
275
465
300
215
1351
102
678
363
1324
1332
830
740
51
1033
1369
524
988
1358
232
356
1227
160
1093
995
912
155
343
208
110
294
1072
1288
1100
1245
829
202
58
529
926
906
16
1034
716
1059
41
574
669
1308
972
146
680
1235
1148
244
847
31
1246
59
787
32
1329
386
1027
830
606
1313
990
220
155
1040
1314
1001
77
1308
388
35
929
1004
154
448
759
614
458
1327
516
192
549
1358
842
899
1041
591
373
102
1316
1226
493
1183
297
241
542
1002
1019
444
0
1096
943
1304
597
701
743
1236
547
263
810
1116
1152
307
378
747
992
1041
366
1092
183
317
695
1290
1153
165
277
1124
255
879
239
150
842
1001
229
733
74
1026
850
711
1246
776
282
52
183
1234
636
795
1110
71
945
53
17
813
927
951
724
1224
293
1347
737
1361
656
222
826
926
665
440
31
399
1302
753
1012
1292
205
653
1268
637
1128
701
488
184
491
117
1231
1300
432
61
484
759
1197
113
1358
249
7
601
627
815
164
912
186
720
505
86
474
1102
640
326
920
745
1174
169
596
1001
1053
1282
690
63
1319
629
338
583
1116
539
1234
1094
6
1089
984
734
218
181
833
1086
834
265
1322
417
714
1375
746
520
631
188
724
383
159
1237
402
18
674
197
567
384
937
775
1086
896
320
292
448
1363
52
717
1034
344
911
846
917
207
810
1222
211
427
1169
1058
942
1077
341
530
757
856
359
1245
1012
98
1253
1278
320
164
776
1235
470
914
523
669
1311
471
977
698
1324
987
628
751
778
618
558
105
1137
1029
39
1127
1166
157
1373
1031
1289
991
1050
892
40
138
317
758
617
755
418
38
1116
319
415
195
1
99
174
498
519
1148
1001
349
429
930
1207
1151
1054
774
950
963
1079
540
1067
444
664
475
1245
875
432
1004
360
154
668
456
1296
892
195
184
609
486
132
879
451
112
588
17
1183
1314
420
639
878
1158
449
1
722
385
184
680
1206
205
1198
311
1235
658
612
470
1118
924
195
1085
941
698
860
438
523
378
670
665
806
292
631
720
958
592
1092
473
701
205
666
1180
724
269
27
1100
1041
974
513
722
290
451
516
121
240
197
788
254
1054
398
1247
426
636
1030
150
72
586
681
1167
1093
1081
1225
561
351
7
733
559
516
345
837
1243
975
424
226
