404
1369
1106
374
1303
1124
991
279
655
394
223
239
701
620
1375
617
63
582
324
618
598
980
1231
217
417
1244
916
790
990
322
194
368
776
572
140
1059
432
1352
996
149
668
776
1212
853
807
1022
903
1047
745
1196
1304
1325
271
728
1233
1032
524
475
885
10
1320
189
287
553
505
916
627
13
1288
200
532
838
132
618
1190
133
918
967
920
1291
944
1013
149
457
386
997
334
291
737
218
658
1128
757
341
319
133
269
487
990
968
132
298
1205
698
1090
298
956
1265
249
129
840
349
814
337
902
602
892
828
25
806
873
1241
395
789
677
1074
968
549
392
883
792
553
319
1187
532
17
988
723
1226
911
1361
350
952
36
465
525
1057
518
1305
1143
1125
79
362
950
394
1200
1359
238
579
88
1301
892
587
905
1119
1332
1250
414
1222
1291
386
1098
335
1008
661
171
1308
398
263
805
880
328
1326
1325
396
37
1082
310
486
1365
1150
157
688
968
184
1245
1182
639
1066
429
622
283
81
1363
312
700
268
1240
219
665
632
503
1204
13
850
1255
1360
783
1242
1323
1317
310
772
636
1070
644
1065
815
1160
53
1038
415
54
241
933
377
749
1170
699
779
914
92
1068
1366
0
613
534
336
196
1035
1092
1275
1055
1251
1094
474
28
660
659
310
1374
508
489
404
148
938
423
135
710
854
435
358
1206
540
764
1031
880
1280
386
319
39
1082
504
960
330
119
888
921
529
371
1198
645
495
845
83
420
16
28
578
313
353
517
763
1197
165
647
1195
1244
328
197
154
364
8
721
516
1271
742
1170
971
1193
557
1107
395
712
14
1272
545
492
658
1304
314
1016
653
1236
1067
899
1186
1366
996
1092
1239
836
956
154
938
584
454
246
1022
936
154
1042
883
738
1348
781
1107
1329
1041
1086
1010
788
667
633
7
809
869
1082
36
719
917
759
976
727
144
567
925
246
249
520
1360
606
1161
913
1328
573
374
511
1028
288
1138
454
604
1166
247
134
1045
1143
1120
217
37
609
1002
980
1184
507
616
665
553
732
701
1077
1056
176
201
538
828
760
275
1169
1304
94
340
1364
315
450
711
817
1077
716
541
283
659
711
464
987
321
433
256
900
609
51
521
589
446
1322
1092
1202
888
560
907
442
402
379
555
188
247
988
1012
748
822
303
96
430
153
43
238
1065
836
701
859
644
1176
189
722
54
1119
1093
923
672
38
1102
1363
1015
1305
1256
381
870
370
252
894
514
1016
961
966
560
1363
53
44
464
52
48
1128
575
547
1083
5
587
1037
360
643
425
1022
989
634
752
984
368
717
659
482
924
1174
1089
1188
1162
1348
1215
706
1350
457
633
712
1100
823
585
1061
1327
1283
726
753
716
349
1159
15
580
882
539
1336
716
769
536
952
1368
125
540
1316
734
709
318
1132
425
545
199
567
798
611
91
199
7
414
212
489
1372
644
635
270
1326
274
351
24
15
80
994
1276
346
1141
820
1203
199
649
1280
998
175
1103
569
864
1141
708
1277
150
13
359
1352
748
109
939
564
266
621
486
1302
776
647
403
1029
66
686
690
337
1206
116
65
1151
670
244
116
465
527
417
1194
119
1320
822
1155
753
1182
984
798
221
1270
491
1315
1027
164
422
1375
1122
853
1294
154
1360
1267
961
749
430
859
935
1326
318
980
1235
128
40
1125
909
396
416
914
1226
1300
274
501
577
719
1181
645
1366
614
1338
1316
398
803
129
1017
1101
1199
971
1151
182
735
88
5
767
480
1084
547
277
215
114
889
328
1218
951
1222
311
125
1056
373
754
1068
501
1202
835
567
492
415
919
792
938
1288
857
1355
416
410
574
525
1145
1185
303
299
1314
35
904
657
986
609
118
1059
605
92
777
1228
1205
637
134
1161
208
256
853
1102
1168
159
635
1356
112
1172
720
1333
818
198
1042
1320
1079
998
200
1284
729
746
1368
1106
696
110
975
1053
1245
183
114
283
523
632
204
1232
446
288
1331
164
1073
1174
398
839
1109
1056
18
618
701
216
862
153
621
568
259
111
1289
1279
323
1186
117
1222
341
1037
1360
46
974
218
702
1251
618
639
810
519
1065
173
1223
335
1250
768
896
974
593
1182
255
1076
1057
405
280
182
789
89
451
185
1361
849
285
954
1209
689
147
829
1167
1286
827
733
838
13
194
619
1227
1098
423
436
1030
633
187
756
196
330
1096
131
1074
8
187
281
200
355
1300
502
1031
880
726
345
320
988
704
580
1352
903
55
87
492
135
321
801
902
1343
911
199
909
227
1167
294
339
752
32
389
1218
363
690
1337
928
287
566
1362
659
258
467
816
562
509
1170
1125
684
80
1074
32
458
52
352
275
382
1065
699
1336
1044
458
272
1114
743
896
919
1044
886
989
919
986
403
124
1151
1265
183
154
0
1078
1182
1015
943
335
1313
115
448
1309
1021
22
505
1336
573
183
509
438
177
620
629
159
792
1009
605
858
436
877
1246
1339
955
1365
227
197
521
765
765
694
1146
89
1112
161
1155
724
1053
1262
571
273
862
628
177
707
791
106
631
1058
199
477
644
1254
1065
522
998
651
960
166
742
847
473
804
645
908
515
705
146
263
28
937
1044
1239
1203
1105
1262
358
1074
1319
564
900
222
921
739
1310
862
348
551
1263
1243
1278
683
658
609
849
957
1335
601
150
330
829
409
6
1255
420
719
1343
184
330
1126
496
371
113
288
780
390
1000
73
783
52
934
614
516
1036
795
685
1263
1317
807
1119
919
778
186
1208
379
1361
507
1248
83
584
481
1091
452
226
674
1190
3
144
356
77
1314
1261
202
556
1372
146
59
177
142
761
1060
1223
440
751
495
956
1032
494
1333
1323
996
1177
297
134
1069
195
1169
745
399
761
557
1371
466
201
927
220
776
1172
1327
844
213
22
464
683
774
918
1103
388
747
737
119
1355
1276
932
133
1301
282
254
572
361
1270
1027
1166
863
418
765
427
1037
491
629
127
1028
281
346
829
478
982
521
489
168
1063
704
579
676
1037
650
1142
82
530
845
895
79
193
902
757
771
1163
193
289
552
538
1101
89
1336
788
1101
1349
790
653
1252
300
354
507
531
619
855
913
1116
89
848
351
1079
68
438
1367
935
584
824
383
509
374
1149
975
1115
573
613
539
300
849
646
408
1049
33
974
690
818
834
1157
1229
983
563
862
621
901
1351
719
585
725
65
1279
900
660
663
126
1181
1261
730
247
599
1222
1025
962
238
1134
953
1137
276
267
706
919
1323
56
652
71
396
1244
116
823
462
1296
1155
54
491
447
1136
996
385
948
1357
866
305
773
1112
1024
1242
1323
714
40
84
1067
440
50
1182
1098
1242
1142
1305
956
1159
887
65
1195
595
439
1195
744
1096
1097
1297
1338
922
1275
113
102
169
415
536
76
473
818
908
249
1154
146
683
19
1053
53
346
1216
1014
683
1005
1140
1162
543
121
1115
989
160
1256
1298
383
140
476
254
799
