946
145
1071
808
352
950
621
414
364
542
281
1182
1353
733
405
698
644
1241
51
549
263
1003
1059
1043
493
293
795
112
1237
784
648
132
1280
432
7
56
406
434
1254
1011
1091
1265
931
1078
77
720
502
779
239
914
3
610
523
689
1203
1033
133
982
719
1200
1208
790
860
698
838
142
95
305
869
1111
984
393
585
50
1125
373
434
79
227
1116
1071
100
1208
725
594
291
1343
249
1182
1030
1092
146
525
378
913
1025
536
292
1252
882
915
917
367
1101
282
394
781
147
502
1034
980
669
406
754
1284
762
411
223
270
656
731
251
678
1257
1033
743
1343
525
1256
314
43
1330
591
1220
265
758
1177
323
167
255
661
364
629
980
587
1155
227
176
1234
300
1300
1207
437
356
1239
453
1093
329
999
456
81
1067
1197
281
308
1045
1298
243
890
1281
218
1214
221
457
714
295
1002
813
131
1186
1234
211
585
567
662
901
1087
209
457
991
916
1058
689
779
1100
1020
1063
572
332
376
851
51
69
447
422
1067
460
1031
607
1199
420
762
969
1150
965
718
411
322
216
1087
996
242
582
214
416
394
15
720
500
1069
148
13
1140
623
1297
258
752
1313
402
667
1059
816
403
393
239
709
549
7
537
318
102
317
824
1277
1023
971
397
649
1254
1277
6
570
1103
474
102
349
534
1331
518
140
36
1
1242
1290
1
1338
638
1355
822
880
82
1259
1324
866
1144
728
514
945
1057
855
723
50
129
1324
790
505
397
294
1361
643
1364
375
638
858
1215
51
1021
663
506
487
1113
35
188
364
514
1130
12
603
427
1275
530
816
472
839
141
272
1206
1346
840
35
247
1107
1199
947
37
1295
207
746
249
972
464
400
258
1171
1226
141
785
337
746
261
970
443
109
542
432
1130
222
705
460
1320
517
408
182
908
292
108
220
951
204
1039
1037
37
1238
1133
946
924
312
792
871
565
120
1107
553
447
171
662
632
1294
636
1156
628
1231
346
1140
659
693
169
963
1093
1208
425
212
1096
752
236
223
269
668
1374
1299
260
604
510
974
96
525
906
1282
37
927
139
440
1364
426
1075
493
348
587
661
537
431
849
929
571
1248
921
1157
329
1003
876
512
1030
806
236
712
469
268
218
767
768
1293
204
1209
110
852
306
1084
1097
411
1122
663
383
330
338
814
384
1187
692
461
1330
1114
1125
1319
254
102
57
818
1078
15
1169
1128
560
386
616
1286
655
814
564
1011
336
395
635
904
774
348
410
390
221
1124
670
1060
524
525
661
1234
113
485
331
1021
1341
1137
711
483
617
817
886
766
941
459
298
858
38
618
29
20
406
324
306
817
1260
508
255
1236
1278
638
1365
744
114
252
632
1025
634
664
1105
1347
121
219
256
201
264
216
1288
546
436
1050
583
464
667
1245
408
806
890
273
710
1073
1181
1139
591
65
1203
758
764
609
572
625
1364
149
741
917
789
1245
413
962
1274
1310
462
33
1218
909
1371
734
1135
1072
1146
1042
884
743
1048
977
840
1308
1152
633
390
1214
770
1133
697
94
165
41
797
1017
474
1114
773
758
1083
434
100
202
331
989
1208
158
534
890
793
1099
954
1092
939
452
42
528
149
104
1301
575
603
542
550
874
1112
602
898
360
363
280
611
341
645
1305
742
1356
452
479
417
195
801
504
979
483
13
1311
577
1026
1280
1184
1296
241
783
2
89
1109
484
23
679
773
462
844
982
205
180
946
120
810
1366
276
353
410
711
423
804
17
905
606
686
340
367
139
1370
128
320
253
1080
799
962
61
251
1159
1361
1264
744
884
1183
93
818
532
337
681
265
716
307
1226
305
1092
1296
791
672
258
63
1196
980
1207
469
979
464
718
123
1340
320
955
1296
594
337
816
227
1186
230
944
496
785
407
236
524
438
61
901
758
636
1334
31
1299
800
251
811
731
567
976
2
474
33
1139
1148
619
727
705
878
896
942
1111
444
917
938
149
1081
196
438
1026
522
91
631
580
681
1338
1192
837
909
362
1258
512
373
1198
1248
617
592
422
45
862
4
586
454
436
1050
544
721
611
1323
549
585
307
399
1156
654
1319
628
211
812
56
742
1173
913
209
881
1054
119
564
681
1133
950
696
546
933
430
1357
270
638
502
48
427
61
546
58
119
153
121
1168
108
261
417
53
287
475
1330
851
371
145
625
1301
42
1315
660
72
533
895
1143
826
1058
717
1155
1159
744
1117
1129
176
1058
172
886
1293
228
1180
701
787
352
521
882
1276
858
474
1303
21
1107
65
369
1068
1110
644
1262
824
1166
331
706
966
679
939
246
727
237
53
1330
1188
553
1273
250
619
716
79
644
1000
678
1346
1097
633
1330
667
1029
1047
266
1040
655
1298
663
1275
255
237
13
1253
171
449
1145
1327
91
181
224
82
412
756
274
964
159
301
502
476
962
533
475
835
496
2
1019
718
454
324
1120
1095
877
677
173
439
847
1372
472
1296
1214
676
1305
82
387
278
1176
432
1048
421
1373
189
456
258
511
1209
1325
603
137
1089
173
601
916
1136
435
1229
570
369
172
1039
986
1132
508
854
1157
816
484
735
1114
81
918
216
400
368
312
411
763
980
307
780
584
424
809
223
893
1135
239
484
531
737
1255
784
138
615
76
978
948
1103
1166
320
1026
387
686
1139
23
5
239
1167
540
285
894
935
835
547
462
1015
927
988
639
14
740
1353
669
1219
114
166
1320
194
1353
1303
1306
337
83
301
111
1118
1282
436
763
1247
116
861
759
335
271
1264
286
302
1067
619
791
237
1220
873
878
1166
884
254
932
394
89
157
67
778
368
640
404
736
671
701
1023
1261
1002
578
794
1140
932
287
1050
51
301
516
868
955
952
1187
909
251
1086
1236
636
1331
39
543
1193
243
1064
602
418
498
944
710
22
348
909
23
575
635
444
822
1364
1294
869
890
218
524
642
442
1178
738
540
450
593
1355
530
1023
894
416
636
1168
312
1080
828
1060
1007
1370
1028
1298
281
665
53
1049
1034
867
1334
360
1355
722
704
188
1039
1190
559
245
235
611
1153
1166
1067
602
863
490
353
816
314
354
679
769
506
926
1006
612
394
1355
539
1220
59
1346
237
583
1329
1049
1175
610
697
472
1006
202
513
704
564
1324
510
1121
1344
322
1324
531
1072
1228
991
1023
872
315
1037
695
492
247
622
739
763
1041
1231
455
902
563
878
926
877
285
1328
7
595
633
1306
476
64
680
530
989
569
942
63
1342
1051
106
698
379
881
1310
259
268
600
1207
190
285
878
1052
1090
216
809
412
1086
1371
990
1194
368
4
623
143
634
794
659
528
11
683
761
1141
779
367
62
406
1143
659
183
1232
1123
649
970
1228
998
28
1004
1192
1292
485
1373
775
454
48
763
316
1163
483
1371
800
278
509
147
983
368
806
469
512
278
1010
813
409
452
426
962
1373
1015
38
992
1329
2
1066
298
389
641
