1071
693
102
980
349
449
1089
1347
247
1073
1130
1302
434
1004
1048
230
961
454
1143
357
267
975
1190
101
411
357
676
857
897
498
431
680
1086
539
391
1085
1075
1201
1023
598
843
811
891
679
341
318
693
715
650
427
619
907
753
1158
326
1110
733
992
686
782
526
911
1115
65
1240
1347
884
1298
111
448
242
221
1275
1071
836
1314
440
785
98
101
1156
703
252
617
474
871
764
493
498
504
804
998
258
362
1134
1243
236
1143
1276
759
984
300
318
957
159
1074
163
1103
521
221
1094
641
185
825
74
272
962
736
172
261
550
482
307
610
443
52
823
681
338
1074
318
497
1256
1023
1314
1059
808
1132
343
1247
413
1107
677
633
543
898
107
331
286
1150
429
91
103
187
1096
165
300
432
309
745
890
1335
1189
851
366
476
938
1075
412
812
918
1306
82
553
44
760
87
1009
1278
649
510
426
1288
136
1069
595
516
1218
695
1129
741
102
27
760
572
929
112
671
460
1365
1256
35
216
223
6
1015
703
90
1362
1215
315
679
616
1013
756
333
775
1058
665
1316
1327
229
624
194
1344
597
659
996
500
1170
229
1220
881
1093
1257
53
609
211
981
1110
1305
431
284
408
1085
1198
819
808
209
1154
890
900
294
534
1043
563
924
350
1171
939
70
921
790
819
1361
1148
967
1151
923
1173
555
71
961
772
552
517
240
697
344
1190
655
1287
1216
1350
717
1106
1335
394
1102
1316
418
628
1075
579
779
741
482
1054
1027
434
1047
1130
80
1364
1180
939
343
800
742
848
581
1049
1256
424
1341
931
154
1271
609
217
29
505
775
1101
1187
849
325
1177
1091
527
160
168
817
220
210
673
1177
1144
639
594
766
1040
1306
398
629
744
638
861
407
1061
631
1077
223
21
497
622
6
32
309
1237
486
844
1322
168
1273
151
370
1309
801
178
1252
256
816
80
125
257
537
572
317
29
1228
428
839
250
1
238
156
601
516
70
1337
1064
148
1303
457
787
1038
1041
1016
397
823
849
1286
1079
1008
1085
269
1242
878
51
43
898
359
1218
722
911
578
91
983
1028
275
1309
1208
107
293
769
768
683
714
874
100
368
1203
54
968
544
1289
1270
1270
144
1217
331
426
751
1111
671
1358
506
1334
552
771
896
555
64
409
309
157
441
430
909
432
807
501
825
542
96
424
1215
1357
476
408
393
1224
1135
258
796
1109
53
1315
787
111
937
1213
997
28
57
972
376
483
1307
450
1274
1232
919
1039
146
169
1118
668
144
421
585
133
1269
369
621
10
1287
662
205
1034
1091
60
345
571
553
626
1111
404
878
965
830
1272
181
601
614
947
1148
74
444
935
1133
486
672
1052
1225
1038
1156
1297
1226
1102
655
669
76
871
719
244
202
160
539
1127
98
164
1343
457
1190
1192
866
508
489
1171
1368
1117
1003
807
686
996
293
737
1314
499
380
992
54
917
436
702
448
974
404
979
58
1269
1322
883
357
996
1065
841
605
180
963
782
584
29
1273
846
1262
589
526
442
345
713
758
1262
691
702
362
664
144
660
279
8
1191
1054
894
1269
727
1242
1367
1228
741
1006
1008
1214
900
981
1057
796
435
1329
802
647
1226
184
114
349
375
83
200
284
1312
6
68
468
620
846
105
215
1113
585
605
1345
1078
1315
482
468
32
127
628
79
1134
3
1166
626
139
691
11
1209
248
201
776
76
307
955
538
1206
2
1361
505
26
936
1307
150
986
422
1312
594
665
356
259
179
721
1312
234
464
1144
1224
998
1028
586
544
635
273
1141
351
1147
458
125
1164
1035
562
84
599
217
578
717
144
621
308
1105
1226
908
1214
1263
75
120
536
1021
1066
536
169
939
627
700
1314
636
473
57
1100
799
1195
1002
838
251
1301
1027
955
781
742
998
259
510
1276
46
823
22
882
567
281
305
1107
74
661
674
1026
762
1177
1120
1050
0
1130
36
958
1333
966
500
127
1348
1363
1255
959
1002
225
159
207
447
155
451
475
1210
450
792
1301
305
294
1176
935
1232
903
1134
1081
55
1369
1192
687
762
52
801
126
975
1344
35
1158
815
1215
542
947
309
385
1349
318
841
774
519
197
926
1115
348
361
1315
677
1207
207
1150
775
907
209
844
227
582
1171
1225
620
913
317
426
1370
841
258
1327
1366
778
335
115
323
221
108
999
572
356
342
1035
1271
396
859
562
968
551
264
870
35
755
539
969
757
432
231
1027
65
1068
1001
1106
274
517
1028
570
1318
1204
388
568
1125
182
1158
637
669
1262
533
446
840
886
942
1306
745
698
895
982
657
836
1148
643
1243
1368
1311
1345
1289
868
518
735
125
937
582
1229
303
328
803
208
131
180
1356
1026
263
764
1231
31
511
1277
1007
1206
1053
533
673
203
127
428
471
974
443
1228
834
1302
823
875
1023
1242
225
568
630
400
1011
518
965
171
725
16
602
279
1252
1093
1165
788
50
1199
176
654
984
914
1291
358
430
24
314
986
404
1095
618
745
1362
1036
625
753
14
589
391
243
1121
116
861
791
338
487
1121
25
814
70
618
552
1093
1187
578
1270
680
1365
346
584
1085
480
1260
1347
59
997
925
263
312
1230
962
1135
420
899
1152
49
1015
411
127
225
1258
390
936
928
1016
191
22
983
197
1314
277
488
494
949
1062
468
400
1103
1308
988
135
742
965
550
450
700
633
746
237
444
1308
918
789
859
816
749
782
152
928
1286
319
1126
1361
676
274
230
501
1121
749
493
1096
290
576
1003
352
1346
214
412
1014
285
983
702
17
966
127
519
513
1174
308
93
815
1357
898
18
731
775
1073
1060
176
284
236
362
1207
1124
1130
782
1292
794
512
622
376
674
432
113
223
85
222
78
959
1227
963
176
1359
31
1118
847
998
395
754
395
289
1131
490
342
219
744
492
134
40
685
580
386
202
287
505
271
745
1255
690
1340
543
593
707
121
382
1032
1200
948
62
930
115
334
1312
583
1169
603
606
1195
1355
1216
16
1363
785
467
1030
1052
88
900
245
767
1220
293
181
986
679
182
237
1308
440
1241
626
1272
122
939
223
529
273
261
671
1004
1190
926
900
1274
201
512
200
1317
791
180
537
257
1056
957
459
232
1290
263
201
1069
452
115
297
706
309
446
136
130
175
16
887
747
1277
1039
756
486
1001
762
1352
995
1034
1312
565
23
967
941
230
881
387
911
944
387
733
1190
507
969
374
870
682
667
1132
253
774
1001
901
1244
833
998
606
899
465
1018
544
573
54
877
1218
999
481
631
74
133
1267
442
1208
746
82
697
174
86
988
493
203
388
1286
909
323
802
161
1143
936
1232
790
276
1309
181
1056
666
338
177
505
356
1059
710
659
297
1195
795
198
1341
637
831
411
1367
655
719
1083
25
432
1007
848
947
112
305
146
516
1338
457
1278
1069
1159
389
1242
653
898
712
1289
274
699
964
823
252
816
1030
1235
490
1278
593
158
1351
