887
1327
124
1346
687
798
1061
1242
717
510
33
557
133
1264
1358
686
856
172
151
950
208
247
226
567
1244
803
471
354
1029
589
846
842
785
722
994
1182
1294
1048
39
349
620
990
1342
791
533
103
1196
1150
943
1257
882
1251
975
448
1147
271
479
214
1179
669
994
1140
610
387
412
922
834
11
1180
530
1095
566
1082
752
977
670
863
1270
1334
108
227
846
760
543
1088
1361
903
1050
1182
229
595
45
453
1284
936
58
888
119
627
392
877
342
585
1089
602
989
547
544
242
974
707
577
608
1293
396
168
948
439
877
124
319
5
206
981
1151
818
326
1252
333
533
1102
1265
304
106
1369
127
360
580
352
641
1073
1338
1097
223
801
655
1317
208
246
176
60
26
78
290
807
1211
624
1078
1193
122
1077
198
770
456
354
190
114
852
601
1069
912
744
1199
162
677
1328
1076
1145
81
120
1355
29
101
488
772
568
482
259
1071
1361
1110
543
657
908
352
661
417
103
1138
149
1326
1142
489
125
86
422
663
259
900
399
1235
740
711
1116
1122
594
37
9
513
762
1228
397
1195
277
1143
348
530
121
950
640
849
382
1101
464
228
277
979
581
350
23
450
46
940
1335
1105
74
1161
777
62
1193
177
388
526
124
1036
1195
665
280
790
850
946
1168
790
1085
802
432
730
599
481
717
967
1275
367
431
294
150
1060
400
1068
696
174
274
525
390
1205
1360
736
659
1182
1018
1231
1115
67
583
317
357
1083
1047
1120
17
1032
121
841
1326
0
626
468
633
1310
207
548
741
315
523
239
522
504
760
1006
682
1312
251
490
1311
500
516
1306
893
980
921
674
690
1198
467
113
258
1127
848
1117
480
70
1040
137
1114
656
1132
183
787
798
380
261
1087
929
40
361
38
415
219
952
1024
87
517
1262
528
1247
550
267
1278
16
55
137
147
1040
1
389
1101
463
24
1256
1092
810
883
489
589
1168
741
439
860
1216
542
499
135
589
987
79
1202
250
1067
930
728
106
666
764
439
833
279
256
379
66
597
1277
110
721
1230
897
142
674
1179
630
500
636
6
1162
234
252
925
547
119
1036
1069
1367
620
1173
718
677
303
875
681
1043
416
808
61
500
652
377
1155
125
286
393
1105
460
1010
914
228
1137
207
1125
596
740
647
40
862
487
598
1005
204
1308
422
438
630
168
211
4
316
60
294
885
863
466
1309
1322
665
640
501
1334
452
577
800
226
224
1023
117
941
85
462
445
1059
193
1224
831
1303
559
513
941
630
352
99
447
1128
1257
889
1316
1052
1357
1117
771
1262
592
1058
177
1172
1029
841
343
1025
72
198
142
534
965
1153
735
94
846
117
963
644
1145
701
873
433
165
1025
204
254
458
193
396
261
367
301
860
160
1117
1044
33
965
902
676
725
309
1090
906
1359
457
455
100
102
400
1032
583
496
1252
388
1099
1016
235
240
65
930
46
3
1235
302
1152
535
478
522
719
516
787
450
770
702
787
605
899
841
468
377
67
1066
1320
1327
748
72
233
443
42
544
1051
832
461
306
1145
807
1126
150
440
1114
1139
511
755
1042
1148
680
591
1256
802
1275
839
733
264
609
64
422
835
217
337
1227
1354
1025
865
30
733
1201
494
277
407
727
580
1113
1296
831
1189
399
398
1209
840
737
1370
1231
1287
1307
658
454
267
190
1238
330
450
598
117
1038
1175
911
683
871
1100
1337
1313
301
770
911
207
394
1304
137
1067
1191
233
1190
944
687
85
904
877
1029
990
418
277
342
113
141
1313
60
1253
701
1162
958
874
771
911
290
864
1104
1294
1207
768
1054
1364
334
292
908
69
98
818
939
143
768
473
1227
1075
1097
968
995
708
897
191
1154
742
76
1129
1023
710
422
934
391
603
189
1247
1218
1002
138
935
358
551
739
460
259
98
223
452
348
333
1020
831
297
1227
256
321
397
286
282
489
27
149
1035
1066
370
899
453
752
307
245
122
980
938
137
270
937
840
230
1162
1277
1014
335
1290
183
86
40
656
566
1108
516
1327
115
438
1069
192
1248
1077
597
1087
748
335
24
738
1145
785
84
270
974
80
1282
472
457
1055
368
209
618
379
1163
904
599
56
902
1361
381
1162
748
576
853
209
936
1190
1313
1170
674
1119
987
1082
110
30
1277
1279
991
617
1296
1029
1315
782
1097
740
1217
902
0
1315
37
878
315
714
109
1079
569
990
983
186
179
275
186
82
1122
826
745
882
925
183
1079
600
362
802
1295
1141
900
124
954
353
942
82
454
221
181
911
1072
672
1370
407
1086
228
1300
51
296
284
80
598
1051
707
368
1129
863
966
684
644
165
389
836
1353
1159
1369
141
1004
538
126
1347
440
488
1081
786
740
1215
736
360
344
471
729
388
407
594
558
1361
1241
1032
355
1309
429
114
37
324
334
371
1236
413
1336
57
1304
1363
1337
116
512
739
997
454
283
534
939
57
136
171
672
144
917
1208
709
562
1112
999
1075
315
576
214
446
125
1370
410
1201
127
679
1258
682
1332
225
1271
174
1141
1180
911
104
1002
1185
896
1220
1357
1181
329
1164
101
579
57
1283
649
994
894
719
1314
423
894
978
1077
621
557
542
1147
947
1310
926
359
769
646
544
1143
118
1141
763
548
419
1323
327
1093
752
1108
1348
1267
1233
1325
1004
1114
475
371
1138
1230
395
1098
292
1190
1283
846
925
713
83
1186
193
327
1328
340
142
418
803
1030
1273
336
267
440
1073
526
965
814
1286
175
691
343
1000
853
1204
1277
128
1188
157
1208
1125
557
197
850
486
1116
789
735
217
1198
422
1043
433
903
449
14
220
893
42
1306
1226
831
1065
481
226
783
84
228
493
532
841
296
851
681
1246
1208
1336
501
900
1375
911
1142
339
790
1188
284
680
341
473
87
380
313
881
940
1223
190
1241
140
540
156
300
889
1326
908
914
1355
264
860
284
1074
1189
909
1229
344
575
446
467
726
1004
426
444
1144
822
212
241
1010
882
1308
1367
1239
1225
1375
1132
306
1077
21
1122
365
608
916
757
14
1041
69
1249
492
1123
1061
648
1343
873
854
63
746
1329
932
654
318
139
459
949
222
213
1055
612
654
272
948
291
29
790
924
577
683
417
295
350
394
1122
640
651
578
211
531
705
989
1267
1284
1164
81
357
1015
959
6
1131
1199
892
579
155
783
813
1267
751
1157
1055
158
671
859
40
1064
59
1139
1233
315
829
174
1233
132
204
985
1319
923
214
264
243
450
1067
688
1315
1190
541
619
127
381
9
97
1003
983
336
1321
71
76
880
768
1157
774
1142
1239
639
748
544
111
3
455
1045
118
735
886
1183
1043
1287
367
222
730
396
626
635
672
686
160
165
519
825
1047
884
685
512
1311
1274
1158
731
1002
508
729
1190
465
716
763
591
146
800
137
1249
1221
868
558
398
245
972
1021
921
414
668
947
1256
315
741
189
1374
244
146
790
1006
245
481
425
