1251
412
957
266
387
295
28
756
770
1089
1372
1133
589
231
133
524
549
649
847
1299
252
552
1172
911
620
485
96
1119
713
88
279
535
65
104
414
775
1220
1209
714
339
499
674
361
877
1136
904
841
745
811
445
1019
1355
1048
42
887
210
770
909
776
119
808
510
56
293
603
333
736
169
113
1052
1187
670
324
789
1368
56
106
162
1091
320
1136
1064
746
1172
1349
313
901
203
895
1358
428
449
1036
924
703
1053
369
38
608
1346
478
704
508
125
1178
954
995
811
785
1064
141
980
436
563
815
601
54
212
1337
188
433
1225
536
438
353
354
175
906
1120
1019
484
670
1234
330
837
157
162
208
1093
175
598
874
1162
1270
218
770
19
1327
1374
683
645
525
745
336
69
493
746
1071
29
953
330
376
1124
1004
82
1252
1075
859
31
689
1327
1251
6
99
199
981
599
337
100
332
510
543
1182
632
281
753
204
1271
969
856
153
311
547
698
185
142
133
357
295
1107
386
256
1253
168
114
670
397
807
478
971
607
506
1105
614
465
389
1041
878
84
56
1264
1340
322
1148
1252
491
263
929
284
538
398
789
945
1140
486
428
575
1277
699
666
116
302
934
1258
642
88
770
1276
61
60
700
91
78
439
270
421
304
796
904
1309
59
1058
22
1360
815
1000
1252
718
743
89
636
247
1013
771
1054
241
1254
357
1197
454
1351
1032
1102
1285
361
1163
891
454
584
485
346
1017
1087
150
285
102
778
285
157
0
449
1085
476
1258
203
151
1033
624
1233
537
1328
794
572
1012
546
1286
48
517
653
1010
1291
637
436
332
672
888
459
555
1038
1095
1319
1236
489
628
389
725
538
831
695
53
1056
1168
229
113
1
987
1165
380
1300
375
419
371
1137
801
615
1060
250
658
396
440
411
969
281
1138
526
997
533
1058
73
161
1022
152
890
122
875
894
128
537
367
379
925
244
13
1104
692
248
832
997
355
202
507
616
1049
754
738
81
1172
969
446
775
395
432
392
185
1355
251
351
129
1070
828
632
1193
507
1308
625
1178
1287
1322
964
1027
479
1067
664
805
687
365
793
382
991
105
994
661
1332
1014
678
642
549
826
685
22
59
121
255
294
138
297
868
1150
249
538
1001
1228
300
1212
746
816
331
617
933
1154
327
742
32
558
1080
49
890
117
314
955
0
665
208
291
131
240
198
1000
830
403
946
387
606
1363
471
316
1317
1298
796
46
368
1170
1309
233
549
739
93
976
1343
1139
860
950
747
283
374
236
301
32
480
186
861
845
185
615
1281
1277
779
1370
614
638
392
339
543
225
229
495
681
293
24
879
809
1305
178
873
425
1153
102
759
849
944
385
1182
253
1205
1035
300
864
455
1174
452
844
435
725
231
600
154
122
824
926
30
776
665
599
929
201
267
640
294
745
1302
688
148
777
975
146
1328
602
170
644
437
687
1048
709
1097
532
112
1044
866
512
212
170
1135
1253
422
54
111
665
1114
227
9
155
1212
730
1083
895
148
264
1197
749
522
37
289
1209
1183
1203
55
845
1252
930
478
223
80
823
349
880
507
1050
624
794
672
284
846
220
748
650
990
798
973
863
792
895
620
1088
129
339
840
1015
554
1107
128
561
810
484
701
1003
713
1070
260
1269
914
801
67
1153
194
347
347
338
86
1333
1366
990
1036
969
309
105
264
370
519
599
786
390
1075
335
928
1294
159
261
539
569
755
1127
286
1218
1093
633
816
1103
1202
421
562
997
1305
744
226
787
24
829
755
295
780
601
867
1098
170
161
1229
995
366
515
904
571
467
1323
393
999
1234
114
811
459
500
267
1130
60
0
604
833
1027
863
131
588
147
1248
132
406
109
535
116
1042
1357
19
924
474
1204
662
440
380
636
1133
175
164
108
113
792
775
9
1056
918
109
1151
150
876
7
156
79
465
618
622
679
114
1081
47
438
680
1349
1312
1152
391
1299
1206
777
1051
1364
917
828
1075
244
694
588
776
1372
1236
952
1264
1083
322
1321
1226
675
444
1326
705
1015
663
547
70
910
195
183
439
719
871
989
972
1309
153
194
458
103
118
653
569
1160
730
1089
1193
763
1364
37
611
1091
402
344
494
934
1193
1000
985
752
747
904
1162
951
309
606
609
571
111
759
253
219
285
867
744
5
1209
1140
170
539
1331
172
1221
380
247
155
518
508
1119
206
380
208
146
1281
135
558
457
388
1202
776
754
1152
801
1174
1266
294
85
693
1346
970
190
254
848
1126
154
760
317
617
16
1190
1068
1222
126
672
967
1273
138
1116
94
628
10
563
1181
723
690
83
730
1279
477
1307
718
197
1016
1177
969
576
812
25
83
250
1071
1197
328
529
705
233
185
1119
156
357
297
210
566
503
1371
282
294
688
1142
1214
852
856
344
93
674
378
942
1092
932
167
800
661
1212
718
799
310
248
237
575
272
214
162
1322
668
299
661
1075
332
191
968
520
1316
99
1062
622
488
43
632
311
1238
1115
768
1329
1247
395
502
357
771
953
315
448
849
1304
28
1022
320
62
1232
614
900
499
387
587
954
207
1224
1067
678
1211
565
499
78
1079
217
1218
56
679
46
713
57
1335
1077
555
507
639
1346
1302
1352
836
95
889
436
192
835
1295
916
297
1163
63
1228
805
148
1366
1041
566
365
1281
1022
742
383
426
1119
698
1013
322
1231
467
299
166
384
894
911
802
78
499
1211
601
456
562
479
1043
190
22
94
596
1003
1373
1117
1032
91
1206
1074
488
1087
646
1307
1072
517
519
523
1359
1297
999
828
755
1145
1286
972
643
850
175
1238
376
1276
955
393
556
792
209
415
1199
270
54
1261
1044
1238
1066
1008
1147
613
1212
180
657
532
1089
336
1331
1145
1234
286
276
277
588
132
1006
997
621
966
13
914
454
736
1181
604
1113
912
860
340
606
1163
301
1159
638
240
1027
1007
966
943
94
752
790
529
762
47
883
1162
668
201
95
323
553
301
96
890
850
141
518
161
1193
1166
1363
851
543
304
1077
1056
186
17
356
588
938
1268
848
1252
1341
265
1295
626
245
85
685
934
444
316
734
666
260
115
1110
603
39
717
1175
10
222
310
159
57
715
554
978
1099
359
1046
649
1045
714
750
1108
179
1023
867
354
1104
115
417
1107
506
1341
202
1243
1239
1035
767
643
1219
481
1050
51
271
1263
1077
917
953
369
116
176
1202
212
1317
1044
194
373
181
967
963
769
965
871
483
701
427
128
919
1126
764
1129
733
43
1210
674
190
221
872
1142
986
56
150
30
224
1059
1322
1049
868
433
496
48
569
127
904
722
925
1097
900
436
16
1369
147
1346
1110
806
930
1143
297
561
506
577
555
1050
942
926
445
614
465
759
344
195
1042
95
476
997
964
433
349
529
1117
1344
460
1228
368
694
215
343
405
41
325
1163
1162
958
757
760
885
1290
1043
881
519
343
