642
1229
87
764
363
1243
490
1111
1136
586
766
1353
1049
698
967
734
183
888
707
717
486
1322
1352
525
466
514
948
539
890
887
510
656
1357
793
467
88
751
396
818
591
40
933
1365
668
1286
681
486
103
468
1127
230
37
529
868
397
699
725
149
1053
782
95
1317
714
150
1304
483
565
734
954
782
1172
153
1029
848
49
869
1244
1028
930
951
816
953
750
1114
1046
1031
1092
25
958
1341
221
1170
108
946
150
1187
318
1007
70
253
11
362
43
252
896
1033
900
3
1074
741
1336
1285
31
871
965
1266
12
313
418
991
908
506
1124
181
325
1141
492
1298
879
410
763
1285
1081
176
1013
828
1143
1074
910
487
332
144
1116
443
1168
1136
574
1285
446
625
1334
1193
460
923
641
572
212
304
102
919
785
600
678
1212
11
393
187
170
980
816
735
152
1025
733
1285
1201
1225
1039
198
128
1013
1370
335
196
841
446
554
782
852
975
274
734
126
869
1069
885
87
139
348
485
1060
1088
296
903
1070
453
216
395
377
597
901
914
1034
384
486
220
532
226
759
1307
28
994
1247
1128
754
273
200
590
71
468
288
1036
935
440
1355
1193
92
368
770
1141
170
260
531
148
225
352
482
797
448
753
1351
1298
1087
999
1178
1154
73
633
1114
1128
483
1189
14
285
607
985
1026
987
465
231
1155
1074
665
1096
513
901
656
670
261
200
62
1023
326
732
918
590
371
159
828
112
862
1040
557
471
119
426
1358
516
1138
1003
707
540
804
478
1216
982
516
1284
831
652
142
816
430
318
195
979
589
1013
66
326
324
613
1080
126
796
700
648
346
1313
597
794
1180
1330
201
240
1299
276
324
584
1291
1025
889
47
634
1209
919
276
413
1326
1340
227
1285
432
282
461
233
405
1294
626
1251
584
1077
983
674
1179
993
521
611
1133
679
1140
882
948
269
930
584
528
617
273
978
241
958
256
770
1114
119
720
1144
1051
1155
1179
1117
1205
1161
1198
25
849
1029
1264
324
771
2
1338
109
1154
238
457
1210
600
1190
526
890
880
723
850
64
1372
1001
391
239
1123
1327
1185
833
1088
1115
1141
372
410
1233
694
194
436
1373
334
815
116
1240
546
475
400
909
847
1177
1330
1017
263
1280
963
46
700
36
152
691
214
599
1067
735
656
1116
873
374
1173
712
136
361
192
1305
734
360
190
106
198
630
105
449
132
387
816
16
96
958
676
374
711
512
1305
322
99
284
1122
686
838
923
573
1103
382
1164
8
352
622
66
1183
696
904
1341
1320
1176
238
1360
1133
1197
1070
491
869
937
304
856
808
1179
870
291
1130
1212
338
760
920
951
1142
335
574
1003
155
933
1274
1104
1142
987
812
1319
1054
468
182
370
993
1246
189
960
1131
1270
1349
876
1094
1324
281
1178
421
760
986
906
958
68
451
776
1192
1318
1173
323
1300
990
1268
503
139
755
484
536
1225
114
610
1305
567
1296
1249
682
303
462
226
229
230
5
668
761
887
288
513
1060
1235
495
366
1103
1047
1322
540
612
1231
1004
1051
860
375
67
461
1101
125
75
1014
547
1119
1373
143
1047
977
311
63
1003
1337
348
137
135
17
527
859
913
649
1128
386
534
700
1264
63
407
939
301
755
971
952
1201
466
723
695
828
498
643
1231
740
1361
45
773
1077
488
213
968
1364
446
682
193
663
987
867
892
1216
916
1298
165
262
1300
259
591
654
1231
1087
258
807
1180
187
1148
1089
201
1117
1139
615
911
425
1106
81
717
467
944
114
211
684
1161
796
316
1349
1034
999
754
182
811
598
971
505
1358
173
792
765
352
577
286
41
1248
104
606
771
206
126
232
395
228
1349
814
927
296
442
1174
884
1209
82
400
821
1169
1291
546
881
1289
1080
57
103
1098
264
370
634
251
646
681
479
215
282
1285
174
575
1014
1203
1133
285
809
979
6
972
751
703
649
1076
893
504
386
586
1330
874
15
553
385
25
1249
1179
20
552
170
560
1311
1294
846
422
828
315
830
170
1210
1070
257
706
10
428
665
1153
621
1092
1175
1186
882
1101
819
955
969
500
508
311
96
170
272
1124
1019
317
505
321
670
722
285
514
1208
408
551
937
634
453
903
1112
500
923
958
864
712
948
1186
486
83
294
564
1163
244
724
20
1304
388
992
29
750
29
1252
1114
294
359
758
595
773
1260
269
133
1138
697
1334
61
405
371
1178
375
864
946
425
514
333
557
804
1164
1203
196
234
598
798
515
232
1001
396
539
390
885
303
900
389
703
527
956
594
1180
638
743
644
1075
434
934
932
744
987
1012
324
824
935
802
1030
885
290
919
95
990
1192
350
97
747
566
284
908
1123
1240
537
244
1290
1073
773
916
287
258
1314
933
250
642
1202
47
1005
682
248
184
1070
972
468
1107
1002
1038
973
701
801
389
53
1374
1186
349
615
241
1364
502
569
21
155
453
128
783
16
472
109
553
1348
818
1264
1173
631
840
754
530
763
774
121
813
1065
227
36
881
484
948
16
733
233
929
1223
1302
1099
264
1267
1224
763
1230
1360
1205
1214
479
1143
443
1233
34
955
1031
337
337
228
33
817
972
93
947
1279
248
79
198
61
1188
1255
991
302
642
202
1356
1138
1133
9
350
1324
787
12
140
1189
645
949
806
695
1094
562
1071
53
528
514
895
1009
134
1200
252
671
1283
739
1319
13
1363
208
957
985
913
245
292
708
909
498
100
1013
289
684
797
642
488
354
457
569
46
2
1340
363
55
881
629
339
583
79
251
348
593
740
974
1256
395
502
1182
786
291
526
201
178
936
351
1342
822
14
1300
117
902
1114
137
315
560
1179
1162
1172
424
408
73
398
805
1160
959
1022
540
640
260
12
927
1365
136
1007
181
426
866
1266
1070
1310
1099
1121
1320
777
476
797
88
1040
441
1295
1262
854
704
746
361
429
1022
898
926
316
283
302
507
1
332
895
349
267
29
671
227
228
668
1145
369
256
592
1043
1081
462
650
468
472
973
722
729
322
1207
415
1314
633
1250
1284
1306
58
99
587
716
520
565
212
692
845
703
191
846
1194
26
330
1355
422
63
287
262
1068
504
967
1282
719
1135
521
68
965
1064
817
723
1126
1179
670
752
85
970
57
149
737
663
985
439
317
188
1163
34
512
397
361
1027
180
884
540
891
45
592
786
159
861
738
621
887
944
247
13
224
909
170
1245
51
1255
629
554
561
1238
512
1269
339
224
411
1227
283
326
1081
1242
652
408
1335
762
90
833
502
215
228
1163
997
801
129
546
713
297
1148
731
648
486
1175
603
77
567
1169
658
139
1180
334
217
211
760
878
562
117
941
607
104
187
708
225
247
1001
1280
1294
877
1163
223
1160
25
242
469
96
280
1111
9
700
349
419
742
1221
493
1300
471
146
591
1060
677
1259
914
962
1008
1319
1319
1031
290
1083
246
1341
720
80
1
871
1338
289
