4
5
3
3
8
9
8
9
11
14
15
14
13
15
17
16
16
19
21
22
20
23
24
23
24
29
29
32
33
33
35
32
35
33
36
37
36
37
38
39
45
43
44
46
44
46
49
47
50
51
54
52
56
55
59
59
56
59
58
64
64
64
62
65
65
69
71
69
73
70
75
75
74
73
78
75
76
78
80
80
80
85
86
85
84
90
86
91
89
90
93
93
97
95
96
98
96
98
100
102
100
101
107
106
106
105
111
111
113
114
115
111
116
117
116
119
120
117
120
123
120
123
126
128
125
125
129
127
132
133
133
135
135
133
135
137
138
141
138
144
142
145
142
147
149
145
146
149
150
151
155
153
157
153
158
160
160
160
162
163
165
165
167
168
166
170
171
167
173
170
173
173
176
175
179
175
179
179
181
183
183
185
184
186
185
190
191
187
190
193
194
193
195
198
195
199
196
198
201
204
203
205
204
206
205
210
210
211
213
209
210
216
216
215
216
216
217
219
220
219
224
223
225
228
228
230
228
228
228
233
234
232
235
236
237
238
241
238
238
240
245
245
246
244
249
250
251
248
248
251
252
251
254
258
258
260
260
259
258
259
264
261
266
268
266
268
266
271
268
272
275
272
273
276
275
279
281
281
278
283
280
281
285
283
287
290
287
291
292
292
293
296
294
293
297
297
297
299
301
299
303
302
306
304
305
308
307
309
312
309
311
311
315
313
319
319
320
318
320
323
321
322
322
325
324
326
327
332
332
333
335
331
337
335
334
337
337
340
339
343
344
346
342
344
346
345
350
347
351
353
352
356
356
353
356
355
358
362
360
360
360
365
363
368
369
369
368
367
371
369
375
375
372
373
377
378
376
382
378
384
382
385
386
383
389
386
391
387
390
393
393
391
395
396
397
396
396
401
398
403
402
406
405
403
405
407
406
408
408
413
412
411
414
417
418
416
420
417
420
424
425
424
422
426
429
426
426
431
428
433
433
434
435
436
439
436
436
440
441
440
445
445
442
445
446
449
451
450
449
449
451
453
454
455
458
455
457
459
461
462
460
465
462
465
466
468
467
467
473
474
470
472
475
475
476
475
478
481
481
484
484
485
484
483
487
488
490
487
490
490
495
494
496
494
494
495
496
497
500
502
500
502
504
507
507
510
509
508
512
514
510
516
515
514
514
515
516
519
519
519
521
522
522
528
526
528
526
529
533
533
532
533
534
534
537
535
540
538
542
544
543
546
545
547
547
547
551
552
552
549
552
552
554
556
554
555
560
558
558
563
560
563
565
566
564
568
571
570
569
573
572
573
572
578
577
576
576
582
582
582
580
586
585
584
586
588
589
592
588
593
594
591
595
597
597
599
596
597
599
601
605
603
604
603
607
610
606
611
609
609
613
611
616
614
619
619
620
620
620
621
621
622
622
624
628
628
631
627
633
632
630
632
633
634
635
637
639
641
638
642
644
643
642
648
646
650
650
650
648
650
650
655
652
658
654
660
657
658
661
660
664
663
664
664
668
667
669
668
672
674
675
673
675
674
677
678
679
679
680
681
680
685
682
685
685
685
689
692
690
689
691
696
697
698
694
700
697
698
703
702
704
703
703
706
707
708
706
707
711
714
715
716
717
716
717
716
717
719
721
722
722
726
725
723
727
730
730
729
731
729
732
735
737
735
738
739
736
739
741
739
742
746
747
746
747
746
746
752
751
750
754
753
755
753
759
758
758
760
763
763
761
762
765
767
764
768
771
769
769
773
773
776
774
774
779
776
780
779
783
783
785
785
785
788
786
785
788
787
790
791
792
795
795
796
798
797
800
798
798
804
800
803
806
803
806
805
809
812
810
811
813
814
817
817
814
815
816
820
820
821
822
824
824
826
827
829
826
829
831
831
831
836
836
835
836
838
840
839
839
843
845
844
842
848
847
848
850
850
853
852
853
855
854
857
858
857
856
862
862
864
865
862
863
864
866
869
867
872
869
874
871
872
875
874
874
879
880
882
882
879
880
885
887
883
885
887
887
891
892
889
890
895
893
894
895
895
896
900
898
901
902
906
904
903
908
909
910
910
909
912
911
916
915
916
918
915
917
922
921
922
924
921
926
928
928
929
926
928
929
931
934
936
934
937
936
939
937
941
939
940
943
945
945
948
947
949
949
949
951
954
955
951
955
953
955
957
958
960
961
962
965
963
967
963
967
969
969
968
969
973
974
972
975
974
976
978
980
977
981
984
985
981
987
988
989
987
988
992
990
992
990
993
996
995
994
995
1001
1000
1002
1003
1000
1005
1006
1008
1009
1009
1010
1011
1013
1009
1011
1015
1013
1015
1016
1016
1019
1020
1022
1024
1020
1022
1027
1027
1025
1030
1026
1032
1030
1032
1030
1032
1032
1036
1035
1038
1041
1038
1039
1039
1040
1042
1045
1046
1046
1048
1049
1052
1052
1049
1054
1052
1054
1058
1055
1057
1060
1057
1060
1063
1061
1064
1065
1068
1069
1065
1066
1071
1070
1070
1075
1074
1076
1077
1078
1078
1081
1078
1079
1082
1083
1084
1085
1086
1088
1088
1086
1092
1089
1091
1094
1094
1093
1096
1095
1099
1096
1101
1099
1104
1101
1104
1103
1105
1108
1110
1107
1109
1113
1112
1110
1114
1114
1118
1114
1120
1120
1120
1118
1122
1124
1126
1122
1128
1124
1130
1127
1127
1128
1132
1135
1133
1134
1135
1136
1139
1136
1138
1138
1139
1140
1143
1142
1143
1144
1146
1149
1151
1153
1154
1150
1153
1155
1157
1155
1157
1156
1160
1162
1161
1161
1165
1164
1167
1165
1169
1169
1167
1173
1169
1170
1176
1173
1176
1175
1179
1179
1177
1181
1181
1183
1186
1186
1188
1184
1186
1188
1187
1189
1191
1190
1193
1196
1195
1198
1195
1196
1201
1199
1200
1205
1206
1205
1208
1209
1205
1211
1212
1212
1213
1210
1213
1216
1216
1216
1220
1216
1220
1223
1221
1220
1225
1222
1223
1224
1230
1231
1231
1233
1230
1233
1233
1236
1238
1239
1236
1239
1242
1241
1244
1240
1245
1245
1244
1247
1248
1251
1252
1252
1253
1252
1255
1252
1253
1255
1260
1259
1259
1262
1259
1260
1263
1267
1264
1266
1267
1268
1270
1269
1274
1275
1276
1277
1275
1276
1277
1277
1281
1282
1282
1281
1285
1282
1287
1287
1289
1291
1292
1292
1289
1290
1291
1293
1298
1295
1300
1299
1302
1299
1303
1305
1304
1306
1306
1309
1307
1307
1312
1312
1314
1313
1316
1312
1316
1316
1317
1317
1320
1323
1320
1322
1326
1323
1323
1329
1325
1328
1327
1330
1330
1330
1335
1333
1338
1337
1335
1338
1338
1342
1342
1343
1344
1343
1343
1346
1346
1350
1348
1350
1350
1352
1354
1357
1357
1354
1356
1356
1358
1361
1360
1365
1361
1362
1365
1368
1365
1368
1369
1373
1370
1374
1376
1375
1374
1378
