3
6
7
7
6
10
11
12
8
10
13
11
15
15
15
15
21
17
18
20
24
21
26
24
28
25
30
31
28
31
30
33
36
35
39
38
41
40
41
44
43
42
44
47
46
49
50
47
48
53
55
53
53
56
57
55
58
58
58
60
64
63
64
66
67
70
69
67
68
73
71
74
72
78
77
80
80
80
78
81
84
86
82
88
88
88
87
90
90
93
92
91
92
96
96
99
101
101
98
103
105
101
105
106
107
106
111
108
112
114
113
114
115
113
119
119
120
118
118
124
123
125
125
124
127
127
126
127
132
129
131
136
133
135
134
139
137
142
140
142
141
143
142
144
145
146
148
150
148
152
151
154
153
156
159
157
160
162
158
160
162
163
164
163
164
169
168
172
169
171
175
176
173
176
175
179
177
178
179
180
181
185
187
185
185
189
190
188
192
190
194
196
195
196
198
198
196
197
200
200
205
206
206
207
205
210
210
207
211
209
210
215
213
216
219
215
220
217
223
220
222
226
225
226
224
230
229
231
231
232
230
235
234
236
236
240
238
238
241
244
245
245
242
248
245
245
250
247
251
253
251
255
255
255
255
256
261
259
258
262
264
265
263
267
268
268
271
267
271
272
272
272
274
273
277
276
281
282
280
283
282
281
285
285
288
288
288
290
288
290
290
291
292
295
297
296
296
302
302
304
303
306
307
308
307
309
308
312
312
309
310
313
315
318
314
320
318
320
318
323
325
322
324
326
325
328
327
330
329
331
334
331
334
338
339
337
339
342
343
342
341
346
343
347
348
349
350
347
349
352
354
353
357
355
355
359
358
360
358
363
365
361
366
366
368
369
367
371
372
371
371
374
376
373
375
380
379
381
381
382
380
385
382
387
389
386
387
388
389
394
395
395
393
397
395
397
400
398
402
399
405
402
403
407
408
410
407
409
412
410
414
415
413
415
417
416
417
419
421
424
421
423
423
425
429
427
430
430
431
433
434
435
434
433
438
439
436
442
440
443
440
441
444
447
446
450
450
451
452
449
452
454
457
455
459
457
459
460
459
462
460
461
462
466
469
466
471
469
471
470
471
473
476
476
475
477
476
479
479
482
481
481
486
483
485
485
488
492
491
493
492
494
492
495
495
497
496
502
500
503
500
501
505
503
509
507
507
508
510
510
514
516
517
514
517
515
518
522
518
519
524
524
526
526
527
528
527
527
528
534
534
535
533
536
539
537
539
538
539
540
544
544
543
543
544
550
550
552
548
549
553
552
556
557
557
559
559
562
559
560
565
562
566
567
567
570
566
572
571
569
575
573
577
578
579
575
581
579
579
580
583
581
586
587
586
588
586
592
588
594
593
596
592
595
598
597
601
598
600
603
602
606
607
606
605
609
611
610
609
610
613
613
614
613
616
619
616
620
622
622
622
625
626
628
628
626
627
631
633
632
634
635
634
635
639
640
638
639
643
643
642
645
642
648
647
645
650
647
648
654
651
656
653
658
657
656
656
659
662
659
660
664
662
668
668
666
667
671
673
673
670
673
672
677
675
679
677
682
682
682
682
681
687
686
688
687
688
688
690
694
691
695
692
698
697
695
700
697
698
701
703
706
702
705
707
706
709
709
710
711
711
711
717
716
718
715
721
719
721
721
724
722
723
725
728
729
727
728
732
732
732
732
733
733
738
740
737
741
738
743
744
743
745
744
744
747
747
748
752
754
753
755
754
753
758
757
760
761
762
761
761
763
763
768
764
768
770
772
772
770
772
774
774
775
778
779
777
777
779
783
785
784
782
787
786
785
787
788
789
791
793
796
797
796
798
797
798
801
799
804
805
805
803
805
808
810
807
811
811
811
813
811
816
818
815
818
817
820
821
823
821
823
825
825
826
828
831
832
833
830
832
834
834
833
839
840
836
837
838
839
840
843
846
844
848
846
847
850
853
852
854
856
857
858
859
858
859
859
862
861
865
865
862
868
868
868
867
871
870
873
871
874
875
877
875
879
878
882
883
881
882
886
887
883
888
890
889
890
889
891
893
892
893
896
894
897
899
898
901
902
905
904
906
908
905
909
906
909
908
911
910
916
915
914
917
919
917
921
919
919
922
922
925
923
924
930
928
932
931
934
931
931
933
933
938
938
941
941
939
942
942
945
947
945
949
948
947
952
950
952
952
955
955
957
954
957
959
958
961
960
961
962
965
965
965
967
967
969
971
969
975
975
975
978
979
978
981
982
978
979
981
983
986
985
987
990
990
991
991
993
993
993
993
998
994
996
999
1000
1001
1000
1000
1004
1006
1008
1005
1008
1011
1008
1008
1013
1013
1013
1012
1014
1019
1016
1018
1019
1018
1019
1025
1021
1026
1028
1025
1027
1029
1031
1030
1030
1030
1032
1033
1033
1039
1037
1038
1040
1042
1041
1045
1043
1046
1045
1046
1049
1049
1048
1051
1049
1052
1056
1056
1053
1054
1060
1056
1061
1061
1061
1065
1066
1067
1065
1069
1069
1066
1072
1068
1072
1075
1075
1077
1077
1076
1076
1078
1081
1079
1084
1080
1086
1086
1085
1088
1088
1091
1092
1092
1093
1093
1095
1094
1094
1095
1096
1100
1102
1098
1104
1105
1106
1104
1105
1104
1109
1110
1109
1112
1111
1113
1113
1112
1114
1118
1120
1118
1122
1120
1119
1123
1121
1126
1126
1127
1127
1131
1129
1132
1132
1135
1132
1137
1133
1137
1138
1137
1139
1140
1143
1145
1142
1147
1144
1146
1148
1150
1148
1152
1153
1150
1154
1157
1155
1155
1157
1158
1160
1158
1163
1161
1161
1163
1164
1164
1170
1170
1169
1171
1173
1175
1171
1173
1174
1177
1175
1180
1179
1182
1184
1185
1182
1187
1183
1185
1187
1186
1190
1188
1193
1193
1192
1196
1197
1194
1196
1201
1200
1201
1200
1201
1202
1202
1203
1204
1205
1210
1210
1212
1210
1212
1214
1215
1215
1217
1218
1219
1220
1219
1219
1225
1223
1225
1223
1228
1226
1227
1228
1233
1232
1231
1236
1234
1237
1234
1240
1238
1237
1238
1241
1242
1245
1247
1243
1248
1246
1248
1250
1253
1252
1250
1253
1256
1256
1257
1260
1258
1260
1261
1263
1262
1261
1262
1263
1265
1268
1271
1272
1269
1273
1270
1274
1274
1275
1279
1279
1276
1280
1283
1282
1283
1283
1287
1284
1286
1287
1291
1288
1288
1289
1292
1292
1296
1296
1295
1295
1298
1299
1303
1303
1305
1302
1305
1305
1306
1305
1309
1309
1310
1314
1313
1313
1312
1313
1315
1319
1320
1322
1323
1320
1320
1323
1322
1323
1329
1327
1327
1328
1329
1332
1332
1334
1333
1338
1337
1337
1340
1342
1339
1340
1345
1344
1347
1348
1346
1348
1347
1348
1348
1349
1350
1352
1357
1354
1359
1358
1356
1359
1358
1363
1361
1363
1367
1365
1369
1368
1369
1372
1368
1373
1375
1376
1372
1378
1379
