0
4
7
5
4
5
11
10
9
13
11
14
13
17
19
17
19
20
21
24
24
26
24
26
28
30
27
28
30
30
35
33
32
34
34
40
41
37
38
39
44
43
47
46
46
48
48
52
50
50
52
53
53
58
55
59
56
61
62
62
63
62
63
67
64
70
71
72
71
72
75
72
74
74
77
78
77
79
80
81
84
81
84
87
85
88
87
87
90
92
91
91
93
93
97
99
98
98
102
101
105
105
103
104
108
109
110
111
111
111
115
115
112
113
117
115
118
117
123
123
121
123
127
128
126
127
127
127
129
132
135
133
137
134
138
135
137
142
139
140
145
146
147
146
147
147
146
152
152
153
151
151
154
156
155
156
156
162
158
160
162
165
163
167
168
169
167
168
171
174
173
173
177
176
177
178
181
178
178
184
183
186
185
187
186
185
190
189
190
191
195
191
197
194
197
198
198
202
200
204
202
205
205
204
208
205
208
211
213
209
214
214
216
217
214
217
216
221
219
219
220
223
224
224
225
228
227
230
231
229
230
234
232
238
236
236
240
238
238
240
241
246
243
247
249
247
247
249
249
251
250
255
252
258
255
257
260
261
260
260
265
264
267
263
264
266
269
272
270
274
270
272
276
277
278
279
278
282
278
280
285
282
282
287
288
290
288
287
292
289
295
292
294
296
296
296
297
297
300
303
300
306
304
303
304
306
308
307
311
312
314
314
316
315
314
319
321
321
321
323
324
325
322
324
324
328
327
329
328
331
335
335
335
333
337
339
341
338
339
343
343
344
344
343
348
347
351
347
349
351
351
354
354
358
355
359
358
362
361
364
364
365
364
368
367
368
371
370
368
373
372
373
375
374
375
379
380
377
380
382
381
382
386
388
386
385
387
391
391
394
393
395
395
395
396
397
396
399
400
402
405
406
405
408
406
408
408
408
410
410
415
413
415
415
414
415
420
417
420
421
424
421
423
426
428
428
429
429
429
431
435
431
436
436
434
437
440
441
441
440
440
441
447
443
447
445
451
452
450
452
452
452
456
456
455
460
459
457
462
463
463
466
463
463
469
470
469
471
472
469
474
472
476
473
475
475
478
477
480
482
485
484
487
486
484
489
487
490
488
494
494
494
494
498
494
498
501
497
498
500
505
506
504
506
509
508
508
510
511
512
512
515
513
514
519
519
517
517
518
519
521
521
527
524
524
529
531
532
532
532
534
533
535
535
539
535
540
537
540
539
543
545
546
543
548
548
550
549
553
553
555
551
555
558
555
560
561
562
560
564
560
563
562
567
564
566
567
572
572
571
570
571
575
578
579
575
577
577
582
582
584
585
583
584
588
586
591
591
589
592
594
593
595
595
594
599
601
601
601
603
604
601
603
606
608
609
610
607
611
609
612
613
612
616
615
619
619
618
619
622
623
621
623
623
628
628
628
631
628
631
631
634
635
637
635
640
638
637
638
644
641
641
642
643
648
647
648
648
652
654
651
651
654
654
654
656
657
657
661
664
662
663
662
668
667
667
669
670
668
674
673
675
675
676
678
678
680
677
683
683
684
685
686
687
688
686
691
687
692
692
692
694
695
697
699
699
697
698
703
704
703
705
703
704
707
706
709
711
710
713
712
715
715
717
718
715
717
721
723
723
723
721
727
723
724
725
728
728
730
731
731
735
732
733
736
739
736
739
738
744
740
742
742
748
749
747
749
749
753
753
754
756
752
753
755
759
760
757
760
759
760
766
765
763
764
765
770
767
771
770
770
775
776
778
774
780
781
781
779
783
783
785
786
784
786
790
787
790
792
792
792
791
793
798
796
800
800
802
802
803
805
806
805
806
808
805
810
809
808
813
813
814
815
817
819
818
817
822
818
824
821
824
822
827
824
829
830
829
832
829
835
831
834
836
837
837
837
838
839
841
844
845
842
843
844
846
850
848
853
849
850
851
857
857
854
856
860
859
861
864
862
863
862
867
868
865
870
870
872
869
874
871
877
873
878
876
877
877
882
884
880
884
883
887
885
888
891
889
888
891
893
894
897
893
897
897
900
899
898
900
904
904
907
905
905
908
909
911
913
911
912
915
917
918
915
918
917
920
923
920
920
925
923
928
928
927
931
928
931
931
934
935
934
937
938
938
941
937
939
942
942
943
942
947
949
947
947
951
952
949
955
953
954
954
957
956
958
959
958
961
964
961
962
968
965
970
971
969
971
974
971
971
976
977
974
976
979
978
979
983
980
981
984
986
984
985
991
992
993
990
990
992
993
993
994
999
996
1002
999
1004
1003
1005
1003
1004
1009
1005
1006
1012
1009
1009
1011
1015
1014
1015
1018
1015
1017
1020
1019
1022
1024
1026
1024
1027
1026
1027
1031
1032
1030
1030
1035
1036
1037
1035
1038
1040
1038
1042
1042
1039
1040
1044
1045
1047
1048
1048
1046
1048
1052
1051
1051
1055
1053
1058
1054
1055
1059
1059
1063
1064
1064
1061
1067
1065
1064
1069
1070
1070
1073
1074
1073
1076
1077
1075
1077
1080
1076
1080
1080
1083
1081
1084
1086
1084
1089
1088
1087
1089
1091
1092
1094
1093
1093
1096
1095
1099
1100
1097
1101
1099
1100
1103
1107
1107
1104
1107
1110
1107
1112
1112
1115
1116
1114
1117
1118
1116
1117
1122
1119
1119
1121
1126
1123
1126
1124
1125
1131
1130
1131
1134
1132
1133
1133
1137
1134
1136
1140
1138
1140
1143
1143
1146
1146
1146
1147
1149
1149
1147
1151
1152
1150
1156
1155
1153
1158
1155
1160
1157
1160
1163
1165
1165
1167
1163
1167
1170
1168
1170
1171
1171
1173
1176
1174
1178
1177
1179
1178
1178
1182
1184
1181
1181
1185
1183
1185
1186
1189
1187
1193
1192
1190
1196
1194
1195
1196
1196
1198
1199
1201
1199
1203
1202
1205
1208
1205
1205
1211
1210
1208
1211
1215
1214
1212
1218
1214
1215
1217
1218
1219
1223
1223
1221
1223
1223
1228
1226
1231
1232
1230
1233
1234
1235
1236
1235
1239
1239
1236
1242
1241
1243
1245
1246
1243
1244
1248
1247
1246
1251
1249
1254
1250
1254
1256
1257
1257
1256
1258
1257
1260
1260
1263
1263
1263
1268
1268
1270
1266
1271
1271
1271
1270
1271
1276
1277
1277
1275
1280
1277
1279
1284
1285
1286
1287
1283
1285
1287
1288
1288
1293
1290
1293
1291
1293
1294
1298
1296
1296
1300
1301
1303
1303
1304
1305
1305
1307
1307
1307
1311
1310
1312
1312
1313
1314
1317
1318
1318
1317
1318
1322
1323
1323
1326
1322
1324
1328
1328
1330
1327
1333
1331
1331
1336
1335
1336
1334
1337
1340
1337
1338
1339
1343
1341
1346
1344
1349
1346
1351
1348
1353
1353
1351
1354
1356
1357
1354
1356
1356
1358
1358
1359
1364
1365
1365
1366
1364
1366
1370
1367
1372
1372
1371
1375
1375
1375
1374
