4
6
4
7
6
7
7
8
10
10
14
11
15
14
15
16
18
17
18
22
22
25
27
25
27
30
29
29
32
32
33
31
32
36
36
40
36
41
38
40
40
46
43
48
49
46
48
51
53
53
53
53
54
53
57
57
59
57
63
61
64
62
66
68
66
66
68
67
72
73
71
74
77
75
77
75
77
81
83
80
80
81
83
88
84
85
86
88
91
92
94
94
96
97
99
96
101
100
101
104
105
102
106
103
108
110
111
110
111
113
112
111
112
116
115
116
116
119
123
124
121
124
123
123
129
125
130
129
130
130
134
136
135
135
139
136
136
137
141
140
142
146
146
145
147
147
149
151
151
149
151
155
157
157
159
160
156
160
162
164
160
161
165
168
166
169
166
167
169
170
171
176
177
178
174
176
181
180
180
179
182
181
183
184
185
185
190
191
190
191
192
192
193
193
198
199
200
200
200
202
204
205
203
208
209
208
207
209
213
209
214
213
214
216
216
218
218
218
218
221
220
224
222
224
224
228
226
232
233
229
235
236
233
237
237
236
241
241
241
242
243
243
243
243
245
245
247
252
251
250
254
251
254
258
255
259
257
257
258
262
264
265
265
265
268
268
266
269
269
272
272
273
273
274
277
277
276
277
280
282
281
283
283
288
287
286
287
291
293
292
290
293
292
293
298
296
301
301
303
303
305
306
306
308
308
306
306
307
313
311
313
314
313
316
315
318
316
319
319
321
323
321
322
325
328
328
326
331
332
334
333
335
332
334
336
339
339
341
340
339
340
342
342
347
349
347
349
347
353
354
351
355
353
354
355
359
356
357
359
360
362
362
362
367
367
367
367
371
370
372
373
374
376
377
377
377
381
381
380
384
381
386
386
384
384
388
387
392
393
389
390
396
395
397
395
397
396
401
403
399
401
406
405
407
404
405
407
412
413
411
413
412
412
416
419
420
417
422
422
419
421
425
426
427
428
425
426
431
433
431
434
433
435
436
437
435
438
439
443
439
442
444
447
448
444
450
447
448
452
454
454
451
457
458
457
455
459
457
459
461
462
465
462
466
468
469
469
467
472
473
475
473
473
473
478
475
481
481
478
484
480
486
487
485
487
486
486
491
492
489
495
491
497
498
498
497
497
499
502
500
504
505
504
503
505
508
506
509
511
509
513
514
514
516
517
515
516
517
522
520
523
522
527
526
527
526
531
527
529
531
530
535
536
533
537
537
539
539
540
544
541
545
542
544
546
549
548
548
553
552
553
552
554
553
559
557
560
557
562
560
560
564
562
567
564
570
567
568
572
574
570
571
573
575
574
578
580
580
580
581
582
586
587
588
589
589
590
588
590
594
591
591
592
596
595
598
600
598
600
600
605
604
607
608
606
605
607
608
613
610
615
613
617
613
618
618
616
621
619
623
623
621
623
627
627
629
627
629
630
632
633
636
635
633
635
635
636
639
641
641
642
644
647
643
649
645
647
652
650
649
652
651
653
657
659
656
658
657
662
663
665
665
667
667
668
668
671
668
672
672
671
675
674
676
676
675
681
681
679
681
681
681
684
685
686
688
687
690
691
691
695
695
692
698
698
700
700
697
700
704
701
705
705
703
708
707
708
707
711
710
714
713
713
718
715
716
716
721
721
720
723
726
727
724
729
726
730
728
733
732
735
736
733
736
738
740
739
737
738
742
740
742
747
744
744
745
749
752
753
750
753
753
755
753
755
757
760
757
758
761
763
761
767
767
765
769
771
770
768
772
773
773
775
773
779
779
779
779
781
784
784
785
786
788
784
788
788
790
789
789
793
796
795
797
794
798
798
798
799
803
804
806
805
803
804
809
811
808
808
809
814
815
813
816
815
815
818
818
819
824
825
821
822
825
826
825
828
831
830
831
834
835
837
836
836
836
837
837
840
840
841
844
844
847
846
845
850
847
852
851
851
852
855
858
854
858
856
860
859
864
860
862
862
867
864
865
869
868
871
869
870
872
875
874
876
880
881
877
881
882
884
885
884
885
884
888
890
888
891
891
892
892
893
893
898
899
899
901
901
902
904
906
905
905
905
905
911
908
909
914
912
916
915
914
918
916
917
922
923
923
924
921
924
926
927
928
930
932
930
930
933
935
936
934
938
935
940
941
942
941
943
941
942
943
949
947
948
950
951
954
950
956
953
958
957
955
958
960
961
959
965
962
964
964
969
968
967
972
972
973
971
973
977
975
977
980
979
977
978
983
982
983
987
987
984
990
986
990
992
990
992
993
997
994
998
999
1001
997
1000
999
1002
1003
1005
1005
1008
1005
1009
1012
1009
1010
1011
1015
1013
1013
1015
1019
1018
1021
1021
1020
1024
1023
1027
1026
1025
1030
1029
1028
1028
1033
1034
1032
1032
1036
1036
1040
1040
1041
1042
1040
1044
1046
1043
1047
1047
1047
1051
1047
1053
1053
1054
1051
1052
1056
1059
1056
1058
1057
1063
1059
1061
1063
1065
1065
1066
1069
1070
1070
1069
1069
1071
1076
1075
1073
1076
1075
1080
1079
1079
1083
1083
1086
1085
1083
1086
1086
1088
1091
1090
1091
1090
1094
1097
1096
1098
1095
1098
1101
1099
1103
1104
1102
1103
1103
1105
1108
1107
1111
1109
1110
1112
1114
1113
1113
1114
1120
1119
1118
1119
1123
1125
1126
1123
1125
1127
1128
1127
1129
1131
1132
1134
1131
1137
1136
1136
1137
1141
1141
1138
1141
1141
1146
1147
1147
1145
1147
1147
1151
1152
1153
1150
1154
1154
1158
1159
1155
1161
1161
1158
1160
1165
1161
1163
1167
1164
1167
1169
1172
1172
1169
1175
1171
1173
1177
1177
1179
1179
1178
1181
1181
1180
1182
1185
1184
1184
1186
1186
1190
1188
1190
1194
1193
1193
1195
1196
1196
1200
1201
1202
1201
1202
1201
1207
1207
1204
1206
1208
1210
1208
1210
1211
1212
1217
1216
1217
1217
1218
1222
1223
1222
1222
1221
1224
1228
1224
1225
1228
1230
1228
1234
1235
1236
1235
1234
1237
1237
1236
1241
1243
1242
1243
1242
1244
1246
1247
1246
1247
1248
1253
1249
1253
1256
1253
1258
1256
1256
1258
1257
1259
1263
1262
1264
1267
1263
1264
1269
1268
1267
1268
1274
1275
1274
1273
1277
1276
1280
1281
1277
1279
1281
1283
1281
1287
1283
1285
1289
1288
1292
1292
1294
1290
1295
1297
1293
1294
1296
1296
1302
1302
1302
1305
1303
1307
1308
1305
1310
1309
1312
1309
1312
1310
1315
1315
1318
1319
1315
1319
1320
1319
1322
1320
1324
1325
1326
1324
1328
1327
1330
1328
1334
1333
1335
1333
1337
1334
1338
1338
1338
1341
1342
1342
1341
1347
1344
1345
1348
1348
1350
1348
1352
1351
1355
1357
1353
1355
1356
1360
1361
1358
1360
1360
1365
1362
1363
1365
1368
1370
1369
1373
1373
1375
1371
1372
1378
1375
