3
1
5
4
6
7
6
8
10
9
12
13
16
15
17
20
17
18
19
22
20
26
23
27
25
27
26
32
30
34
34
36
37
38
37
38
36
40
43
44
40
43
42
45
44
45
46
47
52
50
53
52
53
56
58
58
57
59
60
64
65
62
63
63
69
65
67
68
73
72
74
75
74
76
76
77
79
78
78
79
81
86
84
84
84
90
90
90
91
90
93
91
92
96
97
96
99
99
99
104
105
105
103
108
107
106
108
107
110
114
115
115
114
116
115
120
120
117
118
122
124
121
125
127
126
129
126
132
132
133
130
132
136
135
136
136
139
141
141
139
144
145
143
144
145
150
148
149
150
152
154
154
156
154
155
158
156
160
162
164
160
166
164
168
164
169
166
168
168
174
171
171
177
175
178
178
180
177
178
182
182
184
183
183
188
189
191
188
193
194
192
192
193
194
194
197
197
197
200
203
201
203
207
207
209
210
211
210
209
213
214
213
217
218
214
215
217
222
218
224
223
226
224
223
227
230
228
227
229
229
235
235
236
235
234
236
241
240
239
243
245
243
244
243
246
249
247
252
250
252
255
252
257
256
259
257
257
260
262
262
262
261
264
267
265
265
267
268
273
273
273
271
276
276
275
279
278
282
278
281
284
282
283
283
285
290
290
291
293
289
293
295
292
294
295
296
300
302
302
301
300
304
304
305
306
309
310
308
313
309
311
313
315
318
319
316
317
320
320
320
324
322
326
324
324
328
330
327
332
330
330
331
335
334
336
337
338
339
339
342
344
344
343
345
348
348
346
349
353
351
351
355
354
358
359
358
360
361
361
359
364
364
364
368
365
370
366
372
369
371
372
375
376
378
377
375
376
380
381
384
383
386
386
386
384
385
391
391
388
391
394
394
394
395
394
399
396
402
400
401
400
403
406
408
404
407
408
411
411
410
410
414
413
417
415
420
416
417
423
419
422
421
425
423
427
427
429
432
430
434
432
435
432
437
438
440
439
438
438
440
445
442
444
448
446
450
451
449
452
451
452
454
454
456
456
456
460
458
461
464
465
464
467
463
465
470
468
468
472
469
475
472
476
476
477
480
477
478
481
482
480
483
484
486
489
488
487
488
491
492
491
495
496
493
495
495
496
497
498
504
500
505
507
507
509
506
511
507
512
514
512
512
513
514
515
519
518
521
523
524
522
526
523
523
524
529
529
529
530
534
531
533
533
535
537
535
540
541
542
543
544
545
546
545
544
546
549
551
551
551
553
553
556
553
554
559
560
558
562
561
560
566
562
568
567
570
566
567
571
569
570
576
575
574
574
578
580
577
583
582
585
583
583
583
585
589
586
592
588
594
595
591
597
594
599
597
601
600
598
603
605
604
607
608
607
607
608
610
610
614
615
613
616
617
618
618
620
620
619
621
620
624
626
626
629
628
628
628
628
634
631
633
633
634
635
636
637
639
642
642
642
641
645
643
646
645
649
649
653
649
650
653
653
654
656
655
658
661
661
663
665
665
662
665
669
666
666
668
671
670
674
672
677
674
679
678
678
681
681
683
680
685
683
684
688
686
691
691
693
693
694
692
696
693
698
697
698
700
701
699
705
703
702
705
707
708
711
712
711
711
711
716
716
716
714
719
718
722
723
723
722
724
723
723
725
728
730
730
729
732
731
731
732
738
735
738
738
739
742
740
743
743
745
744
744
747
746
752
748
754
752
752
757
757
758
757
758
757
763
764
762
761
765
768
765
765
768
768
772
774
771
773
774
774
775
778
776
780
778
781
780
783
785
785
787
789
788
791
791
793
790
794
796
793
794
799
798
800
802
803
800
805
806
804
809
808
806
812
808
812
810
813
812
814
814
818
820
821
820
821
824
824
822
827
825
825
831
829
830
830
833
834
834
838
834
838
838
842
839
842
843
843
847
845
849
845
851
852
848
850
855
854
855
853
859
858
859
858
858
862
865
866
862
867
865
868
867
868
871
869
874
872
876
874
878
879
879
880
881
879
882
884
884
885
889
890
890
888
892
893
890
895
897
895
894
900
900
902
902
900
900
906
907
906
909
905
908
907
912
912
914
914
914
917
917
915
916
918
919
920
924
923
922
926
928
929
926
927
929
930
935
931
937
933
936
940
936
941
942
939
941
943
946
947
945
947
950
947
951
950
955
954
952
955
955
959
961
957
958
960
962
961
967
964
964
965
968
969
969
974
970
971
974
974
975
975
977
979
980
979
981
986
985
986
985
985
988
987
989
990
994
993
992
994
999
999
1001
997
999
1001
1000
1005
1002
1006
1009
1010
1006
1010
1010
1011
1011
1012
1017
1013
1017
1017
1019
1018
1019
1021
1021
1023
1026
1024
1028
1026
1029
1028
1030
1032
1030
1034
1037
1037
1037
1040
1039
1039
1043
1039
1040
1043
1047
1043
1045
1047
1047
1050
1050
1050
1053
1053
1052
1053
1055
1060
1057
1059
1063
1060
1064
1065
1062
1068
1069
1070
1066
1072
1072
1074
1074
1074
1075
1076
1074
1075
1079
1079
1083
1081
1082
1085
1082
1088
1085
1085
1087
1091
1090
1092
1094
1092
1093
1097
1094
1098
1097
1099
1101
1099
1105
1103
1103
1106
1109
1110
1109
1111
1112
1112
1111
1113
1112
1113
1114
1120
1120
1118
1120
1121
1120
1122
1124
1124
1125
1125
1128
1131
1131
1130
1133
1131
1134
1136
1136
1137
1137
1138
1140
1142
1144
1146
1144
1146
1144
1146
1148
1152
1151
1154
1154
1152
1156
1158
1156
1157
1157
1159
1158
1162
1160
1165
1166
1167
1168
1165
1166
1171
1170
1169
1170
1171
1176
1174
1179
1180
1176
1182
1181
1183
1182
1182
1184
1188
1188
1187
1186
1187
1189
1190
1190
1193
1192
1195
1199
1200
1198
1197
1203
1201
1205
1202
1207
1208
1204
1205
1210
1212
1211
1213
1213
1213
1216
1218
1214
1220
1218
1217
1218
1222
1221
1222
1225
1225
1227
1227
1227
1227
1231
1233
1235
1231
1234
1235
1236
1239
1238
1238
1241
1243
1244
1245
1245
1247
1244
1246
1251
1248
1251
1249
1250
1251
1257
1256
1259
1256
1261
1262
1261
1261
1265
1262
1265
1267
1269
1267
1266
1268
1269
1271
1272
1276
1273
1274
1275
1279
1281
1279
1283
1282
1285
1284
1286
1283
1284
1289
1289
1289
1291
1291
1294
1291
1297
1297
1297
1299
1297
1302
1299
1302
1303
1303
1305
1303
1308
1306
1306
1312
1310
1311
1310
1311
1316
1316
1316
1319
1317
1318
1321
1323
1324
1324
1327
1327
1324
1327
1328
1330
1331
1329
1333
1334
1333
1334
1335
1338
1336
1342
1338
1339
1341
1341
1346
1346
1345
1350
1348
1351
1352
1349
1352
1353
1355
1357
1354
1356
1357
1359
1358
1362
1360
1364
1366
1366
1365
1369
1366
1367
1370
1369
1375
1376
1373
1377
1379
