2
3
5
4
6
6
8
7
8
13
12
13
17
17
18
15
21
21
21
23
21
26
26
27
27
26
28
30
29
32
33
35
35
34
34
37
41
40
40
39
43
46
43
45
45
47
51
48
50
52
52
51
57
57
59
59
56
60
58
60
62
63
65
65
66
68
66
72
71
72
75
76
76
76
74
79
76
77
78
80
82
86
86
84
84
90
91
89
93
94
94
94
93
93
99
98
99
99
100
104
105
104
102
106
109
106
108
111
110
112
110
114
117
114
114
119
117
120
120
119
123
124
124
127
124
125
127
130
130
130
135
131
137
133
139
135
137
140
143
143
140
145
142
146
146
150
149
150
150
152
155
156
153
158
157
156
161
157
159
162
162
164
166
166
167
165
168
170
173
171
175
175
174
173
176
180
178
177
183
181
182
181
184
184
184
185
190
189
192
192
193
193
197
198
198
196
200
199
199
201
204
206
202
205
206
206
211
209
209
212
213
212
212
215
219
215
220
222
218
222
222
226
226
223
227
227
231
228
229
232
234
236
234
237
238
237
241
242
239
241
244
244
243
245
247
249
246
251
253
250
250
252
257
257
259
259
260
259
262
260
262
264
265
266
269
269
266
268
269
273
273
272
277
278
279
275
280
277
283
283
285
285
283
284
286
290
289
287
292
292
292
293
292
295
299
296
300
302
303
301
301
305
305
308
308
305
310
312
310
309
315
313
314
315
319
318
316
320
319
319
322
325
327
328
327
329
330
328
328
334
334
333
337
337
339
337
341
339
343
343
345
342
342
347
349
349
346
350
349
353
351
356
352
358
357
359
359
357
361
361
361
365
362
365
366
370
370
371
373
373
374
372
374
377
377
376
379
381
382
381
385
383
387
386
386
390
389
390
390
393
390
395
394
395
398
396
398
397
401
402
404
403
407
403
406
408
406
408
412
412
413
415
414
417
414
416
417
422
419
423
425
426
422
425
428
427
427
428
430
429
433
433
435
437
434
440
436
439
442
442
443
444
447
444
444
448
446
449
448
450
455
454
454
458
454
455
461
459
460
463
460
464
467
466
468
467
471
467
473
471
473
476
474
476
474
478
479
482
483
479
483
484
486
485
487
486
486
487
493
491
492
495
496
498
497
496
501
497
503
500
500
501
505
507
504
509
509
507
513
511
510
511
516
514
515
517
520
522
518
524
524
525
524
528
525
525
530
531
533
530
534
532
537
535
534
539
537
538
538
544
544
545
543
545
547
550
547
547
550
551
554
551
556
558
555
556
560
557
558
560
563
565
567
564
566
565
567
568
573
569
572
572
576
575
576
576
578
579
581
583
584
585
586
587
589
586
587
588
592
591
591
594
596
595
597
598
601
598
599
603
603
605
604
603
605
605
607
611
608
612
615
611
616
615
615
617
620
619
621
619
621
622
623
626
629
625
629
631
632
632
635
633
633
636
638
636
636
637
642
641
642
641
643
645
644
646
646
648
650
649
651
651
652
656
658
658
658
660
660
661
662
665
663
668
668
669
671
671
673
674
670
671
675
678
674
677
676
680
679
681
684
683
686
686
686
690
690
692
688
690
692
692
696
698
694
695
700
698
702
700
702
701
703
706
705
710
708
709
713
712
712
716
713
718
718
720
717
718
722
724
723
724
724
726
726
729
731
728
732
733
734
734
733
734
738
738
740
741
740
742
745
746
746
747
749
750
748
749
748
752
753
753
752
758
755
755
761
760
760
764
763
762
767
767
768
770
766
770
768
769
773
772
777
778
776
779
778
778
782
782
782
785
784
784
786
789
790
787
790
789
794
791
795
796
797
800
796
797
801
801
801
804
802
803
808
808
811
811
808
813
812
815
816
817
817
820
818
819
820
824
825
821
823
826
826
830
827
828
828
833
833
835
832
836
837
835
839
839
842
842
845
844
845
843
847
847
849
847
848
852
852
852
852
854
854
857
859
858
862
859
860
865
866
864
867
869
866
868
871
873
870
875
873
874
876
875
881
878
880
879
885
885
882
884
886
887
890
888
890
890
891
895
897
896
898
896
901
898
901
902
904
906
905
904
907
910
908
911
913
909
915
913
913
915
914
918
917
919
920
921
924
924
925
923
926
925
930
930
930
931
935
936
933
935
935
940
940
940
941
941
945
945
946
943
948
948
951
947
950
954
954
952
956
955
956
955
956
957
961
960
963
965
967
968
965
969
966
972
968
972
972
971
975
974
975
977
978
978
982
980
985
981
985
988
988
986
991
989
988
990
994
992
994
997
997
1000
999
1002
998
1003
1005
1001
1004
1004
1008
1009
1011
1008
1008
1009
1014
1011
1016
1015
1015
1017
1020
1017
1019
1020
1025
1023
1025
1028
1027
1025
1031
1030
1033
1029
1030
1031
1033
1035
1037
1036
1040
1039
1038
1044
1043
1046
1046
1048
1046
1046
1049
1049
1048
1051
1055
1056
1053
1054
1058
1060
1058
1057
1060
1062
1062
1065
1063
1063
1069
1070
1068
1071
1071
1074
1073
1072
1076
1073
1079
1080
1076
1079
1082
1081
1081
1086
1083
1083
1084
1085
1090
1088
1093
1090
1094
1096
1092
1094
1096
1095
1096
1102
1100
1102
1100
1101
1103
1105
1107
1105
1111
1107
1113
1112
1111
1111
1113
1116
1117
1118
1117
1119
1122
1123
1122
1124
1126
1127
1129
1130
1127
1130
1129
1129
1130
1133
1133
1136
1136
1140
1141
1138
1142
1140
1144
1141
1144
1146
1148
1145
1151
1150
1149
1154
1155
1156
1157
1158
1155
1158
1158
1161
1162
1161
1161
1161
1164
1163
1167
1168
1169
1170
1173
1172
1170
1173
1175
1175
1174
1177
1178
1180
1180
1181
1183
1186
1186
1187
1186
1188
1191
1187
1190
1192
1193
1192
1192
1194
1199
1199
1197
1200
1198
1204
1202
1202
1203
1208
1207
1210
1206
1209
1212
1214
1212
1216
1214
1217
1215
1217
1221
1218
1218
1224
1220
1222
1225
1223
1229
1229
1229
1230
1232
1232
1231
1234
1232
1238
1239
1239
1238
1237
1238
1244
1243
1246
1244
1247
1247
1248
1250
1248
1249
1252
1250
1254
1256
1253
1256
1259
1261
1260
1259
1263
1262
1261
1265
1268
1265
1267
1268
1268
1270
1274
1274
1274
1276
1274
1275
1276
1279
1281
1280
1283
1280
1285
1284
1284
1287
1286
1290
1288
1293
1293
1292
1295
1294
1297
1295
1295
1296
1297
1300
1301
1304
1304
1302
1306
1308
1305
1309
1311
1312
1314
1312
1314
1314
1318
1319
1315
1321
1318
1321
1322
1324
1322
1324
1325
1327
1330
1328
1327
1330
1331
1332
1332
1337
1335
1338
1340
1338
1341
1340
1340
1343
1341
1344
1345
1347
1347
1350
1352
1348
1354
1355
1351
1355
1355
1359
1359
1356
1359
1362
1359
1363
1361
1363
1366
1365
1368
1371
1372
1372
1369
1373
1371
1374
1375
1379
