4
3
7
7
7
10
8
8
11
9
10
13
15
14
16
19
16
19
23
23
22
24
25
27
26
28
28
27
30
33
32
35
37
37
38
39
41
42
43
44
44
43
43
45
49
49
49
49
52
54
50
56
52
53
54
57
60
59
61
60
62
64
65
68
65
67
70
72
68
70
74
76
75
78
74
79
76
82
82
83
83
82
87
83
85
88
86
90
88
92
92
94
93
93
94
96
99
99
102
102
101
102
103
104
108
108
107
108
112
111
112
114
115
118
119
118
120
120
122
121
125
121
124
125
129
130
129
128
131
132
134
136
137
134
135
139
139
140
139
140
144
146
143
144
149
147
150
149
152
154
151
155
157
155
157
160
161
160
158
161
163
163
162
166
166
170
166
170
172
173
175
171
174
177
178
175
177
178
178
181
181
183
186
187
186
189
189
192
190
193
191
194
194
197
199
195
201
198
201
199
205
202
202
203
204
207
207
207
212
209
214
212
213
213
217
220
220
217
219
221
223
223
222
223
225
229
231
229
230
234
235
234
233
233
238
236
237
239
241
242
243
244
246
243
245
249
251
247
252
249
250
253
253
255
256
260
259
258
258
260
264
265
263
264
269
266
269
269
269
273
272
275
277
278
278
279
276
277
282
282
285
281
286
288
288
285
291
289
291
293
293
294
297
295
294
296
296
302
300
301
305
306
305
303
306
309
308
310
309
311
312
311
315
314
319
320
321
320
319
321
320
321
323
326
325
330
330
327
333
333
335
334
334
338
337
340
340
338
339
343
340
346
346
347
349
347
347
347
350
350
354
353
352
358
356
355
357
357
363
360
360
361
362
368
367
369
368
368
369
372
372
374
372
376
377
375
376
380
382
383
384
382
384
387
385
389
391
392
388
394
393
392
395
393
398
397
397
401
400
404
404
404
406
403
405
407
410
409
412
409
411
411
417
416
417
419
418
421
421
423
424
425
423
423
427
428
428
431
433
433
433
435
433
436
438
438
441
440
438
443
444
442
442
444
446
450
451
447
453
450
454
455
456
453
455
460
460
457
461
460
461
461
463
464
465
467
467
467
469
469
470
475
475
475
474
478
480
478
481
483
482
482
486
487
484
487
491
490
488
490
495
493
492
494
496
500
496
500
499
499
501
501
503
506
508
506
509
512
508
510
514
512
515
516
516
516
518
519
519
519
522
522
524
525
526
530
527
529
528
529
530
532
532
537
534
536
540
542
541
543
540
544
543
543
546
549
551
548
549
553
554
552
554
556
555
560
559
560
558
563
562
565
564
563
567
569
571
570
570
569
575
576
577
577
578
576
581
582
579
583
582
583
583
586
588
586
589
590
589
591
592
591
594
594
595
595
596
598
599
599
602
601
602
608
607
608
608
608
610
610
613
615
615
614
614
619
616
617
621
622
622
623
622
626
625
629
630
631
630
631
635
633
634
633
636
639
636
637
639
643
641
643
642
648
649
646
646
652
653
651
650
651
654
657
659
658
657
657
662
664
663
661
665
668
669
666
669
669
670
671
670
672
676
675
678
676
679
679
678
681
680
686
687
684
685
689
691
690
691
690
695
693
696
696
695
699
697
697
698
699
702
706
707
706
705
705
711
712
709
710
712
713
717
713
714
718
718
722
723
724
720
723
724
727
728
726
728
727
733
734
732
732
734
738
736
735
739
739
738
742
745
746
745
746
745
750
750
750
749
750
750
753
754
755
757
756
759
761
760
761
761
761
762
767
765
767
771
768
772
774
771
771
772
778
778
778
779
778
780
782
780
784
785
786
788
789
787
787
793
790
795
792
795
797
799
798
798
800
803
804
805
804
805
807
809
808
810
812
813
814
810
811
812
817
814
816
819
817
821
820
820
825
823
824
824
830
829
830
833
829
831
834
833
836
834
837
837
839
841
840
842
842
843
846
845
849
847
850
851
851
851
854
857
857
859
857
856
859
859
861
860
863
867
866
864
870
870
868
869
872
875
873
873
877
874
876
876
879
879
881
883
884
884
883
888
890
886
892
888
890
894
893
896
896
899
896
898
900
898
902
905
904
906
907
908
907
909
907
908
911
914
913
917
918
914
919
919
920
921
919
920
926
927
927
924
927
927
927
929
932
934
935
932
935
934
935
936
939
943
940
942
941
947
945
947
947
951
950
948
951
952
953
955
958
959
955
957
961
959
961
960
966
964
967
968
969
969
969
969
971
974
973
974
975
976
980
976
977
978
979
984
981
987
985
985
986
987
988
993
992
990
991
993
994
998
995
997
1002
1003
999
1004
1005
1007
1003
1005
1008
1010
1010
1013
1011
1015
1013
1017
1014
1019
1016
1020
1017
1023
1023
1020
1024
1023
1024
1024
1025
1026
1032
1029
1030
1031
1036
1037
1036
1035
1036
1041
1042
1042
1039
1042
1041
1043
1047
1049
1048
1051
1048
1053
1053
1053
1052
1053
1056
1058
1056
1056
1061
1060
1062
1062
1064
1066
1064
1068
1069
1066
1072
1073
1070
1075
1072
1077
1075
1077
1079
1076
1077
1082
1080
1081
1085
1085
1088
1089
1085
1088
1088
1092
1094
1090
1091
1094
1098
1094
1096
1100
1102
1101
1100
1101
1101
1106
1106
1104
1106
1108
1108
1111
1112
1112
1116
1113
1116
1116
1117
1117
1118
1119
1122
1124
1122
1126
1126
1129
1125
1128
1128
1128
1130
1132
1133
1133
1133
1138
1138
1140
1140
1138
1142
1140
1146
1144
1145
1146
1147
1150
1149
1149
1152
1154
1153
1154
1155
1154
1159
1157
1159
1159
1162
1164
1166
1166
1168
1167
1165
1169
1170
1171
1174
1173
1174
1176
1177
1178
1179
1178
1180
1178
1182
1184
1185
1187
1186
1189
1185
1188
1191
1188
1193
1194
1195
1197
1198
1198
1199
1198
1199
1198
1203
1202
1203
1204
1206
1209
1210
1211
1207
1211
1213
1214
1215
1216
1217
1218
1216
1217
1221
1220
1222
1225
1221
1222
1223
1228
1225
1226
1231
1233
1230
1232
1236
1234
1235
1236
1237
1237
1242
1242
1243
1240
1244
1245
1247
1247
1249
1250
1247
1248
1251
1250
1251
1253
1255
1257
1255
1257
1257
1261
1262
1261
1262
1265
1268
1264
1269
1270
1272
1271
1270
1273
1273
1272
1274
1278
1277
1279
1280
1283
1283
1282
1283
1283
1284
1286
1286
1291
1291
1291
1290
1290
1292
1293
1294
1295
1296
1296
1302
1303
1300
1301
1303
1307
1306
1304
1308
1308
1311
1308
1310
1311
1313
1315
1317
1315
1317
1317
1317
1321
1321
1325
1323
1324
1324
1329
1329
1327
1327
1328
1332
1334
1331
1337
1338
1337
1339
1338
1341
1341
1343
1344
1344
1345
1344
1348
1345
1350
1347
1350
1352
1355
1353
1356
1356
1358
1357
1360
1362
1362
1359
1363
1365
1363
1363
1366
1366
1371
1367
1372
1369
1373
1371
1376
1377
1374
