1
5
3
7
9
6
10
8
11
9
11
16
17
16
14
20
19
18
19
20
21
23
26
27
29
27
27
27
28
32
34
36
37
38
37
35
39
37
42
41
42
45
45
43
44
49
47
51
48
52
50
55
56
53
54
56
59
62
62
60
63
65
66
65
66
69
69
72
68
71
71
74
73
73
76
78
81
78
81
82
82
82
85
83
87
89
88
89
92
91
95
93
95
97
96
99
96
98
101
100
105
103
103
105
108
106
110
110
110
114
110
115
115
116
117
118
117
118
121
124
124
124
127
128
126
126
126
128
129
130
131
132
135
135
137
140
138
142
141
143
144
142
142
147
144
149
147
149
149
152
155
152
154
153
156
157
161
162
161
159
164
165
162
164
165
169
171
169
168
172
172
175
173
174
178
178
181
180
183
179
184
183
185
183
186
189
190
189
190
192
193
195
193
194
195
200
199
198
201
199
201
204
204
207
205
208
207
211
209
212
210
215
217
218
214
217
220
217
218
220
225
221
225
227
227
227
228
227
230
230
230
234
237
238
235
237
236
241
242
242
241
246
247
245
247
249
251
252
250
254
250
252
253
257
254
258
259
260
263
263
265
261
263
265
265
270
266
269
270
272
273
276
277
277
274
279
281
280
281
282
280
285
284
287
286
286
287
289
288
291
293
294
295
297
294
296
300
300
303
302
304
305
307
308
308
310
311
308
310
312
314
314
315
314
316
317
317
321
320
322
321
326
323
326
329
328
328
331
331
334
332
334
336
333
339
339
336
342
341
339
342
344
343
347
344
348
351
350
348
353
351
355
354
357
356
356
360
362
361
359
365
365
362
366
369
365
370
368
369
373
372
373
372
377
374
376
380
381
382
384
380
381
384
383
389
385
387
389
390
389
395
394
394
395
395
399
398
401
403
401
400
402
407
407
404
410
409
408
410
413
413
414
415
418
418
420
420
417
421
424
422
423
426
424
429
429
430
431
428
431
435
435
436
437
436
439
439
440
441
442
445
445
442
445
446
447
446
449
448
451
453
451
452
453
458
457
457
462
461
464
464
465
467
466
468
468
470
468
469
474
475
474
475
478
476
480
476
482
480
479
485
481
482
485
487
487
490
488
488
492
493
494
495
498
497
499
499
498
503
502
502
501
504
506
505
505
510
508
511
514
512
515
517
516
519
517
520
517
519
520
524
521
525
524
526
529
530
530
528
532
530
531
535
533
538
537
537
537
538
543
544
541
547
548
549
549
547
548
553
551
552
551
552
554
559
559
561
560
559
560
561
564
562
563
565
565
567
567
573
574
572
575
575
573
574
575
577
581
582
579
585
583
587
586
584
590
590
587
590
594
592
594
594
593
599
597
598
597
600
600
600
605
603
606
605
605
607
610
612
610
612
616
615
614
616
620
620
621
623
620
621
622
624
626
624
626
631
627
631
630
635
631
633
636
639
638
637
639
643
642
644
642
646
643
646
645
649
652
648
653
653
651
656
654
655
656
656
658
663
659
665
664
662
665
667
665
667
671
669
673
675
676
673
677
678
679
681
680
679
681
680
684
685
687
686
686
687
688
690
692
692
691
693
694
697
698
697
699
701
704
700
701
703
704
704
710
710
712
710
711
714
715
717
713
716
715
720
719
721
721
723
726
725
727
726
726
727
730
730
734
731
733
737
735
734
739
741
741
743
739
740
742
742
744
744
750
748
747
752
749
752
754
756
757
756
758
757
757
760
762
762
763
762
767
767
770
770
769
773
769
771
774
775
778
777
775
778
781
778
781
784
785
783
784
788
790
788
792
788
791
794
794
794
794
798
798
800
802
803
804
803
801
802
803
809
809
807
811
813
811
810
812
817
814
818
816
817
820
820
822
823
823
824
823
829
825
829
827
831
834
830
831
837
835
836
840
839
840
840
839
841
844
844
848
849
848
847
848
853
854
852
853
855
858
856
855
858
862
858
859
860
861
864
863
868
868
869
868
868
870
875
872
874
874
874
880
880
880
880
879
885
884
886
887
889
889
890
889
890
889
890
896
895
897
896
897
897
897
902
901
905
904
904
903
907
905
911
907
912
914
910
912
917
913
915
920
917
921
921
922
922
924
924
927
928
929
929
929
933
932
933
932
936
934
935
937
937
942
941
942
944
943
946
943
945
949
947
951
953
952
951
952
953
958
955
958
961
957
960
962
963
966
962
964
968
965
968
967
973
973
975
975
972
978
974
975
978
978
981
982
980
983
982
987
986
988
989
990
992
994
990
995
994
993
994
995
996
1002
1003
1004
1003
1006
1004
1004
1005
1009
1010
1008
1012
1013
1010
1015
1014
1015
1017
1017
1020
1018
1022
1022
1024
1024
1023
1024
1025
1028
1030
1030
1028
1032
1034
1036
1034
1037
1036
1035
1041
1038
1040
1039
1041
1043
1046
1043
1046
1049
1049
1051
1048
1054
1051
1055
1056
1056
1055
1055
1058
1060
1061
1064
1063
1062
1066
1063
1069
1067
1067
1069
1072
1070
1075
1076
1076
1076
1079
1075
1077
1078
1078
1083
1080
1085
1087
1084
1086
1087
1087
1087
1090
1094
1094
1096
1093
1095
1099
1097
1098
1098
1101
1100
1104
1104
1102
1107
1106
1108
1109
1112
1108
1114
1110
1116
1117
1114
1117
1119
1117
1119
1122
1124
1123
1121
1125
1125
1126
1126
1127
1127
1132
1134
1130
1136
1134
1136
1134
1137
1139
1139
1142
1139
1142
1141
1145
1143
1149
1149
1149
1150
1148
1154
1151
1152
1152
1158
1156
1159
1157
1160
1159
1162
1165
1166
1166
1163
1165
1167
1167
1167
1171
1171
1171
1176
1173
1178
1177
1176
1176
1181
1179
1181
1185
1183
1182
1187
1186
1187
1191
1191
1189
1189
1193
1195
1193
1198
1194
1195
1199
1199
1202
1199
1205
1201
1203
1206
1204
1210
1209
1209
1210
1212
1211
1216
1215
1213
1216
1220
1216
1218
1221
1224
1225
1226
1226
1225
1226
1227
1231
1227
1232
1234
1230
1235
1237
1234
1236
1236
1241
1240
1240
1239
1240
1242
1243
1247
1249
1248
1247
1251
1250
1249
1250
1251
1255
1258
1258
1260
1257
1257
1258
1261
1265
1263
1264
1263
1266
1270
1270
1267
1271
1273
1271
1271
1272
1278
1274
1276
1276
1282
1278
1279
1283
1285
1286
1285
1284
1287
1291
1289
1289
1289
1294
1296
1293
1296
1299
1297
1298
1301
1301
1301
1300
1302
1304
1306
1306
1310
1309
1309
1312
1312
1312
1316
1316
1314
1317
1319
1318
1321
1320
1324
1322
1322
1325
1326
1326
1325
1328
1327
1329
1331
1330
1331
1333
1335
1339
1337
1337
1337
1338
1339
1341
1344
1346
1346
1349
1349
1351
1351
1350
1352
1355
1352
1356
1354
1356
1359
1357
1357
1358
1362
1361
1366
1362
1363
1364
1370
1369
1371
1371
1374
1373
1375
1374
1376
1379
