0
2
2
7
6
9
9
7
9
14
10
11
17
15
17
19
17
21
23
20
25
23
26
25
29
30
31
32
33
32
34
32
35
34
37
38
36
39
42
43
44
41
43
44
49
49
50
51
53
50
55
51
57
57
55
57
57
57
60
64
63
66
64
66
69
67
71
67
72
69
75
71
74
77
76
79
78
79
78
82
84
85
86
84
84
86
90
92
92
92
94
93
95
94
94
97
97
99
99
104
105
104
107
104
104
109
111
108
111
109
114
116
116
116
116
115
121
118
121
120
122
123
123
128
126
129
128
132
130
130
134
136
132
133
136
136
141
142
139
144
140
145
142
144
149
149
151
151
148
150
153
153
156
156
158
160
158
157
159
161
163
166
163
168
164
170
167
169
170
169
172
174
175
178
175
179
179
178
179
182
183
185
184
186
189
185
191
188
188
192
194
195
192
197
197
195
200
201
203
203
201
206
207
206
208
209
206
212
210
209
215
213
214
213
214
219
220
222
221
220
224
225
223
227
227
230
228
230
232
232
235
232
233
237
239
238
239
241
243
244
244
243
247
245
244
248
248
251
251
249
253
256
253
254
255
260
256
260
261
261
263
261
267
267
264
266
269
269
273
274
275
276
274
275
278
278
281
279
278
281
280
281
285
286
287
286
290
288
288
294
293
296
294
295
299
300
299
301
301
303
301
304
305
308
304
309
306
310
309
309
310
315
316
318
318
319
316
321
323
324
323
325
327
328
327
327
327
329
329
331
334
332
334
337
336
338
337
337
341
340
344
344
345
346
349
345
349
348
351
354
351
354
354
355
356
357
356
358
361
359
364
365
366
368
367
365
371
369
370
371
373
376
376
373
376
379
377
381
382
383
383
384
382
386
388
388
386
387
388
393
395
394
392
394
395
400
396
398
400
404
405
402
405
405
405
408
411
410
412
411
411
411
414
416
417
415
416
420
418
419
421
421
427
425
427
428
428
430
432
433
432
434
437
438
439
436
440
440
441
439
441
443
444
446
445
450
450
452
448
453
454
451
455
453
456
456
458
458
459
464
465
466
464
466
468
467
467
470
471
470
472
476
476
477
479
475
478
482
478
482
483
484
485
487
489
488
491
490
493
492
494
491
492
498
495
499
499
497
503
504
503
502
507
505
509
508
507
509
509
511
515
515
515
516
516
518
520
518
523
523
520
526
523
524
525
525
530
532
530
534
534
535
537
533
539
539
537
541
538
542
543
545
547
548
545
549
549
547
548
554
550
552
554
554
559
555
558
561
563
561
560
561
567
566
569
568
570
572
568
570
574
573
575
574
575
579
580
581
583
582
583
582
584
587
588
590
591
587
592
594
592
592
593
595
597
600
601
597
601
603
603
603
604
604
607
610
609
609
608
613
611
614
617
616
616
618
617
617
618
621
621
625
625
628
626
629
629
627
630
629
633
635
637
636
636
636
638
642
638
641
641
645
647
644
647
646
647
647
652
650
650
653
652
657
656
658
657
657
662
661
664
661
665
663
666
665
671
669
669
673
670
672
674
673
677
677
677
680
680
681
684
681
685
688
684
688
688
692
688
689
690
693
693
696
697
700
700
699
698
703
703
701
702
703
708
706
710
711
710
709
712
715
712
716
715
720
720
722
718
723
725
725
724
726
728
727
727
728
731
732
731
733
732
736
738
735
740
741
741
742
740
746
747
748
749
747
749
750
749
754
751
753
753
758
754
757
761
757
760
761
760
766
763
765
768
769
767
769
769
771
773
771
774
776
774
777
776
780
783
781
780
781
783
787
784
788
788
792
791
791
794
795
793
795
799
796
800
802
802
799
805
804
805
804
804
810
809
807
813
811
814
812
813
816
816
816
821
822
821
819
820
821
823
826
824
828
828
829
833
829
830
833
836
834
838
838
840
839
842
843
840
842
842
844
844
847
847
850
849
850
853
853
852
854
858
855
856
859
862
864
862
864
863
866
866
869
867
872
871
869
872
876
875
874
879
875
876
877
880
880
881
884
885
883
885
888
888
888
891
891
895
896
893
898
896
898
896
900
899
899
901
904
907
908
904
906
911
907
908
913
915
911
917
913
914
917
920
918
921
921
921
922
923
928
924
929
928
927
933
930
930
933
934
933
939
939
941
942
938
939
940
942
942
948
945
945
951
947
952
953
950
954
954
953
954
955
959
962
962
962
964
965
964
967
965
967
969
968
969
969
973
973
977
977
979
977
977
980
978
982
983
982
982
985
989
990
990
992
988
993
990
991
992
996
996
997
1001
997
1002
1002
1001
1002
1003
1006
1004
1009
1009
1010
1013
1010
1011
1016
1015
1016
1019
1018
1017
1019
1020
1024
1022
1021
1027
1026
1025
1027
1029
1027
1029
1034
1034
1033
1032
1036
1038
1039
1038
1039
1039
1041
1040
1043
1043
1047
1046
1045
1049
1049
1049
1053
1050
1052
1057
1058
1059
1057
1060
1060
1058
1064
1062
1064
1064
1066
1067
1065
1070
1070
1068
1072
1075
1075
1075
1075
1078
1079
1081
1078
1082
1084
1085
1082
1087
1083
1088
1087
1086
1091
1089
1089
1092
1096
1097
1095
1094
1098
1096
1099
1099
1102
1100
1103
1105
1106
1106
1108
1108
1111
1110
1113
1114
1116
1113
1114
1115
1115
1118
1119
1123
1119
1125
1122
1125
1128
1128
1127
1129
1129
1131
1134
1132
1135
1136
1134
1135
1138
1141
1139
1140
1139
1140
1143
1142
1148
1145
1147
1147
1150
1148
1153
1155
1156
1155
1155
1158
1156
1156
1161
1163
1159
1164
1162
1162
1168
1164
1167
1170
1172
1168
1174
1170
1172
1175
1178
1178
1178
1180
1180
1179
1179
1183
1182
1186
1185
1184
1186
1191
1188
1193
1191
1193
1191
1193
1198
1197
1195
1201
1202
1199
1203
1201
1206
1205
1206
1208
1207
1207
1211
1213
1210
1211
1211
1212
1217
1218
1218
1218
1221
1221
1224
1222
1222
1223
1225
1226
1229
1226
1228
1233
1232
1235
1234
1237
1235
1234
1236
1240
1239
1238
1239
1243
1245
1247
1243
1248
1245
1249
1249
1250
1250
1255
1251
1254
1254
1258
1260
1260
1262
1263
1259
1265
1265
1262
1265
1267
1268
1271
1267
1271
1272
1273
1276
1275
1275
1275
1278
1278
1280
1282
1280
1280
1286
1284
1283
1286
1288
1286
1287
1289
1290
1294
1293
1293
1294
1298
1299
1300
1301
1300
1303
1305
1304
1302
1308
1304
1310
1309
1310
1312
1312
1310
1315
1314
1313
1317
1315
1321
1320
1321
1324
1323
1324
1326
1323
1327
1330
1327
1328
1331
1332
1330
1335
1333
1338
1334
1335
1338
1341
1342
1342
1344
1345
1344
1344
1347
1348
1349
1347
1348
1354
1354
1351
1354
1355
1354
1358
1361
1358
1362
1360
1361
1366
1365
1367
1368
1368
1369
1372
1368
1370
1375
1373
1374
1378
1377
