3
5
5
6
4
7
9
10
10
12
14
12
17
15
16
15
18
21
23
23
20
22
27
24
29
25
30
30
30
31
31
31
33
34
36
38
38
41
41
41
45
41
44
47
47
48
46
47
51
54
54
51
53
53
58
58
59
58
59
64
61
62
62
65
69
66
70
71
69
70
71
71
72
74
77
79
81
82
78
83
81
85
84
86
89
90
91
91
91
93
94
92
95
96
97
98
100
100
99
103
102
102
106
104
109
108
110
108
111
109
110
113
114
118
115
118
120
119
121
124
123
121
125
126
125
127
131
132
132
134
135
136
133
137
137
139
140
141
139
142
140
144
142
144
145
146
150
148
153
152
155
155
155
155
157
160
160
161
161
163
163
162
165
163
169
168
166
172
168
171
170
174
177
173
174
180
179
181
180
183
182
186
183
186
184
189
190
187
191
189
190
192
197
195
198
199
200
202
203
202
201
202
202
204
205
206
208
207
210
213
213
216
216
214
218
218
216
219
222
224
225
221
225
223
226
227
230
227
231
234
231
234
232
238
236
239
237
238
239
243
242
246
245
248
247
250
251
250
250
254
255
254
256
255
257
257
259
257
261
264
263
261
266
265
266
265
266
270
272
272
273
276
276
277
279
276
281
281
283
279
285
282
282
288
285
287
289
290
293
293
295
292
294
297
295
299
300
302
303
304
302
302
303
306
305
310
311
309
309
312
313
312
317
314
314
319
318
319
318
320
322
321
327
324
329
328
330
330
329
329
331
335
333
337
335
335
336
338
343
339
341
346
347
347
348
346
346
348
349
350
351
354
355
353
356
357
356
360
363
362
361
362
364
365
364
367
370
371
371
372
373
372
377
376
375
378
379
381
378
383
380
383
385
386
388
386
386
389
388
391
390
391
396
395
394
396
399
400
401
401
404
403
404
405
407
408
409
409
409
413
412
411
413
416
419
417
421
422
419
422
420
425
422
426
429
430
429
430
430
430
433
435
437
437
436
438
439
441
442
443
445
442
442
447
449
446
450
447
448
451
451
454
455
458
456
456
457
459
463
464
462
461
466
464
469
469
466
469
472
474
472
475
476
474
477
480
478
482
482
479
482
486
487
488
489
490
491
487
489
491
490
492
492
493
494
496
498
502
501
502
502
503
505
503
509
508
508
512
508
512
510
511
513
515
519
520
519
519
523
523
525
524
522
526
525
530
526
532
530
531
531
535
533
535
539
535
539
540
538
544
540
546
547
544
548
549
548
550
550
549
550
552
557
554
556
555
558
558
560
562
562
561
562
568
564
570
566
572
573
569
571
574
572
578
579
575
579
580
578
583
583
586
586
586
587
590
590
587
590
589
594
592
592
596
595
598
597
602
601
601
604
604
607
608
608
606
607
612
608
612
614
611
614
613
619
615
617
621
623
624
624
626
622
625
626
628
627
627
631
631
633
636
635
636
635
635
637
640
643
644
642
642
645
643
644
649
647
648
648
649
652
654
654
657
659
656
656
658
662
661
665
663
663
664
665
667
670
672
672
671
672
676
673
675
677
679
678
679
683
679
684
685
686
683
684
690
688
692
690
689
692
693
692
695
696
698
698
702
703
703
704
701
705
703
707
708
709
710
708
711
710
712
716
714
717
720
716
721
722
720
720
725
725
727
725
725
727
730
731
734
732
734
735
737
737
738
736
738
741
741
745
742
743
748
747
749
748
747
749
751
752
751
756
756
757
759
758
761
758
759
760
766
766
767
765
769
768
767
773
772
773
774
773
774
779
779
778
779
782
781
783
782
787
784
784
787
788
789
793
794
794
792
797
796
795
796
799
799
800
799
804
804
803
804
804
805
810
808
811
813
811
812
813
814
819
816
818
822
822
823
820
822
823
827
829
827
827
829
832
830
834
836
836
833
837
836
838
842
842
840
845
846
845
844
845
850
847
852
850
849
855
851
853
856
859
859
860
860
862
864
863
865
862
867
867
870
870
870
871
873
871
875
872
875
878
879
876
882
879
882
883
882
886
884
884
885
887
891
891
892
890
893
896
893
898
900
901
900
899
901
900
904
906
908
904
907
909
912
910
911
912
915
913
918
918
915
916
919
919
923
920
926
925
924
925
926
927
931
932
931
934
936
933
934
937
937
940
941
943
941
942
944
943
947
949
949
950
951
949
949
952
953
953
957
959
959
957
961
962
964
962
966
967
966
969
969
966
969
968
969
971
971
972
978
974
976
977
978
982
980
981
986
982
984
987
985
988
991
988
994
991
994
995
996
995
998
999
1002
999
1003
1002
1006
1003
1006
1005
1007
1008
1011
1011
1011
1011
1015
1016
1015
1014
1016
1018
1022
1018
1024
1021
1024
1025
1026
1028
1025
1030
1031
1029
1034
1031
1036
1037
1033
1039
1035
1041
1038
1038
1041
1042
1043
1044
1044
1046
1048
1046
1049
1052
1051
1051
1052
1054
1054
1056
1055
1060
1062
1059
1062
1064
1062
1063
1065
1066
1066
1066
1068
1072
1069
1073
1076
1073
1074
1076
1078
1079
1081
1083
1082
1081
1081
1082
1084
1086
1088
1088
1091
1089
1090
1091
1092
1093
1094
1098
1098
1100
1098
1098
1103
1105
1104
1105
1106
1108
1108
1106
1111
1112
1114
1110
1114
1113
1117
1115
1117
1121
1118
1121
1124
1125
1126
1126
1127
1128
1125
1130
1129
1133
1134
1133
1134
1134
1133
1136
1137
1136
1139
1143
1142
1140
1142
1146
1145
1147
1150
1146
1150
1148
1151
1150
1155
1157
1155
1158
1160
1156
1162
1162
1159
1165
1164
1163
1167
1167
1165
1170
1167
1170
1172
1175
1172
1172
1173
1176
1178
1181
1182
1178
1179
1181
1182
1183
1187
1185
1187
1189
1192
1189
1189
1192
1193
1197
1198
1197
1196
1200
1198
1203
1201
1203
1202
1207
1203
1205
1205
1207
1210
1209
1212
1212
1214
1212
1215
1217
1216
1217
1218
1223
1224
1221
1221
1224
1227
1224
1230
1229
1230
1232
1230
1230
1236
1237
1237
1238
1235
1241
1238
1241
1244
1240
1246
1247
1246
1248
1250
1247
1248
1248
1251
1251
1253
1256
1258
1256
1256
1259
1259
1260
1264
1263
1261
1266
1266
1265
1265
1269
1270
1273
1269
1273
1272
1273
1275
1274
1275
1278
1281
1283
1281
1281
1285
1287
1285
1286
1289
1289
1292
1290
1294
1291
1292
1292
1294
1298
1300
1296
1298
1299
1302
1304
1305
1306
1305
1309
1307
1307
1310
1309
1312
1315
1312
1314
1313
1314
1317
1320
1320
1320
1320
1320
1323
1325
1326
1325
1328
1327
1327
1331
1334
1334
1336
1332
1338
1337
1338
1338
1340
1343
1342
1340
1346
1347
1347
1345
1350
1346
1347
1351
1352
1354
1351
1353
1355
1358
1360
1358
1358
1362
1361
1361
1366
1365
1364
1367
1370
1366
1372
1371
1373
1375
1373
1375
1377
1377
