5
5
6
7
8
10
8
10
12
10
13
13
13
14
15
15
16
17
22
21
24
24
25
26
27
30
28
30
31
29
30
34
34
34
34
39
38
40
42
41
41
41
45
47
49
49
48
49
52
52
50
54
53
54
59
59
61
57
59
63
64
61
67
67
68
69
69
69
72
72
70
71
76
77
76
80
80
77
83
82
85
84
87
88
87
88
86
91
90
93
90
92
92
96
94
98
97
100
98
104
103
104
104
103
104
109
106
108
112
111
114
115
117
115
118
115
120
120
118
119
124
124
123
123
127
128
126
131
131
129
130
132
134
135
135
138
139
141
138
141
143
145
147
148
149
145
150
148
153
153
155
151
152
154
155
160
161
161
163
161
163
161
167
164
165
168
170
172
173
170
173
173
172
173
174
179
180
181
181
180
185
185
186
186
189
189
191
188
193
193
190
196
197
197
196
196
199
201
199
204
204
203
202
205
209
210
209
212
209
213
212
216
215
216
217
220
218
220
222
224
225
221
226
227
229
226
231
231
230
234
234
234
232
236
236
235
241
237
242
241
244
242
246
247
246
250
250
247
251
251
251
255
257
256
259
255
261
262
263
264
260
265
262
265
265
268
268
270
272
272
275
276
274
277
278
278
279
279
283
279
283
282
287
284
288
288
287
288
292
289
293
291
295
295
298
297
296
298
302
300
301
301
306
305
307
305
310
309
309
311
314
316
313
318
317
319
321
319
322
319
320
322
327
326
324
327
327
329
333
333
334
333
336
337
337
340
336
341
342
341
345
344
343
345
345
347
350
352
348
352
351
352
353
353
354
356
358
361
363
363
364
366
365
364
368
365
371
372
372
370
375
371
373
375
376
379
378
377
379
381
382
383
384
387
387
388
391
390
390
393
395
394
392
395
399
398
397
398
399
400
402
402
404
408
408
410
410
412
413
412
413
416
414
418
417
418
418
419
421
420
423
424
423
427
424
425
428
428
429
429
434
435
436
436
434
435
436
439
443
440
444
446
443
447
444
450
449
452
451
452
451
451
453
458
455
459
460
459
461
461
460
466
463
466
469
470
467
469
471
473
474
475
473
476
476
475
476
478
483
482
481
481
483
486
487
485
488
487
491
494
494
494
492
496
499
498
497
499
502
502
503
501
504
505
507
510
510
509
511
513
513
511
512
513
517
518
518
518
520
521
524
523
527
523
527
528
528
532
532
532
533
536
536
537
537
539
539
542
539
543
540
543
542
546
549
545
546
549
552
549
555
554
557
553
557
557
556
559
561
563
561
565
564
564
567
567
566
571
572
573
572
576
575
578
574
580
580
579
582
584
584
581
585
588
585
589
586
591
590
593
591
592
597
596
594
598
600
601
599
599
603
601
603
607
608
606
608
608
608
612
614
614
613
618
618
618
620
617
623
624
622
622
625
623
626
630
629
630
628
633
634
635
634
636
636
635
640
637
638
644
643
642
644
643
646
646
648
652
651
650
652
654
656
656
658
659
661
662
661
663
664
665
667
664
668
667
668
669
670
671
670
676
676
674
676
677
676
679
678
684
682
683
683
684
686
689
688
691
689
693
690
696
694
697
697
700
701
699
698
703
700
702
702
703
709
706
710
709
710
709
712
713
715
718
717
720
721
720
721
720
720
724
722
724
729
727
728
731
731
732
734
735
732
736
735
740
740
737
743
740
742
743
743
744
746
745
748
750
749
753
750
754
757
753
754
755
760
761
762
760
762
764
765
767
768
765
766
768
771
771
771
775
772
778
778
779
779
782
782
781
781
785
784
784
784
790
787
788
792
793
794
794
793
798
796
795
798
800
803
799
804
802
803
806
807
806
806
812
813
812
810
812
813
816
816
818
819
822
821
821
824
825
825
826
826
826
831
829
833
833
831
835
836
833
839
839
837
838
843
842
843
845
846
844
844
846
849
852
850
851
853
854
854
854
857
858
856
862
859
862
865
863
867
863
868
870
870
872
872
872
873
873
876
874
874
876
880
879
878
882
883
884
883
887
889
886
891
891
893
892
891
894
892
898
897
895
899
897
902
901
904
902
904
908
909
907
908
910
909
913
912
913
912
915
917
917
921
917
918
921
925
921
925
927
924
926
927
930
930
930
930
935
934
935
935
935
941
942
939
941
943
941
942
943
946
946
950
952
949
951
951
952
956
956
958
958
958
962
958
960
965
966
965
963
965
966
967
970
969
969
975
974
976
977
979
976
976
980
983
979
980
982
986
987
989
990
991
991
988
989
995
992
993
995
999
996
1001
1000
1003
1004
1000
1003
1002
1005
1005
1006
1011
1012
1010
1011
1013
1016
1013
1013
1017
1018
1021
1019
1020
1021
1024
1021
1024
1027
1025
1030
1026
1032
1030
1033
1031
1032
1035
1033
1039
1039
1039
1039
1039
1043
1040
1045
1046
1048
1048
1046
1051
1047
1052
1052
1050
1056
1053
1057
1056
1055
1058
1061
1059
1062
1061
1064
1067
1067
1067
1070
1066
1070
1068
1074
1072
1076
1075
1074
1076
1077
1077
1079
1078
1083
1082
1085
1084
1084
1088
1090
1087
1088
1088
1090
1092
1096
1094
1097
1096
1097
1099
1101
1098
1101
1103
1104
1107
1105
1108
1109
1107
1110
1113
1111
1110
1112
1112
1113
1115
1117
1120
1119
1121
1124
1125
1123
1127
1123
1125
1127
1130
1132
1131
1132
1135
1134
1135
1133
1137
1135
1137
1142
1138
1139
1142
1141
1145
1144
1146
1148
1147
1148
1152
1149
1150
1153
1154
1155
1159
1156
1156
1157
1160
1162
1161
1163
1165
1165
1169
1170
1169
1169
1173
1171
1174
1175
1173
1178
1175
1176
1178
1178
1182
1184
1184
1182
1186
1187
1184
1188
1189
1187
1193
1191
1195
1193
1193
1197
1196
1196
1198
1197
1199
1203
1205
1206
1204
1203
1209
1210
1208
1207
1213
1214
1213
1213
1215
1215
1214
1218
1219
1222
1220
1223
1220
1225
1226
1228
1226
1225
1231
1231
1233
1231
1232
1231
1233
1238
1239
1238
1237
1238
1239
1239
1242
1243
1243
1244
1246
1247
1246
1249
1249
1254
1252
1253
1253
1255
1254
1259
1261
1257
1258
1263
1260
1266
1263
1268
1269
1270
1269
1272
1269
1270
1273
1272
1275
1276
1275
1280
1281
1281
1280
1279
1283
1286
1286
1283
1284
1286
1288
1291
1292
1292
1291
1293
1295
1298
1297
1296
1296
1302
1301
1303
1302
1302
1305
1304
1305
1305
1310
1311
1312
1310
1311
1314
1315
1315
1318
1316
1317
1322
1318
1323
1325
1323
1323
1328
1329
1325
1329
1329
1330
1333
1333
1334
1335
1338
1336
1338
1340
1340
1338
1340
1344
1341
1347
1347
1346
1346
1346
1347
1350
1351
1354
1353
1352
1355
1354
1356
1360
1359
1358
1363
1361
1363
1362
1368
1368
1369
1369
1370
1369
1374
1371
1375
1375
1374
1374
