2
6
5
4
7
10
8
11
11
11
15
16
12
17
16
15
21
20
21
23
24
24
22
26
24
28
28
30
31
29
32
36
33
37
38
36
37
37
42
42
45
45
44
48
48
45
48
52
48
53
50
51
54
55
54
60
59
58
62
60
63
66
62
65
68
65
66
72
70
73
72
73
73
75
74
80
81
82
83
80
80
82
86
85
86
88
91
87
92
92
91
91
97
96
99
98
98
98
98
103
100
103
106
104
104
108
109
108
108
110
115
112
114
113
115
116
119
121
122
122
120
124
126
126
127
126
131
128
133
130
134
135
133
133
136
138
140
139
142
144
145
142
147
144
147
146
150
147
151
154
150
151
157
153
156
157
158
161
161
162
162
164
163
165
166
165
166
168
173
171
172
174
177
177
179
179
181
182
179
182
182
181
186
187
189
186
186
190
190
192
190
191
197
194
197
200
196
200
202
204
200
203
205
207
208
209
206
209
213
212
210
214
212
215
218
220
217
220
221
223
221
224
226
227
227
226
226
229
229
234
230
233
234
238
234
235
238
242
239
239
242
244
243
244
249
249
248
250
252
253
252
255
257
255
256
259
257
260
260
260
262
261
264
266
267
266
269
272
273
274
270
273
272
276
274
276
276
281
278
280
282
283
285
283
286
286
290
290
288
294
293
293
296
295
299
300
298
299
298
299
302
303
305
305
309
306
310
308
310
314
315
315
314
314
317
318
316
321
320
322
323
322
327
324
326
330
327
329
331
329
335
336
333
336
336
335
340
339
342
341
344
345
346
345
349
345
350
351
350
352
351
354
355
356
356
355
360
357
363
362
361
363
363
365
368
365
368
372
369
370
372
372
373
375
379
375
379
381
380
384
383
386
384
383
385
390
388
391
392
394
391
391
397
398
398
399
400
397
403
399
405
403
405
403
409
405
407
410
412
412
410
413
412
417
419
416
416
418
423
424
422
424
425
426
429
428
426
428
429
432
430
436
437
436
435
436
438
440
438
442
442
441
447
446
448
446
449
447
449
452
455
451
453
457
458
460
456
457
458
463
463
466
465
464
466
466
466
470
471
469
472
472
472
473
476
479
480
482
479
479
483
483
487
483
488
486
487
487
493
491
491
496
497
498
494
495
500
502
501
501
501
504
506
504
504
510
508
512
509
513
515
513
517
517
519
515
521
518
521
523
520
525
522
528
524
527
526
527
531
534
530
531
533
535
538
540
536
542
538
540
543
542
547
548
547
546
550
552
549
551
552
555
556
556
559
557
558
559
562
562
564
563
567
565
566
569
569
568
572
569
575
575
574
577
577
580
577
582
581
579
580
585
582
583
587
590
591
589
590
593
592
594
595
594
595
599
600
598
601
604
600
601
603
607
607
605
609
611
611
609
615
614
615
617
614
616
616
621
620
621
623
621
627
626
628
630
629
629
629
633
632
636
632
634
638
640
637
642
640
642
645
642
646
646
648
648
648
651
649
649
651
655
654
657
656
660
660
662
660
659
664
661
663
667
667
667
666
669
671
673
671
672
674
677
677
677
680
677
679
681
683
682
684
688
688
690
688
691
688
692
691
691
692
693
695
697
697
698
701
700
701
702
702
706
706
707
710
712
710
709
711
711
716
714
717
715
721
720
722
719
725
725
723
726
727
726
728
731
733
731
730
731
737
734
734
738
741
738
739
744
742
741
746
745
748
748
749
747
750
751
754
756
754
758
757
757
760
757
762
761
760
762
763
763
768
770
768
770
773
773
774
771
777
778
775
779
780
781
780
783
780
784
783
786
784
788
790
787
790
791
793
796
793
798
796
798
797
800
802
802
800
806
802
803
809
809
811
812
809
810
813
816
812
815
819
818
816
820
822
823
823
826
823
825
826
828
829
832
829
831
832
832
836
838
836
835
837
837
841
839
844
841
844
844
849
848
850
849
851
853
852
855
857
855
857
860
856
859
862
863
865
865
862
867
869
866
869
871
868
874
870
875
877
874
874
878
877
881
883
884
882
886
887
886
884
889
891
891
893
892
895
893
896
895
899
897
901
898
903
903
905
906
904
903
906
910
908
908
909
911
910
913
912
918
917
915
920
917
922
923
924
926
924
927
928
925
928
927
928
933
934
932
932
936
939
937
936
939
939
943
942
944
946
947
946
950
948
947
953
949
955
955
954
957
957
960
960
957
958
960
961
965
962
967
965
967
971
972
972
974
974
971
977
973
975
975
979
982
978
983
982
984
983
986
989
989
989
991
990
989
995
994
996
994
996
999
997
997
1000
1001
1001
1006
1006
1008
1005
1008
1011
1008
1013
1011
1010
1014
1013
1014
1019
1019
1018
1017
1021
1023
1020
1024
1022
1028
1026
1027
1031
1032
1032
1029
1033
1035
1033
1038
1037
1037
1039
1037
1041
1040
1040
1046
1042
1043
1045
1047
1050
1050
1050
1049
1051
1053
1054
1054
1058
1055
1056
1061
1061
1059
1063
1064
1067
1067
1067
1069
1069
1070
1072
1072
1072
1076
1077
1076
1074
1076
1081
1080
1080
1084
1085
1084
1085
1084
1087
1085
1090
1087
1091
1089
1094
1095
1093
1096
1095
1097
1096
1100
1103
1100
1105
1103
1105
1105
1109
1108
1111
1110
1112
1109
1110
1116
1114
1118
1114
1119
1119
1120
1119
1124
1123
1125
1127
1127
1127
1125
1129
1131
1132
1134
1131
1133
1136
1134
1139
1137
1139
1138
1142
1144
1142
1141
1144
1148
1145
1150
1149
1148
1150
1151
1150
1154
1154
1158
1154
1158
1161
1158
1159
1160
1161
1161
1164
1167
1168
1168
1168
1167
1168
1169
1170
1175
1174
1173
1176
1175
1180
1178
1180
1179
1180
1186
1182
1184
1186
1189
1189
1189
1191
1194
1194
1193
1196
1193
1199
1195
1197
1197
1200
1204
1203
1202
1204
1207
1204
1208
1208
1211
1209
1213
1210
1211
1217
1217
1216
1216
1219
1219
1218
1221
1224
1226
1224
1223
1227
1227
1230
1230
1233
1233
1233
1232
1233
1233
1237
1239
1236
1239
1238
1240
1245
1243
1244
1246
1248
1245
1246
1247
1252
1254
1254
1251
1253
1253
1254
1256
1256
1261
1261
1264
1263
1265
1262
1267
1266
1269
1268
1270
1268
1274
1270
1276
1272
1273
1275
1280
1276
1279
1281
1280
1281
1286
1283
1288
1286
1286
1291
1292
1288
1290
1290
1294
1293
1294
1299
1300
1299
1300
1302
1302
1305
1301
1302
1306
1308
1305
1307
1309
1309
1309
1313
1312
1314
1313
1317
1319
1321
1322
1320
1323
1322
1324
1327
1327
1325
1329
1330
1332
1332
1334
1330
1335
1332
1333
1338
1335
1340
1338
1343
1339
1343
1342
1342
1346
1345
1349
1351
1347
1351
1351
1355
1352
1355
1358
1354
1358
1356
1357
1363
1363
1360
1366
1363
1367
1364
1367
1368
1370
1368
1370
1372
1374
1374
1378
1378
