1
4
4
4
8
6
9
7
12
11
10
13
15
14
18
18
18
18
19
24
23
22
23
26
25
28
26
30
28
32
32
32
33
35
38
39
37
39
42
44
41
42
44
48
46
46
50
49
53
50
55
56
57
53
57
57
60
58
60
59
61
66
62
65
69
66
71
67
70
69
72
74
73
76
75
77
79
82
78
79
80
81
84
84
87
87
90
87
93
93
95
96
94
93
95
95
98
100
98
100
100
102
103
106
105
109
106
112
110
113
115
114
112
115
117
115
120
120
118
122
122
126
124
125
129
125
130
131
129
132
132
136
133
137
137
137
139
139
140
143
141
142
142
146
148
146
150
150
149
152
152
151
155
155
157
156
157
158
162
160
162
163
163
166
165
168
166
169
171
173
170
172
173
177
174
179
181
179
181
182
183
184
184
183
187
188
188
187
192
192
190
194
194
198
195
195
199
200
203
202
202
203
206
204
208
206
208
212
211
214
210
212
214
215
218
217
217
221
219
222
225
223
227
224
226
227
226
232
231
232
232
236
233
237
238
236
239
237
238
241
242
246
242
245
246
249
250
251
253
253
255
256
255
255
258
256
257
259
260
263
265
263
267
268
267
265
268
267
272
270
274
271
272
277
278
276
278
277
278
282
285
281
287
287
285
289
289
291
288
292
294
293
292
295
297
297
296
302
298
304
304
304
303
307
307
307
307
312
313
309
315
314
316
314
319
320
318
317
321
321
323
321
326
325
327
327
327
329
330
329
331
335
332
337
334
335
338
342
339
339
342
342
342
343
348
349
350
348
352
349
354
352
352
353
355
359
356
361
363
359
361
366
367
365
366
368
370
368
369
373
374
374
374
376
376
380
376
379
383
383
381
386
385
385
384
388
386
389
388
390
392
396
394
393
394
399
397
397
403
403
401
404
404
404
407
407
407
408
409
412
413
416
412
413
416
416
419
420
422
421
421
426
425
427
429
429
429
430
432
433
430
433
436
438
437
440
441
438
440
439
444
446
445
444
446
448
450
449
453
454
455
451
456
453
458
455
456
458
459
460
462
461
466
468
468
465
468
470
472
471
472
471
473
475
474
477
476
482
482
484
483
486
485
484
488
490
489
488
490
493
492
495
494
497
499
495
498
497
501
502
505
506
503
508
505
509
510
510
509
511
512
512
512
516
519
518
517
521
521
524
524
521
522
525
528
530
528
530
533
534
533
532
532
534
539
540
536
541
541
544
540
545
543
546
547
547
547
549
553
549
553
552
555
553
559
556
559
559
561
563
562
565
565
563
566
570
570
569
568
571
570
571
574
578
577
580
577
579
579
584
580
584
584
585
584
587
590
587
593
593
592
591
595
593
595
595
596
599
603
603
605
604
602
604
606
608
610
607
609
614
614
612
616
613
617
619
621
621
618
623
625
626
626
625
625
628
629
630
633
630
635
634
633
638
637
637
637
641
641
643
642
642
643
648
646
646
647
647
653
651
655
655
655
654
659
658
659
659
658
660
660
663
665
663
669
666
666
672
672
673
673
673
674
674
679
680
680
680
680
683
682
685
682
683
686
690
687
692
692
693
690
694
692
696
696
695
701
702
701
701
701
705
707
706
705
707
710
708
710
712
713
711
713
715
714
717
716
720
720
721
723
723
726
727
728
730
731
729
730
729
732
731
735
737
736
740
736
737
740
741
742
742
747
746
745
748
746
750
750
753
755
754
752
756
757
758
760
761
762
764
762
763
763
767
767
770
771
769
768
771
775
773
772
775
776
775
779
780
782
784
785
782
784
787
785
787
788
792
788
791
791
791
792
795
798
800
798
801
803
799
800
803
805
805
807
807
807
812
809
812
813
816
813
817
816
818
818
817
821
824
821
826
825
823
824
828
828
832
832
834
835
834
832
838
835
836
836
838
841
844
840
846
842
845
849
845
847
849
850
854
855
856
857
857
859
858
861
862
860
863
860
865
866
867
864
867
871
872
871
872
871
875
872
874
877
879
878
881
881
879
880
881
883
885
889
885
886
887
893
891
893
892
897
895
896
898
899
901
901
901
905
903
904
903
909
906
910
911
910
911
914
913
915
914
916
919
921
918
921
919
922
922
925
923
929
928
930
929
932
933
935
933
934
933
938
939
939
941
942
943
944
944
946
943
947
945
948
950
952
953
954
955
956
956
959
957
958
959
960
964
960
962
964
967
966
966
969
967
972
972
973
971
977
974
978
980
976
981
980
982
985
981
982
988
985
989
991
988
992
991
995
994
992
995
998
998
1000
999
999
1001
1002
1005
1002
1007
1006
1006
1008
1008
1013
1012
1012
1013
1014
1016
1014
1016
1020
1018
1021
1023
1024
1026
1025
1025
1027
1030
1028
1029
1031
1030
1030
1033
1033
1037
1036
1036
1038
1042
1040
1040
1041
1042
1045
1044
1044
1047
1048
1047
1050
1052
1051
1051
1056
1056
1057
1055
1057
1057
1061
1061
1065
1062
1065
1064
1068
1065
1066
1069
1072
1069
1070
1073
1074
1074
1077
1075
1081
1079
1080
1084
1081
1083
1085
1083
1084
1086
1089
1092
1089
1089
1094
1095
1092
1093
1096
1099
1096
1097
1103
1104
1105
1106
1106
1106
1109
1107
1111
1108
1112
1111
1113
1112
1114
1118
1117
1115
1116
1121
1120
1124
1121
1121
1126
1126
1126
1130
1130
1129
1132
1134
1134
1132
1132
1135
1134
1137
1137
1139
1142
1144
1145
1145
1144
1147
1148
1150
1147
1148
1149
1153
1151
1152
1152
1153
1156
1159
1158
1161
1160
1160
1164
1161
1167
1168
1164
1165
1170
1169
1170
1170
1170
1172
1172
1174
1175
1175
1176
1179
1181
1182
1185
1181
1185
1187
1188
1189
1186
1190
1189
1190
1194
1191
1192
1194
1195
1197
1197
1199
1201
1199
1200
1202
1205
1203
1206
1209
1210
1211
1208
1214
1214
1213
1217
1215
1219
1219
1221
1221
1219
1224
1221
1225
1226
1226
1227
1228
1228
1230
1230
1232
1230
1232
1236
1236
1236
1236
1240
1240
1238
1240
1243
1245
1242
1246
1249
1248
1249
1247
1253
1252
1251
1252
1252
1253
1254
1256
1258
1260
1259
1261
1262
1263
1262
1264
1265
1270
1271
1270
1269
1273
1273
1273
1272
1273
1278
1278
1276
1282
1278
1282
1285
1284
1282
1286
1285
1290
1291
1288
1288
1289
1292
1294
1297
1295
1295
1296
1298
1302
1299
1301
1301
1303
1305
1307
1307
1310
1309
1308
1310
1311
1315
1316
1316
1318
1318
1317
1319
1321
1319
1324
1323
1324
1323
1324
1328
1328
1331
1329
1328
1329
1334
1332
1335
1335
1338
1340
1339
1340
1340
1341
1340
1345
1342
1344
1344
1348
1349
1350
1348
1354
1350
1352
1355
1354
1357
1360
1361
1360
1358
1362
1365
1361
1366
1363
1367
1366
1369
1368
1368
1373
1371
1376
1373
1377
1376
