0
3
4
6
5
10
11
10
8
14
15
16
12
15
18
17
19
21
20
20
25
26
27
28
28
27
29
30
30
34
34
36
35
34
39
35
39
42
43
40
44
42
47
48
45
47
46
50
48
54
51
51
54
53
58
57
57
61
62
63
62
64
62
63
69
69
71
71
73
72
71
74
75
76
78
80
78
79
79
80
81
81
87
83
87
87
89
91
93
91
91
91
95
94
96
100
98
99
102
103
103
102
104
107
105
110
106
111
113
111
110
114
114
115
119
116
120
118
120
121
120
124
122
127
128
129
128
128
128
130
135
136
136
134
139
137
141
141
139
141
141
145
147
143
147
145
147
150
153
151
150
155
156
153
158
159
158
158
161
161
161
165
163
163
166
167
167
170
170
170
171
173
176
173
177
180
176
181
180
182
180
181
187
184
185
190
186
192
188
192
192
196
196
195
196
195
196
200
202
202
200
201
206
205
209
210
210
211
211
214
214
216
217
216
215
220
217
219
219
224
221
221
226
226
224
228
231
228
232
230
231
231
237
237
239
238
236
239
242
241
242
243
246
244
249
249
248
248
249
251
250
256
252
254
256
260
256
261
260
259
264
266
264
263
269
270
269
272
273
273
272
275
273
273
274
276
278
280
278
279
284
281
283
285
286
287
290
289
293
289
290
292
293
298
299
296
297
297
302
300
301
303
302
305
304
305
308
309
308
310
315
314
316
317
318
319
319
319
322
324
322
322
325
323
328
330
326
327
328
334
330
332
332
336
334
335
341
339
342
340
341
345
344
348
346
346
350
349
348
349
355
355
355
356
354
360
357
358
363
361
364
365
364
367
368
368
368
369
372
370
375
371
375
375
377
375
380
377
381
381
383
385
385
383
387
389
390
387
390
392
394
392
394
394
394
400
399
397
402
404
401
401
405
404
407
407
406
410
408
410
415
413
415
418
419
418
421
419
423
422
423
421
427
426
425
426
429
429
433
432
434
435
433
435
438
440
440
438
438
443
443
446
445
444
446
446
450
449
448
451
455
455
456
457
459
458
460
460
460
462
461
466
465
465
469
469
470
472
472
469
471
471
473
477
477
479
480
479
482
484
484
482
484
483
488
489
491
492
488
494
493
493
495
493
499
499
500
498
502
500
505
506
504
504
507
510
510
508
511
511
513
515
513
513
516
518
519
519
523
523
525
521
524
523
525
525
530
531
530
533
533
531
532
533
538
535
541
539
541
541
542
546
546
548
545
548
549
551
553
552
555
554
554
554
556
559
556
557
559
560
565
563
567
566
568
567
570
568
570
570
574
576
576
575
578
576
577
578
581
583
581
585
584
583
587
590
591
591
589
594
594
595
593
593
598
598
597
600
602
601
600
602
604
608
606
610
611
608
609
611
611
613
616
618
615
616
616
619
623
624
624
624
627
628
624
627
628
631
631
633
632
635
632
634
638
636
641
640
639
639
641
645
647
645
649
648
651
652
652
652
654
651
656
655
654
660
661
659
659
664
664
662
664
668
668
670
669
667
668
669
670
675
675
673
674
679
681
682
679
684
680
684
683
688
685
686
689
687
692
689
694
693
694
696
698
700
696
700
702
704
705
704
706
707
705
708
708
707
710
711
713
716
716
713
718
720
716
721
719
719
720
725
722
726
727
725
727
730
730
732
732
732
732
736
736
739
737
737
741
744
741
743
746
743
748
747
747
750
749
750
754
754
755
753
755
760
758
758
762
761
765
766
765
766
769
769
769
767
772
770
775
776
773
777
779
779
776
780
779
779
785
783
787
784
788
787
789
788
788
794
793
792
797
797
798
796
796
800
802
803
801
805
807
804
805
805
808
807
813
809
811
811
814
814
815
817
818
817
821
820
824
825
825
824
828
829
828
829
830
831
832
833
833
834
834
836
836
839
838
843
845
841
845
848
848
845
846
847
853
850
855
851
854
857
857
858
859
860
863
863
860
865
864
868
866
870
871
868
872
870
875
874
872
878
874
877
880
881
878
882
885
883
882
883
886
889
888
888
893
892
892
896
893
897
897
898
896
900
901
900
900
904
902
906
904
906
911
910
910
909
912
913
917
917
917
916
919
917
923
923
924
925
925
928
928
927
930
930
933
933
935
936
936
937
937
937
941
941
940
944
944
941
944
944
948
945
946
950
948
949
950
952
957
953
957
956
957
960
958
962
963
965
962
964
967
966
967
968
970
969
975
971
974
976
975
978
981
978
980
984
980
982
983
987
987
987
991
990
988
990
991
994
993
993
994
1000
999
999
999
1000
1003
1001
1003
1007
1008
1010
1008
1008
1008
1012
1013
1014
1016
1017
1015
1019
1021
1022
1020
1024
1025
1024
1023
1027
1029
1025
1031
1028
1028
1033
1034
1031
1033
1035
1034
1037
1041
1041
1041
1044
1043
1043
1043
1043
1045
1048
1046
1050
1050
1050
1051
1055
1057
1053
1058
1056
1058
1059
1059
1061
1063
1062
1064
1067
1066
1066
1069
1069
1072
1071
1071
1071
1073
1073
1078
1079
1077
1082
1079
1083
1083
1082
1083
1083
1088
1085
1091
1089
1093
1094
1093
1092
1094
1095
1096
1098
1096
1102
1103
1101
1103
1105
1102
1107
1105
1107
1111
1111
1110
1112
1114
1116
1115
1118
1115
1118
1116
1118
1119
1121
1121
1125
1122
1123
1127
1128
1131
1129
1129
1131
1131
1134
1134
1134
1134
1139
1137
1138
1139
1144
1142
1146
1142
1147
1147
1148
1149
1150
1153
1151
1152
1152
1154
1155
1156
1160
1157
1158
1163
1163
1163
1165
1167
1163
1165
1169
1171
1169
1169
1169
1175
1176
1174
1173
1175
1177
1178
1180
1180
1179
1183
1181
1185
1187
1189
1185
1187
1189
1189
1193
1192
1192
1197
1197
1195
1197
1199
1200
1199
1203
1204
1202
1205
1206
1205
1207
1208
1210
1208
1214
1212
1215
1212
1215
1216
1220
1219
1218
1218
1222
1220
1224
1223
1223
1229
1229
1230
1229
1228
1234
1232
1235
1232
1236
1239
1237
1237
1242
1242
1243
1240
1246
1247
1247
1248
1248
1251
1250
1249
1250
1254
1254
1257
1257
1255
1255
1257
1258
1259
1264
1264
1263
1266
1266
1265
1265
1267
1271
1273
1274
1270
1274
1273
1277
1277
1278
1280
1277
1283
1280
1283
1285
1286
1288
1286
1290
1288
1287
1293
1291
1291
1296
1294
1294
1297
1295
1301
1300
1303
1301
1302
1302
1303
1307
1306
1305
1308
1308
1308
1311
1310
1311
1317
1315
1316
1315
1318
1322
1318
1324
1322
1321
1322
1323
1326
1325
1329
1329
1331
1330
1330
1336
1332
1335
1337
1337
1338
1337
1338
1344
1340
1341
1346
1347
1348
1350
1351
1350
1353
1349
1353
1352
1356
1355
1355
1355
1358
1361
1361
1362
1361
1365
1362
1366
1366
1369
1366
1369
1370
1374
1372
1374
1375
1374
1377
