1
1
3
7
9
9
7
12
10
10
13
16
15
18
16
17
19
17
22
21
22
26
24
25
26
25
26
32
33
29
34
35
32
33
35
40
40
39
41
42
43
44
45
44
45
47
51
50
51
54
51
51
53
55
56
55
58
57
63
63
60
63
67
65
69
67
66
68
72
74
73
75
74
77
74
75
81
82
78
79
81
82
82
87
88
88
86
91
89
94
91
92
97
96
94
100
100
99
101
99
104
102
107
108
107
107
110
108
112
109
112
113
116
117
116
119
116
119
118
121
124
122
125
123
126
125
126
131
130
133
133
131
132
133
135
137
139
138
143
143
141
141
146
147
149
148
146
151
149
154
155
155
157
158
158
155
161
162
159
161
165
165
167
163
164
166
170
171
169
174
170
175
173
176
176
179
179
179
178
183
180
182
187
184
188
190
191
188
193
192
195
193
193
196
197
195
196
200
203
204
201
206
204
208
204
210
206
207
211
212
210
214
214
215
215
219
217
222
223
221
224
223
227
226
225
227
228
229
229
232
231
236
236
236
239
237
238
240
240
243
244
245
243
244
245
245
248
251
249
252
254
253
256
253
258
256
256
259
259
261
262
261
265
267
269
265
271
271
273
272
271
275
273
278
274
278
277
277
282
284
284
285
286
288
286
285
286
287
290
293
295
294
294
297
298
300
301
302
299
301
302
301
302
306
306
308
308
310
311
309
311
313
316
316
315
319
317
320
318
323
322
326
322
325
324
330
329
332
331
329
331
333
333
337
334
336
341
341
343
343
342
344
347
348
346
350
347
350
350
349
350
356
357
353
355
356
359
359
361
364
365
363
363
364
364
365
366
367
369
374
370
373
373
375
378
379
380
382
379
382
381
385
382
388
386
389
390
389
391
394
391
396
395
398
394
396
396
400
402
402
405
404
404
404
409
407
407
411
412
410
412
411
413
415
416
419
421
417
420
421
422
425
423
423
427
428
429
428
430
431
431
431
436
433
439
440
439
440
438
441
441
444
446
447
449
446
448
449
448
449
453
454
454
455
456
458
461
461
458
461
465
461
464
463
469
467
471
467
473
473
475
476
475
475
479
480
478
480
481
483
482
482
484
488
488
488
490
492
489
490
492
495
496
498
499
497
500
500
498
501
504
503
503
507
507
506
511
510
509
514
510
512
516
514
519
517
517
520
523
523
520
524
525
528
529
529
531
529
530
534
530
536
533
533
535
535
539
537
541
541
542
541
544
547
547
550
546
552
551
550
555
551
552
558
556
560
560
561
560
560
564
565
565
568
569
566
566
569
568
574
571
573
573
576
579
579
581
579
580
580
581
585
585
587
589
586
590
587
593
590
595
596
592
595
598
595
596
598
603
600
600
603
602
607
604
609
607
612
610
612
611
615
614
615
615
617
621
620
622
621
621
623
626
623
629
629
628
628
630
630
633
633
633
636
634
640
638
640
639
641
643
644
645
643
646
645
649
651
648
649
654
652
655
654
656
659
656
657
659
660
664
661
666
666
667
670
670
670
672
673
671
673
672
677
674
680
679
677
678
684
683
681
687
686
684
689
688
687
691
691
692
696
696
696
699
700
701
700
703
704
701
703
707
703
704
706
706
707
713
713
713
713
716
716
716
717
718
721
719
721
723
725
723
726
724
728
730
730
732
733
730
736
732
736
736
737
741
742
740
740
741
742
743
743
748
747
747
747
753
752
752
751
755
756
755
760
761
762
761
761
760
764
762
767
769
769
769
769
772
771
775
776
773
776
774
776
776
782
781
782
781
781
784
785
788
786
786
788
790
791
793
792
797
794
798
799
797
802
800
800
805
802
804
808
804
810
807
811
808
809
813
815
813
816
819
820
816
818
818
819
825
822
826
825
827
829
829
832
832
829
832
834
836
836
834
840
838
842
840
841
845
841
844
844
847
845
847
849
852
850
854
851
854
856
854
856
857
858
863
862
861
866
867
863
866
867
870
867
868
872
873
875
875
878
875
879
879
881
878
884
882
883
883
886
887
889
887
890
892
893
892
894
893
897
896
899
898
902
901
904
905
904
904
907
904
906
907
912
909
909
914
916
912
917
915
919
919
921
923
920
922
921
925
927
924
926
930
928
929
931
931
936
932
937
934
940
937
937
939
939
941
945
946
947
947
947
946
952
948
952
954
951
955
955
958
957
957
957
962
961
961
964
964
968
966
965
968
971
971
971
973
974
972
973
976
978
979
982
982
982
984
983
983
985
989
987
989
991
992
989
995
991
993
998
999
1000
1000
1001
998
1001
1002
1005
1005
1004
1007
1006
1009
1012
1009
1009
1015
1015
1014
1015
1015
1017
1018
1021
1023
1021
1022
1022
1025
1026
1029
1030
1026
1030
1028
1034
1030
1031
1036
1033
1034
1036
1041
1038
1043
1040
1043
1041
1043
1045
1045
1048
1049
1047
1051
1054
1050
1055
1052
1056
1056
1060
1056
1057
1058
1061
1060
1066
1062
1067
1067
1065
1067
1072
1070
1071
1071
1074
1075
1076
1074
1076
1077
1079
1079
1079
1082
1084
1086
1088
1088
1085
1087
1088
1088
1094
1091
1092
1094
1094
1094
1100
1097
1097
1103
1104
1103
1104
1103
1108
1109
1108
1107
1107
1110
1114
1110
1114
1115
1114
1117
1118
1119
1122
1120
1120
1125
1122
1124
1125
1126
1127
1131
1132
1130
1130
1135
1131
1137
1135
1138
1139
1140
1141
1141
1143
1145
1146
1145
1146
1146
1150
1148
1152
1151
1150
1151
1151
1153
1157
1158
1156
1161
1161
1161
1164
1161
1166
1162
1165
1167
1168
1168
1167
1168
1170
1173
1173
1173
1178
1178
1175
1180
1177
1181
1184
1180
1184
1186
1185
1184
1189
1187
1191
1190
1191
1192
1196
1193
1197
1197
1196
1199
1201
1203
1203
1202
1204
1207
1205
1204
1209
1210
1212
1208
1210
1214
1213
1214
1218
1215
1218
1218
1217
1220
1220
1224
1225
1227
1224
1227
1230
1229
1228
1229
1229
1235
1236
1233
1235
1234
1238
1238
1239
1240
1243
1241
1241
1247
1246
1249
1249
1251
1250
1252
1254
1255
1255
1252
1257
1258
1257
1261
1257
1260
1263
1264
1261
1267
1265
1269
1268
1267
1269
1271
1271
1275
1272
1273
1274
1278
1275
1280
1280
1279
1279
1283
1281
1285
1285
1286
1286
1291
1291
1289
1290
1291
1292
1297
1298
1297
1296
1297
1297
1299
1301
1304
1305
1306
1303
1304
1308
1306
1311
1312
1312
1312
1312
1315
1315
1316
1318
1320
1318
1321
1322
1320
1325
1324
1323
1324
1325
1328
1327
1332
1331
1333
1332
1335
1336
1335
1336
1341
1337
1340
1341
1342
1341
1346
1346
1345
1347
1348
1351
1350
1352
1350
1356
1353
1356
1356
1357
1359
1357
1359
1360
1363
1365
1363
1368
1366
1368
1371
1371
1373
1374
1370
1375
1375
1378
1377
