442
440
438
438
438
436
431
435
434
430
431
427
429
425
426
423
424
425
420
420
419
416
416
417
417
414
412
414
411
411
412
410
410
409
407
403
402
404
401
403
398
401
395
399
393
393
392
390
391
388
388
390
388
388
385
387
386
381
379
383
378
376
375
378
373
374
376
371
370
368
372
371
365
368
367
363
363
365
360
358
358
356
360
357
355
354
353
350
354
352
351
349
348
347
348
345
342
345
344
339
342
340
335
337
337
334
333
332
333
328
331
331
326
328
324
325
321
324
323
318
317
321
317
318
315
316
314
315
310
310
309
308
305
304
306
306
304
303
302
303
302
297
298
298
294
294
292
290
291
292
288
287
286
285
283
285
281
284
284
280
277
277
278
279
277
276
272
274
274
272
272
271
267
267
263
262
265
265
260
261
258
256
256
257
255
255
253
252
250
249
247
251
245
249
246
243
245
245
243
238
238
240
240
239
234
232
233
233
230
233
231
228
225
225
225
227
221
224
223
223
222
216
218
216
216
214
214
211
213
208
207
211
207
206
206
207
201
202
201
198
199
197
199
198
196
197
195
194
194
193
187
190
189
187
187
182
186
181
184
180
178
176
176
176
178
173
171
171
172
171
172
171
165
166
163
167
164
160
162
160
162
160
158
154
157
157
154
153
149
150
148
150
150
147
146
142
142
140
139
139
140
141
139
135
133
133
133
132
132
131
129
128
129
127
126
123
125
120
123
118
120
119
118
118
116
116
115
114
114
113
110
109
110
106
104
102
101
103
99
101
100
100
98
99
94
95
92
93
90
92
87
87
86
86
85
87
86
83
82
83
81
80
76
78
77
72
72
75
71
70
69
70
68
65
66
62
66
62
59
58
57
60
57
59
54
56
52
51
51
49
48
51
46
45
47
42
42
42
42
39
39
37
38
34
35
36
31
35
31
28
29
30
28
27
24
24
24
25
21
21
21
21
20
14
16
13
16
15
9
9
7
10
9
8
6
4
1
2
1
5
3
7
8
10
10
13
14
12
12
14
17
14
15
21
21
18
20
25
25
26
28
25
27
30
30
28
32
30
34
36
33
34
40
40
39
40
40
42
44
45
48
47
50
50
49
51
53
53
54
53
55
54
57
57
58
60
61
61
64
67
66
68
66
69
70
72
70
74
73
74
74
75
75
78
82
78
84
85
81
87
88
89
87
91
92
90
94
95
94
93
95
98
95
99
100
103
100
102
104
103
104
108
110
107
108
112
110
113
116
113
113
115
116
118
118
119
122
124
126
124
128
127
129
126
128
133
130
132
133
135
135
137
140
136
142
143
140
145
146
142
144
148
148
146
149
151
153
151
152
157
154
159
159
156
158
161
162
165
166
167
164
165
166
168
170
170
171
172
173
172
174
175
177
178
177
182
182
181
181
183
185
187
190
188
188
190
191
193
195
195
198
196
199
201
198
201
200
205
206
207
208
204
207
208
210
210
210
211
212
212
216
219
217
221
220
218
220
223
223
226
225
224
230
230
227
229
231
232
233
233
236
238
238
241
239
243
242
243
245
242
245
248
250
247
252
250
253
250
255
252
256
259
256
256
261
263
260
264
265
267
268
269
269
266
267
270
274
271
275
273
277
274
275
280
281
279
281
285
286
282
283
287
287
290
289
289
294
290
294
292
298
295
299
296
298
302
299
302
303
302
305
309
308
311
311
308
311
313
314
316
317
319
317
320
321
320
324
323
324
324
324
324
327
329
330
331
330
335
333
333
335
338
339
336
337
339
344
342
346
347
344
348
346
348
349
349
352
350
356
354
355
355
356
361
357
362
359
364
363
363
367
367
366
366
371
368
373
372
375
377
378
375
376
381
382
379
383
383
383
383
385
388
385
390
392
391
392
394
393
397
395
395
395
397
397
402
402
403
406
406
403
408
410
410
408
409
411
413
416
417
414
417
416
420
418
423
424
422
424
422
428
428
425
427
431
433
432
430
434
436
435
439
439
437
439
