442
437
439
437
437
437
431
435
429
431
428
426
430
426
426
423
423
424
419
420
420
420
418
417
413
416
411
415
412
410
407
406
409
408
405
406
401
400
402
402
398
399
396
395
393
392
396
391
390
389
390
391
388
387
386
387
381
385
379
380
377
377
380
377
375
377
373
372
372
368
371
370
366
368
366
366
364
360
360
358
362
358
357
357
356
355
351
354
349
353
348
348
348
344
345
347
345
343
342
341
338
336
336
334
335
333
336
332
330
328
329
326
325
325
326
325
325
321
319
323
319
317
317
319
318
312
312
313
312
310
308
308
309
304
306
304
304
303
300
301
302
297
296
297
296
295
296
290
293
290
290
290
289
284
285
283
285
280
280
279
277
281
278
274
276
277
271
275
269
269
268
271
268
269
265
265
266
260
262
262
258
259
260
258
257
256
251
251
252
253
247
247
247
248
244
245
245
240
239
242
238
241
238
234
233
237
234
234
230
230
230
230
226
226
228
225
225
221
219
218
217
218
220
219
214
216
216
212
214
211
212
208
208
207
205
202
201
203
204
200
199
198
200
196
196
193
194
195
190
191
191
187
188
187
186
187
186
184
182
179
181
177
178
179
175
176
171
172
172
173
171
170
170
166
164
163
166
164
161
159
160
160
159
158
155
156
155
153
151
150
151
150
146
149
148
144
145
141
139
138
141
136
138
136
136
137
133
133
133
133
132
130
128
124
128
124
125
123
121
122
117
120
120
114
116
117
116
115
113
113
109
109
107
106
104
103
101
102
103
100
100
101
98
96
97
95
91
95
91
91
91
88
90
84
85
84
81
84
80
79
79
76
75
74
77
76
76
71
74
71
68
71
65
69
68
64
62
61
59
62
57
58
55
57
55
53
52
52
51
52
51
47
47
44
48
43
45
45
42
41
37
37
35
35
33
34
34
30
29
29
27
31
29
26
24
26
26
24
19
19
17
16
16
19
13
13
11
10
12
10
10
9
6
8
3
6
1
4
1
4
8
9
7
11
8
12
10
13
14
16
18
18
17
20
19
18
20
21
21
26
28
25
27
30
27
33
34
35
35
33
33
35
38
41
37
39
43
40
42
45
45
44
50
47
47
52
49
54
56
56
53
59
60
61
62
60
62
64
62
66
63
64
66
69
72
68
71
75
75
73
76
79
77
78
78
79
79
85
81
87
85
88
87
91
87
90
94
93
96
96
97
94
100
99
98
98
103
102
106
106
106
108
106
106
110
113
109
112
111
115
116
116
120
117
117
123
119
124
122
123
128
129
125
128
128
131
131
130
134
134
138
138
137
138
138
142
141
141
143
144
143
144
146
149
149
150
150
153
156
157
158
154
157
156
162
161
162
160
166
165
163
168
168
166
167
172
172
175
171
173
176
177
177
179
179
180
184
183
183
187
186
186
189
187
190
188
194
193
192
196
193
197
198
198
199
203
203
205
205
207
203
205
210
208
211
213
212
212
211
213
215
219
219
218
221
222
221
223
221
223
226
229
230
229
230
229
230
233
233
235
236
239
239
236
242
238
242
245
241
244
244
244
248
246
249
251
250
255
252
256
257
255
260
261
261
263
263
264
262
262
268
268
270
268
271
269
271
275
273
272
273
278
275
279
282
282
284
281
284
282
287
287
288
290
291
291
293
294
293
296
296
298
300
300
299
302
303
302
301
302
303
308
306
306
311
311
314
312
314
317
318
314
317
317
322
318
323
322
325
324
327
327
326
327
328
330
330
332
335
336
334
339
336
340
341
339
343
343
344
342
347
348
345
350
351
352
351
353
356
357
355
359
355
356
362
361
361
363
366
365
364
369
369
367
371
372
374
371
373
375
378
378
380
378
377
381
382
380
383
383
383
389
386
389
389
392
393
391
395
397
397
397
396
396
397
403
400
402
403
402
403
405
406
407
410
412
412
410
416
415
418
414
417
419
422
423
419
425
422
426
424
426
426
426
430
433
434
432
431
434
438
439
438
439
440
