441
438
439
435
436
435
435
433
434
429
428
431
429
426
427
427
426
420
423
420
421
420
420
414
414
413
411
410
411
411
408
411
407
404
403
405
401
404
399
398
402
399
396
398
393
394
395
391
389
390
392
391
389
387
384
385
385
385
382
381
378
379
378
375
375
377
375
373
374
368
368
367
368
365
364
362
363
362
361
359
357
359
359
358
356
355
356
351
353
348
348
348
346
347
348
343
345
345
344
338
337
337
339
338
336
335
335
333
331
331
329
330
326
329
324
326
324
325
320
318
320
319
317
319
313
314
314
313
313
311
312
306
305
304
308
306
306
304
304
298
300
299
298
299
296
295
293
295
289
291
288
291
289
286
288
286
281
281
280
281
280
280
277
276
278
275
273
274
269
272
272
269
267
269
267
264
261
260
260
262
261
260
259
257
255
256
254
252
252
250
250
251
250
247
247
246
241
243
244
239
241
237
235
239
234
235
231
230
233
233
232
231
230
227
228
227
224
223
222
220
217
217
219
215
215
217
213
215
214
212
207
210
208
207
206
204
201
202
202
199
201
199
197
198
194
196
195
195
194
189
192
191
186
185
187
186
181
185
180
179
181
178
180
175
177
172
175
171
171
170
170
166
165
166
165
162
161
161
162
163
159
161
160
158
158
157
152
155
150
153
151
146
149
146
147
145
143
143
143
140
140
140
136
137
137
132
136
135
129
133
131
131
125
128
125
126
122
122
122
122
119
119
116
119
113
117
111
110
112
111
109
111
109
105
108
104
105
105
103
98
102
100
97
98
95
95
95
93
93
93
88
91
88
86
87
85
82
80
80
83
78
80
80
78
75
73
71
73
72
71
68
67
66
68
65
63
63
62
59
63
57
57
58
54
55
54
54
53
50
48
50
51
50
49
43
42
44
44
42
41
41
40
38
37
38
37
32
34
31
28
27
30
26
26
26
27
23
24
19
20
17
18
16
16
18
13
12
15
10
10
7
11
6
4
4
2
3
5
6
6
5
7
5
11
8
12
13
11
14
14
14
14
18
20
19
19
22
22
21
25
24
29
25
27
29
29
33
33
31
37
35
38
35
37
41
39
41
44
46
45
44
48
47
51
52
49
49
52
55
54
57
56
60
59
57
58
63
63
63
63
68
69
65
68
68
71
70
73
75
77
77
78
79
81
79
79
84
85
85
84
83
84
88
86
88
89
94
95
94
97
95
97
99
101
101
100
102
104
105
105
107
109
106
106
107
113
114
114
115
117
115
118
120
120
117
118
122
122
125
126
126
129
126
126
129
133
134
130
133
135
136
137
138
141
138
143
144
141
146
147
144
145
146
148
150
153
149
152
153
152
155
157
159
156
159
161
162
164
163
167
164
167
169
170
169
172
171
171
174
173
175
177
175
177
179
183
179
182
186
185
187
187
186
187
191
193
192
194
191
193
194
197
198
196
202
202
199
200
202
204
207
208
206
206
207
209
214
215
213
213
214
216
220
219
222
218
222
224
223
226
224
227
226
230
232
233
231
231
231
232
234
237
236
239
242
242
240
241
245
244
248
249
246
246
249
250
252
254
251
252
256
254
255
259
257
263
264
265
264
267
268
269
266
271
269
269
273
273
273
276
273
279
278
278
279
279
282
284
285
282
283
287
285
287
289
291
291
291
292
292
295
298
299
296
298
302
303
300
302
306
307
309
310
310
308
310
311
311
315
313
316
314
318
320
320
320
320
322
323
325
328
327
326
327
328
331
334
330
336
337
335
338
336
340
342
342
340
340
346
344
348
345
350
346
349
348
351
351
352
357
354
356
357
361
358
358
361
361
363
364
363
369
368
367
372
371
371
373
371
375
376
375
380
377
380
378
379
383
385
384
387
388
386
389
391
388
392
391
392
395
396
398
400
398
402
403
403
404
406
403
404
404
408
406
408
412
409
413
413
414
416
416
417
420
422
419
419
421
425
422
424
425
426
430
427
430
429
430
436
432
437
435
440
436
442
