438
437
437
436
437
437
435
433
432
428
430
426
430
427
428
423
421
424
419
419
420
419
415
414
414
415
416
414
411
408
409
410
406
404
404
405
402
401
402
402
402
399
399
399
397
393
393
394
390
393
392
389
386
384
384
386
386
385
382
378
379
376
378
378
376
377
376
371
370
372
372
366
369
369
363
366
362
364
361
358
360
360
355
356
357
353
351
354
352
349
351
348
349
345
344
342
342
342
340
338
338
338
340
335
335
334
331
333
329
331
330
326
330
324
328
323
323
322
319
318
318
320
315
316
315
316
316
312
313
310
310
306
305
306
308
307
304
305
303
300
300
297
299
294
294
292
294
292
291
288
291
290
289
286
283
287
284
280
284
283
282
277
275
275
277
275
273
271
272
271
267
267
266
269
268
265
263
263
261
262
262
261
257
258
258
255
253
253
253
249
252
249
250
244
245
245
242
245
244
242
240
239
237
237
235
235
236
233
230
233
230
226
229
227
224
225
221
225
222
221
217
219
217
218
213
215
215
210
210
212
208
206
209
209
204
207
204
200
203
201
201
198
200
195
197
196
191
192
193
193
192
190
187
187
188
182
181
185
179
181
181
180
180
178
175
176
171
174
170
168
168
166
169
168
167
167
164
161
162
163
157
157
156
158
155
156
151
150
152
151
147
150
150
145
146
142
143
145
140
138
138
141
138
138
136
134
133
132
134
128
132
131
126
127
127
127
124
124
119
121
122
118
119
119
113
114
114
113
112
111
109
106
109
107
108
104
104
103
99
103
98
99
100
99
95
96
92
90
91
89
87
90
86
87
87
85
83
82
80
79
80
81
77
76
73
72
72
73
69
70
67
67
69
68
67
63
61
61
64
60
57
57
60
55
55
55
51
55
49
51
47
49
45
48
48
43
43
43
40
40
42
39
40
38
35
37
34
35
34
29
29
27
29
29
27
26
24
21
20
20
22
21
18
18
16
12
12
13
11
9
10
10
5
5
4
3
2
1
4
5
3
9
7
7
11
8
11
13
15
13
18
17
17
17
18
20
21
20
25
24
28
28
26
28
30
31
29
33
31
36
33
37
39
37
42
41
41
40
44
42
45
48
49
48
52
48
51
50
51
54
54
54
57
59
57
59
61
60
63
65
68
64
65
67
68
73
73
71
73
75
78
75
75
80
81
78
83
83
81
85
83
86
87
88
87
90
90
94
95
94
94
98
97
98
100
99
104
100
104
105
108
105
107
106
111
110
114
115
112
117
113
116
116
119
121
122
120
121
122
125
127
124
130
126
129
133
129
132
131
135
135
136
140
137
142
142
141
144
145
142
144
146
147
149
150
149
150
155
154
154
154
154
157
159
162
161
162
165
161
162
167
168
170
167
171
170
173
171
173
175
178
174
175
177
180
180
184
184
185
184
184
188
189
189
192
191
190
191
196
192
197
194
197
198
197
202
201
204
206
207
206
204
209
209
210
213
214
215
215
213
216
217
216
216
220
220
222
221
221
225
226
229
226
227
227
232
230
235
236
234
238
236
235
238
238
241
241
245
243
247
246
244
247
247
252
249
250
253
256
255
258
259
256
259
257
258
263
260
265
267
263
269
265
266
267
269
273
270
276
277
273
277
277
278
278
282
284
281
285
283
285
286
289
287
287
292
293
290
291
297
295
299
297
297
301
299
304
300
306
307
308
307
305
311
310
309
311
314
314
316
316
319
317
321
322
323
322
324
325
326
324
327
330
330
327
332
333
333
333
337
337
339
335
340
338
338
339
340
345
343
344
349
345
348
350
351
350
354
355
354
355
356
355
356
359
361
362
361
365
366
365
366
367
369
368
369
369
370
374
375
374
379
379
379
380
380
381
384
383
385
384
389
385
390
391
392
389
392
396
396
396
396
396
396
397
403
403
404
402
405
404
406
406
408
409
409
412
414
413
416
413
414
415
419
420
418
419
423
421
427
423
424
426
431
431
428
430
430
432
434
435
437
440
437
439
