442
441
440
439
438
437
431
431
431
428
428
428
426
426
424
423
421
422
420
423
417
416
416
419
414
412
416
410
414
412
412
408
405
407
406
407
404
400
404
402
401
398
396
394
393
392
395
391
391
389
392
387
387
384
388
387
385
384
379
380
381
380
376
375
373
372
373
373
370
372
372
366
368
365
367
363
366
363
363
359
361
358
360
359
357
355
354
350
351
352
350
347
345
347
348
347
341
344
342
340
339
340
336
338
333
336
331
334
333
328
330
327
328
325
323
327
326
323
322
322
320
321
316
317
317
313
314
314
311
313
311
311
307
304
307
303
302
303
300
303
300
300
295
296
296
296
291
290
290
292
290
287
286
285
287
287
285
285
281
278
279
276
278
274
276
275
271
271
270
270
268
271
266
265
267
266
261
262
261
261
257
259
255
254
254
254
256
250
250
253
251
246
247
248
244
242
241
242
241
242
239
236
237
236
236
236
231
234
230
230
230
230
227
224
224
227
221
224
221
219
218
220
215
218
218
213
211
212
214
211
212
208
210
209
204
203
202
201
203
203
200
198
200
199
195
193
191
195
192
193
188
188
186
187
183
184
184
181
181
183
178
178
176
179
178
176
175
171
172
173
171
168
170
169
164
167
165
165
161
160
161
156
155
154
157
152
154
155
154
152
151
148
145
146
146
142
141
145
140
143
137
136
140
138
135
134
132
131
133
128
131
131
127
129
127
124
123
122
119
122
117
119
119
119
118
116
116
114
112
108
111
106
107
109
105
105
104
105
99
99
97
98
99
97
98
97
96
95
92
92
87
89
88
88
83
83
86
81
82
80
77
80
78
78
76
75
76
73
73
68
71
69
69
67
63
64
64
64
64
63
60
59
55
57
54
55
53
51
50
52
52
49
45
48
45
47
46
44
44
43
38
36
35
38
33
32
31
31
30
32
30
31
27
29
26
26
24
23
22
19
18
20
15
16
14
14
14
12
12
8
10
8
6
4
4
4
2
1
5
3
8
4
6
9
7
9
14
14
16
16
14
19
19
19
22
21
23
22
21
26
25
27
29
26
31
28
30
35
32
36
36
38
40
37
38
41
40
42
42
47
44
49
47
50
50
52
49
52
52
57
55
55
59
61
57
61
64
60
64
62
63
64
68
68
72
71
71
73
71
73
75
74
80
79
81
81
82
83
82
85
87
86
90
87
91
90
92
95
93
94
96
95
100
96
98
102
99
103
104
107
105
105
105
107
108
111
113
111
112
116
117
116
116
120
118
118
122
125
124
125
125
128
126
126
132
132
129
131
135
136
137
136
138
137
141
139
140
140
142
146
147
145
146
146
152
148
151
155
156
152
156
155
157
156
159
160
164
164
162
167
163
167
169
166
170
168
174
170
172
176
178
176
178
178
178
180
180
183
181
182
183
188
188
191
188
192
191
194
194
192
198
197
199
200
201
199
199
202
204
202
204
204
210
209
210
210
213
210
215
212
214
216
216
221
222
221
219
223
222
222
223
227
228
226
231
231
232
232
235
234
236
234
238
240
238
240
244
243
243
242
247
247
246
249
250
251
249
253
253
255
257
257
258
257
259
258
264
264
266
266
268
267
268
271
272
271
274
270
276
274
274
275
277
276
277
281
281
283
286
287
288
285
286
287
288
288
294
295
291
292
297
296
300
299
301
298
301
301
304
302
304
309
309
307
310
313
314
310
314
315
315
317
315
320
322
321
323
320
322
322
325
329
328
327
328
328
332
333
335
335
337
337
336
339
341
342
344
343
345
346
344
347
347
348
350
349
354
354
351
352
354
358
357
361
361
358
359
365
365
365
364
367
366
367
370
370
370
375
372
374
376
375
379
376
378
383
382
382
386
385
386
384
387
391
391
390
394
391
394
397
397
399
395
399
398
398
399
403
404
406
404
405
409
411
410
409
412
415
416
417
414
419
416
417
422
422
424
422
424
427
428
427
428
426
432
430
433
432
432
432
435
435
435
440
442
