442
440
440
434
434
432
436
432
434
430
431
429
425
426
425
423
421
424
420
421
422
416
420
419
415
413
413
412
414
410
412
406
407
405
404
402
403
405
399
398
401
399
399
394
395
392
393
395
392
389
387
391
389
386
387
382
385
381
383
381
380
381
378
379
373
375
375
373
373
372
371
367
365
368
364
363
363
360
362
363
360
360
360
359
358
353
351
350
350
353
351
346
347
346
343
343
344
341
341
343
340
338
339
338
333
332
332
330
334
330
327
330
327
328
327
322
323
325
320
318
318
318
317
317
318
317
313
313
311
313
307
307
307
307
306
305
306
302
301
300
301
300
295
298
295
296
293
294
293
289
292
286
286
285
288
282
281
282
279
280
278
276
275
279
276
274
275
273
269
271
270
267
270
265
264
264
262
260
264
262
258
257
257
256
257
255
255
252
253
252
250
246
247
246
245
246
241
244
239
240
238
239
237
237
238
234
233
232
229
230
228
228
228
226
227
226
222
225
220
220
217
218
215
215
216
212
214
212
212
210
211
207
208
209
205
205
206
204
202
200
198
197
195
195
193
194
195
190
189
188
190
191
187
185
183
185
186
183
179
182
181
180
175
174
178
174
175
175
169
173
172
167
168
164
164
166
166
160
161
161
161
158
156
154
156
152
152
155
151
152
148
148
145
144
146
146
142
145
144
143
139
136
135
135
137
135
135
130
131
132
130
131
127
129
127
125
126
121
120
118
122
117
115
119
115
113
116
110
114
108
111
107
106
105
107
106
102
101
102
99
98
101
98
97
96
97
93
94
93
92
90
88
90
85
86
85
82
80
84
82
77
80
76
75
73
73
75
70
73
69
71
67
68
64
65
63
64
63
63
60
57
57
56
59
53
54
53
50
51
48
51
51
48
47
47
46
45
42
40
43
42
41
38
38
37
35
36
30
33
30
31
28
30
27
26
26
26
25
20
18
18
20
17
16
13
16
16
13
11
13
9
11
7
7
6
2
2
3
2
7
3
9
8
9
12
9
9
15
15
15
16
16
19
18
22
18
22
24
23
26
23
29
30
29
29
30
31
32
35
37
37
38
35
40
42
40
43
42
45
42
48
47
46
49
48
48
54
50
51
55
56
59
56
61
62
59
64
63
66
65
66
69
66
66
72
71
73
75
73
77
75
76
77
81
82
82
79
83
84
87
83
89
90
89
88
88
91
91
91
97
94
94
95
96
101
99
102
105
103
102
105
104
106
109
111
112
114
111
112
117
115
119
116
117
122
121
121
120
123
124
125
127
129
128
131
133
131
133
134
136
135
138
136
137
141
143
140
145
143
147
146
144
150
149
151
150
149
150
155
156
157
155
155
156
161
163
160
165
163
166
163
166
166
171
168
168
174
174
176
172
177
177
178
181
181
183
179
180
185
185
188
184
189
189
191
192
190
195
195
193
195
196
199
201
200
198
199
200
201
204
208
208
210
207
207
211
210
215
212
216
217
215
216
221
219
220
222
224
226
222
224
225
230
227
231
229
230
232
233
232
234
238
240
238
241
242
244
241
242
244
243
247
245
249
250
253
250
251
255
252
258
254
257
261
261
263
261
261
263
264
265
264
270
269
270
269
272
271
271
273
273
279
279
277
278
283
283
280
283
283
284
287
288
287
287
291
290
294
294
292
297
297
296
296
298
301
303
304
301
304
306
309
309
310
311
312
311
315
312
316
313
314
319
320
320
322
320
321
323
326
326
327
329
327
331
331
333
333
332
334
334
335
336
340
339
343
340
340
341
347
347
349
350
346
347
353
354
355
356
355
357
355
358
356
357
360
360
362
365
365
365
367
366
370
371
371
373
375
372
375
378
378
375
376
378
378
381
383
382
386
388
386
389
390
387
393
391
394
395
396
393
398
399
399
401
399
403
405
406
404
407
408
407
406
408
411
414
410
416
412
414
419
415
420
422
421
424
422
423
422
425
425
430
430
428
428
430
432
434
436
436
437
435
441
442
