439
441
437
437
436
433
432
432
430
428
430
429
426
429
427
423
426
424
419
418
421
416
419
414
416
412
414
411
411
409
410
410
408
407
406
404
404
401
401
403
401
396
400
395
394
395
394
392
389
388
390
389
386
387
386
385
382
381
379
381
382
380
380
375
374
374
375
374
369
369
367
367
365
364
365
365
366
364
364
358
358
357
360
357
356
353
355
351
352
348
348
351
348
345
345
343
344
343
340
340
342
336
336
339
335
336
336
335
331
328
331
327
327
329
327
327
326
321
323
322
320
320
319
317
316
314
311
311
314
308
312
311
305
309
306
305
305
304
301
303
297
301
300
299
294
297
293
292
292
290
290
290
287
286
284
283
283
280
280
278
277
279
280
276
275
275
272
275
270
268
270
267
269
267
267
265
262
261
262
260
258
257
257
257
258
256
253
252
250
250
251
249
246
246
244
246
242
242
239
243
241
237
239
235
238
233
232
230
230
233
228
227
227
226
225
226
221
220
222
219
218
220
215
218
217
217
214
212
212
213
208
207
207
209
206
206
205
201
199
203
197
196
195
197
197
196
192
192
193
193
188
187
190
186
186
183
185
181
180
178
182
179
178
175
175
175
171
174
170
173
168
168
165
167
164
163
162
165
161
158
159
156
158
156
153
154
151
153
153
150
147
146
148
145
143
147
141
145
139
141
141
136
139
139
138
137
134
130
132
129
132
127
126
124
124
125
121
122
122
121
120
116
117
119
113
113
114
113
114
113
111
111
105
108
104
105
104
102
99
100
99
99
96
97
97
94
92
95
92
89
88
91
86
84
88
85
86
82
80
80
80
79
76
78
76
73
75
71
71
69
71
69
68
65
64
63
62
62
60
63
60
61
56
58
53
54
55
54
53
50
51
47
47
46
43
42
41
42
42
42
39
36
36
38
38
35
31
32
29
31
29
26
30
28
23
25
26
24
20
22
17
17
18
19
17
17
16
15
12
8
9
9
6
9
3
6
2
4
5
4
6
8
6
10
10
13
10
15
14
13
15
14
15
20
19
18
24
24
25
22
27
25
27
28
28
32
30
31
34
37
35
39
38
37
41
42
44
41
44
45
44
48
49
46
51
48
49
54
54
55
57
57
58
58
59
63
63
60
66
66
67
69
67
69
68
73
70
74
74
77
74
78
79
81
79
79
81
81
81
83
86
84
85
89
89
93
90
94
94
97
93
94
95
96
102
103
100
105
105
107
107
106
110
111
109
109
109
115
111
112
115
114
115
116
122
119
120
122
124
123
126
124
125
127
131
129
130
135
136
133
136
138
137
137
141
140
144
144
142
142
146
149
147
146
151
151
150
151
151
155
157
157
160
159
160
162
164
162
161
162
163
169
165
171
169
172
171
175
175
173
175
175
175
181
178
181
183
183
181
186
185
187
188
191
187
192
193
190
196
192
197
199
200
196
198
198
202
203
202
205
204
205
206
209
209
210
211
213
213
213
215
216
220
218
221
222
223
224
226
224
227
225
226
228
230
228
234
234
234
234
237
239
235
241
242
240
240
243
246
245
245
244
249
250
248
252
249
253
254
254
253
258
260
260
258
259
259
262
261
265
268
267
267
271
269
269
273
274
276
276
273
279
280
278
282
282
279
280
283
287
284
286
285
287
292
290
292
292
296
294
296
294
296
298
301
300
304
302
301
306
303
308
307
307
312
310
311
310
315
316
318
319
315
318
322
321
322
323
323
323
325
329
327
326
328
331
333
334
335
334
335
337
338
340
341
341
341
342
345
346
348
345
346
349
348
351
351
352
356
354
353
357
358
359
358
362
362
360
362
367
365
364
369
366
372
371
370
371
374
372
375
376
377
380
379
381
382
382
381
385
386
384
388
391
390
390
392
394
392
393
393
396
399
400
399
400
404
403
402
405
404
404
409
408
408
409
410
410
412
417
418
416
417
417
417
422
421
425
422
422
426
425
428
427
432
432
434
432
432
435
434
434
439
440
440
