441
438
436
436
433
433
435
431
433
430
431
430
427
429
423
424
422
424
421
422
417
418
417
418
414
413
415
415
414
412
411
411
405
407
408
405
405
403
400
400
401
398
395
394
395
392
393
392
390
388
391
388
390
384
386
384
384
385
384
381
379
376
379
375
373
374
376
371
374
370
368
366
370
364
364
364
366
362
364
361
361
361
357
355
358
354
351
355
350
350
350
347
346
347
347
346
342
345
340
340
342
340
337
339
334
334
334
331
331
332
331
326
325
325
326
322
326
321
323
319
322
319
317
317
314
315
311
314
312
311
311
307
305
306
306
305
305
305
303
300
300
299
300
294
297
295
296
290
290
290
289
290
285
287
285
286
284
280
284
278
278
276
275
279
276
277
274
271
270
268
267
271
266
269
266
262
265
262
264
261
261
257
259
258
256
255
253
255
253
250
250
251
247
245
245
247
242
245
242
241
238
241
236
239
238
234
231
234
231
229
231
231
229
227
226
222
224
222
224
219
219
216
215
218
216
213
214
211
209
208
207
210
209
209
207
207
204
200
201
201
200
200
198
199
196
193
194
195
189
189
191
190
187
188
187
185
181
181
180
182
178
177
179
174
174
176
174
173
171
168
172
170
165
164
166
165
161
161
163
159
160
160
157
158
154
156
156
155
153
151
152
146
146
145
148
143
146
145
143
138
142
136
139
134
134
137
133
134
133
133
128
129
128
129
128
125
126
124
122
120
118
119
117
119
114
116
116
112
112
111
109
109
106
109
104
103
102
103
102
101
101
96
95
98
93
94
94
94
91
92
88
90
90
86
84
82
81
83
82
78
81
78
75
79
75
76
75
75
73
72
67
68
67
67
63
66
66
63
60
59
58
59
55
59
58
54
51
51
51
49
49
47
50
46
48
44
45
44
44
42
38
41
36
39
37
35
35
35
32
30
29
31
28
25
23
27
21
24
23
21
20
17
15
15
17
17
11
13
12
9
9
10
6
5
3
6
1
1
3
6
3
8
5
11
11
13
14
11
12
15
16
15
17
18
21
19
20
21
24
25
28
26
27
27
27
30
32
32
33
37
36
34
37
38
38
40
39
44
46
43
46
49
48
49
47
53
53
52
53
54
53
57
58
58
60
59
61
60
63
64
63
68
70
68
70
68
73
74
75
76
78
78
77
78
79
83
82
82
82
82
86
85
88
87
87
92
94
91
92
95
93
97
99
101
98
102
102
103
101
102
103
107
108
108
112
108
114
115
116
115
117
119
120
120
118
118
122
125
126
126
125
128
129
127
131
132
130
133
135
132
135
136
135
138
137
139
140
145
144
145
143
148
146
147
147
150
150
152
152
154
156
154
160
159
160
162
163
164
163
166
164
164
166
168
171
172
170
170
171
172
173
176
179
176
182
181
183
180
186
185
186
187
186
186
191
193
191
190
192
192
196
199
197
198
197
201
201
203
201
206
208
209
206
206
212
210
211
210
211
215
217
218
215
218
219
222
221
223
221
222
224
225
227
227
231
231
232
231
231
235
235
237
239
240
239
239
239
245
246
245
245
249
248
251
251
248
250
255
251
256
257
255
256
258
261
261
263
263
261
263
268
268
265
267
271
269
271
271
274
273
275
275
276
276
279
283
284
283
284
286
288
287
287
289
287
291
289
294
292
293
296
296
299
300
298
303
304
300
305
306
306
305
310
307
308
310
310
310
312
314
315
316
317
316
320
318
321
321
324
324
325
326
326
327
329
329
334
330
334
332
333
336
337
339
340
339
341
340
344
343
345
347
349
350
352
348
353
351
353
354
355
357
360
361
359
362
364
363
362
363
365
364
367
368
372
369
372
374
375
375
375
375
376
377
381
383
381
380
383
383
385
388
389
388
388
393
394
391
394
396
394
394
398
401
402
399
400
403
401
402
403
406
410
411
411
411
411
413
415
416
414
414
417
416
417
418
423
424
424
422
424
426
427
430
431
433
432
432
433
436
435
439
438
441
442
