441
437
437
436
433
434
435
430
434
429
427
431
428
424
423
427
421
420
422
422
417
417
420
419
418
413
414
410
409
408
409
410
409
409
407
403
404
405
401
400
398
397
399
398
396
396
396
395
391
393
392
388
386
385
383
387
383
381
380
381
382
376
376
374
377
376
372
372
370
370
368
369
370
364
363
363
365
363
364
358
362
358
358
357
358
355
351
355
354
348
349
351
349
346
343
344
344
345
342
342
339
340
335
339
335
333
331
335
332
332
327
327
330
326
326
326
321
324
324
318
317
317
319
319
316
313
313
310
312
309
310
308
305
308
307
305
301
301
304
303
298
296
295
294
293
295
295
291
290
289
289
291
289
285
285
286
281
283
282
280
280
277
275
274
275
275
275
271
269
270
269
268
269
266
267
267
261
262
263
261
259
259
256
257
254
253
252
252
253
253
249
249
250
247
245
245
243
240
242
239
238
237
236
234
236
234
235
234
230
229
228
231
228
227
226
225
226
223
221
222
222
220
219
217
218
213
213
215
212
209
208
209
207
207
206
205
204
204
203
200
197
198
198
197
198
196
193
195
194
188
187
189
188
187
184
186
186
182
184
182
177
180
177
178
174
172
176
174
174
171
172
168
168
169
168
163
163
162
161
161
159
158
156
154
157
154
153
155
150
151
147
151
146
145
148
145
144
143
139
142
138
137
136
136
137
133
136
131
133
128
130
131
127
124
128
122
121
120
124
121
120
118
119
119
118
114
111
111
112
109
112
111
106
104
105
107
101
103
101
100
101
99
96
94
93
95
94
92
94
89
91
91
88
87
86
87
83
82
83
81
77
78
76
78
74
77
74
70
73
72
67
69
70
69
66
64
63
65
61
63
61
61
59
54
57
52
56
50
49
51
52
49
48
45
46
43
46
42
39
38
42
37
36
34
38
37
34
31
34
28
29
31
25
24
26
26
23
23
24
23
20
20
19
17
16
14
16
13
9
10
8
9
8
7
5
7
3
2
6
3
7
9
5
11
12
9
11
10
11
16
15
16
16
17
21
18
24
25
21
22
26
29
29
30
30
29
30
33
34
37
37
35
37
39
38
43
41
44
42
42
46
46
48
49
51
50
51
50
51
54
53
58
56
60
59
62
64
63
66
65
67
69
65
69
71
71
70
73
73
73
75
79
79
76
82
79
84
81
86
83
86
86
90
86
91
91
91
93
96
93
98
94
97
101
102
102
103
103
102
107
107
109
110
107
109
108
113
111
115
117
118
119
117
117
120
123
124
121
126
127
127
124
125
128
132
132
129
133
136
132
135
134
137
136
138
140
144
143
146
144
144
149
149
147
149
149
153
151
156
156
157
154
157
156
161
159
162
164
161
167
168
168
169
168
167
173
169
172
176
172
174
177
177
180
177
179
183
185
183
187
187
187
188
190
191
188
194
192
192
197
194
194
200
196
197
202
202
201
202
203
208
204
206
210
210
213
214
215
215
214
215
216
220
218
218
219
219
225
225
222
227
225
225
227
229
230
230
234
235
234
233
236
240
236
238
242
244
242
245
247
244
244
248
249
249
251
252
254
254
253
258
257
257
256
261
260
260
265
266
262
267
267
270
269
270
270
274
270
274
275
274
274
275
279
279
280
281
281
286
285
286
285
290
291
291
288
291
291
293
293
296
297
300
298
302
303
300
301
302
307
306
306
309
310
309
312
313
315
314
315
313
317
319
316
317
318
321
323
326
326
327
325
328
327
332
330
333
331
336
332
336
337
340
336
340
343
339
343
341
344
346
349
349
346
347
349
353
350
352
352
355
356
358
360
362
359
362
364
366
365
363
366
370
366
372
372
369
371
375
376
376
376
375
379
377
382
379
382
381
384
385
386
385
387
391
391
393
391
395
396
393
396
395
398
397
403
403
405
406
407
406
404
405
411
408
408
412
410
413
412
415
415
418
417
417
418
419
421
424
422
427
425
427
429
428
428
432
433
435
433
437
436
436
437
438
