442
438
438
438
434
435
431
431
433
428
429
430
430
424
428
424
422
425
422
419
421
417
418
415
416
415
415
414
412
413
409
409
408
408
405
403
403
404
401
402
401
398
396
399
398
394
393
392
391
391
392
390
390
386
388
387
381
385
381
380
381
376
376
377
377
372
371
374
371
370
369
369
365
366
368
367
363
363
359
358
359
360
358
358
358
355
351
355
352
348
350
349
349
345
343
347
342
340
340
342
341
337
339
335
338
335
332
334
330
331
328
331
326
324
325
326
324
321
324
322
318
317
317
315
318
312
313
312
312
309
311
311
310
306
307
303
303
303
303
301
297
300
299
295
298
296
296
295
289
289
289
288
289
284
288
285
282
284
283
279
281
279
275
274
276
277
272
273
273
271
271
270
270
264
268
262
262
264
263
259
260
257
259
256
258
255
256
251
252
250
251
251
247
248
243
245
241
244
243
242
239
237
237
238
236
235
233
233
231
230
227
230
228
228
226
224
224
224
222
221
221
221
218
216
216
217
214
214
212
208
211
207
209
209
205
207
203
202
203
202
199
201
198
195
194
193
191
191
193
192
187
191
186
186
187
184
181
183
183
181
178
176
177
179
174
177
173
172
169
172
172
171
168
167
165
162
166
161
163
163
161
158
157
157
157
153
153
154
149
152
149
147
150
147
144
147
143
140
139
143
140
141
137
134
136
137
131
135
134
132
132
126
127
127
125
124
123
124
122
119
118
120
118
115
115
115
112
113
114
109
109
109
105
104
105
103
104
104
100
99
100
100
97
95
98
94
91
91
89
89
90
87
86
88
88
85
83
82
83
79
77
80
75
75
73
75
75
71
71
70
68
67
67
65
64
63
61
64
59
63
61
61
58
57
56
52
56
53
51
49
47
51
48
49
44
47
42
42
43
42
42
37
35
39
33
36
35
34
32
29
28
28
28
29
24
23
21
20
24
19
19
20
19
18
14
17
14
10
14
8
12
8
10
6
7
7
1
2
3
6
6
7
9
7
9
8
12
11
14
17
18
18
17
18
17
22
21
25
26
22
24
27
29
27
30
28
30
31
36
33
37
36
37
36
39
39
39
40
46
42
46
49
50
50
47
49
49
54
56
57
53
59
55
56
58
60
59
64
65
65
66
68
68
70
72
72
73
75
73
74
76
75
78
80
78
82
80
84
82
86
88
86
90
88
91
88
91
91
92
97
94
98
97
99
102
100
104
103
106
107
107
107
110
109
111
109
111
112
116
113
118
116
118
118
121
119
121
124
122
123
123
127
125
129
127
131
130
131
131
136
138
136
136
141
141
139
143
144
144
145
143
148
149
148
150
148
149
152
155
157
158
156
157
160
158
160
161
163
162
167
164
166
170
169
168
170
172
174
172
172
176
178
176
177
180
179
180
184
181
184
185
185
190
191
192
193
190
195
191
194
197
196
197
196
197
203
200
201
202
204
205
205
208
209
212
212
212
213
212
214
216
215
218
220
218
222
222
224
225
226
228
224
230
230
231
228
230
233
233
236
235
239
236
240
239
241
241
240
243
247
247
244
248
247
248
253
250
255
253
256
255
255
258
261
257
263
261
262
266
264
264
268
265
268
269
272
270
270
275
276
274
276
276
278
277
280
282
284
284
286
283
287
290
290
288
289
289
295
293
292
293
298
295
296
302
303
302
301
306
302
305
307
308
308
308
308
312
310
313
317
318
316
319
319
322
318
322
325
321
324
323
325
329
331
332
328
334
335
332
334
333
337
336
336
341
343
343
344
341
344
347
346
349
351
347
350
353
355
353
354
354
355
357
360
358
361
360
365
363
366
363
364
367
367
369
370
369
373
375
372
375
375
375
381
377
378
383
381
382
382
386
389
387
391
390
393
393
391
395
395
394
396
399
399
399
402
404
404
401
407
404
405
408
407
411
409
409
410
411
414
416
418
418
416
420
423
424
421
422
424
428
424
429
427
427
428
430
434
435
437
433
439
438
441
437
