439
440
437
438
435
433
434
434
433
431
427
429
426
428
426
427
424
425
423
422
418
417
418
414
416
413
415
412
412
410
408
408
406
404
408
406
404
401
400
401
401
400
398
399
395
394
396
394
391
388
389
386
387
388
388
382
382
382
379
378
378
381
375
378
378
372
373
371
370
370
369
371
370
367
366
367
364
361
360
361
358
361
359
358
353
357
353
351
350
351
351
346
346
349
348
344
346
340
344
338
337
336
339
335
335
333
332
333
334
328
330
327
326
325
324
325
326
325
323
319
322
317
317
315
317
316
311
312
311
310
308
308
306
309
306
303
305
302
300
300
298
296
296
297
296
293
291
291
293
292
292
286
290
288
285
286
284
283
282
283
277
276
279
274
275
274
271
273
272
273
267
270
267
269
268
265
266
263
259
262
262
258
255
256
256
255
255
255
254
253
252
246
248
247
248
243
244
243
244
243
238
238
239
238
234
234
231
235
234
229
227
229
230
227
223
222
223
224
224
221
218
221
215
215
218
217
214
211
212
213
208
210
207
204
206
203
206
205
203
201
197
198
197
197
196
197
192
193
191
191
191
186
190
189
184
183
186
181
179
180
179
177
175
174
173
174
176
175
174
169
170
169
167
166
168
166
163
160
164
161
159
157
160
154
156
156
154
153
153
152
151
147
148
145
146
143
146
145
144
142
141
138
140
138
138
134
133
134
134
128
128
131
127
127
126
122
125
120
122
118
119
117
120
116
116
115
116
111
109
109
112
110
108
104
105
107
101
103
104
99
102
96
99
98
98
93
93
90
93
88
88
86
86
89
86
82
84
81
83
83
80
78
76
79
78
75
75
73
72
71
72
71
69
65
68
63
64
60
59
63
58
60
56
59
53
54
54
52
49
51
49
51
49
45
44
45
45
42
40
39
38
40
35
35
33
32
34
31
31
33
31
28
25
29
26
27
21
25
20
18
20
21
19
16
17
14
14
13
9
13
8
9
9
8
3
6
3
4
5
3
7
5
6
11
12
10
10
10
16
17
15
17
18
16
21
21
23
20
23
24
28
26
29
26
32
29
30
35
35
36
34
37
35
41
41
41
40
44
41
44
44
44
49
51
47
53
53
52
53
52
58
58
59
56
62
61
62
61
61
63
65
67
67
70
70
70
73
75
75
72
73
76
77
78
80
79
81
81
83
87
86
86
85
90
87
89
89
95
93
92
96
96
96
100
99
98
103
103
102
106
107
108
110
111
108
109
110
113
113
117
118
115
120
119
118
122
122
122
125
123
125
129
127
130
128
133
134
131
135
134
137
134
140
141
140
138
141
144
145
142
145
145
147
149
147
151
152
152
156
152
157
159
155
160
161
158
159
161
165
167
165
169
165
167
170
172
172
175
171
175
177
178
180
179
179
179
182
184
183
185
186
185
189
190
188
192
193
191
191
195
196
194
200
199
199
202
201
200
204
205
203
205
210
208
212
208
213
214
215
217
216
219
217
221
218
218
219
224
221
225
227
225
227
228
227
229
233
231
233
236
238
234
236
236
240
238
243
241
244
245
246
244
245
251
252
250
251
253
256
253
254
259
257
258
262
259
262
262
262
264
266
269
265
268
270
269
271
275
273
275
273
278
278
276
280
279
279
280
282
285
288
285
289
288
289
290
292
291
295
292
297
294
295
301
297
302
303
302
304
307
305
309
307
307
308
308
311
312
314
314
318
314
315
316
321
322
323
320
324
323
326
329
328
326
332
329
332
332
331
332
334
335
335
340
337
343
340
343
342
345
347
345
348
346
351
352
350
351
355
354
356
354
356
357
357
359
360
365
365
366
367
366
365
371
372
372
371
375
373
375
378
379
378
379
380
378
382
380
383
382
385
385
386
388
391
393
390
393
396
397
397
396
400
397
400
402
401
405
403
403
404
409
406
408
410
412
410
413
415
416
417
418
420
416
422
423
423
425
422
424
424
425
429
426
432
433
432
432
432
436
437
436
437
436
442
