441
436
436
439
435
434
432
431
430
432
429
431
428
429
425
422
421
421
424
418
417
421
415
417
416
412
413
412
414
411
410
408
406
407
407
402
403
404
403
403
398
400
395
399
397
396
393
395
392
389
392
388
386
388
388
382
381
383
382
382
382
378
379
375
376
373
376
372
372
370
369
369
368
369
364
362
366
360
359
358
358
357
359
355
354
352
355
353
351
351
349
349
349
344
343
342
345
340
342
339
337
340
337
334
333
333
334
334
329
331
330
329
325
328
323
324
325
322
321
319
318
319
319
316
313
312
313
312
309
313
309
311
306
304
303
304
302
304
301
303
301
296
296
296
294
293
296
294
291
292
292
289
288
289
286
285
284
280
282
279
277
279
279
279
278
274
271
275
273
272
269
266
269
266
265
265
263
261
263
259
260
258
256
259
258
254
255
252
253
251
250
246
250
249
245
246
246
240
240
239
239
240
239
237
235
237
236
232
234
228
229
228
227
225
226
222
221
220
223
223
217
220
216
215
213
213
215
210
211
208
210
208
206
205
204
202
205
201
200
200
199
200
200
196
194
195
195
194
194
190
187
191
190
186
183
183
186
184
181
181
181
178
180
175
175
176
176
175
174
171
167
166
168
169
166
166
162
164
161
163
161
161
158
156
156
154
154
155
152
151
148
148
149
145
143
146
144
142
139
142
139
141
135
134
135
137
133
134
132
130
130
129
125
126
125
127
123
125
122
120
119
116
115
118
113
116
111
113
111
111
111
111
108
109
107
105
103
103
103
102
98
96
95
97
96
97
92
94
90
89
91
91
85
85
84
84
82
81
80
80
77
81
76
78
77
75
75
72
69
68
71
71
67
68
66
63
66
65
64
59
59
59
58
57
55
56
55
55
52
52
51
51
47
47
44
47
43
41
42
43
38
39
38
37
34
34
31
32
29
33
27
28
27
27
23
23
21
23
19
18
18
17
18
14
13
13
13
11
10
13
10
8
7
6
6
7
2
3
6
4
7
5
6
6
8
12
13
13
11
12
14
19
15
20
20
23
19
24
21
24
26
27
28
30
28
29
30
35
32
32
37
39
40
37
39
40
43
41
41
44
43
47
47
46
52
48
52
51
54
56
56
56
60
56
60
63
61
62
64
67
63
67
65
69
67
69
69
72
76
75
76
77
80
79
82
82
83
84
85
84
85
87
89
89
89
92
90
94
94
96
95
94
96
99
98
101
100
103
103
106
103
107
109
111
108
110
114
112
114
115
118
119
117
116
117
118
122
122
121
126
126
128
125
127
132
128
131
131
132
136
134
134
138
138
138
139
143
143
142
147
145
148
146
150
148
152
154
153
151
154
158
159
156
160
161
162
164
162
165
167
167
166
168
168
172
173
174
171
176
177
177
176
176
178
178
182
179
183
183
187
188
189
190
190
187
189
191
193
196
196
197
195
200
201
200
200
202
203
202
206
204
207
208
209
212
210
209
213
213
214
218
219
216
220
219
219
223
224
226
223
224
228
227
229
229
233
232
231
233
237
237
234
235
236
237
240
240
241
245
245
243
249
249
251
252
252
254
251
255
257
255
257
260
260
262
261
261
264
261
267
265
266
267
266
269
269
273
274
273
276
277
278
276
277
279
283
284
281
281
282
287
286
289
288
292
293
294
293
296
295
293
297
296
301
299
298
302
303
306
303
303
306
307
308
312
313
314
314
314
312
313
316
320
318
322
322
322
321
323
326
324
325
327
329
329
328
334
335
333
337
334
334
337
338
339
339
343
344
345
344
346
345
349
351
352
349
352
351
356
355
355
354
359
356
357
360
360
365
362
365
366
366
367
366
369
368
372
371
373
375
373
376
378
381
382
383
380
382
386
384
387
389
385
387
390
389
390
393
395
393
398
396
395
399
400
400
401
404
405
407
405
407
406
408
411
412
413
415
414
414
418
419
419
417
417
418
422
421
426
423
428
426
427
430
427
430
429
432
433
437
433
439
440
439
442
