437
440
435
434
438
433
433
431
429
430
429
426
425
426
426
423
422
421
421
423
420
420
418
415
417
412
415
410
414
411
412
410
410
407
403
404
405
403
401
401
398
398
398
399
394
395
394
394
390
389
392
390
389
385
383
383
386
380
381
382
382
380
380
375
373
373
375
375
371
372
370
371
367
367
365
362
362
360
363
358
358
360
355
357
353
356
352
353
351
349
347
350
349
349
348
345
342
340
340
342
338
340
339
337
336
337
336
335
332
332
331
329
328
328
326
325
324
320
324
319
322
316
317
315
316
315
313
310
313
308
307
306
310
308
303
304
304
301
299
299
299
296
295
299
298
294
295
294
289
288
288
286
288
286
286
282
285
284
281
278
279
278
278
275
274
275
272
272
269
273
268
271
267
264
268
265
264
262
262
262
259
260
255
259
257
256
256
250
254
251
247
247
245
249
244
247
242
241
244
240
240
240
238
239
235
234
236
231
230
230
228
227
229
225
223
224
226
222
222
219
217
216
217
217
213
212
216
215
213
213
208
209
206
208
205
207
201
203
201
198
199
196
198
194
193
195
193
193
192
192
187
189
185
189
184
183
185
180
180
179
181
180
180
177
175
175
171
170
170
172
169
171
166
168
168
163
162
160
160
159
157
158
158
155
157
154
152
155
154
151
152
146
149
144
145
145
142
143
140
140
140
139
139
138
137
134
134
131
130
131
128
128
128
127
128
122
124
121
119
121
122
116
116
119
117
114
112
115
109
112
108
107
106
105
103
104
102
100
103
103
98
99
98
94
96
95
95
95
89
92
92
87
86
84
85
82
85
84
80
81
82
77
80
75
74
72
76
72
70
70
70
67
68
64
63
65
65
62
59
58
58
59
59
58
57
53
52
54
50
49
50
47
47
47
43
46
41
45
43
43
38
40
35
36
33
35
34
35
34
31
32
31
28
24
25
26
21
24
19
23
18
18
20
15
17
14
12
11
12
12
9
8
8
5
8
7
3
5
4
5
8
7
10
8
7
9
10
12
15
15
13
19
15
17
20
22
20
20
24
26
25
28
29
31
29
33
29
34
34
36
36
34
39
41
39
39
39
45
45
45
45
49
46
47
50
51
53
54
51
57
57
58
60
59
60
61
62
62
66
65
64
64
70
69
72
71
72
70
76
76
74
77
80
79
81
82
84
81
82
82
85
89
90
90
92
88
93
93
95
92
95
95
97
99
97
98
102
100
102
106
108
104
107
110
110
108
110
110
116
112
117
115
119
120
118
121
124
125
126
125
123
129
130
129
132
128
129
134
132
132
133
138
138
139
138
141
140
141
144
144
144
147
146
149
149
153
149
155
156
155
154
157
160
157
160
163
163
160
165
166
163
167
170
167
169
168
169
175
173
173
177
174
179
180
178
180
182
183
181
186
185
185
188
191
189
188
192
194
191
197
197
196
196
197
198
199
201
200
205
203
204
205
207
207
207
213
214
215
212
217
213
218
216
220
220
220
224
224
222
222
223
224
225
229
232
230
232
232
231
237
236
238
237
240
240
239
244
245
245
245
245
247
246
251
252
248
251
250
253
255
254
258
260
258
261
263
262
262
263
266
264
267
266
266
267
268
273
272
276
275
275
276
275
281
282
278
280
281
281
283
283
288
285
287
288
288
292
293
292
292
298
295
300
296
298
300
300
302
304
303
306
305
309
309
308
309
309
312
312
312
314
319
317
319
319
319
320
321
323
327
324
326
326
329
330
330
329
331
331
332
335
337
338
336
342
342
341
341
346
346
347
345
347
347
351
352
349
354
353
357
355
354
360
359
362
360
363
365
364
366
366
366
365
366
371
371
370
370
371
377
373
377
377
376
377
381
383
380
383
387
388
385
385
391
390
390
391
391
395
393
395
399
397
398
397
400
401
403
403
403
403
409
406
406
407
409
412
413
414
413
416
418
417
420
417
422
423
423
426
422
423
428
427
428
431
431
434
430
432
432
438
439
436
441
440
