438
437
438
438
435
433
433
434
430
429
431
431
426
429
425
423
423
424
422
423
418
417
415
416
414
416
412
411
411
410
410
406
405
408
406
405
405
405
399
400
398
398
395
398
397
393
394
394
390
390
387
390
386
389
387
384
386
381
382
383
381
377
376
378
375
375
372
372
372
369
370
366
365
365
365
365
366
364
364
359
357
361
359
356
354
357
354
351
351
350
349
347
349
345
344
345
346
345
344
338
339
336
335
337
335
332
335
331
333
332
328
330
329
327
326
322
321
324
319
319
319
320
317
318
316
315
311
315
312
311
307
306
309
304
303
302
304
302
299
298
298
301
297
295
298
293
291
292
292
292
290
286
287
284
287
282
284
280
283
283
282
279
275
279
276
273
271
275
270
269
272
271
266
268
263
265
263
263
260
259
260
261
257
257
257
254
254
252
250
251
252
246
248
245
245
246
244
244
239
242
241
240
238
236
233
232
236
231
234
228
231
227
230
225
227
222
221
225
224
218
218
220
219
217
218
214
214
210
211
209
211
206
209
209
205
207
206
203
204
201
200
201
196
196
195
192
193
195
193
190
187
189
185
188
183
184
181
180
184
181
182
178
176
174
173
177
176
174
174
173
170
169
168
164
167
167
165
160
160
159
160
161
158
159
156
152
151
151
154
149
152
149
150
145
146
142
142
145
144
139
140
138
140
134
133
137
136
133
132
129
130
129
128
128
124
126
126
121
120
120
117
117
118
117
113
113
113
112
113
108
112
109
105
108
104
102
102
104
102
102
102
99
99
94
97
93
96
90
94
89
91
91
87
88
88
82
86
84
79
79
81
80
78
77
78
77
74
70
69
70
68
69
67
64
64
66
63
60
64
59
62
57
59
56
54
56
53
50
50
48
47
49
46
49
45
42
45
42
42
38
40
36
35
38
38
37
34
35
31
30
30
31
29
28
27
22
24
21
19
19
21
18
17
17
14
17
13
13
13
12
8
11
5
9
8
7
4
3
6
4
3
9
9
11
7
11
14
12
11
13
18
17
18
18
17
22
20
24
21
25
28
26
27
30
27
33
30
30
34
34
34
35
40
39
41
40
43
42
46
43
43
46
48
46
51
50
49
51
56
55
56
57
59
61
60
63
62
63
61
64
67
67
66
70
67
69
74
75
74
76
78
75
80
81
81
82
84
81
82
85
85
88
89
88
87
93
93
92
92
97
95
96
97
98
100
100
102
104
102
104
104
105
106
109
110
112
112
112
114
115
114
115
115
118
119
122
122
121
122
127
128
124
128
129
131
133
133
130
136
137
135
137
137
141
140
138
140
142
141
144
148
147
150
150
147
153
153
153
151
152
156
154
159
156
161
158
164
161
166
166
166
167
166
168
168
169
171
171
175
175
176
179
175
178
177
180
182
180
185
186
184
184
185
187
192
189
191
195
193
195
196
198
199
201
199
203
203
201
202
203
208
207
209
209
207
209
212
214
214
216
213
218
216
220
221
218
224
224
225
223
225
228
230
229
231
230
234
232
236
235
234
234
240
236
241
239
242
240
241
247
246
244
247
250
250
248
251
253
254
254
255
255
256
256
258
261
260
264
265
267
266
269
265
269
267
269
273
272
272
277
275
279
277
280
279
281
284
285
285
284
288
284
286
287
289
288
293
292
292
295
297
299
298
301
301
301
301
302
305
302
303
304
310
310
312
310
310
311
315
313
316
317
315
318
317
318
322
321
326
327
328
328
325
329
332
329
330
332
334
333
336
337
337
337
340
343
341
343
344
344
348
349
345
350
351
350
349
351
355
355
358
359
357
361
357
362
362
363
365
362
364
366
369
368
369
368
370
370
372
374
373
374
376
378
377
383
381
384
381
383
387
388
386
389
390
389
389
391
396
396
396
399
396
398
397
398
400
403
406
407
407
405
407
407
408
411
410
414
411
416
415
414
417
420
419
423
421
421
421
424
426
425
429
427
431
428
434
433
431
432
436
438
438
441
438
