437
441
440
435
437
433
436
431
429
433
432
428
425
424
425
424
426
421
422
421
421
421
417
415
414
413
416
413
409
413
412
409
406
404
404
402
405
403
403
399
398
396
397
396
395
397
395
390
393
389
391
387
386
389
385
386
381
383
382
378
381
378
375
374
373
375
371
374
372
373
370
368
365
368
367
366
366
362
359
359
361
358
355
354
354
356
353
355
349
350
352
349
346
346
344
344
341
341
341
343
341
340
338
338
336
337
333
335
331
328
331
329
329
326
328
326
326
320
321
323
320
316
317
316
318
313
311
311
313
310
307
309
309
306
303
307
303
304
301
299
302
296
295
299
298
292
292
293
293
291
287
291
287
285
288
286
281
282
281
279
281
280
277
274
277
275
276
271
269
268
267
270
266
269
264
262
261
265
261
259
259
256
258
259
256
256
252
255
251
253
250
247
249
246
248
242
244
245
241
242
241
239
240
236
236
235
235
235
234
231
227
226
228
225
227
222
223
224
222
219
217
221
220
218
217
216
216
210
212
213
209
211
205
207
207
207
206
205
201
201
198
197
196
195
195
195
196
190
189
189
192
188
190
188
185
182
182
185
180
181
177
177
177
179
175
173
176
171
173
171
170
166
168
168
167
166
164
160
164
161
157
156
160
157
158
152
154
151
149
150
150
146
146
144
143
147
146
141
143
143
137
140
138
134
136
132
136
131
131
132
129
127
130
127
125
122
125
123
120
120
117
121
119
118
118
117
116
114
110
110
109
106
106
109
103
102
106
105
100
101
102
100
96
98
93
92
92
93
89
92
87
88
85
87
86
86
81
81
79
80
81
77
75
74
75
77
71
71
74
69
70
67
70
69
66
64
66
60
61
62
62
59
57
55
57
52
52
52
50
50
47
46
47
48
46
42
43
45
43
42
40
41
35
39
36
32
34
31
30
32
28
29
30
27
25
25
26
20
22
18
19
21
17
18
18
17
13
12
10
9
8
9
9
7
7
5
3
5
2
5
3
8
10
7
9
12
10
14
12
12
15
18
17
20
22
23
24
22
23
23
27
29
30
26
31
31
31
32
36
34
34
39
35
36
38
41
43
40
43
45
47
46
49
51
48
50
49
53
52
54
58
54
56
60
59
63
61
61
65
64
65
66
68
68
71
69
73
72
74
72
76
78
75
77
82
79
79
80
82
83
87
84
90
86
89
91
92
92
96
94
94
99
96
97
101
98
103
105
105
106
107
105
108
108
111
109
113
113
116
112
114
116
115
119
117
119
122
123
124
126
126
128
126
129
132
132
132
132
131
135
134
134
136
136
142
142
144
141
143
146
147
147
145
150
148
150
149
154
151
156
153
158
158
158
158
162
162
161
164
163
164
169
167
168
168
168
172
170
171
177
175
175
179
180
178
179
184
185
184
183
185
185
185
187
191
192
192
191
193
193
197
196
200
201
198
203
200
203
204
206
206
205
205
209
209
208
209
213
216
212
213
214
220
221
219
218
222
221
226
225
227
225
229
226
232
231
230
230
236
232
236
237
238
240
239
243
244
240
244
246
243
245
247
248
251
252
254
252
251
254
257
256
258
261
257
258
262
263
261
263
266
264
270
271
267
269
271
272
273
272
274
276
277
280
278
280
279
280
283
282
284
288
288
291
289
288
291
295
295
296
293
295
296
299
299
300
303
304
305
307
306
307
310
308
308
312
309
310
315
312
313
315
315
321
319
318
322
320
324
324
325
328
329
328
329
329
332
333
336
335
338
334
340
338
342
343
342
343
346
343
347
349
348
348
351
352
354
350
355
352
355
355
357
356
360
359
359
362
366
365
367
367
370
371
368
371
369
374
374
375
378
377
375
381
378
383
382
380
386
383
384
386
389
390
387
388
392
392
393
394
393
394
399
399
401
401
399
405
404
405
406
408
407
409
409
413
409
413
413
412
414
417
416
417
421
419
423
420
422
422
424
428
429
431
427
433
430
434
433
437
437
438
436
441
439
