0.0006823539733886719
0.0023147106170654298
0.004355017344156901
0.007614231109619141
0.011539443333943685
0.018247715632120767
0.023413546880086265
0.03095531463623047
0.04050305684407552
0.051263856887817386
0.06004602114359538
0.07586166063944498
0.09587368965148926
0.10683271090189615
0.11070958773295085
0.00333280563354
0.0127224763234
0.0255170027415
0.0432860374451
0.0667084852854
0.100712601344
0.134425258636
0.173578198751
0.255663204193
0.284867143631
0.357079076767
0.45787820816
0.521345186234
0.611934089661
0.650376764933
0.00324802398682
0.0119479497274
0.0244546890259
0.0410509268443
0.0659102757772
0.099880806605
0.134450276693
0.170869398117
0.243081823985
0.29526441892
0.32552391688
0.397556177775
0.50590763092
0.594596163432
0.648750766118
