4.0578842163085935e-05
5.0401687622070314e-05
7.301966349283854e-05
9.487469991048177e-05
0.00011434555053710938
0.00014963150024414063
0.00016161600748697917
0.00018677711486816406
0.00024345715840657552
0.00027105013529459633
0.0002865155537923177
0.00031305948893229165
0.00035127003987630207
0.0003708839416503906
0.00038596789042154945
0.000137933095296
0.000231345494588
0.000344562530518
0.000449085235596
0.000559647878011
0.000600735346476
0.000688664118449
0.000848261515299
0.00119245847066
0.00107911427816
0.00122164090474
0.00150100390116
0.00179306666056
0.00168528556824
0.00171969731649
0.000127283732096
0.00023094813029
0.000309101740519
0.000398349761963
0.000499153137207
0.000603755315145
0.000744390487671
0.000815931955973
0.00102113087972
0.00130230585734
0.00112358729045
0.00124820073446
0.00142455101013
0.00164465904236
0.00173311233521
