0.0008277575174967448
0.0026499112447102863
0.005698474248250326
0.010161542892456054
0.015247567494710287
0.023618729909261067
0.03056820233662923
0.04064294497172038
0.05406044324239095
0.07032248179117838
0.08236618041992187
0.10652046203613282
0.1272256056467692
0.1447226047515869
0.15795551935831706
0.00576057434082
0.0215276082357
0.0469065030416
0.0803138415019
0.125273815791
0.180790551503
0.24303539594
0.317665783564
0.469590759277
0.548433558146
0.667978986104
0.853011846542
1.04462542534
1.19045205116
1.44549196561
0.00589319864909
0.0217529137929
0.0465403397878
0.0793649673462
0.123237276077
0.175146182378
0.24726729393
0.318712647756
0.451405127843
0.583281453451
0.62193090121
0.737377564112
0.93346619606
1.14898004532
1.25353514353
