313
314
314
314
308
309
307
310
306
304
306
304
305
304
300
299
297
295
295
296
295
296
292
292
293
288
290
289
285
287
284
285
285
281
278
277
279
275
279
276
272
273
270
270
268
268
268
266
264
267
263
266
265
260
260
258
259
257
254
254
252
251
253
249
250
247
251
250
249
244
242
245
243
239
242
240
237
239
235
237
233
235
232
229
233
228
230
230
229
223
227
226
222
223
219
219
220
217
214
216
216
214
212
210
210
209
209
209
207
205
203
206
200
204
198
201
198
196
195
195
196
196
191
192
192
191
188
185
189
183
183
183
183
183
178
179
177
180
177
176
174
174
174
169
171
169
171
170
164
167
163
161
161
159
162
157
159
160
159
154
156
152
153
152
149
151
146
145
146
145
145
142
144
143
140
138
137
135
134
134
135
133
131
133
131
127
129
126
128
125
122
124
122
121
119
118
117
117
119
115
115
115
115
114
112
110
108
106
107
103
104
102
104
99
98
100
97
97
94
94
94
96
91
91
93
89
89
88
84
87
87
83
83
80
82
78
80
75
76
76
77
73
71
72
71
72
69
68
65
67
64
61
62
63
58
60
60
60
54
55
55
51
53
51
52
49
49
49
44
45
42
43
40
41
42
40
39
35
39
34
34
34
30
32
29
31
30
26
28
23
23
25
21
24
23
19
19
20
19
17
16
11
14
12
9
7
8
10
5
3
2
2
1
5
6
8
4
10
11
7
13
13
14
14
14
14
14
16
18
18
20
23
22
25
27
26
27
29
31
31
32
33
35
36
35
34
38
38
37
41
38
39
42
46
46
45
44
48
47
50
53
51
52
56
56
54
59
57
59
57
61
60
64
66
65
64
65
68
71
69
68
70
72
76
75
76
75
76
79
82
79
84
85
85
84
84
88
90
89
87
93
92
93
93
94
97
95
98
99
97
101
104
103
106
104
107
107
109
109
112
111
111
110
112
113
118
118
118
117
119
118
119
120
125
125
127
126
125
126
131
131
131
133
136
133
137
138
136
140
137
141
143
142
146
144
143
146
149
150
147
151
152
155
151
155
154
155
155
156
161
158
162
160
165
166
163
164
165
168
168
169
171
170
171
175
175
178
180
178
177
183
181
184
185
184
184
189
186
186
188
188
192
192
191
197
197
197
196
196
202
203
203
205
203
206
205
206
208
210
209
212
209
211
212
215
216
214
220
221
217
220
220
222
223
227
227
227
228
227
231
231
229
232
232
237
235
234
236
240
242
243
244
243
245
246
243
244
250
250
248
249
251
251
253
255
255
259
258
261
260
259
260
261
266
267
265
264
267
269
267
270
269
274
276
276
278
279
280
277
281
279
281
283
284
286
283
288
290
290
291
288
290
290
293
296
296
297
297
297
301
301
299
302
303
302
304
306
308
309
312
308
311
310
312
315
