313
316
315
311
309
307
306
310
309
307
302
305
303
304
303
297
299
295
299
293
294
291
294
294
289
292
287
285
286
288
283
281
281
281
279
282
277
280
274
276
276
275
273
270
269
267
267
270
269
268
265
265
262
264
261
257
261
260
257
253
252
254
253
253
252
251
249
245
246
246
242
246
243
242
242
240
239
238
236
233
235
231
235
234
228
231
228
228
229
225
224
222
223
222
220
218
220
218
215
213
217
212
210
209
209
212
211
206
208
203
205
201
202
202
201
198
200
200
195
194
196
195
193
190
189
187
188
188
184
187
186
186
183
181
180
179
181
178
178
175
172
172
170
173
172
170
166
166
166
163
164
164
161
163
163
160
156
155
156
158
156
155
150
152
151
150
150
150
145
143
145
145
144
139
141
142
136
139
138
136
133
132
135
132
133
129
131
125
127
125
124
123
120
124
118
117
116
115
117
117
112
116
114
109
112
110
107
109
106
104
104
105
100
99
101
99
98
95
95
96
97
96
94
90
92
87
88
87
89
86
87
82
85
79
79
82
79
75
76
74
76
76
70
71
70
70
66
68
68
63
67
61
64
61
58
60
59
60
56
58
53
54
50
53
52
47
50
47
48
43
46
41
43
43
42
38
37
38
34
36
37
36
31
34
33
29
27
30
25
25
26
25
23
19
21
17
17
19
15
17
13
12
14
10
13
11
10
5
4
7
4
3
4
3
4
8
7
5
11
8
11
10
14
15
13
18
19
15
21
18
23
19
25
21
25
25
26
28
30
28
33
32
35
31
37
38
35
37
41
41
42
43
41
42
43
48
45
45
47
50
49
54
54
54
52
55
57
58
61
59
59
63
60
65
62
66
64
69
66
72
68
72
74
73
72
73
76
76
78
79
82
80
81
81
83
88
89
90
86
89
91
89
92
95
97
94
97
97
101
100
99
104
105
105
106
106
109
108
111
109
109
109
113
113
112
116
117
120
118
121
118
123
123
126
123
124
124
129
131
128
128
129
132
131
137
133
137
139
137
139
139
139
144
146
147
148
144
145
149
148
151
152
154
154
157
156
157
159
160
159
159
159
163
162
167
168
167
166
170
168
173
172
174
173
177
174
177
177
179
177
180
184
185
186
186
188
184
185
186
189
193
191
190
192
193
197
196
197
199
199
199
200
201
204
204
203
204
208
210
210
210
210
215
212
212
215
214
215
216
217
218
222
221
224
226
225
225
227
229
230
233
232
235
233
234
233
237
236
240
240
243
244
243
246
242
246
247
248
251
252
250
249
252
256
257
258
254
260
259
259
259
263
262
265
265
267
267
269
267
267
268
272
273
273
272
275
279
276
281
282
282
284
285
285
282
284
288
286
287
287
290
289
292
292
293
294
294
299
299
297
301
300
302
303
302
308
307
309
306
308
312
309
311
311
317
