316
316
315
314
310
310
307
305
307
305
305
304
300
299
300
298
299
298
299
297
297
291
290
294
288
291
289
287
289
283
286
282
285
280
280
277
276
277
279
276
274
273
272
272
269
271
270
267
265
267
265
261
263
261
263
258
257
259
254
256
257
256
253
251
250
251
247
245
249
248
246
241
240
239
243
240
238
238
234
238
233
231
234
232
228
228
229
226
225
226
226
226
224
220
222
222
221
215
217
218
216
214
210
214
211
210
206
208
209
207
205
203
205
204
203
199
198
198
196
198
197
192
191
190
190
190
186
185
187
184
186
183
181
180
183
177
180
177
175
173
172
174
173
172
168
168
166
165
164
164
167
164
160
160
162
158
156
157
156
155
152
154
155
149
150
147
151
146
149
145
144
145
144
144
142
142
138
140
135
136
135
132
134
134
133
130
126
127
125
123
122
126
121
123
120
122
119
118
118
118
112
112
115
112
110
108
111
109
109
105
104
105
101
103
102
98
99
98
95
97
95
92
91
89
89
91
88
88
85
88
85
82
84
79
82
82
76
79
77
76
77
76
71
72
70
68
67
68
67
63
65
61
63
61
59
61
59
60
58
57
56
55
54
52
52
51
50
50
45
44
42
41
43
43
39
39
41
39
36
35
35
34
31
33
29
28
29
28
29
27
27
21
21
22
21
20
19
19
16
16
16
13
15
14
8
7
7
10
6
3
7
6
5
6
2
7
8
10
11
7
11
11
14
12
15
13
16
17
16
21
22
19
23
23
23
23
27
26
31
27
30
32
32
32
35
35
37
35
39
37
40
43
41
42
47
47
48
49
50
52
52
53
52
52
53
58
58
57
60
57
61
62
62
62
62
63
69
67
70
67
70
73
72
74
72
74
76
78
77
80
83
82
85
85
82
85
87
90
87
92
89
93
95
92
92
95
96
95
98
100
98
102
103
101
107
107
107
107
111
111
110
113
115
115
114
117
115
120
120
117
123
122
124
122
125
127
124
129
131
131
129
131
131
131
133
137
136
139
140
137
142
141
140
142
144
148
146
148
148
150
149
154
153
152
156
153
155
158
161
160
160
159
165
162
166
165
168
169
167
169
170
169
170
171
176
178
175
180
181
182
179
183
183
186
186
187
186
188
190
189
191
192
194
196
192
196
195
198
200
200
203
202
203
203
205
206
207
209
206
207
209
209
213
213
212
213
218
216
218
219
218
224
220
223
224
227
227
230
226
228
231
229
232
231
233
233
234
235
236
242
239
242
241
242
243
244
247
246
249
249
250
254
253
251
256
255
259
259
258
259
263
262
260
266
267
267
266
267
267
268
269
272
274
273
277
276
276
276
277
280
282
279
281
284
285
283
285
288
288
292
288
290
295
295
294
294
297
299
298
297
301
301
304
302
306
304
309
309
310
312
312
309
315
311
316
