317
316
311
311
311
309
310
309
305
304
303
306
300
302
300
299
301
298
296
295
296
295
293
291
289
288
286
289
287
288
283
284
283
279
281
279
277
278
277
277
276
273
272
272
268
267
269
267
265
266
262
265
263
260
260
259
260
258
255
258
254
253
253
253
249
251
248
246
249
248
247
243
243
240
239
237
239
238
239
238
232
232
234
232
233
227
228
230
224
227
227
221
220
223
221
218
219
218
217
214
212
215
213
212
211
211
207
210
208
204
206
204
200
204
200
199
196
196
199
194
193
191
190
192
191
189
187
187
184
186
182
183
181
182
180
178
176
176
177
175
173
175
170
169
170
170
170
170
166
168
167
165
165
160
160
157
158
158
156
154
154
156
153
150
152
150
149
148
147
148
143
143
141
141
140
141
137
138
136
135
135
131
133
129
128
130
126
125
126
125
123
123
121
124
120
122
116
115
117
114
112
116
114
113
113
111
111
109
109
106
104
102
103
101
100
100
96
97
98
93
97
92
95
92
89
92
89
86
85
86
86
82
85
83
81
77
79
80
74
75
74
72
73
74
71
68
69
66
68
68
66
66
65
62
61
58
57
57
54
53
55
56
55
51
51
48
48
45
44
45
42
46
42
40
39
42
40
39
36
33
36
35
31
33
29
30
30
30
27
23
22
23
21
19
18
18
16
15
19
17
16
14
12
12
9
12
11
6
8
6
6
1
1
5
7
4
9
7
11
11
10
9
13
13
17
14
19
18
21
21
21
20
22
23
24
25
24
26
31
27
28
32
32
36
36
36
39
40
38
39
39
40
40
44
47
43
46
47
49
48
51
49
54
52
52
58
54
57
56
60
62
59
60
66
65
63
69
69
67
69
69
72
74
72
73
73
77
78
81
77
82
81
82
84
83
86
85
89
87
89
88
92
91
94
93
97
97
98
98
100
98
103
100
104
106
104
107
109
111
112
112
113
111
115
113
116
118
118
118
122
122
121
120
123
125
127
129
125
128
128
133
131
134
132
132
134
138
140
141
140
138
141
145
142
142
143
148
148
147
151
149
150
155
152
156
155
156
157
157
160
161
164
162
166
163
164
167
170
170
169
172
173
173
171
177
175
178
178
178
182
183
179
180
185
185
183
187
185
186
192
190
190
193
195
197
197
197
196
198
198
199
202
203
202
202
205
204
209
206
212
208
211
210
212
215
216
215
220
217
219
221
221
222
225
226
224
229
226
231
231
233
231
230
234
232
238
234
240
240
242
238
240
242
242
242
245
247
250
248
247
252
251
253
254
256
255
258
256
261
259
261
259
264
261
265
266
267
267
269
271
269
271
275
276
272
276
274
277
276
279
281
279
280
286
285
287
285
286
291
290
288
293
292
293
297
293
297
296
300
301
298
304
305
301
307
308
307
305
311
312
309
310
311
313
316
