312
311
313
312
309
309
307
310
306
305
306
304
304
299
303
302
296
297
299
298
297
293
293
289
290
288
291
288
288
288
285
286
285
281
278
281
281
275
277
273
272
271
270
270
268
270
266
267
264
268
263
266
265
263
259
260
259
259
256
255
253
256
251
249
251
252
251
245
244
246
244
243
245
244
239
238
240
240
239
235
236
233
235
229
232
230
226
225
229
225
225
222
223
224
221
220
216
219
216
218
216
213
210
213
212
210
208
206
208
205
202
206
205
199
200
202
201
195
195
193
197
192
193
189
188
191
191
188
187
183
183
182
180
181
179
179
179
175
179
177
176
173
174
174
170
169
167
166
164
165
163
161
164
161
158
159
159
157
157
153
153
151
153
149
152
149
150
148
149
148
146
144
144
144
143
140
139
139
138
136
132
134
135
134
128
129
127
126
124
127
122
123
121
123
118
120
121
118
115
114
116
115
110
113
108
109
108
106
107
105
104
105
103
103
99
97
96
99
99
93
92
94
93
91
89
89
89
85
89
85
86
83
82
80
79
82
77
79
74
77
75
74
73
70
73
67
66
67
64
68
67
63
62
63
63
58
60
57
59
53
57
52
55
54
53
51
48
50
47
48
44
43
44
44
41
42
36
40
38
34
32
35
33
31
31
27
27
28
25
23
27
25
22
24
21
20
18
15
16
15
14
13
10
11
13
12
8
10
5
6
7
6
3
2
6
8
4
7
9
7
8
13
11
15
13
17
19
19
16
19
21
22
21
26
25
26
24
26
30
28
28
32
33
33
34
37
39
37
41
38
38
43
44
43
45
46
48
50
47
49
53
54
51
55
53
57
54
55
58
62
62
62
63
64
64
67
67
65
71
68
73
74
71
76
72
73
76
79
81
77
83
81
83
82
83
83
89
86
91
90
93
89
90
91
97
95
97
100
97
102
99
100
104
106
103
104
106
109
111
107
113
112
110
112
114
117
119
116
121
121
120
123
122
124
126
127
129
125
128
132
133
129
134
131
136
135
134
135
138
138
138
143
143
145
143
145
146
147
151
148
153
150
153
154
157
155
155
160
158
159
163
163
160
164
166
165
167
170
171
167
172
169
174
173
174
178
175
177
179
181
178
181
182
185
182
184
186
190
188
188
193
192
195
195
197
195
197
195
198
199
203
204
200
206
206
205
207
205
206
210
208
211
213
211
213
214
217
219
219
217
222
220
223
221
224
227
227
225
226
232
233
230
232
235
234
236
234
239
240
240
238
244
242
245
247
244
245
245
248
248
251
251
250
251
257
254
254
258
256
260
260
262
265
263
266
266
266
269
268
267
273
269
270
276
273
274
274
279
280
277
282
280
281
284
287
285
287
287
291
288
293
290
291
296
297
295
298
296
301
302
298
299
305
304
306
306
306
307
310
310
310
311
310
313
312
