317
316
310
310
313
312
311
308
305
308
306
301
303
300
302
299
297
300
294
295
292
296
292
294
288
288
287
287
284
288
287
284
281
284
281
279
278
278
279
278
272
271
273
269
271
267
266
270
267
264
267
263
263
264
259
259
261
256
259
256
252
256
254
250
248
247
249
247
244
244
244
244
240
244
238
241
241
235
237
235
235
231
231
234
232
227
228
226
229
223
225
225
223
220
219
219
220
215
215
214
215
211
213
209
210
209
208
210
208
204
202
206
200
199
202
198
196
196
199
198
192
193
195
190
190
191
187
188
185
183
182
181
180
181
183
182
176
178
177
178
177
172
174
170
173
170
169
169
166
163
162
165
161
159
161
157
160
159
156
155
153
151
154
149
153
149
149
145
147
148
147
142
143
141
143
141
137
139
136
133
134
135
132
129
130
128
128
129
129
128
123
126
125
122
121
122
116
119
116
117
116
113
112
112
109
108
111
108
109
106
103
106
103
104
101
102
97
99
94
98
92
94
92
93
92
88
89
86
84
85
87
81
82
81
81
81
81
80
78
75
72
73
73
72
68
68
69
65
65
63
67
63
63
59
63
57
60
56
56
56
57
51
54
53
52
47
50
45
49
45
47
46
42
41
42
41
37
40
39
38
37
31
35
33
28
29
30
28
28
28
24
24
25
23
23
22
18
16
15
18
16
11
15
10
12
9
9
7
5
3
2
3
2
2
6
7
4
9
8
7
13
14
11
13
16
17
18
18
16
20
19
20
24
26
26
23
26
27
28
32
28
33
35
35
32
38
34
35
38
40
43
40
43
44
47
44
46
50
50
51
52
54
53
55
56
54
56
55
58
61
60
61
62
62
64
64
66
65
67
69
69
71
73
73
76
75
74
78
78
82
81
82
81
83
82
87
87
89
87
92
91
89
91
96
93
96
95
98
99
102
103
99
103
105
106
105
109
110
108
112
110
114
111
113
117
117
118
120
121
119
123
119
125
124
126
126
125
126
129
132
133
133
133
131
132
138
134
135
137
141
138
143
143
142
147
146
147
145
147
150
151
151
153
152
154
158
155
159
159
157
162
161
160
164
167
167
168
167
168
171
168
173
175
172
175
177
179
180
179
181
182
180
181
185
184
185
185
186
190
191
190
193
194
196
193
193
196
196
197
198
198
202
203
205
206
205
208
205
207
208
212
212
211
212
216
217
216
220
218
222
220
224
224
225
226
223
227
229
229
227
232
231
233
231
236
233
234
239
236
237
239
241
240
246
243
245
246
246
248
249
252
251
254
254
254
256
257
256
257
262
258
263
260
265
263
267
264
265
266
270
271
271
274
273
277
275
278
280
278
279
278
283
280
285
287
287
287
288
290
291
293
293
291
293
296
294
294
299
298
299
302
302
305
301
304
303
306
309
309
310
311
314
312
316
316
