316
315
311
310
312
312
311
309
309
307
304
302
304
304
302
301
297
300
297
297
292
292
292
291
291
287
286
285
289
288
287
285
284
281
278
280
279
275
276
273
273
274
272
270
273
269
266
268
269
263
262
263
263
263
262
261
260
255
256
256
254
254
251
252
253
251
249
245
244
248
244
246
244
240
241
240
241
240
234
236
236
236
234
232
229
230
227
225
225
226
224
222
225
222
218
222
216
217
216
215
217
213
211
213
212
210
209
207
204
203
202
206
200
204
200
200
198
200
198
197
195
191
191
190
190
189
190
190
188
185
182
184
185
183
183
178
177
180
179
175
175
176
170
173
169
169
167
167
164
163
163
163
165
164
160
161
156
155
157
155
157
151
155
154
152
152
147
149
144
148
146
144
142
140
139
140
139
138
136
136
135
134
133
131
130
127
131
125
129
123
123
123
122
122
120
122
121
115
117
113
114
116
112
109
110
108
106
110
109
103
102
103
105
102
99
98
97
98
98
93
93
96
91
90
88
88
86
87
87
85
83
82
81
81
83
79
80
80
78
78
76
74
75
70
72
71
68
68
66
66
67
66
63
63
59
58
58
55
54
56
52
54
55
49
52
49
51
47
45
47
44
46
43
43
42
42
36
38
39
35
32
32
31
32
33
30
27
27
28
26
27
24
21
22
19
22
17
15
19
15
17
11
10
12
8
11
7
5
7
7
3
2
5
6
3
3
4
9
10
9
13
13
12
16
16
17
18
15
17
22
22
22
25
24
22
27
25
29
27
30
30
33
34
31
34
36
36
38
41
41
43
42
41
41
46
43
48
47
48
52
48
51
52
54
53
53
58
59
59
59
59
63
64
61
67
66
67
67
71
70
70
69
74
75
72
77
76
75
76
79
83
80
81
84
86
85
88
89
91
91
91
94
93
92
94
97
94
97
98
97
100
103
105
106
102
107
105
110
111
110
113
111
111
112
114
118
118
115
117
121
118
121
125
121
122
127
124
125
130
132
132
134
135
131
137
134
135
140
136
138
142
143
142
141
146
146
145
148
149
147
152
154
154
154
154
154
154
159
156
158
159
164
161
164
165
167
169
170
169
172
172
169
175
173
172
174
176
178
177
177
180
182
183
186
185
186
188
187
189
188
192
193
191
192
193
196
196
197
196
202
200
202
204
204
207
203
204
206
211
207
211
211
214
213
215
217
219
218
219
222
219
224
221
225
227
225
227
226
231
228
231
231
230
233
233
238
235
237
239
237
243
240
245
246
242
245
244
250
250
249
253
252
253
254
253
256
258
255
261
262
260
262
265
263
265
265
268
269
266
272
273
274
275
271
276
273
279
278
276
281
280
281
281
285
285
285
285
287
289
287
290
289
290
292
293
293
294
297
296
300
301
301
305
306
304
304
308
306
310
311
309
310
314
315
315
