317
313
313
312
312
312
308
310
309
303
303
306
303
304
301
301
300
296
299
295
294
295
291
290
290
289
288
285
286
283
284
283
282
281
283
280
281
278
274
275
277
275
274
269
273
269
269
266
269
268
262
264
262
263
262
258
259
255
255
257
253
256
250
253
248
247
246
248
245
245
245
243
244
242
240
241
236
235
237
233
236
233
235
231
231
230
231
225
226
226
227
224
225
224
218
219
218
218
214
217
214
212
211
212
208
211
207
210
204
203
205
206
205
201
200
198
201
200
196
197
193
191
192
192
193
189
187
186
189
183
182
183
185
180
180
178
181
179
177
177
175
176
172
170
172
169
170
167
167
164
162
164
163
162
160
162
160
159
155
157
155
156
155
152
152
151
149
150
149
147
146
145
142
140
138
140
139
140
139
134
137
135
135
132
128
131
127
129
129
125
124
121
124
122
119
122
116
120
114
115
117
112
115
111
112
108
110
108
109
108
107
105
101
99
98
98
97
96
99
95
97
95
93
91
93
87
90
88
84
85
86
85
85
79
80
81
77
76
75
74
77
74
73
69
72
71
66
67
67
67
67
62
63
59
61
59
56
60
57
54
54
54
52
52
49
52
46
49
49
43
44
41
44
43
40
42
38
40
34
33
33
33
32
32
33
27
29
26
24
28
23
23
23
22
19
19
17
18
14
14
13
14
13
9
8
10
10
7
4
5
5
1
5
5
7
3
5
10
8
9
8
9
10
13
16
14
15
19
16
20
20
22
22
23
26
24
24
30
28
32
32
32
31
36
36
36
38
35
40
39
38
40
42
44
42
46
48
48
49
48
49
52
51
54
53
53
55
55
59
60
60
63
65
63
67
65
64
70
66
68
70
70
74
72
77
78
74
75
79
78
82
83
81
86
85
83
84
90
87
90
93
90
93
94
96
95
95
97
101
98
99
99
103
106
106
108
106
110
110
110
112
110
113
116
116
117
116
117
118
118
120
123
120
123
125
126
125
128
128
128
130
131
133
132
132
133
134
136
140
137
139
139
140
146
144
143
149
146
149
148
150
150
151
152
157
154
156
158
158
157
159
161
161
162
166
166
164
170
169
168
172
169
170
172
175
175
179
179
178
179
181
182
182
184
182
187
186
190
186
191
192
189
194
196
194
193
194
196
199
200
203
203
202
204
207
208
207
210
209
208
209
211
214
214
212
215
219
215
221
221
219
222
220
222
225
226
226
227
229
227
232
230
234
235
236
235
235
237
240
240
243
241
245
243
247
247
245
245
250
249
252
250
253
252
253
255
254
259
257
260
259
261
264
265
267
265
268
270
269
269
273
270
270
275
275
276
277
277
280
277
281
282
285
283
282
284
285
287
288
291
293
293
295
294
295
298
295
296
296
300
301
301
301
306
303
307
307
307
308
312
309
314
311
313
317
