315
315
310
312
309
308
311
305
307
308
307
306
302
299
298
298
298
300
298
295
296
293
290
289
291
290
287
288
289
287
282
284
282
281
281
279
277
279
276
276
272
274
274
273
270
270
271
266
264
266
264
263
265
260
261
258
256
258
257
256
253
251
253
254
252
252
251
247
245
244
244
244
245
242
243
237
237
236
238
238
233
233
230
233
231
228
231
226
224
225
222
222
224
223
223
221
216
220
219
218
214
213
213
213
208
212
211
207
209
208
204
202
202
203
200
197
198
199
194
195
195
195
190
191
189
189
188
186
187
188
182
182
185
182
179
180
176
178
176
173
177
172
172
174
169
170
167
165
167
167
163
163
163
164
160
158
160
157
159
158
154
156
151
152
152
147
149
149
147
148
145
142
145
144
142
142
139
138
134
136
133
132
133
129
129
127
126
129
125
126
122
125
120
124
119
117
117
116
117
115
115
112
115
112
109
109
111
108
106
108
105
106
105
103
99
101
100
97
95
96
92
95
95
89
88
87
90
89
88
84
82
81
82
84
80
82
76
76
79
74
76
74
70
72
69
69
66
69
69
63
66
66
63
62
59
59
57
59
55
55
53
53
53
52
51
47
46
48
46
47
42
42
41
41
39
38
38
39
38
36
37
31
31
30
32
28
31
25
25
23
26
23
21
19
22
17
21
20
15
17
14
13
13
12
10
7
6
5
9
4
5
4
2
2
3
4
6
10
11
12
9
11
14
12
15
13
15
19
18
20
23
21
25
22
27
23
27
25
28
28
33
29
35
31
32
35
37
38
37
39
42
40
45
42
47
43
46
48
48
47
50
49
51
55
52
57
58
60
58
62
60
61
64
65
62
66
69
67
70
72
68
74
75
74
76
73
77
76
78
80
80
81
82
83
85
85
86
85
86
87
92
94
94
91
94
94
98
98
101
98
99
104
105
103
104
108
109
105
109
107
109
109
110
114
117
116
118
115
121
121
121
122
121
124
123
128
124
127
129
131
128
129
131
134
133
135
136
135
138
139
139
143
143
141
143
145
146
150
147
151
149
151
154
151
153
158
159
157
158
159
162
162
164
164
165
167
165
166
170
167
172
172
173
173
177
177
174
179
179
179
178
184
184
185
182
186
185
186
187
188
191
192
190
195
195
196
197
195
198
202
200
202
203
202
205
207
209
210
211
208
208
212
215
214
217
216
215
216
221
220
222
224
224
222
222
228
227
227
226
230
232
234
234
233
232
234
236
237
238
241
243
239
244
242
244
243
247
250
251
252
250
251
255
253
256
254
254
260
259
258
258
264
261
261
267
264
266
266
266
268
273
270
273
275
273
276
277
275
277
282
281
281
280
282
285
285
286
290
291
290
290
294
291
294
294
295
297
299
298
302
302
300
305
303
306
308
307
306
306
307
309
314
314
316
313
