314
316
314
309
310
310
307
308
307
305
302
305
303
304
299
298
300
298
294
293
295
292
294
292
290
288
289
288
284
287
285
285
282
284
282
279
281
278
277
278
275
273
271
274
271
272
267
267
269
264
264
265
260
264
260
258
259
260
258
258
255
254
253
254
248
248
246
246
247
246
246
244
245
244
240
241
237
239
238
235
234
236
230
229
231
227
228
225
226
228
224
224
223
220
222
222
219
220
215
218
215
212
212
214
213
209
207
206
205
206
204
205
204
204
201
198
198
197
198
198
192
194
193
193
190
189
189
185
188
187
187
184
185
182
178
179
180
176
175
175
172
173
171
172
170
170
168
167
168
164
163
161
160
163
160
157
157
157
157
153
154
152
154
149
153
149
146
147
146
148
145
142
144
141
139
142
140
137
139
134
134
132
135
133
132
129
126
126
126
128
126
124
120
120
123
117
118
116
115
116
112
114
114
110
113
110
110
110
105
103
106
103
101
101
99
102
97
95
95
97
92
93
90
92
91
91
88
86
89
83
87
86
80
83
79
80
81
75
74
74
74
72
73
69
72
72
68
70
69
65
64
66
65
59
58
57
59
59
56
53
53
54
52
52
48
51
51
45
48
48
42
46
41
40
38
37
37
40
36
34
34
32
35
34
29
28
31
29
26
23
22
26
24
22
22
22
17
17
16
13
16
14
14
14
8
9
7
6
7
3
6
5
1
5
2
4
7
5
11
10
8
13
15
14
12
18
14
18
21
17
21
20
21
25
22
23
29
25
30
27
30
31
32
36
35
37
34
37
36
38
40
39
45
46
46
48
49
50
51
47
53
51
50
54
57
58
55
55
58
57
58
60
64
64
62
66
67
70
69
72
73
71
75
76
73
76
79
78
77
81
82
81
85
84
82
87
88
89
89
92
93
90
95
92
92
97
96
99
97
101
99
104
103
101
104
104
105
105
109
110
108
111
111
114
115
114
116
119
120
120
120
119
123
125
123
128
127
125
126
128
128
129
134
135
137
137
136
137
140
142
142
144
142
144
142
145
146
148
149
150
148
152
152
152
155
154
154
155
156
159
158
159
165
166
162
168
164
168
167
169
169
172
174
171
172
173
177
175
176
180
181
184
182
186
183
187
187
187
190
188
193
189
190
193
192
193
197
196
201
197
201
203
200
204
204
208
205
208
210
212
211
210
213
215
213
213
216
216
219
221
223
224
223
222
223
226
228
228
230
230
228
233
233
231
233
236
236
239
238
242
240
240
245
241
242
247
248
246
248
249
249
250
255
252
254
258
258
259
260
257
260
259
265
263
265
265
264
265
271
267
268
273
272
273
277
276
276
275
280
277
281
282
280
284
287
288
289
285
289
288
290
292
292
293
293
296
297
297
301
301
298
304
300
302
305
308
307
308
308
308
310
309
311
313
314
