315
311
314
309
312
310
311
309
304
307
306
303
305
300
301
299
297
300
299
298
294
294
291
293
292
288
288
289
285
287
287
281
281
280
280
281
276
280
277
278
275
275
273
272
268
271
266
270
264
267
265
262
263
263
260
257
257
256
254
258
252
256
250
252
251
251
251
248
244
246
245
243
244
244
239
242
238
237
237
238
235
232
230
230
229
229
227
230
227
224
226
225
221
220
220
218
216
220
217
217
217
212
212
212
213
207
207
208
207
208
203
205
203
204
202
202
199
197
199
196
193
194
195
189
193
190
187
186
185
183
184
182
182
184
182
177
179
177
178
175
173
175
171
171
171
169
171
167
167
166
164
161
165
163
163
162
158
155
155
154
152
156
151
151
150
150
151
147
145
143
142
145
143
144
142
141
141
136
134
135
132
133
134
134
133
128
129
126
125
127
126
126
123
122
123
118
119
120
114
114
116
112
110
110
113
111
111
110
108
107
106
104
102
101
99
101
99
98
95
98
95
93
91
93
89
87
87
87
88
85
82
85
82
83
79
79
79
79
74
76
77
76
71
69
71
71
71
70
64
65
67
63
63
59
59
57
58
60
54
55
52
52
50
49
50
47
51
50
48
45
47
42
41
42
42
42
37
35
35
36
37
36
31
30
31
32
26
30
27
27
26
21
24
19
19
19
17
19
14
18
15
13
10
12
11
12
8
10
6
5
4
6
1
1
4
6
5
10
8
9
9
10
12
13
16
17
17
16
16
17
22
20
20
23
24
23
24
25
31
32
29
34
33
36
34
36
35
38
36
39
38
39
42
45
42
48
47
45
48
49
50
53
50
52
57
53
55
58
58
58
58
59
63
61
66
67
67
69
66
69
72
74
72
72
77
74
74
80
80
81
80
79
84
83
86
88
89
85
90
87
90
92
92
92
95
97
97
96
98
97
100
101
102
105
107
108
109
106
107
107
109
110
112
111
112
116
115
116
119
120
118
121
124
123
122
127
125
128
126
130
133
132
134
136
134
135
136
136
140
138
143
140
142
145
144
143
148
146
147
150
150
149
151
153
154
157
154
155
159
160
163
159
163
162
162
164
165
168
171
168
169
173
175
172
173
173
176
176
177
179
178
184
181
184
185
187
189
188
187
192
189
192
194
195
193
194
194
199
200
201
198
200
200
206
207
204
209
205
210
212
210
209
214
215
216
218
218
218
221
221
219
223
220
223
224
228
227
230
229
230
228
233
235
231
234
235
238
240
238
240
242
243
240
241
244
248
245
245
251
248
248
249
255
251
256
255
254
256
261
257
263
260
261
266
266
265
266
266
268
267
272
274
273
274
273
276
278
275
277
281
280
280
281
284
283
286
287
287
289
292
289
289
295
292
296
297
296
298
298
299
300
304
305
303
303
303
304
307
310
309
312
312
310
311
317
