315
313
313
313
310
310
311
309
304
308
307
301
301
303
298
302
296
296
295
296
292
291
290
291
293
292
286
286
289
285
285
285
284
281
279
277
277
275
274
273
277
273
271
271
272
269
268
266
264
267
263
266
263
264
258
258
257
255
254
256
256
253
253
254
248
249
250
247
244
248
246
242
242
241
241
241
238
240
234
234
232
235
233
232
232
229
228
225
224
223
222
222
221
222
220
220
220
217
218
217
215
213
211
210
213
212
211
208
204
206
204
206
204
203
202
201
200
196
195
194
193
194
195
190
190
191
186
189
184
187
183
182
185
181
180
178
181
176
176
178
176
176
172
171
170
168
171
169
168
167
164
165
165
161
161
159
157
156
154
157
154
156
153
149
152
151
151
149
147
147
147
146
145
139
140
141
139
137
137
135
137
131
135
134
133
130
128
130
127
127
127
123
123
123
119
119
118
116
119
117
117
116
113
114
111
112
110
105
109
103
105
106
102
104
101
97
98
99
99
98
97
95
91
92
89
87
90
86
84
88
87
81
81
82
83
80
81
80
79
77
72
73
71
73
69
72
71
70
68
63
67
64
62
61
58
60
61
57
57
53
52
51
55
51
48
51
50
50
48
44
47
43
42
40
38
38
36
40
36
34
35
32
32
33
28
28
28
29
24
24
22
25
23
24
18
20
20
16
14
17
16
13
15
13
9
12
6
8
4
3
5
3
2
4
5
6
4
6
9
8
11
13
15
15
15
18
17
17
17
17
19
19
24
26
26
25
27
26
26
30
33
34
32
36
32
35
36
37
36
40
41
43
44
42
42
47
45
47
48
48
51
49
53
53
55
58
54
57
60
61
62
61
65
66
62
66
64
66
66
71
68
70
75
74
74
73
77
80
80
78
83
79
83
82
82
85
87
89
86
88
90
90
95
93
94
94
94
98
99
102
100
104
105
105
107
104
106
105
111
110
110
109
114
112
114
114
117
119
119
121
118
119
125
123
127
126
125
127
127
128
129
134
130
133
137
134
135
140
138
137
142
142
145
141
147
147
148
149
151
150
153
153
152
154
154
155
154
159
157
161
163
162
165
162
167
167
164
166
167
169
168
169
170
176
173
174
174
177
177
179
178
182
180
181
183
188
188
188
186
192
193
189
194
195
196
198
198
195
198
198
199
203
200
206
202
203
209
206
206
207
211
214
210
214
213
218
216
215
216
221
221
222
225
225
223
228
227
230
231
232
230
232
232
233
236
236
236
238
239
238
242
240
240
241
246
248
244
248
246
251
251
250
251
255
256
257
257
260
259
260
262
264
260
266
262
265
264
269
269
268
270
272
273
275
277
278
279
275
276
280
283
284
285
282
286
284
286
287
289
290
290
291
293
294
296
295
299
299
297
299
300
301
305
304
304
304
306
306
306
308
308
310
314
313
316
