315
315
312
311
311
312
306
308
309
303
302
302
300
304
301
299
299
300
296
293
293
295
295
294
290
290
287
290
289
286
283
283
280
280
279
278
276
277
274
278
276
274
272
273
272
272
267
266
269
267
265
262
261
260
261
259
256
259
258
256
256
253
254
252
252
248
250
247
245
245
242
241
240
244
241
239
239
239
239
233
235
232
230
229
230
228
230
228
224
226
223
223
221
224
218
222
218
215
215
218
212
215
212
214
211
211
210
205
206
203
207
202
205
200
201
198
196
199
194
194
192
195
192
194
189
191
188
190
189
186
186
185
180
181
181
177
176
175
176
174
172
174
170
173
170
172
166
167
168
166
163
161
163
161
158
162
158
160
154
156
154
154
151
153
152
149
148
147
144
148
147
143
142
139
139
141
137
137
135
134
137
133
131
129
132
128
129
130
126
125
124
123
122
122
118
121
118
119
114
115
116
111
115
111
108
111
109
107
104
107
106
101
105
101
98
100
99
95
98
94
92
93
91
90
88
90
91
89
89
88
87
86
85
81
79
80
76
76
79
78
75
75
74
74
68
72
69
65
66
63
67
64
60
60
62
57
60
58
57
56
52
52
55
49
48
48
50
48
44
44
42
41
45
43
39
42
40
37
39
35
34
31
35
31
33
31
27
27
26
26
23
21
22
23
19
20
17
15
14
16
16
14
15
13
10
7
7
8
6
8
4
6
1
5
3
8
8
7
10
10
11
10
12
13
15
14
17
16
19
17
22
20
24
21
26
24
28
30
31
30
30
29
31
35
35
36
37
35
39
38
40
44
45
45
42
45
49
50
48
51
51
52
55
54
57
57
54
58
61
58
59
60
60
61
64
68
67
68
67
71
72
74
70
76
75
76
75
75
77
79
81
80
81
86
82
85
85
87
88
91
90
93
92
94
96
95
99
98
101
102
102
99
104
101
105
105
105
106
109
107
112
109
112
115
113
114
119
118
119
119
118
121
123
125
122
124
125
129
127
127
132
129
133
133
135
135
137
136
139
137
141
140
141
146
144
144
149
146
149
151
151
150
150
151
155
153
157
157
156
160
158
161
160
164
167
168
169
169
171
169
170
170
172
172
174
178
176
180
177
177
180
181
184
182
182
186
188
187
187
191
190
191
194
192
194
198
199
200
197
199
199
200
203
204
207
206
204
207
207
212
209
209
210
212
215
213
218
220
217
217
222
222
225
226
222
227
229
226
231
231
233
233
233
233
236
233
239
237
239
240
240
240
245
243
244
248
246
247
248
252
251
250
253
256
253
253
259
259
258
262
262
264
260
261
262
266
268
268
269
268
269
271
275
276
273
274
274
275
276
281
278
284
283
282
286
283
288
288
288
292
288
292
295
294
296
296
298
297
301
301
301
302
302
303
305
305
304
305
309
310
312
311
310
315
312
