315
314
315
314
312
308
310
308
305
303
303
302
303
302
303
302
297
296
296
297
292
296
290
294
290
290
288
287
286
283
285
282
284
284
279
282
279
277
278
276
274
276
272
274
269
272
267
270
269
266
264
261
263
259
263
258
259
260
259
257
257
255
250
254
250
248
250
247
244
244
245
243
243
244
241
240
237
235
237
236
234
236
234
234
233
230
228
226
226
223
223
222
224
220
221
217
221
219
218
214
213
211
213
212
208
209
210
205
204
207
205
203
202
200
201
199
198
197
199
197
197
195
190
190
190
188
191
185
187
187
184
183
180
181
179
179
178
178
174
178
175
175
170
172
172
172
171
167
165
167
165
165
160
162
161
157
159
157
155
158
153
151
155
151
153
149
150
146
147
146
147
143
143
144
138
142
139
135
134
136
136
135
130
131
132
131
127
126
126
124
124
122
124
124
122
117
119
115
119
118
114
112
115
114
111
112
106
110
107
104
107
101
105
100
103
99
99
98
94
97
92
96
90
90
93
88
87
85
84
86
86
84
81
79
83
78
79
79
74
75
75
76
70
69
71
69
69
68
64
64
63
64
62
60
59
58
56
56
54
55
57
51
54
49
53
52
47
46
44
44
46
46
44
40
38
41
41
38
35
33
35
31
35
30
29
30
28
28
26
25
25
25
23
24
22
20
19
19
19
18
12
14
10
10
12
10
8
10
9
5
5
3
4
4
6
4
6
10
6
9
13
10
14
14
17
13
19
16
21
22
19
20
24
25
23
26
25
27
30
27
32
32
33
36
36
36
39
35
41
42
40
39
45
45
43
48
48
49
46
48
49
52
53
51
54
55
58
58
59
59
59
63
64
64
66
63
68
70
71
68
73
70
72
71
76
76
75
75
79
81
82
80
84
83
85
86
87
90
87
91
93
94
91
95
96
95
95
99
98
102
100
99
100
106
107
104
107
107
106
111
110
112
110
116
115
116
116
119
116
120
123
121
123
122
125
126
125
125
130
131
132
131
131
135
136
134
138
140
136
140
139
144
140
145
144
145
145
147
150
150
150
151
152
152
157
155
159
158
161
162
162
161
162
164
165
164
164
168
171
167
170
170
170
173
177
176
177
177
178
182
182
181
181
186
187
186
185
189
190
190
191
192
194
191
194
194
198
195
199
198
203
200
204
203
203
205
207
205
207
212
213
213
211
216
215
217
218
218
219
217
220
223
220
222
222
225
225
229
226
228
230
234
235
236
234
238
239
239
236
237
242
239
245
245
243
247
247
247
251
251
250
251
251
252
256
257
254
258
256
261
262
262
260
266
267
267
268
268
268
270
268
269
273
273
275
276
279
275
280
281
281
279
284
286
284
286
288
289
287
288
288
293
293
292
295
294
294
297
300
301
298
299
302
302
305
307
305
309
308
307
311
311
310
315
312
