313
315
312
310
309
307
310
306
305
307
303
306
302
301
303
299
298
298
296
297
296
295
292
290
290
290
286
286
285
283
284
282
281
284
279
281
276
276
277
277
273
272
271
272
272
268
267
267
264
268
262
263
261
264
261
259
260
259
256
256
253
255
250
253
253
248
249
245
245
246
244
243
241
243
239
241
237
239
235
238
235
236
234
230
233
228
228
230
227
224
225
223
225
221
218
219
216
219
216
218
214
211
215
212
213
207
211
209
209
208
203
204
202
203
198
198
199
200
197
195
197
193
192
193
190
187
186
189
185
183
187
186
182
184
181
177
179
176
174
174
174
171
172
170
168
169
166
167
166
165
167
165
163
162
163
157
159
157
157
158
153
155
151
153
151
147
149
146
145
148
142
144
141
139
142
139
141
139
135
137
134
133
132
131
132
131
127
125
124
127
123
123
125
119
121
122
120
118
117
115
117
116
110
109
113
112
111
107
104
103
102
106
104
101
102
102
96
99
96
95
95
96
92
91
90
87
88
85
88
87
85
81
85
81
78
79
80
76
76
77
76
76
71
70
71
71
71
65
66
66
66
63
63
63
59
61
58
56
57
58
54
52
54
54
51
50
49
47
47
44
43
43
41
43
41
40
37
38
39
34
35
32
33
31
31
32
27
28
29
23
24
24
22
21
20
20
20
19
16
18
16
13
13
14
8
9
7
10
5
5
2
2
4
2
6
5
9
9
8
8
13
10
12
14
16
16
17
20
20
17
21
23
22
21
22
25
29
29
29
32
28
33
34
33
34
33
34
38
37
39
39
42
45
45
47
46
46
47
50
49
50
49
54
55
52
58
55
59
58
62
61
59
61
66
67
65
64
65
66
70
68
71
70
71
77
75
74
76
79
81
83
84
82
84
83
83
88
90
90
89
93
90
95
94
96
98
98
99
101
100
103
101
102
101
104
105
107
105
107
111
109
109
111
113
115
118
116
120
116
122
121
120
122
126
125
126
128
126
129
130
128
134
131
134
133
138
137
140
137
141
138
141
145
143
143
143
148
147
151
151
148
151
150
156
155
158
158
159
157
159
162
162
162
161
164
164
165
168
170
170
171
171
171
172
174
173
177
180
178
178
178
182
181
182
187
186
184
187
187
192
192
192
192
196
192
194
198
195
197
202
203
204
203
203
207
208
205
209
207
208
208
209
211
213
215
216
215
216
221
221
220
220
224
226
223
224
225
229
231
231
231
231
231
233
234
236
235
239
237
238
242
241
242
243
243
244
249
245
249
247
253
254
252
255
255
255
257
258
261
258
261
261
263
264
264
267
268
269
270
271
270
274
271
276
276
273
276
277
280
282
278
282
282
281
286
288
284
287
291
292
289
293
290
295
293
298
294
297
297
297
301
299
301
305
304
304
309
308
307
308
309
309
312
316
315
