60
278
683
185
561
543
175
356
337
348
56
97
44
174
502
507
518
72
277
645
680
95
567
282
368
424
156
282
113
430
646
580
317
718
599
283
433
488
650
405
212
658
276
691
694
650
296
736
583
337
337
576
169
92
80
151
697
358
682
99
303
725
671
703
162
591
534
446
106
574
265
563
321
181
165
330
75
82
265
659
432
76
37
298
387
515
192
192
521
356
302
320
523
258
55
538
540
411
562
21
615
425
41
113
281
33
100
512
4
634
370
134
268
249
615
212
699
397
169
478
244
500
614
343
331
723
153
131
535
369
200
429
500
345
605
517
474
550
367
77
178
602
173
513
516
621
135
102
42
84
702
486
560
734
579
702
447
705
589
2
170
126
419
475
331
516
603
103
606
704
214
568
467
344
543
503
31
2
294
128
485
231
472
371
616
94
7
304
212
341
114
242
210
225
366
742
295
384
646
293
114
704
717
395
588
678
389
215
633
353
644
716
78
260
348
199
30
288
491
128
330
143
696
538
339
331
50
186
50
242
595
404
156
124
691
370
94
264
628
315
529
249
125
297
90
348
500
639
328
327
660
599
311
643
501
381
408
220
30
736
116
222
269
669
144
368
727
363
325
248
567
645
105
150
553
539
696
154
583
466
275
182
455
109
645
641
104
449
653
129
691
156
330
256
524
589
97
220
601
244
420
101
359
744
52
674
408
131
567
344
391
116
252
357
375
717
127
47
501
433
279
132
130
109
43
80
347
204
395
500
590
486
71
328
304
126
677
123
565
655
269
700
345
461
505
239
703
11
73
697
585
290
33
599
541
709
275
607
349
710
202
122
349
448
130
266
384
358
451
101
39
637
592
720
549
97
276
29
153
642
330
423
716
207
148
240
723
459
423
706
492
195
742
60
215
310
640
730
249
453
229
131
585
572
653
553
735
677
384
573
411
238
496
231
447
601
251
201
618
537
715
542
105
714
555
397
571
462
565
325
495
584
73
186
436
352
410
45
338
580
396
60
365
343
274
160
700
699
670
269
88
466
667
739
738
132
128
50
296
305
254
741
135
675
505
478
520
222
218
585
573
657
85
634
87
646
683
720
471
304
249
347
683
381
57
183
89
693
89
664
703
378
560
397
362
678
716
96
3
365
448
189
139
123
719
509
227
73
438
719
4
223
116
675
746
747
218
65
658
168
432
223
269
561
571
633
475
123
481
483
351
437
533
390
415
427
730
196
9
59
174
141
371
546
314
327
367
294
95
153
694
380
178
559
328
122
624
568
253
595
653
230
624
365
433
317
365
640
577
229
254
307
439
19
33
489
280
416
425
189
256
365
506
596
635
299
582
209
381
394
353
619
612
550
53
173
90
436
683
194
701
334
248
294
311
206
706
156
729
491
514
573
405
296
60
378
619
266
413
238
475
8
679
181
279
425
0
349
646
395
186
651
648
43
501
143
280
417
176
263
107
223
596
618
205
160
662
589
253
693
730
457
455
701
655
129
118
544
320
392
244
655
260
202
121
546
93
37
172
544
157
22
249
633
104
618
595
714
135
417
34
431
161
50
675
252
51
305
130
22
475
249
482
255
42
81
684
596
317
134
450
384
361
360
177
341
177
269
438
437
608
409
506
500
532
716
78
84
12
481
2
18
100
530
200
193
384
427
222
367
146
291
60
52
258
127
468
163
244
615
402
366
250
353
441
336
47
96
603
272
