269
58
499
19
230
109
473
601
724
430
163
90
515
125
699
327
60
447
546
434
658
449
403
327
425
180
300
34
489
310
251
726
0
167
741
533
461
696
340
163
479
410
92
439
82
474
562
393
363
266
447
125
465
447
610
505
308
255
679
116
663
340
382
59
279
261
141
494
533
17
516
498
5
392
219
686
126
188
1
334
709
87
86
92
577
40
474
650
433
609
125
647
549
11
663
731
564
303
266
539
368
592
407
163
584
303
105
424
697
108
52
691
281
411
489
666
324
660
484
341
430
134
575
471
724
67
681
22
181
326
591
244
264
607
582
413
404
601
354
75
602
462
188
209
527
438
232
414
492
679
244
665
630
27
560
671
109
476
643
487
639
480
408
694
509
584
202
510
344
229
3
307
623
40
672
337
469
291
258
20
86
245
240
729
496
520
168
716
120
365
619
493
559
496
669
382
140
360
531
60
478
496
32
63
706
729
303
728
631
627
393
297
323
88
135
155
380
120
72
690
276
398
490
719
5
45
321
41
433
7
220
171
318
182
576
119
133
400
730
243
315
324
369
704
630
598
614
409
550
314
161
187
427
252
100
101
178
110
44
17
339
197
90
559
650
625
224
83
367
18
192
342
677
430
546
153
293
154
346
551
158
5
142
32
25
85
490
669
30
428
584
391
199
439
704
303
687
739
671
360
648
19
649
390
17
292
592
534
710
386
24
281
417
28
26
726
401
505
687
418
209
129
73
548
664
57
552
196
547
497
247
485
718
676
583
256
208
575
210
23
572
233
78
627
737
676
511
486
145
605
531
207
73
419
428
217
653
221
589
339
636
164
24
153
606
92
566
471
563
571
179
615
695
479
2
500
677
98
29
280
434
436
557
179
324
136
245
95
528
443
68
239
26
245
32
124
102
35
187
564
463
338
667
744
530
33
212
390
694
530
705
700
443
119
664
54
414
73
716
465
621
313
20
152
273
100
162
517
487
193
291
474
750
707
195
331
205
242
292
590
65
233
45
539
232
648
360
389
507
683
635
740
392
193
713
114
93
546
61
436
174
167
614
220
682
360
567
620
498
648
359
409
300
148
205
421
285
630
734
581
641
557
239
35
746
42
622
557
146
462
337
452
318
315
92
8
108
363
326
57
26
307
623
141
725
602
368
367
719
719
110
155
487
710
445
352
112
203
317
659
291
230
640
572
641
73
167
685
403
118
115
740
521
315
276
541
7
375
197
56
162
313
379
98
387
39
222
378
646
536
342
227
187
585
691
618
36
11
211
627
546
169
674
167
251
267
238
200
577
679
363
745
373
452
239
53
104
484
666
359
177
372
572
219
63
297
114
566
242
618
559
722
91
488
630
267
104
273
712
671
750
359
332
626
258
494
34
110
226
7
658
260
205
477
492
494
479
30
708
152
738
180
307
96
255
395
501
747
36
506
177
617
363
318
367
83
741
124
365
272
214
25
52
542
639
195
193
641
393
97
380
67
69
256
603
582
705
637
422
534
39
258
675
684
545
374
332
220
639
111
275
277
319
584
111
249
746
339
175
80
353
665
385
112
321
442
117
744
377
643
201
25
736
749
546
133
505
548
242
2
729
132
553
99
86
287
296
29
28
570
540
744
505
135
374
439
367
42
335
721
547
600
733
485
563
692
190
683
261
223
4
558
80
406
271
676
412
342
183
281
268
174
467
559
506
733
115
442
188
539
