71
35
148
695
725
83
449
221
340
621
366
224
673
239
574
428
718
31
302
49
345
699
614
313
584
119
427
66
275
484
526
685
347
227
199
91
574
516
742
737
424
410
123
213
531
718
176
651
169
494
19
130
579
546
203
108
28
170
681
35
184
206
237
368
163
733
588
245
702
47
548
212
36
271
685
376
527
441
123
749
689
453
136
101
641
2
516
630
423
204
730
160
746
638
71
693
205
75
544
441
107
633
105
747
161
469
688
191
232
396
284
145
63
216
478
560
688
99
187
88
263
675
301
553
366
231
666
127
185
72
521
519
379
145
647
77
651
674
121
498
457
12
654
49
33
311
703
240
553
494
220
498
397
537
140
44
178
476
243
643
257
628
684
193
518
553
280
263
704
110
151
277
441
481
327
147
237
451
432
613
519
205
101
674
624
308
565
138
458
125
175
221
629
296
215
1
326
267
144
318
425
543
720
2
428
577
397
224
441
393
421
552
508
22
431
205
517
281
423
549
650
345
154
615
505
239
514
531
315
730
461
368
486
188
395
325
717
594
289
531
390
276
640
168
677
692
442
333
52
437
644
89
640
587
242
296
357
533
57
316
128
732
140
37
94
610
85
286
456
207
263
647
611
687
408
647
295
680
448
96
15
648
435
485
513
218
428
272
170
668
627
566
68
296
58
170
723
382
589
689
548
37
440
331
432
270
522
632
368
2
662
487
45
220
413
438
521
375
692
52
687
543
167
528
668
450
265
665
344
436
342
95
214
38
280
498
560
297
159
394
715
481
150
530
279
437
405
647
561
708
565
339
706
712
498
338
703
175
41
159
295
174
541
437
644
270
390
306
577
391
540
150
739
344
296
39
417
108
110
306
474
607
302
718
290
37
539
67
286
234
284
412
746
561
631
481
412
392
53
577
208
603
136
48
549
364
4
184
107
398
369
209
600
277
70
193
38
323
222
256
274
227
706
391
672
476
3
105
82
81
173
179
527
424
409
441
421
315
683
311
665
117
153
261
33
559
104
17
370
174
119
578
369
647
60
695
306
122
480
585
68
34
14
178
718
211
81
15
510
368
257
652
80
604
172
734
693
701
139
78
145
542
392
320
75
271
435
449
70
61
329
355
264
411
745
642
610
36
183
468
694
211
571
702
101
717
43
606
378
139
226
622
154
417
562
50
492
208
564
297
383
470
655
380
412
608
339
218
5
61
342
502
113
150
316
572
276
731
134
51
220
269
722
376
405
360
159
140
264
299
119
632
469
341
560
304
729
190
53
584
695
435
240
446
632
234
365
627
13
309
583
253
506
346
429
737
466
96
706
385
18
698
84
616
703
290
286
160
661
28
166
531
278
353
184
333
592
587
153
138
492
633
703
381
238
448
59
521
197
505
354
257
615
547
518
29
539
217
490
430
262
658
209
523
706
161
132
730
455
118
607
297
387
189
707
694
516
607
750
396
540
575
91
145
460
440
238
159
747
342
619
383
515
642
548
432
26
479
272
174
321
566
194
487
748
512
323
719
144
257
730
547
263
99
420
390
708
630
91
132
344
540
173
124
541
9
147
229
546
527
462
730
704
286
328
629
490
589
566
161
53
375
729
18
276
296
251
80
680
473
76
430
165
598
441
84
143
319
370
372
302
411
262
362
432
52
5
16
476
153
547
279
289
549
6
744
521
672
481
571
57
388
260
177
493
638
48
278
497
493
