26
424
535
625
522
57
647
164
254
564
350
549
529
136
406
164
211
447
227
135
265
627
669
484
474
206
706
350
345
456
737
184
284
420
740
611
407
388
186
169
235
218
556
192
34
443
689
258
444
42
131
590
716
577
505
612
634
0
303
0
304
280
243
582
490
112
731
235
477
651
547
231
14
469
92
120
122
613
699
238
354
255
314
553
617
684
102
193
387
693
256
651
367
413
280
142
134
83
589
659
166
322
339
144
315
438
421
237
108
672
480
31
731
575
160
474
631
685
131
282
126
485
24
129
419
189
269
750
139
589
319
719
63
2
427
226
484
468
135
212
58
168
469
486
234
183
681
442
385
490
15
414
505
277
436
641
44
302
306
434
180
329
381
87
533
476
219
646
21
692
618
200
171
611
198
386
159
668
685
741
78
194
680
15
576
26
489
346
252
474
309
651
140
731
431
653
263
429
725
642
333
442
287
21
620
694
411
184
532
436
420
593
454
551
286
455
617
343
38
678
689
360
389
721
34
590
413
137
292
512
352
567
236
217
146
148
255
289
415
116
585
537
559
395
271
317
591
714
138
477
526
729
176
731
394
150
620
221
467
534
478
446
327
685
36
87
149
406
583
384
654
191
325
713
164
713
296
320
586
410
183
619
485
535
241
47
478
592
17
194
637
417
145
25
619
308
39
619
521
257
28
399
436
607
325
659
219
322
393
626
4
629
288
432
126
434
403
238
99
60
78
319
288
176
327
91
545
439
657
242
123
400
220
218
546
27
206
327
256
610
747
102
225
44
617
714
659
517
4
730
157
526
320
228
521
554
629
103
256
497
502
681
178
642
661
98
302
123
55
396
404
357
567
156
307
188
447
259
721
90
249
713
442
626
544
513
298
274
412
36
692
641
255
347
501
488
469
501
668
82
664
638
746
39
140
415
224
144
479
383
132
645
353
574
309
515
121
241
398
333
168
83
418
45
275
133
56
354
520
144
6
631
417
44
64
599
377
612
55
693
159
181
154
606
565
428
555
36
274
256
515
713
248
571
586
312
732
688
200
286
285
146
305
463
12
688
500
750
363
496
428
570
566
296
136
390
674
33
555
561
587
39
305
67
221
274
30
709
312
7
715
556
559
539
106
290
210
692
366
166
551
661
553
661
65
397
166
77
172
350
126
281
374
220
576
342
411
372
297
67
21
597
480
626
136
183
21
106
88
563
258
587
200
484
508
650
594
42
162
125
559
128
539
260
134
556
279
170
184
209
616
624
379
112
622
290
721
117
344
648
21
678
562
422
311
358
328
557
215
393
281
246
521
305
467
507
632
2
223
224
295
466
331
590
530
47
574
311
133
188
126
609
113
472
254
243
578
341
265
253
470
249
9
398
205
137
701
485
441
118
546
14
483
727
3
342
737
57
508
335
236
295
586
69
597
220
633
525
330
420
353
175
615
294
232
351
509
111
168
659
426
743
539
597
695
173
372
519
179
441
33
627
145
646
728
745
162
385
57
369
239
31
149
4
33
334
568
435
309
512
313
653
271
91
228
597
547
524
11
566
117
266
458
198
730
285
228
719
436
318
638
5
709
373
483
508
190
443
725
671
678
348
596
107
355
587
73
157
445
550
271
742
714
300
101
618
235
252
543
382
508
691
448
275
274
219
129
107
513
120
406
404
540
115
462
390
214
443
700
84
266
71
5
125
737
701
444
606
621
9
