60
296
569
460
421
613
628
564
26
254
76
314
455
146
197
103
195
275
168
273
444
614
641
639
346
730
191
595
131
85
344
561
730
722
467
579
545
204
300
190
630
154
153
46
609
448
185
624
667
494
421
89
730
557
510
319
495
672
490
335
471
63
484
424
266
313
493
637
72
428
220
581
62
135
486
454
65
153
726
619
169
303
172
671
370
698
540
688
640
733
176
394
693
593
0
686
91
696
538
169
247
182
530
688
437
256
247
750
683
374
248
85
448
128
540
485
129
446
502
354
561
393
235
113
31
656
409
662
532
316
55
475
480
219
366
104
582
665
401
186
79
239
237
611
605
198
673
287
636
332
221
493
99
139
227
259
684
239
699
703
360
312
121
657
282
335
723
400
567
694
616
143
150
571
363
332
630
536
257
623
161
738
495
246
10
511
317
314
118
623
25
720
483
642
646
199
704
739
347
60
744
79
86
373
455
240
660
604
112
391
748
73
457
637
450
375
548
402
528
247
399
72
469
16
626
382
40
585
668
101
122
382
150
535
244
530
93
646
294
633
43
34
393
154
95
160
648
551
365
237
354
585
432
692
303
352
14
457
394
261
207
719
192
26
161
346
571
484
650
57
13
481
446
414
308
418
596
413
19
47
205
643
353
368
91
704
505
704
6
357
196
462
662
11
467
197
649
525
649
150
324
559
612
58
277
571
251
554
440
277
3
604
495
567
723
402
233
517
102
284
418
659
394
10
448
362
4
735
81
282
671
702
158
406
713
646
462
271
263
17
385
655
603
286
401
287
200
532
653
118
536
620
86
33
624
188
453
608
163
288
60
29
247
438
538
355
328
687
507
711
297
620
556
67
383
232
41
748
578
351
571
471
633
351
366
285
307
663
75
545
265
367
483
594
347
156
518
190
731
634
174
406
339
126
678
258
308
1
421
174
462
447
442
647
133
156
218
241
660
531
9
570
65
7
347
12
358
455
35
505
105
70
234
679
91
530
712
297
308
437
649
512
528
693
25
418
677
467
680
376
399
366
476
156
434
528
395
18
521
625
611
722
433
495
399
131
733
629
538
29
724
737
246
408
67
168
191
4
458
430
353
692
521
2
505
136
263
165
399
390
43
25
280
286
460
246
747
406
165
237
406
649
234
493
587
719
624
41
56
0
248
551
122
597
611
235
507
34
93
383
445
263
626
457
203
11
181
85
36
4
93
360
67
493
625
726
384
160
259
147
371
34
156
362
319
534
176
62
302
185
293
588
539
165
70
337
707
220
1
651
26
459
157
294
157
63
588
36
632
388
70
68
0
174
581
343
126
387
37
427
198
312
265
556
453
473
227
258
546
220
601
609
389
17
451
557
193
276
652
121
96
145
71
387
567
394
98
488
561
306
97
445
325
161
431
562
432
181
290
445
79
4
276
209
655
35
706
710
672
523
257
535
547
250
186
574
92
192
534
27
287
545
236
190
130
695
226
67
409
491
612
285
416
694
424
62
719
479
578
652
659
361
487
85
425
281
371
256
247
299
79
299
427
156
18
392
214
38
351
141
674
464
403
744
215
333
409
594
646
40
333
496
713
312
7
643
714
302
727
631
6
750
543
686
398
332
21
478
705
731
717
494
398
174
437
237
346
241
229
315
27
5
738
229
291
601
121
453
151
294
213
655
562
324
590
69
355
456
276
142
590
739
176
18
253
115
415
79
167
736
