715
389
95
631
12
739
101
543
25
583
149
548
628
231
93
479
152
40
434
639
662
530
169
413
641
332
201
282
661
614
522
516
129
32
51
548
557
622
253
740
668
625
446
551
241
666
8
437
414
586
40
724
634
540
253
234
595
246
450
684
272
433
0
392
731
333
507
338
272
527
582
2
694
567
127
399
318
172
561
660
223
8
554
350
702
123
336
383
326
724
232
530
13
491
186
268
526
88
39
729
387
712
137
596
678
304
643
390
523
539
583
239
506
502
110
208
380
427
435
448
556
157
448
208
443
139
618
373
184
444
688
622
283
439
161
307
368
98
61
733
146
35
466
144
129
60
442
426
344
301
222
102
72
497
577
24
372
197
476
525
39
611
306
582
123
481
441
161
400
470
663
746
583
536
360
96
112
261
677
183
659
699
402
469
719
54
199
604
48
656
558
411
550
66
679
18
207
577
548
271
227
270
142
425
118
721
615
19
128
717
532
601
442
15
651
542
250
521
160
657
668
635
502
403
297
247
501
249
167
449
609
605
560
628
431
49
374
388
385
471
202
507
719
599
518
314
219
310
276
77
394
631
378
64
480
506
33
724
604
418
255
532
455
309
495
572
364
614
317
466
29
550
64
107
120
260
396
79
400
717
356
319
264
633
493
3
727
656
748
88
607
108
339
430
28
471
458
602
550
54
126
634
348
220
500
493
259
169
96
377
527
161
253
361
320
278
400
230
256
163
508
86
90
56
596
139
239
652
539
314
248
381
88
651
454
542
528
148
314
67
332
178
127
473
721
716
85
689
180
18
93
419
6
36
697
505
713
724
725
136
694
99
58
324
261
293
398
662
578
366
257
660
379
28
570
685
677
390
721
181
34
567
387
385
434
588
517
659
360
544
396
271
649
460
145
253
716
414
588
438
703
725
139
571
453
226
425
402
2
135
181
508
489
724
432
295
521
315
25
658
414
507
159
385
507
550
26
266
89
461
167
213
401
233
320
123
393
42
695
338
20
168
176
42
478
702
348
374
143
253
384
61
736
49
701
402
298
225
450
178
724
190
608
589
25
282
747
201
373
595
715
564
387
275
732
703
508
555
512
685
608
291
714
630
225
64
367
549
281
72
117
258
598
329
459
616
116
358
224
151
630
711
387
749
536
382
242
705
662
556
420
127
504
282
620
90
447
521
655
531
276
422
667
599
689
323
384
710
505
156
372
400
676
50
306
247
719
479
553
324
220
314
720
369
240
327
346
143
49
52
188
225
21
213
39
255
559
155
722
458
592
611
374
165
543
248
694
653
242
500
615
348
606
266
331
699
722
442
112
467
675
558
46
670
501
148
182
641
685
266
286
564
721
129
90
295
61
168
251
17
690
284
681
306
574
593
19
181
9
726
493
544
237
679
624
206
159
716
370
634
625
180
684
147
221
204
205
60
204
292
439
40
337
363
699
408
607
275
450
573
280
533
348
723
502
735
101
130
531
351
162
664
546
663
375
347
0
420
525
165
487
175
411
435
585
602
104
120
555
530
3
261
176
324
40
210
182
316
53
276
417
591
94
138
505
723
635
597
749
566
190
738
308
24
710
480
60
92
14
636
177
683
696
672
95
237
473
427
194
299
228
689
587
136
666
530
153
683
297
447
328
490
523
382
198
385
280
668
306
746
589
372
658
634
656
744
124
62
259
499
159
609
288
147
177
748
449
409
165
611
