481
14
541
595
77
86
711
160
187
89
288
130
11
225
732
269
163
550
256
581
495
13
704
565
528
580
639
593
318
8
637
489
501
277
116
109
132
702
333
595
696
241
412
122
621
244
76
110
388
308
705
548
538
618
160
291
505
584
16
424
333
37
194
714
626
108
459
5
272
239
444
113
646
720
422
477
586
394
440
596
579
287
527
55
569
512
229
123
288
347
356
165
83
6
352
86
512
360
238
277
538
368
659
353
555
288
525
58
653
478
19
361
238
629
415
595
247
345
416
638
567
483
558
430
599
296
192
285
61
437
566
288
162
75
236
620
118
590
299
667
514
218
17
104
435
152
594
332
35
637
424
72
300
535
86
376
93
478
486
437
521
345
710
32
224
637
93
702
402
34
411
586
404
733
230
638
657
96
713
515
413
229
325
119
715
572
2
659
624
413
106
412
387
87
298
686
86
226
153
230
315
445
715
252
107
689
288
304
673
303
693
74
286
680
173
261
147
134
405
189
388
171
470
568
653
667
14
475
507
78
424
292
500
497
523
102
359
26
380
140
548
114
165
258
213
263
694
559
337
397
380
238
628
584
414
740
270
300
216
251
19
220
721
604
542
343
322
117
233
661
577
571
265
221
443
485
593
479
231
395
352
687
180
129
137
112
243
298
299
373
493
325
631
609
647
378
441
372
509
301
583
618
217
229
520
750
282
198
423
455
522
164
670
727
296
302
393
241
201
244
69
256
154
644
611
277
678
49
173
27
70
219
246
305
641
310
357
736
223
135
513
669
47
108
76
67
247
479
113
622
594
584
499
391
570
195
46
654
594
401
64
97
597
27
274
25
595
253
703
162
280
84
660
212
715
258
9
235
617
63
88
687
429
79
411
62
101
523
317
218
157
655
124
557
36
661
572
388
138
557
726
195
689
264
648
53
288
569
8
366
383
531
743
426
529
233
97
316
659
364
63
257
90
665
203
281
381
411
461
69
410
429
251
649
194
97
536
705
747
47
322
210
175
37
619
88
88
318
201
339
168
330
243
728
587
125
519
273
34
560
606
126
645
706
736
179
357
185
731
86
386
323
577
260
508
605
535
555
34
306
492
421
210
274
340
602
236
138
702
325
727
648
528
530
194
621
488
166
385
278
419
475
194
30
269
37
81
613
683
324
450
94
144
712
652
472
214
159
216
55
228
487
485
434
633
559
349
415
95
435
80
264
693
276
327
286
515
264
42
610
646
58
482
187
419
523
256
372
724
466
655
299
412
742
601
72
352
739
81
501
535
44
462
488
396
422
507
407
412
144
637
64
615
473
649
266
695
284
13
252
167
240
156
580
415
24
273
298
671
664
302
745
738
565
421
394
634
319
149
621
738
119
555
218
718
544
682
227
365
438
467
597
735
363
530
444
124
59
445
303
116
259
670
518
141
454
59
392
250
343
32
252
370
491
266
409
148
718
460
94
383
156
89
659
152
567
639
534
119
19
504
697
432
119
737
13
31
152
83
410
24
580
357
18
43
348
653
655
434
717
553
473
634
617
378
353
90
704
50
254
47
268
308
483
226
132
706
128
585
268
594
435
87
22
510
395
470
606
143
519
17
700
142
364
75
60
454
201
317
654
315
4
723
341
252
733
148
586
507
171
430
498
639
473
19
695
184
231
687
248
517
445
430
416
319
139
445
24
180
655
467
741
89
325
589
502
696
272
355
479
