514
208
391
433
522
238
243
327
234
741
399
349
514
308
424
74
567
696
382
21
732
193
166
292
74
198
139
266
708
597
212
447
455
608
622
542
172
382
544
352
349
121
707
742
732
260
456
183
518
72
441
625
68
688
589
516
291
257
393
572
9
656
53
745
2
250
492
445
529
538
696
317
127
55
294
302
99
101
590
499
529
528
514
519
374
414
691
327
677
41
558
256
600
124
623
296
580
319
370
254
557
394
126
707
137
159
425
502
28
664
429
611
504
515
702
9
163
90
470
691
653
607
268
547
682
177
588
123
629
392
108
746
235
146
518
421
532
134
329
365
120
153
43
469
315
431
83
289
15
336
574
317
251
133
351
39
156
221
462
266
245
131
220
567
108
592
455
550
616
475
547
279
272
350
230
340
4
50
318
421
95
718
51
415
330
132
398
574
52
503
383
152
266
438
194
31
311
61
444
350
28
649
471
317
569
714
157
668
249
397
359
735
103
520
339
733
286
709
500
430
549
663
736
706
69
501
444
214
97
386
222
289
186
351
633
699
364
211
667
174
83
228
653
287
103
177
303
426
547
233
708
112
362
526
79
568
652
154
466
213
109
255
703
709
623
563
89
612
508
449
375
1
173
74
502
8
123
12
683
599
509
2
479
452
68
160
365
619
5
18
265
512
94
656
67
721
109
750
733
521
287
580
599
704
47
553
335
638
553
215
376
257
420
594
119
157
193
248
555
402
619
332
638
673
8
193
322
734
650
533
53
627
558
21
441
279
148
668
493
278
439
322
726
725
383
165
122
443
13
546
177
364
481
185
489
176
363
251
365
293
376
236
494
231
642
266
221
57
729
435
530
122
730
226
73
222
643
274
738
45
413
291
338
251
416
614
48
593
282
724
349
653
268
563
131
663
737
352
314
248
358
304
484
550
322
309
742
544
178
339
99
544
637
173
47
469
34
621
24
180
549
268
76
300
534
511
641
645
345
221
99
58
671
737
339
297
283
736
716
455
58
228
729
261
484
449
159
150
235
69
507
741
365
434
415
106
659
227
414
172
694
369
282
444
577
369
94
39
171
31
422
462
23
554
525
748
556
510
204
478
436
253
577
741
214
210
288
163
14
340
89
624
150
222
629
672
239
636
681
186
437
386
674
92
281
322
230
477
208
71
639
299
572
490
24
679
245
4
720
64
454
541
249
186
2
453
407
642
101
133
317
318
232
101
313
423
672
59
544
70
74
648
175
295
38
430
686
631
451
699
572
652
46
276
78
125
166
51
59
3
335
222
730
113
511
690
596
139
516
501
269
697
693
626
214
92
458
246
708
667
178
118
331
527
181
126
727
741
153
566
236
302
441
92
429
34
654
160
551
127
91
530
516
676
722
696
334
530
601
374
187
45
451
227
315
18
402
496
36
374
745
15
623
252
643
560
6
325
319
152
201
204
214
738
169
372
344
267
317
461
660
538
195
252
549
6
608
2
559
679
5
564
540
629
477
498
19
549
469
617
680
358
427
474
410
588
670
220
259
728
340
195
688
375
315
536
587
110
157
286
202
677
69
394
27
555
49
271
704
274
389
613
549
22
84
661
441
21
231
437
648
690
431
2
143
619
464
148
347
422
84
227
720
290
137
34
353
36
121
584
132
675
225
295
702
513
180
496
49
462
109
205
409
159
533
578
445
283
54
285
725
496
321
674
141
494
422
600
548
267
