706
271
299
271
392
552
476
280
644
685
616
222
190
547
606
674
168
311
359
533
260
42
657
500
504
388
484
73
0
57
555
449
165
34
9
738
328
728
631
514
408
561
82
724
524
487
628
134
567
530
666
360
617
226
629
409
144
295
722
300
362
153
264
620
462
236
409
259
276
103
565
448
182
226
745
725
441
716
737
461
744
592
150
499
317
628
142
461
448
480
168
577
316
737
386
15
89
178
484
488
621
524
311
402
656
45
495
305
339
702
334
455
150
159
142
102
253
390
17
303
388
64
375
214
620
128
35
467
481
695
417
222
312
525
3
58
500
549
238
435
226
443
294
302
446
202
545
108
69
526
455
454
375
402
27
186
571
404
405
598
468
237
176
14
308
512
419
189
24
190
296
486
726
119
651
421
443
104
714
636
444
200
462
178
80
123
427
705
490
694
188
183
457
102
263
17
170
658
466
647
613
274
733
280
643
618
295
387
16
300
223
547
628
443
42
445
103
560
624
402
242
95
291
462
133
330
226
733
305
359
237
69
160
650
59
151
513
91
568
465
98
162
569
740
517
223
349
561
152
427
83
576
446
130
139
577
421
369
656
290
747
3
24
653
195
719
65
652
713
115
226
541
361
538
229
583
97
58
729
338
633
44
516
57
301
463
289
533
138
347
328
51
737
208
464
123
187
463
669
701
617
716
224
591
231
624
737
335
95
201
647
381
507
1
670
650
625
179
460
175
165
661
302
711
196
390
523
251
681
72
529
748
232
738
337
213
132
446
193
414
610
608
657
8
194
124
541
495
679
464
403
119
82
14
132
367
353
623
483
388
342
9
660
73
645
645
668
421
669
712
749
165
631
228
526
401
417
42
174
333
335
259
434
39
351
635
707
637
606
143
355
722
124
458
331
34
380
155
707
22
223
23
366
487
652
747
418
375
535
571
53
150
611
369
372
217
90
361
544
139
679
82
271
600
221
650
694
711
631
280
618
413
110
597
735
215
3
475
349
343
326
684
339
574
740
344
241
682
24
121
739
222
745
403
699
203
414
209
293
129
631
220
218
467
210
3
283
498
150
608
416
286
80
667
247
446
205
506
103
463
390
67
226
217
413
550
673
401
13
143
210
472
308
20
100
619
364
293
413
500
321
400
444
520
22
498
405
79
24
183
449
638
176
466
320
157
203
43
158
466
492
715
243
511
7
260
608
703
137
713
522
589
282
281
130
312
523
184
182
298
385
126
691
423
376
307
652
511
647
145
57
691
709
702
169
730
677
526
117
511
602
459
615
226
205
641
106
728
684
268
536
186
446
671
499
165
360
707
16
138
472
540
9
559
269
143
494
335
632
186
237
745
117
603
582
170
411
737
51
645
52
203
588
323
459
23
746
271
223
54
271
125
296
374
628
177
675
62
596
546
271
380
665
287
169
169
112
554
372
607
19
107
204
593
731
566
31
88
479
33
102
578
141
46
619
625
496
173
160
393
426
593
131
561
201
549
165
163
482
425
653
250
65
43
161
544
190
197
642
594
16
105
680
592
179
704
88
447
326
732
705
237
94
437
425
665
437
152
304
368
491
636
646
585
355
416
6
379
543
724
537
426
30
24
447
170
95
352
485
640
305
233
231
199
610
683
729
349
462
455
432
328
608
50
468
399
257
291
309
705
548
386
166
134
247
371
116
501
490
375
499
494
365
666
606
694
662
220
729
327
