459
224
532
293
310
564
492
121
168
21
539
571
267
8
279
412
611
734
641
114
421
120
27
451
100
145
553
176
30
222
22
246
167
639
443
127
693
475
272
437
547
601
471
78
403
157
91
629
257
624
56
373
162
580
423
342
293
83
168
2
593
227
444
736
72
502
608
361
638
303
261
340
111
182
506
593
231
688
531
68
355
581
302
130
133
578
734
316
105
650
383
655
247
82
529
99
396
56
336
111
704
375
193
638
635
532
175
76
384
255
156
334
412
373
254
130
169
607
593
179
100
656
96
737
451
186
731
553
442
555
554
380
190
525
291
724
203
303
482
208
48
386
427
701
181
302
497
734
281
350
666
96
4
329
654
81
268
242
142
723
79
134
130
207
348
70
302
182
374
732
160
55
243
605
162
201
258
705
405
331
670
401
637
178
132
665
313
284
736
272
458
483
478
747
421
261
302
676
28
202
660
661
314
710
643
735
679
611
355
92
32
39
34
137
391
708
449
317
291
676
166
268
526
58
412
369
341
618
34
42
183
38
93
226
621
391
73
321
474
675
167
481
585
513
324
337
140
328
372
22
229
476
479
720
213
582
15
46
175
382
303
182
536
9
57
327
323
286
257
735
374
724
498
382
428
107
390
282
375
636
198
664
523
15
99
471
493
581
651
177
359
221
697
103
69
264
113
712
429
729
590
359
496
407
570
209
537
660
735
256
750
182
196
721
660
17
239
457
239
221
212
587
433
730
418
323
462
216
385
165
126
37
337
306
678
740
130
643
190
728
430
331
129
323
456
46
589
688
162
426
94
152
350
373
461
370
197
538
686
746
533
199
329
275
705
571
525
588
496
488
184
741
38
167
609
517
232
26
316
725
355
117
382
53
385
605
282
200
94
376
527
387
544
427
440
203
417
174
727
736
49
710
71
405
534
464
574
340
442
612
668
430
482
368
357
342
649
692
89
46
497
175
521
441
481
31
410
456
719
415
659
449
551
467
205
168
273
259
340
405
266
142
148
331
630
284
594
712
169
84
212
446
665
696
84
67
677
574
317
589
621
177
504
195
61
111
130
390
636
679
481
284
109
519
452
2
126
238
516
163
643
628
153
355
749
184
553
539
362
147
222
653
91
155
13
324
548
649
234
580
371
445
450
410
495
529
621
13
284
376
363
563
30
640
466
451
299
285
458
514
145
671
712
509
569
453
666
657
566
319
309
111
620
505
476
709
164
658
62
694
260
150
18
375
678
743
306
95
618
677
139
80
160
499
159
567
320
633
134
6
745
478
555
183
518
370
294
376
558
85
70
197
594
667
405
423
227
375
248
611
464
489
313
238
315
455
261
709
654
325
281
595
122
255
702
558
294
210
710
516
720
504
451
53
27
704
586
500
722
715
430
286
470
663
450
288
720
710
501
68
190
643
747
572
31
238
623
390
741
382
280
606
42
162
687
117
177
80
13
182
79
100
307
365
671
688
97
210
443
89
251
604
747
205
78
153
208
179
217
673
17
499
338
734
658
431
360
48
629
16
564
580
135
558
545
89
393
281
410
353
16
355
436
750
34
561
106
569
593
286
497
18
489
429
743
256
15
494
683
239
149
21
675
316
127
218
302
306
568
220
615
737
466
199
129
185
287
100
269
62
154
182
501
3
631
705
724
211
111
350
453
218
476
625
41
750
93
471
427
290
433
423
113
574
356
292
629
527
504
342
