730
573
403
101
422
615
338
16
270
104
325
449
669
454
211
208
52
243
573
535
419
425
49
702
604
275
692
22
243
397
451
413
422
14
9
319
91
667
135
331
741
250
542
24
288
644
24
239
588
356
9
484
610
526
444
422
429
570
324
365
208
669
388
467
316
211
657
456
355
644
417
223
711
718
481
200
563
328
70
685
365
210
345
419
361
302
176
43
291
180
741
522
41
497
314
83
527
349
101
428
436
233
453
641
0
733
146
568
362
111
126
9
541
693
91
346
647
80
32
231
440
203
219
656
651
748
445
278
520
440
649
464
499
21
156
702
642
141
72
247
638
109
425
616
696
67
220
352
207
223
691
490
45
42
709
248
546
351
569
663
53
616
240
175
479
318
34
320
181
1
437
733
238
8
92
300
426
340
616
263
388
165
177
618
225
543
51
342
555
42
76
57
318
420
572
243
683
137
129
511
512
362
264
583
352
381
237
132
142
641
111
125
39
639
669
721
253
546
22
76
230
301
340
642
544
479
263
418
295
42
26
402
249
202
740
546
552
560
649
467
116
57
413
672
23
508
352
216
519
27
84
57
123
267
66
385
190
564
121
340
317
611
435
448
158
235
395
515
716
178
237
536
637
719
734
353
366
21
431
494
555
729
666
496
508
467
739
496
16
77
701
589
11
505
291
337
162
370
9
290
502
728
232
623
522
177
657
472
648
104
518
182
111
287
374
1
639
134
748
83
142
270
258
208
572
74
565
603
83
655
713
181
181
542
461
637
713
291
296
38
211
57
435
436
252
656
649
622
222
369
479
531
541
553
686
367
731
403
296
370
65
272
592
693
249
517
744
14
719
442
400
204
256
485
653
47
446
586
81
113
518
17
317
578
267
232
626
355
520
665
627
467
638
185
18
681
132
91
3
13
159
462
601
229
484
23
447
104
221
121
215
551
41
325
75
405
132
75
611
283
392
521
716
693
456
173
365
560
457
480
262
463
726
79
115
26
126
231
618
436
472
36
315
591
316
555
92
675
568
186
334
659
493
174
99
518
344
198
416
647
218
64
712
631
393
350
650
535
216
630
537
514
57
356
378
316
338
396
142
433
323
342
362
654
419
288
391
445
681
727
264
154
428
176
728
132
103
356
265
395
119
121
502
70
684
219
641
401
178
580
80
617
589
195
648
178
706
132
560
224
358
125
546
280
368
711
16
118
427
11
520
293
257
739
463
741
116
273
258
272
228
324
61
454
381
254
285
379
257
550
715
634
21
539
44
530
123
59
216
499
226
727
5
625
380
690
254
680
335
386
622
510
78
409
180
205
149
407
26
512
522
735
544
3
299
627
734
93
541
669
526
412
112
260
407
746
267
55
7
690
70
726
397
205
511
368
83
156
429
731
95
201
92
475
248
419
719
170
730
23
271
83
508
15
198
431
89
300
271
230
268
510
19
527
577
431
453
101
343
56
322
223
436
747
270
683
263
458
101
578
653
177
101
245
525
255
320
509
667
656
515
668
556
137
726
546
221
724
341
286
66
672
536
578
114
220
508
414
113
145
398
595
367
3
706
384
506
536
735
276
631
437
738
741
216
107
558
68
726
64
87
251
625
721
708
157
280
110
627
646
658
657
103
339
692
600
89
458
178
748
360
352
231
109
148
314
581
595
68
491
223
657
590
196
472
76
0
274
367
200
315
466
5
338
544
394
593
338
439
470
