10
644
463
355
692
34
394
5
557
510
572
58
667
103
510
544
743
403
283
736
463
745
277
63
134
564
708
404
706
195
488
612
50
233
703
421
217
125
467
259
589
406
27
220
566
627
267
477
357
242
404
191
189
629
405
75
597
284
523
103
203
419
139
515
172
655
655
37
592
105
261
432
272
617
519
130
287
146
112
698
707
486
728
704
396
540
581
351
161
333
106
234
198
232
598
623
64
483
496
698
536
534
554
425
489
731
70
421
161
122
65
77
689
93
747
595
375
233
61
89
112
159
595
384
409
87
686
617
654
668
4
241
205
238
296
601
621
167
722
80
121
346
568
746
432
344
187
119
426
126
154
228
476
27
78
366
699
330
218
642
440
117
228
425
106
70
98
511
500
572
665
261
352
522
301
631
64
110
571
299
545
51
698
675
71
740
174
218
24
228
184
504
203
448
390
417
732
58
622
149
274
631
622
171
391
671
120
560
83
529
714
50
680
555
84
235
661
70
461
380
236
341
340
13
623
166
596
500
735
39
152
252
553
629
478
580
683
461
90
706
101
192
468
342
240
284
618
733
444
474
194
654
487
506
658
269
591
748
568
164
177
440
638
559
375
738
442
199
320
495
358
42
196
38
407
214
334
732
338
304
655
704
579
15
529
713
613
116
604
103
548
324
327
496
606
590
176
164
219
434
27
451
103
141
552
139
4
544
87
214
560
570
317
703
315
186
437
105
568
436
681
152
736
5
484
173
196
121
58
380
661
610
4
395
678
259
542
236
640
338
303
125
370
267
64
100
245
569
488
187
742
8
518
461
477
381
666
197
105
596
209
277
680
541
684
647
255
194
588
460
529
715
103
677
485
139
289
296
433
255
591
544
680
524
125
192
300
532
447
483
710
327
649
316
432
305
452
627
336
258
447
176
270
637
650
121
742
332
233
447
381
27
326
715
298
531
513
663
129
27
660
721
109
512
750
237
606
493
321
462
410
527
333
398
129
678
389
537
264
471
614
421
594
29
483
645
617
23
177
333
323
445
541
683
284
377
521
64
569
184
409
220
83
143
397
52
433
316
113
421
423
463
165
361
592
90
302
249
601
78
704
77
396
333
746
111
295
443
707
711
45
30
341
335
521
334
239
249
600
47
379
634
694
640
86
647
624
100
123
665
473
432
438
173
439
586
377
640
295
368
411
74
570
63
118
389
500
578
88
285
281
333
185
664
466
28
489
464
430
674
125
154
667
464
750
332
161
619
623
229
131
54
232
510
359
170
318
428
223
525
719
175
474
554
394
112
178
137
571
302
439
314
237
551
708
194
663
262
223
539
450
302
624
129
3
444
702
428
506
309
334
449
349
631
626
728
188
514
5
429
519
89
187
454
19
632
46
530
442
235
153
545
438
66
53
405
690
672
394
654
69
679
401
111
418
522
358
430
606
106
561
249
520
195
651
738
313
20
716
135
592
738
548
587
159
551
351
183
629
548
325
146
425
340
468
128
14
462
189
33
728
339
532
395
535
562
686
479
644
310
581
432
493
391
492
90
161
9
396
624
635
729
414
280
589
272
46
173
216
384
588
367
140
230
54
31
595
183
102
479
453
132
422
344
668
407
495
419
147
315
218
709
123
382
277
198
67
612
519
132
604
506
741
200
176
676
671
591
338
611
0
113
116
97
155
733
392
288
719
370
424
734
39
730
237
225
33
138
614
57
