618
50
463
298
336
573
158
298
601
285
121
75
630
386
405
709
215
611
186
274
681
88
225
197
105
37
125
317
655
0
743
650
492
320
309
129
183
674
646
613
190
68
553
634
707
319
220
546
632
343
303
68
66
225
72
414
621
202
58
402
662
718
469
6
618
557
680
628
106
98
318
301
197
645
481
429
50
257
126
128
391
492
249
207
75
678
510
448
714
202
15
689
429
703
289
708
112
39
693
74
744
19
279
187
667
718
603
618
735
370
348
485
579
519
320
225
531
182
440
288
412
166
86
60
126
214
355
384
591
611
482
356
416
152
325
386
543
347
341
672
731
115
335
183
52
399
244
630
309
121
137
235
241
503
539
119
321
460
300
732
46
208
624
728
584
708
681
78
249
47
478
368
519
52
52
610
65
14
302
375
578
693
614
71
51
405
468
678
645
67
54
710
572
312
667
41
159
670
348
749
730
307
470
591
348
737
606
469
250
183
664
564
709
134
358
642
275
506
637
697
2
323
470
64
96
592
467
242
367
436
589
690
19
459
371
236
126
336
345
482
666
56
71
247
587
462
603
175
157
726
705
427
642
112
710
655
138
611
530
423
526
707
455
22
26
130
93
647
110
469
41
666
635
738
382
158
694
23
462
203
551
496
124
421
339
432
116
297
511
432
659
9
397
63
6
143
164
724
499
222
496
145
292
353
180
689
86
22
26
250
51
706
126
76
36
3
536
589
715
302
421
690
364
592
547
315
219
116
125
395
431
574
194
489
316
269
603
281
44
708
17
498
593
594
337
191
153
421
257
76
508
188
242
643
113
627
577
510
718
358
343
280
241
113
687
448
158
717
236
260
182
285
515
207
599
547
547
36
694
185
537
386
261
716
524
356
532
225
525
35
143
131
374
26
124
601
138
653
14
381
520
574
383
587
332
355
83
113
186
503
346
681
150
376
304
625
314
667
267
263
79
628
592
515
403
656
343
490
306
663
26
38
741
16
378
697
218
737
493
25
461
690
41
344
116
114
100
123
18
722
725
138
345
200
115
376
164
233
28
623
678
209
241
143
676
579
527
496
100
349
727
12
326
275
369
242
722
493
426
589
537
468
549
87
601
537
465
77
642
327
571
455
339
738
280
607
45
280
394
431
548
272
382
448
449
69
52
452
8
443
453
411
98
433
667
120
336
374
684
288
35
704
707
701
169
22
387
320
120
746
34
237
644
204
159
48
172
54
224
425
216
31
40
18
494
11
736
634
135
314
374
21
339
628
480
314
26
655
214
322
296
590
700
395
223
79
21
590
647
318
377
147
354
62
258
577
131
214
711
589
353
683
65
685
356
449
420
566
63
335
108
320
748
494
541
85
257
244
316
618
140
446
359
585
739
600
514
615
79
97
313
642
198
328
662
733
74
382
38
181
572
496
443
732
278
222
614
191
227
671
633
421
137
271
608
312
416
580
29
674
171
378
579
310
505
566
250
16
583
478
316
496
665
445
65
676
292
345
513
265
641
10
719
619
515
226
24
152
676
81
75
441
673
524
704
135
341
578
614
720
246
470
309
678
741
467
634
232
589
67
617
523
370
324
37
339
552
395
524
492
562
127
28
663
441
272
518
356
576
66
178
370
201
387
615
689
82
157
335
696
75
25
16
694
7
287
582
514
560
226
732
442
625
570
743
701
89
144
548
80
264
384
608
705
83
204
367
2
74
667
