666
499
43
723
40
653
328
507
117
462
536
118
285
576
466
341
444
709
441
562
416
467
157
331
583
256
15
26
312
664
406
580
641
132
82
520
311
428
86
27
70
222
231
318
558
149
94
48
369
616
396
162
474
36
415
182
183
595
488
61
114
450
589
193
209
214
282
626
354
16
460
371
287
718
399
457
326
55
341
50
547
668
221
351
562
698
635
157
661
155
403
590
371
231
66
140
142
151
289
531
594
243
79
501
710
566
243
344
319
657
330
715
120
242
608
154
484
25
189
639
96
493
422
162
604
287
97
436
417
292
432
582
56
349
326
132
458
181
220
575
636
279
47
554
11
154
408
120
688
284
208
518
51
645
472
745
534
160
77
93
134
371
273
507
435
144
508
202
536
543
636
101
49
190
328
481
218
24
369
460
56
85
2
419
31
538
355
99
431
592
52
591
274
232
611
635
728
727
47
680
344
611
84
123
376
640
595
121
301
698
516
712
635
421
165
502
353
585
572
556
273
88
138
20
309
238
510
67
687
298
114
241
130
328
266
52
58
666
471
328
741
310
116
653
587
563
178
642
331
90
143
369
301
683
36
516
494
357
739
573
360
84
439
701
11
76
282
109
482
140
364
124
698
36
44
468
107
59
467
584
137
456
213
330
445
589
679
734
398
658
135
26
114
408
583
235
707
463
547
297
563
718
51
228
336
412
206
696
116
198
47
636
309
32
4
234
267
627
256
564
18
204
435
393
459
268
476
128
483
551
209
181
481
196
525
411
184
475
697
255
425
666
354
625
265
721
429
702
374
455
437
713
421
264
231
608
629
319
128
471
306
356
2
574
521
677
72
300
267
92
46
143
605
212
173
417
328
650
348
175
339
0
34
618
233
591
495
239
327
533
88
36
580
88
271
301
219
95
643
473
68
750
146
556
64
76
502
495
133
200
410
655
690
596
462
166
719
44
234
608
450
283
157
738
50
657
329
573
583
695
384
403
589
81
154
37
350
565
550
196
73
497
411
671
558
435
456
683
7
126
564
373
554
364
689
77
423
720
167
233
134
449
399
189
39
590
317
626
282
388
335
339
677
233
139
59
392
116
280
337
646
38
350
698
672
118
586
433
675
442
114
623
508
141
482
592
304
332
612
499
265
443
345
440
0
40
33
489
621
611
7
349
320
242
84
181
159
342
292
175
332
100
646
683
312
597
239
734
347
342
77
648
626
18
259
151
516
366
224
207
646
196
584
211
214
679
315
129
228
24
208
429
485
412
220
528
333
354
254
14
591
72
40
274
193
334
437
692
730
663
323
732
25
431
698
281
424
267
400
591
296
683
146
238
407
378
643
258
694
472
192
571
120
602
736
360
444
353
106
512
79
14
91
534
521
377
35
468
84
741
707
135
87
605
189
198
359
684
575
304
711
127
633
136
136
463
200
323
375
685
87
481
628
236
555
145
206
644
427
342
86
166
92
566
49
390
563
732
712
235
280
579
327
612
406
684
727
347
718
193
50
1
128
644
195
137
638
619
747
208
172
403
34
330
553
675
293
61
60
210
360
476
71
645
638
547
48
62
335
535
41
746
117
209
483
588
39
647
465
618
632
741
204
260
334
74
135
583
19
469
308
509
293
667
735
236
449
459
50
635
3
67
96
1
736
135
436
133
236
446
305
533
458
63
589
95
156
218
210
190
440
174
283
666
61
434
658
288
214
305
