359
68
455
105
196
536
283
71
382
283
297
274
246
745
77
87
124
225
19
689
47
206
190
92
124
373
475
613
116
99
458
383
46
250
63
350
126
306
63
658
112
385
670
654
501
482
41
14
58
441
409
663
125
25
38
211
601
243
573
315
193
8
654
108
644
659
437
220
662
469
280
95
126
536
44
97
374
562
519
43
658
525
439
196
482
350
24
189
238
27
32
31
217
347
713
395
89
213
239
553
661
126
39
99
71
4
72
551
186
310
521
27
352
638
706
22
570
334
433
489
187
25
100
38
179
258
343
206
690
589
396
729
168
11
563
113
640
675
731
353
180
404
232
212
615
560
78
157
526
634
415
534
467
374
238
658
618
377
565
588
640
263
124
156
355
730
664
9
660
66
514
59
483
487
613
332
421
108
732
36
68
432
603
390
602
20
507
207
241
684
104
106
89
416
321
743
208
67
741
565
273
604
363
524
9
589
568
597
706
123
378
630
466
665
124
328
1
371
453
660
126
633
272
298
445
12
309
487
151
314
67
533
155
601
382
53
560
562
620
197
314
311
403
671
291
603
383
22
154
445
146
394
513
216
572
268
342
369
561
738
481
725
419
6
392
388
577
495
315
24
0
46
720
165
248
162
362
161
363
467
672
275
578
279
120
230
438
416
156
420
152
493
344
320
256
734
577
745
148
131
641
529
105
701
302
112
552
669
366
504
104
633
521
16
749
552
452
685
264
260
692
702
577
362
354
292
711
407
528
240
341
363
19
35
443
19
668
359
735
565
82
649
120
72
334
58
25
420
135
23
33
174
404
682
519
225
236
5
544
120
198
277
10
257
483
465
21
398
568
281
147
675
430
383
595
613
522
614
722
479
339
505
565
242
14
680
667
677
552
556
221
653
436
425
540
36
117
663
203
499
485
64
7
230
391
607
622
562
512
281
272
437
506
220
359
221
513
401
398
69
324
264
638
714
350
331
260
302
263
117
448
206
99
479
171
21
454
718
620
467
8
403
21
668
257
304
373
478
538
315
252
116
598
652
119
15
147
365
494
78
160
583
448
519
369
49
25
493
662
434
549
410
190
479
556
328
369
127
414
343
581
245
575
543
77
185
172
498
152
462
107
701
323
32
446
184
303
195
102
699
601
685
231
736
569
10
489
368
461
113
612
21
608
167
589
700
352
385
473
418
639
691
743
544
749
224
702
278
428
291
206
166
271
625
649
443
737
494
198
138
18
59
356
34
672
291
436
506
111
743
537
722
453
473
327
105
726
0
607
305
543
179
567
336
600
218
167
404
599
642
380
209
22
387
220
605
702
7
702
168
546
171
555
699
217
528
322
538
413
396
221
84
257
409
155
185
591
631
166
570
92
21
490
52
205
603
505
608
537
354
460
43
611
139
440
64
401
240
497
83
698
300
370
174
2
302
55
84
569
266
158
126
569
2
601
736
57
94
738
701
301
551
675
239
452
738
59
46
64
287
266
376
16
387
301
401
21
342
709
178
591
288
733
80
55
440
64
747
312
321
490
150
194
698
398
415
506
12
723
57
725
528
149
578
318
512
19
252
380
602
134
659
45
494
533
293
208
42
615
493
24
625
433
175
548
573
341
437
713
745
55
219
332
72
121
78
359
151
117
263
337
389
446
413
267
169
130
169
308
556
240
523
140
29
14
559
681
314
371
726
437
481
118
504
563
620
545
130
666
174
