1750
1753
1752
1750
1749
1749
1745
1744
1747
1741
1744
1740
1742
1740
1741
1738
1739
1735
1732
1735
1735
1729
1731
1732
1731
1725
1728
1726
1725
1723
1720
1724
1720
1722
1721
1717
1715
1716
1714
1711
1712
1711
1711
1711
1710
1707
1704
1703
1705
1703
1704
1704
1700
1698
1696
1699
1699
1696
1696
1694
1691
1693
1693
1689
1688
1685
1688
1684
1684
1682
1680
1682
1682
1677
1676
1680
1678
1677
1676
1676
1672
1670
1669
1670
1671
1669
1665
1668
1667
1664
1660
1663
1659
1659
1656
1659
1655
1657
1654
1653
1652
1649
1649
1649
1651
1646
1645
1644
1642
1641
1645
1643
1642
1640
1640
1637
1634
1636
1632
1633
1634
1631
1632
1631
1626
1629
1626
1627
1626
1621
1622
1623
1621
1621
1618
1617
1617
1614
1615
1614
1611
1612
1611
1611
1610
1607
1605
1605
1604
1603
1605
1601
1601
1601
1600
1598
1597
1598
1593
1593
1590
1592
1588
1588
1586
1590
1589
1587
1585
1586
1582
1582
1581
1578
1576
1576
1575
1574
1577
1576
1573
1569
1568
1570
1567
1566
1565
1563
1567
1564
1564
1563
1562
1561
1557
1556
1554
1554
1556
1554
1552
1552
1550
1548
1548
1550
1549
1544
1545
1545
1545
1539
1543
1542
1536
1539
1539
1533
1537
1532
1535
1529
1531
1531
1529
1529
1528
1526
1523
1522
1522
1524
1521
1518
1520
1515
1514
1514
1516
1514
1511
1510
1510
1510
1509
1510
1506
1507
1506
1505
1504
1503
1503
1501
1499
1496
1495
1496
1493
1492
1495
1492
1492
1489
1489
1485
1487
1487
1485
1485
1484
1483
1478
1482
1478
1476
1476
1478
1472
1474
1474
1469
1468
1472
1470
1470
1468
1465
1462
1465
1461
1459
1458
1462
1460
1457
1455
1453
1454
1452
1455
1451
1452
1449
1448
1447
1446
1447
1442
1445
1445
1443
1443
1439
1439
1439
1437
1433
1432
1431
1432
1429
1429
1428
1426
1430
1427
1424
1427
1422
1425
1423
1418
1422
1418
1415
1414
1414
1415
1414
1414
1412
1411
1412
1411
1408
1405
1406
1407
1402
1403
1400
1398
1400
1397
1397
1399
1395
1397
1395
1393
1391
1390
1392
1391
1389
1385
1386
1385
1383
1384
1382
1379
1377
1381
1375
1379
1375
1377
1375
1374
1370
1370
1368
1366
1369
1364
1363
1367
1362
1365
1363
1361
1359
1358
1357
1359
1353
1355
1354
1352
1349
1352
1349
1350
1348
1347
1345
1344
1344
1341
1342
1343
1342
1336
1336
1338
1338
1334
1333
1333
1330
1331
1328
1328
1327
1326
1327
1327
1324
1323
1319
1323
1319
1317
1316
1317
1313
1314
1315
1313
1311
1308
1309
1310
1308
1308
1306
1303
1301
1305
1302
1302
1300
1298
1299
1298
1294
1293
1292
1290
1294
1290
1287
1287
1286
1285
1284
1282
1281
1281
1280
1283
1278
1277
1280
1276
1275
1277
1274
1270
1273
1273
1268
1270
1269
1264
1263
1266
1261
1264
1264
1261
1261
1257
1259
1257
1254
1256
1252
1251
1252
1250
1248
1247
1247
1248
1243
1242
1241
1243
1241
1239
1239
1237
1240
1238
1234
1235
1233
1230
1231
1233
1229
1231
1227
1228
1225
1223
1221
1222
1223
1218
1218
1217
1220
1214
1213
1214
1214
1211
1214
1210
1212
1210
1209
1209
1208
1207
1204
1205
1201
1203
1201
1198
1196
1196
1193
1194
1193
1194
1194
1189
1188
1189
1186
1185
1187
1183
1181
1183
1182
1182
1178
1179
1175
1174
1175
1177
1175
1174
1174
1171
1170
1168
1168
1164
1166
1163
1163
1164
1163
1159
1158
1156
1158
1158
1155
1156
1154
1153
1152
1149
1151
1150
1146
1147
1145
1145
1145
1142
1139
1142
1138
1136
1137
1137
1138
1133
1133
1131
1129
1129
1132
1127
1128
1129
1125
1123
1122
1121
1124
1119
1118
1121
1118
1115
1118
1116
1112
1114
1114
1109
1112
1106
1109
1109
1104
1103
1101
1103
1099
1099
1097
1098
1098
1099
1093
1093
1094
1092
1089
1088
1089
1087
1088
1085
1084
1083
1083
1084
1083
1082
1081
1076
1078
1076
1078
1074
1073
1075
1073
1072
1069
1068
1069
1068
1065
1066
1066
1063
1062
1062
1059
1060
1059
1057
1056
1055
1051
1052
1053
1052
1050
1049
1047
1046
1043
1042
1041
1043
1043
1042
1042
1038
1038
1038
1033
1032
1032
1033
1029
1030
1031
1026
1026
1025
1024
1025
1021
1021
1020
1022
1022
1020
1016
1015
1013
1012
1014
1015
1009
1010
1008
1011
1009
1005
1003
1005
1005
1002
1004
1002
999
1000
1000
998
993
997
994
993
992
990
989
990
986
985
986
987
985
981
979
980
979
980
977
974
978
976
971
972
974
973
971
971
969
965
967
962
962
965
960
961
957
956
958
954
953
952
956
954
954
951
950
950
949
948
944
947
942
944
942
940
941
941
940
937
937
937
936
935
932
930
930
926
929
926
927
925
924
925
921
919
919
916
915
918
916
912
916
910
911
911
908
908
905
906
907
905
903
904
904
899
898
900
900
898
894
895
891
895
892
891
891
889
888
886
883
884
884
884
880
881
881
876
878
879
874
875
876
874
870
872
871
871
870
865
865
862
863
862
864
861
862
860
857
857
858
854
855
853
850
852
852
850
847
847
847
844
842
841
841
839
841
837
840
837
835
834
835
833
829
830
832
831
825
828
827
824
826
824
822
823
817
819
815
814
816
817
815
810
814
811
809
807
808
804
804
807
803
803
804
798
799
798
799
795
793
795
795
794
794
791
788
791
785
787
786
785
785
783
784
781
782
778
780
777
774
775
773
773
770
772
769
770
767
765
768
766
766
763
759
759
761
760
756
754
754
752
752
750
753
750
749
747
749
748
743
747
746
743
744
741
737
739
740
739
735
735
735
735
730
729
727
728
725
728
727
726
724
720
719
719
719
717
715
715
715
713
713
713
712
710
712
711
708
707
708
702
704
700
699
698
697
699
699
697
696
694
694
695
689
692
690
691
689
684
688
685
684
682
681
681
682
679
676
674
675
672
671
674
669
668
672
668
669
667
665
662
661
663
663
661
657
657
657
657
658
655
652
650
649
651
650
648
645
646
648
642
642
643
643
641
642
640
636
638
638
635
636
634
633
632
629
626
629
625
623
622
624
620
623
620
617
618
616
616
617
614
612
610
614
609
609
611
609
609
603
605
604
600
599
598
599
597
596
599
596
597
591
594
590
592
591
587
586
588
585
582
583
581
583
580
577
577
579
576
577
574
576
575
569
570
569
567
568
566
565
565
563
563
563
559
558
558
557
559
557
552
555
551
551
551
552
546
547
545
544
545
544
544
539
539
539
540
537
535
535
537
533
533
529
531
528
531
528
529
523
526
524
522
520
522
520
521
518
518
513
513
514
515
514
508
511
507
510
506
505
502
504
502
500
503
501
496
496
494
496
497
492
492
492
489
492
491
487
484
484
486
482
481
484
481
481
480
480
479
473
473
471
473
469
470
467
467
470
469
465
463
462
465
464
459
459
456
455
455
453
456
454
455
450
452
450
451
447
445
447
443
446
443
443
441
441
441
439
434
437
433
431
432
431
431
429
426
430
426
425
426
424
420
421
418
420
416
420
418
413
413
413
410
411
409
410
407
407
408
408
402
401
401
399
402
400
400
396
398
395
396
393
391
394
393
388
387
389
388
384
384
386
382
383
378
377
378
376
378
373
375
375
375
370
369
368
371
366
365
364
362
361
362
363
358
361
359
360
355
357
354
353
355
351
353
349
347
348
345
344
345
343
343
340
342
339
341
337
337
336
337
331
332
333
332
328
326
328
324
328
326
326
320
323
318
317
316
318
319
318
315
314
310
313
311
312
309
310
309
307
302
306
305
301
302
301
300
298
297
293
292
291
292
292
290
290
287
285
285
285
287
281
283
281
282
280
280
280
275
276
274
276
274
273
271
268
271
269
267
266
262
265
261
262
261
258
260
256
257
253
254
256
250
249
248
247
248
247
245
247
245
241
241
243
243
238
236
239
237
237
233
233
234
230
232
228
230
225
226
224
225
225
224
223
219
217
218
220
216
214
212
211
211
209
210
211
206
208
204
206
204
205
205
202
201
200
198
196
199
195
193
193
190
189
189
188
188
186
187
185
184
181
180
184
178
178
181
175
176
174
176
175
175
169
171
168
171
169
164
168
167
161
164
163
163
157
157
157
159
154
152
153
151
152
148
148
149
150
144
145
147
145
143
140
143
139
140
140
134
133
136
134
130
132
132
131
129
125
127
123
125
126
124
123
121
117
116
115
116
118
114
112
114
112
109
112
108
105
104
104
105
103
103
100
98
102
96
97
95
94
92
96
94
94
89
87
87
88
85
83
86
82
80
79
79
77
77
80
78
73
73
71
73
73
73
72
66
65
69
68
63
61
64
60
61
62
59
58
55
54
54
56
51
54
52
50
48
48
45
47
42
41
40
42
38
41
36
40
36
37
35
32
35
32
30
32
28
27
27
25
23
24
21
22
22
21
20
16
19
16
14
11
10
10
13
12
8
5
7
3
5
4
