1754
1752
1752
1751
1749
1747
1745
1744
1745
1745
1743
1741
1740
1740
1741
1740
1735
1738
1732
1736
1733
1733
1733
1732
1729
1727
1724
1724
1724
1723
1720
1721
1720
1722
1716
1716
1716
1714
1712
1716
1710
1712
1708
1711
1711
1707
1704
1704
1704
1706
1705
1703
1702
1697
1700
1698
1698
1693
1692
1694
1695
1694
1689
1690
1689
1688
1688
1683
1684
1683
1683
1684
1679
1682
1676
1679
1677
1677
1673
1672
1675
1670
1668
1668
1671
1665
1668
1665
1663
1663
1665
1664
1659
1658
1656
1657
1656
1657
1652
1653
1655
1650
1652
1652
1649
1648
1648
1645
1642
1645
1645
1639
1642
1637
1637
1636
1638
1638
1635
1636
1632
1633
1630
1632
1631
1629
1629
1623
1622
1622
1623
1623
1620
1619
1619
1615
1618
1613
1612
1616
1613
1612
1612
1610
1610
1607
1608
1608
1602
1601
1601
1599
1601
1598
1600
1596
1595
1597
1593
1595
1591
1591
1588
1588
1587
1588
1586
1587
1587
1582
1584
1583
1581
1580
1579
1578
1574
1578
1574
1571
1574
1571
1570
1570
1568
1570
1565
1564
1563
1563
1561
1559
1558
1559
1556
1555
1554
1557
1554
1552
1553
1549
1549
1547
1548
1546
1547
1547
1547
1545
1541
1544
1541
1541
1537
1540
1537
1534
1536
1533
1535
1529
1532
1527
1526
1530
1527
1528
1525
1521
1522
1524
1523
1521
1521
1519
1516
1513
1515
1514
1514
1514
1510
1509
1510
1506
1506
1505
1502
1506
1505
1499
1503
1498
1498
1498
1495
1497
1496
1493
1492
1494
1489
1488
1486
1486
1489
1488
1483
1482
1484
1480
1481
1477
1476
1477
1475
1473
1472
1471
1474
1471
1472
1472
1466
1468
1468
1468
1466
1466
1460
1464
1459
1459
1456
1457
1459
1458
1456
1453
1452
1453
1451
1449
1446
1446
1444
1446
1447
1446
1443
1442
1438
1439
1439
1438
1438
1434
1432
1435
1432
1434
1428
1432
1428
1426
1425
1425
1427
1424
1424
1421
1422
1422
1421
1419
1414
1415
1416
1416
1415
1409
1413
1411
1410
1410
1405
1405
1402
1403
1403
1404
1401
1401
1396
1400
1399
1395
1395
1392
1392
1391
1392
1392
1391
1385
1387
1385
1382
1385
1381
1381
1378
1377
1381
1375
1377
1373
1372
1372
1375
1373
1368
1367
1367
1368
1365
1368
1366
1366
1360
1364
1362
1358
1357
1355
1359
1358
1353
1351
1353
1351
1352
1351
1350
1346
1344
1347
1346
1346
1344
1339
1340
1341
1339
1335
1339
1335
1336
1336
1332
1329
1330
1329
1330
1329
1326
1325
1322
1326
1322
1324
1318
1322
1321
1318
1319
1314
1317
1312
1314
1309
1313
1307
1306
1306
1306
1305
1307
1304
1300
1303
1301
1297
1301
1298
1294
1294
1294
1291
1293
1293
1288
1292
1286
1285
1288
1287
1284
1282
1283
1284
1278
1278
1277
1279
1277
1275
1276
1272
1274
1274
1269
1272
1267
1269
1264
1264
1262
1265
1265
1262
1259
1258
1261
1259
1254
1257
1252
1252
1251
1252
1249
1251
1246
1247
1247
1243
1247
1246
1245
1240
1241
1239
1239
1236
1235
1236
1236
1235
1230
1229
1229
1231
1228
1225
1228
1226
1223
1224
1222
1224
1220
1219
1217
1220
1218
1218
1217
1215
1215
1211
1212
1207
1210
1208
1208
1203
1203
1201
1205
1200
1199
1202
1199
1198
1194
1194
1196
1191
1192
1189
1193
1187
1187
1185
1185
1186
1184
1185
1184
1183
1181
1177
1176
1178
1175
1177
1174
1174
1170
1171
1173
1168
1169
1166
1166
1163
1162
1165
1163
1160
1159
1160
1161
1160
1159
1158
1154
1153
1150
1152
1148
1152
1150
1147
1149
1144
1146
1144
1144
1140
1141
1138
1140
1135
1139
1136
1133
1133
1133
1134
1130
1130
1129
1130
1126
1123
1126
1125
1121
1121
1119
1122
1121
1115
1118
1115
1117
1116
1114
1113
1108
1110
1106
1108
1104
1108
1105
1103
1104
1101
1098
1102
1099
1095
1097
1094
1097
1094
1093
1090
1092
1089
1090
1089
1086
1087
1086
1086
1080
1084
1081
1081
1077
1080
1078
1076
1074
1075
1074
1074
1069
1068
1066
1065
1064
1063
1065
1064
1063
1060
1062
1059
1059
1059
1057
1057
1056
1056
1054
1050
1048
1049
1049
1046
1046
1047
1045
1043
1044
1042
1042
1039
1039
1035
1036
1033
1037
1032
1033
1029
1030
1030
1027
1027
1029
1025
1025
1026
1021
1023
1023
1018
1016
1016
1015
1016
1014
1013
1013
1013
1011
1009
1007
1008
1009
1007
1005
1006
1002
1000
998
997
997
995
999
996
997
992
990
991
991
990
986
987
984
987
985
981
985
982
980
977
976
978
975
978
972
974
971
974
969
971
970
969
969
967
965
962
965
962
961
959
958
958
956
953
955
955
952
953
951
949
947
947
948
948
943
941
944
944
938
940
941
937
939
935
933
935
931
933
932
930
930
927
926
927
927
923
921
919
920
917
920
919
914
918
914
914
913
912
913
911
909
905
906
907
905
901
905
903
899
897
900
900
897
897
892
891
890
893
892
892
887
888
885
886
882
886
884
882
882
882
878
877
875
875
873
875
870
870
870
868
867
865
867
867
862
865
863
860
862
858
860
855
857
857
854
853
852
852
853
851
849
848
844
847
846
846
845
839
841
838
841
840
839
838
836
832
832
834
831
832
830
830
828
824
824
824
823
824
820
821
821
818
818
817
814
811
812
811
811
810
808
809
805
804
805
806
805
804
798
802
799
797
797
796
793
795
794
789
790
787
789
788
784
785
786
782
785
782
781
777
780
776
777
776
776
775
775
770
770
768
770
765
768
766
767
761
761
759
761
761
759
759
755
757
755
753
750
750
751
750
750
746
747
747
747
744
741
739
740
740
741
737
735
735
735
731
732
730
730
732
731
726
728
723
727
725
720
721
718
722
717
718
715
714
712
713
711
714
709
709
707
705
708
705
705
702
705
702
698
702
697
695
694
697
694
694
693
693
692
687
691
688
685
686
686
685
685
681
678
678
676
675
675
676
675
671
673
672
671
672
670
670
669
667
663
662
661
661
660
662
659
658
657
653
655
653
653
654
652
649
646
649
649
644
646
642
641
643
643
638
640
637
638
638
637
636
630
633
629
628
629
630
626
628
622
621
620
619
622
617
620
619
617
616
614
612
612
609
610
609
610
610
604
603
604
604
603
603
603
601
599
600
594
595
593
591
590
589
590
587
588
587
584
586
587
584
584
581
579
582
576
577
576
573
573
574
575
573
571
572
571
569
568
564
564
562
560
561
560
562
561
556
558
558
555
555
553
554
550
549
548
547
546
545
544
544
542
540
538
538
541
539
537
533
536
536
533
533
531
527
526
529
528
524
526
525
523
521
518
519
520
517
514
515
514
516
515
510
509
509
510
506
505
503
507
504
505
501
498
499
501
496
499
494
492
492
494
493
491
487
491
490
486
485
487
485
484
480
479
480
478
478
477
474
473
474
474
471
470
470
466
469
466
463
465
465
464
459
462
458
459
457
455
455
456
454
455
451
451
451
449
448
444
445
446
446
444
442
442
437
439
440
434
437
433
434
434
433
431
432
428
426
426
423
423
421
423
422
423
422
419
419
414
413
417
412
413
412
411
410
410
409
409
404
404
404
400
401
399
401
399
395
397
396
395
394
393
390
389
392
389
390
388
385
387
383
382
384
382
381
378
378
375
373
377
374
373
371
372
369
366
369
367
367
362
361
363
359
361
362
359
359
355
357
357
352
351
351
349
348
349
345
349
347
347
342
345
340
341
341
339
337
336
335
332
334
332
334
328
328
326
326
326
324
325
322
322
320
319
318
319
316
314
314
315
313
313
310
308
311
310
309
306
304
303
301
305
299
303
302
300
295
298
298
296
294
291
291
288
290
291
288
285
286
283
285
280
282
280
280
276
276
277
278
275
276
272
272
269
267
270
269
269
264
262
262
265
260
259
260
256
258
257
258
256
256
252
249
249
249
250
245
247
245
245
244
241
244
238
240
239
236
238
237
234
232
235
230
231
227
228
227
228
226
222
225
221
220
221
217
219
216
215
213
215
214
215
214
212
211
210
208
206
203
203
203
204
203
201
198
200
199
194
194
194
196
194
189
192
188
188
187
186
183
185
181
180
179
180
179
179
180
176
178
173
171
174
170
168
170
167
168
166
167
165
163
165
162
159
160
157
159
155
154
156
152
151
149
153
147
149
149
145
146
145
145
145
140
142
138
138
139
134
137
135
131
133
129
132
128
131
128
125
123
127
122
124
123
122
121
116
117
114
115
117
113
115
110
109
110
107
106
105
106
106
103
103
102
98
98
98
98
97
98
93
96
94
92
91
91
90
90
86
88
87
82
85
84
82
81
78
77
79
78
77
71
70
70
72
68
66
66
69
65
63
66
61
64
58
61
61
57
59
54
55
55
53
49
53
51
50
46
48
46
42
45
42
41
41
37
40
38
38
37
33
34
30
33
31
27
27
30
24
26
25
22
24
23
23
21
21
16
18
18
13
16
12
12
10
12
7
5
5
7
7
2
