1752
1750
1750
1747
1748
1749
1747
1744
1744
1741
1740
1744
1742
1739
1740
1736
1737
1737
1737
1731
1732
1733
1731
1732
1728
1729
1728
1723
1724
1723
1725
1724
1723
1717
1720
1719
1715
1713
1716
1712
1712
1714
1711
1710
1708
1705
1704
1704
1702
1701
1702
1700
1700
1697
1699
1697
1698
1696
1694
1692
1694
1692
1691
1691
1687
1690
1685
1683
1687
1686
1684
1682
1681
1677
1678
1680
1679
1678
1672
1674
1673
1670
1668
1668
1668
1667
1665
1666
1667
1663
1660
1660
1662
1659
1660
1660
1655
1658
1653
1651
1651
1653
1648
1648
1648
1646
1644
1644
1644
1642
1643
1640
1640
1637
1640
1640
1636
1633
1634
1636
1631
1634
1633
1628
1628
1629
1629
1627
1622
1622
1622
1623
1622
1617
1619
1616
1614
1617
1616
1615
1611
1609
1612
1609
1608
1606
1606
1607
1607
1606
1603
1599
1599
1598
1601
1596
1594
1596
1597
1592
1593
1591
1592
1590
1589
1588
1585
1584
1587
1583
1581
1581
1581
1581
1580
1579
1575
1574
1576
1576
1571
1573
1571
1567
1568
1567
1569
1564
1566
1564
1562
1564
1562
1557
1559
1557
1555
1554
1552
1556
1550
1553
1553
1550
1550
1547
1545
1544
1544
1543
1540
1543
1538
1539
1537
1540
1538
1534
1533
1536
1534
1534
1533
1531
1529
1528
1525
1523
1526
1523
1522
1519
1522
1520
1519
1518
1518
1513
1512
1513
1514
1513
1510
1511
1509
1509
1505
1506
1504
1506
1502
1499
1500
1499
1500
1499
1498
1498
1496
1491
1494
1492
1493
1492
1489
1487
1487
1487
1483
1483
1482
1483
1479
1479
1477
1480
1474
1477
1472
1473
1475
1469
1471
1470
1471
1465
1466
1465
1465
1466
1460
1459
1461
1462
1461
1456
1457
1453
1455
1453
1455
1454
1451
1450
1446
1449
1444
1443
1443
1441
1440
1441
1439
1438
1441
1435
1435
1437
1432
1436
1432
1431
1429
1431
1427
1427
1427
1424
1427
1424
1420
1422
1423
1421
1418
1418
1416
1417
1417
1415
1410
1412
1412
1411
1408
1410
1404
1407
1405
1406
1400
1404
1402
1399
1396
1396
1394
1394
1393
1396
1393
1392
1391
1392
1389
1386
1385
1387
1385
1384
1380
1383
1380
1380
1380
1378
1379
1373
1374
1374
1375
1370
1369
1371
1368
1368
1368
1366
1363
1362
1365
1362
1362
1357
1360
1360
1355
1353
1352
1356
1354
1353
1352
1347
1351
1348
1348
1344
1346
1342
1344
1341
1339
1339
1339
1339
1336
1337
1334
1335
1330
1331
1332
1327
1331
1327
1325
1327
1326
1321
1323
1323
1322
1319
1317
1319
1316
1316
1317
1315
1311
1310
1309
1308
1308
1305
1309
1306
1305
1301
1301
1301
1300
1302
1299
1300
1299
1294
1295
1292
1293
1289
1293
1289
1291
1289
1289
1285
1285
1283
1285
1279
1280
1282
1281
1276
1278
1276
1276
1271
1274
1274
1268
1270
1268
1265
1267
1264
1263
1263
1264
1260
1258
1262
1256
1257
1258
1257
1252
1252
1252
1249
1252
1251
1251
1248
1245
1243
1243
1243
1244
1240
1240
1241
1238
1237
1239
1233
1237
1236
1231
1232
1229
1227
1231
1229
1226
1223
1225
1226
1223
1224
1221
1222
1220
1219
1214
1213
1212
1211
1213
1209
1209
1207
1206
1207
1209
1205
1207
1206
1205
1201
1203
1202
1200
1200
1198
1198
1192
1191
1194
1190
1190
1188
1186
1187
1184
1187
1185
1181
1184
1183
1182
1179
1181
1179
1177
1178
1177
1171
1175
1170
1171
1171
1167
1165
1168
1164
1162
1164
1162
1163
1163
1162
1159
1156
1156
1153
1155
1155
1153
1151
1148
1152
1146
1149
1145
1147
1147
1144
1142
1142
1141
1142
1138
1140
1136
1138
1137
1133
1130
1134
1131
1131
1130
1130
1129
1128
1123
1122
1122
1121
1118
1122
1121
1116
1115
1117
1117
1113
1110
1113
1112
1107
1110
1106
1104
1107
1103
1104
1103
1101
1098
1101
1097
1098
1097
1096
1097
1093
1090
1092
1092
1087
1090
1090
1084
1087
1087
1084
1083
1079
1080
1082
1080
1075
1074
1078
1075
1071
1071
1069
1072
1071
1071
1066
1065
1064
1066
1066
1063
1062
1059
1058
1058
1058
1054
1056
1057
1056
1055
1050
1053
1052
1051
1047
1049
1043
1047
1045
1040
1042
1040
1039
1037
1038
1034
1036
1037
1035
1034
1032
1032
1027
1030
1025
1026
1026
1023
1025
1020
1020
1023
1020
1019
1016
1015
1015
1014
1016
1012
1010
1011
1007
1009
1007
1004
1007
1005
1004
1004
999
1002
1002
1000
997
995
995
992
994
992
992
989
989
987
986
987
983
984
985
982
981
981
977
976
977
976
973
977
976
974
972
971
967
968
966
966
963
963
961
962
961
961
961
960
958
959
953
952
956
954
952
950
952
948
949
944
943
946
941
943
944
938
938
937
939
934
937
932
936
935
932
933
932
928
926
928
926
923
925
921
923
920
922
917
919
917
917
912
915
910
912
910
911
906
907
905
907
904
901
902
901
903
900
898
895
897
898
895
893
891
894
892
888
886
888
887
888
886
884
882
881
879
880
878
879
879
878
875
874
875
869
873
871
868
868
865
866
867
865
862
861
862
861
857
855
859
856
852
852
853
849
852
848
849
846
848
845
846
843
840
840
842
838
839
838
837
838
837
831
833
830
831
832
827
825
827
827
826
825
825
820
819
822
818
815
818
818
814
812
814
811
813
811
809
810
809
804
804
806
801
799
799
800
798
798
798
797
793
791
793
789
789
787
787
789
787
784
787
782
784
782
782
780
781
778
775
777
776
772
772
771
773
771
767
770
767
768
767
766
762
760
758
762
761
756
759
754
756
751
755
754
750
747
750
750
745
743
742
743
740
742
743
737
739
735
734
738
735
735
733
730
729
730
727
726
725
728
722
725
721
724
719
718
718
720
716
717
714
711
715
713
708
708
708
706
705
708
702
705
705
702
701
699
701
697
697
694
697
694
693
690
690
692
691
686
689
684
687
684
683
684
678
682
679
678
679
673
673
674
671
674
670
670
668
670
667
666
662
663
663
660
658
660
658
658
655
657
654
654
654
652
653
647
647
645
649
648
646
642
644
643
640
637
637
640
639
636
637
633
632
629
629
630
626
630
627
626
626
624
623
624
620
621
621
620
616
618
615
615
614
610
613
608
606
607
609
608
604
602
603
600
598
599
600
600
598
594
595
592
592
589
591
592
591
587
584
587
584
583
582
584
581
579
578
578
579
576
577
574
572
574
569
572
569
565
566
567
567
562
563
564
558
560
560
560
555
558
554
553
552
550
549
551
551
547
546
546
544
541
540
541
539
540
536
536
535
535
536
532
533
534
533
529
526
529
528
525
527
526
523
522
519
520
520
520
514
513
514
512
511
512
508
507
507
510
506
508
505
503
501
501
501
502
501
498
497
497
496
493
490
492
488
492
488
485
484
483
484
481
480
482
482
481
478
479
475
475
476
472
474
469
470
467
471
469
469
463
462
464
464
461
462
461
457
457
458
453
452
453
452
449
453
450
446
445
445
448
443
443
443
444
441
441
440
440
437
436
434
436
435
431
428
429
430
428
427
426
426
421
420
421
422
419
419
416
417
413
416
412
414
409
412
410
407
406
407
408
404
401
401
404
399
397
400
396
398
398
396
392
394
390
393
389
390
388
388
384
386
385
383
382
379
377
376
377
374
373
374
373
371
373
369
370
366
366
366
363
363
366
363
360
363
361
359
355
355
354
354
352
352
354
353
351
348
348
349
348
347
342
345
343
340
342
336
340
334
335
334
331
334
334
330
329
327
325
325
323
322
324
323
323
318
320
317
315
319
313
314
314
315
310
309
307
308
309
306
306
306
304
302
302
299
301
300
298
297
294
296
291
295
291
292
288
290
286
286
285
286
281
280
283
283
282
277
276
279
275
273
276
270
269
272
271
269
269
269
266
264
261
261
264
258
260
257
260
259
258
254
255
255
253
248
252
246
248
246
243
243
241
240
244
239
238
241
239
235
233
232
235
234
229
232
229
227
230
225
228
227
223
222
219
223
221
220
215
217
214
217
212
210
210
210
211
209
205
208
204
202
205
200
202
202
200
201
197
196
196
193
193
193
192
193
187
191
185
185
185
187
186
185
179
182
180
176
179
177
176
176
175
174
172
168
170
170
168
167
168
167
162
162
162
160
160
157
160
159
158
152
155
150
154
150
151
150
146
147
144
147
142
141
142
138
141
138
135
135
138
135
136
130
134
130
132
128
130
124
127
127
125
121
124
121
121
119
117
114
117
115
115
113
110
110
109
108
105
109
106
106
101
105
101
103
102
100
96
94
96
92
93
94
90
90
91
87
87
87
88
83
83
85
83
83
82
81
79
77
73
74
76
72
70
70
70
67
65
68
67
64
65
65
60
58
57
58
56
56
57
57
53
53
50
49
52
46
49
47
47
43
46
42
42
38
42
36
39
34
33
32
34
33
29
28
32
29
25
25
24
22
22
22
20
20
21
21
19
16
17
15
15
12
13
12
11
9
6
8
6
3
2
