1753
1749
1748
1750
1749
1745
1747
1743
1746
1743
1742
1742
1742
1738
1741
1736
1737
1735
1734
1731
1730
1734
1730
1730
1730
1725
1726
1727
1722
1724
1722
1724
1720
1718
1716
1719
1719
1713
1713
1715
1713
1709
1710
1710
1709
1705
1707
1708
1706
1703
1705
1703
1700
1699
1696
1698
1696
1693
1693
1692
1691
1690
1690
1692
1688
1690
1686
1685
1685
1682
1682
1680
1679
1682
1679
1675
1678
1675
1672
1673
1675
1670
1673
1671
1670
1667
1666
1665
1666
1663
1663
1660
1659
1661
1661
1655
1659
1654
1656
1656
1652
1651
1648
1651
1646
1646
1645
1644
1644
1645
1642
1642
1638
1639
1637
1640
1635
1636
1637
1634
1630
1631
1631
1627
1630
1629
1626
1626
1622
1625
1623
1619
1622
1619
1617
1615
1615
1618
1612
1611
1611
1610
1609
1608
1609
1605
1604
1604
1605
1606
1603
1600
1600
1602
1596
1597
1599
1597
1594
1591
1593
1591
1591
1589
1586
1585
1585
1583
1585
1586
1582
1579
1578
1579
1581
1580
1576
1577
1572
1574
1575
1569
1569
1570
1566
1567
1566
1564
1566
1563
1561
1564
1563
1559
1557
1555
1556
1558
1556
1555
1552
1550
1553
1548
1549
1550
1544
1546
1542
1544
1540
1541
1539
1541
1541
1539
1539
1534
1532
1534
1530
1534
1530
1527
1528
1527
1526
1528
1522
1526
1520
1522
1519
1518
1517
1519
1517
1518
1512
1512
1512
1513
1508
1509
1507
1506
1506
1508
1502
1501
1501
1499
1499
1500
1498
1497
1495
1496
1497
1493
1490
1491
1488
1487
1486
1487
1488
1486
1483
1482
1481
1484
1480
1482
1477
1478
1476
1475
1472
1475
1470
1474
1469
1471
1468
1466
1467
1465
1466
1462
1462
1460
1458
1457
1457
1456
1459
1458
1452
1451
1452
1450
1451
1448
1449
1450
1446
1443
1443
1446
1443
1442
1440
1440
1437
1438
1439
1437
1432
1432
1430
1429
1431
1431
1429
1425
1427
1424
1423
1425
1421
1420
1423
1421
1417
1417
1417
1413
1416
1416
1412
1413
1408
1407
1408
1408
1408
1407
1403
1403
1400
1400
1403
1398
1401
1398
1394
1397
1396
1393
1394
1389
1393
1391
1389
1389
1386
1383
1384
1382
1381
1383
1380
1382
1379
1375
1378
1373
1374
1373
1370
1372
1370
1368
1367
1368
1367
1364
1362
1363
1364
1363
1359
1361
1357
1356
1354
1355
1356
1351
1351
1354
1351
1349
1349
1349
1349
1348
1347
1346
1341
1342
1340
1339
1340
1338
1336
1334
1333
1333
1330
1329
1331
1327
1329
1329
1327
1327
1327
1321
1322
1323
1321
1317
1318
1316
1315
1316
1315
1311
1315
1312
1313
1312
1307
1308
1305
1304
1307
1304
1302
1302
1298
1302
1297
1295
1297
1295
1297
1295
1295
1292
1288
1287
1288
1286
1285
1286
1287
1285
1282
1281
1281
1277
1281
1276
1274
1275
1275
1276
1275
1271
1271
1270
1269
1267
1265
1267
1264
1266
1265
1263
1259
1260
1256
1260
1258
1256
1252
1252
1253
1249
1253
1248
1251
1248
1248
1243
1242
1245
1241
1240
1241
1241
1241
1237
1234
1233
1236
1232
1235
1234
1232
1232
1229
1230
1227
1228
1223
1222
1221
1219
1222
1220
1221
1217
1215
1216
1216
1211
1213
1211
1209
1209
1211
1208
1206
1203
1203
1205
1202
1202
1203
1202
1201
1199
1199
1196
1195
1196
1191
1194
1189
1188
1190
1190
1188
1186
1184
1183
1182
1181
1182
1181
1179
1178
1179
1174
1176
1173
1171
1170
1172
1172
1169
1165
1166
1167
1162
1164
1164
1159
1158
1157
1159
1159
1156
1155
1154
1152
1153
1154
1152
1150
1148
1146
1145
1143
1144
1146
1142
1142
1138
1137
1138
1135
1136
1133
1137
1134
1133
1129
1129
1129
1129
1128
1124
1128
1123
1121
1125
1121
1120
1119
1120
1117
1114
1113
1115
1111
1115
1110
1111
1110
1110
1105
1104
1103
1105
1104
1102
1102
1103
1101
1100
1098
1098
1096
1094
1096
1092
1089
1090
1092
1086
1089
1088
1087
1085
1084
1085
1084
1081
1082
1077
1080
1078
1076
1076
1076
1072
1074
1072
1067
1067
1065
1068
1067
1064
1063
1062
1064
1058
1059
1058
1059
1055
1054
1055
1054
1051
1052
1053
1051
1048
1046
1049
1045
1043
1046
1043
1040
1039
1041
1039
1036
1039
1034
1033
1036
1035
1034
1033
1029
1030
1029
1028
1025
1022
1025
1023
1024
1019
1017
1021
1019
1019
1015
1014
1016
1015
1014
1011
1007
1011
1007
1006
1003
1004
1004
1001
1003
999
1002
1001
1000
996
996
996
992
995
993
993
992
988
985
985
988
983
982
981
980
983
979
980
976
977
975
976
976
970
972
972
971
970
966
969
965
962
962
965
964
963
961
958
957
957
958
957
953
951
950
953
951
950
950
944
948
947
941
941
940
939
942
939
937
937
933
937
936
934
929
933
931
931
926
929
925
926
921
923
923
923
922
921
915
914
914
916
916
912
910
910
909
911
909
908
905
905
902
902
900
898
899
898
900
894
897
895
896
895
892
892
888
888
885
884
885
885
883
881
883
880
879
881
877
877
877
877
874
875
871
871
868
867
865
866
864
865
862
864
861
859
860
856
858
857
853
855
856
850
852
851
848
846
847
849
843
845
842
840
842
843
838
840
839
834
835
837
834
831
831
830
828
830
827
829
826
826
821
824
819
822
820
816
818
818
818
813
811
814
813
812
812
809
805
805
808
806
805
801
800
799
798
797
799
797
797
794
791
791
791
789
791
788
790
784
785
785
783
780
779
780
778
776
775
777
774
776
775
774
773
772
772
769
770
766
768
763
764
760
761
763
760
758
759
755
758
757
754
751
749
750
751
748
746
744
745
742
742
744
739
738
741
741
736
736
736
732
735
730
730
731
727
730
725
726
726
725
724
725
722
720
719
717
719
717
715
717
715
713
712
708
709
706
705
705
708
706
703
705
700
698
702
700
697
694
696
697
696
690
690
688
692
688
685
685
685
684
683
681
683
683
679
676
680
678
678
672
671
675
671
668
672
671
670
665
663
665
665
662
660
661
657
657
660
655
657
656
653
655
654
653
648
648
650
646
646
644
642
642
643
639
640
640
638
637
638
635
632
634
631
629
628
627
628
625
628
624
622
620
622
620
619
621
618
616
615
615
611
613
614
609
612
606
606
604
607
607
604
601
602
602
601
601
595
599
593
594
594
591
594
589
588
588
588
588
588
582
583
582
579
578
582
577
575
579
576
576
571
571
574
573
567
567
567
564
563
567
561
562
560
560
557
557
559
555
558
556
554
555
552
550
548
547
547
546
543
545
541
541
542
539
539
538
538
539
535
535
534
531
534
533
530
529
525
528
524
526
522
525
522
523
520
516
515
515
517
514
516
514
512
510
507
509
505
505
508
505
506
504
501
499
501
501
497
494
496
497
495
495
492
489
489
486
487
485
483
483
483
483
480
479
480
478
478
479
478
476
476
473
472
471
469
471
465
464
465
467
465
462
459
460
461
460
460
456
456
454
452
452
452
448
450
448
445
444
447
442
441
444
440
442
438
441
440
435
435
436
431
434
432
428
432
429
430
427
423
422
423
425
421
420
418
419
416
419
415
416
411
410
412
412
412
408
407
404
404
403
402
402
400
402
400
396
398
394
396
392
392
395
389
388
390
390
387
386
388
384
386
381
384
383
380
379
380
374
376
373
372
370
370
370
371
369
365
368
364
366
366
360
361
359
357
357
355
358
357
356
354
354
354
353
352
349
348
344
343
343
341
344
339
339
340
337
335
336
338
334
333
330
333
331
328
327
326
324
326
325
326
323
322
320
320
319
319
316
314
312
314
312
313
313
309
309
307
308
304
306
301
303
301
302
298
300
299
297
297
293
292
293
290
293
292
289
286
285
285
285
284
280
283
282
277
279
279
278
274
273
272
275
272
273
271
269
266
269
265
263
266
263
259
259
258
258
257
255
258
257
256
253
254
248
250
249
247
244
247
242
241
244
242
239
241
241
237
237
238
232
236
231
231
233
227
229
226
227
228
223
223
225
221
222
220
218
216
217
218
214
211
213
211
212
211
211
207
208
206
207
204
204
204
199
199
198
196
198
196
197
194
194
189
191
189
187
188
189
187
186
181
180
182
179
180
179
175
177
178
174
175
175
169
173
172
166
170
165
166
163
165
161
163
163
157
156
159
159
154
157
153
150
153
149
147
151
150
146
144
143
141
145
142
143
142
136
137
138
136
136
131
133
130
129
132
127
127
129
123
127
121
120
120
119
120
121
117
116
118
117
113
115
112
109
112
106
105
105
107
104
104
101
100
100
99
96
95
99
94
94
95
94
90
89
88
87
86
88
87
85
84
81
81
82
80
76
76
78
77
77
74
75
73
69
67
70
66
68
64
66
66
60
64
59
59
57
56
56
58
55
52
51
52
50
50
50
46
48
43
45
44
40
43
39
41
38
40
34
37
32
31
32
30
29
31
28
26
24
25
24
24
21
20
21
21
19
19
19
15
17
15
10
9
8
12
10
10
8
5
6
4
