1750
1753
1748
1749
1751
1749
1747
1744
1747
1743
1743
1744
1738
1738
1737
1737
1739
1738
1734
1731
1730
1734
1729
1731
1726
1726
1726
1723
1726
1723
1723
1724
1723
1719
1716
1717
1719
1717
1713
1711
1715
1714
1710
1709
1706
1708
1705
1707
1704
1702
1701
1702
1698
1699
1697
1700
1698
1695
1694
1694
1694
1691
1688
1690
1687
1686
1687
1683
1687
1683
1685
1679
1682
1681
1681
1678
1675
1674
1672
1674
1672
1669
1671
1671
1668
1670
1664
1667
1664
1666
1661
1664
1660
1658
1659
1656
1655
1656
1657
1654
1654
1651
1650
1652
1647
1649
1645
1647
1647
1645
1644
1639
1643
1641
1637
1635
1637
1635
1637
1636
1634
1633
1633
1629
1627
1626
1625
1625
1627
1621
1625
1624
1620
1618
1617
1620
1615
1618
1613
1613
1612
1613
1612
1611
1607
1610
1608
1604
1605
1602
1602
1604
1603
1597
1598
1597
1595
1594
1594
1593
1594
1594
1593
1590
1589
1588
1588
1588
1584
1583
1581
1579
1578
1582
1581
1580
1579
1576
1576
1576
1573
1573
1571
1569
1570
1567
1565
1565
1563
1564
1560
1564
1558
1560
1557
1556
1557
1556
1553
1552
1554
1550
1552
1548
1549
1546
1545
1544
1542
1543
1541
1539
1539
1539
1541
1535
1539
1538
1535
1532
1535
1532
1529
1530
1531
1530
1525
1528
1522
1522
1524
1519
1521
1517
1521
1516
1519
1513
1517
1516
1512
1513
1512
1510
1511
1506
1504
1506
1506
1501
1501
1501
1498
1500
1496
1496
1494
1493
1493
1496
1491
1493
1491
1488
1486
1488
1485
1484
1485
1483
1480
1483
1480
1482
1480
1475
1474
1475
1473
1475
1474
1471
1469
1468
1468
1469
1464
1467
1466
1465
1465
1463
1461
1462
1458
1456
1457
1453
1456
1453
1454
1451
1451
1452
1450
1448
1444
1445
1442
1445
1443
1443
1443
1440
1438
1438
1436
1437
1432
1435
1430
1430
1431
1428
1427
1427
1426
1427
1425
1422
1421
1419
1420
1419
1419
1419
1414
1413
1413
1411
1413
1410
1408
1411
1409
1408
1408
1405
1407
1402
1405
1404
1403
1402
1397
1397
1395
1396
1392
1394
1391
1392
1388
1387
1391
1390
1386
1385
1382
1382
1385
1384
1380
1382
1381
1375
1378
1375
1376
1376
1374
1370
1372
1367
1366
1368
1369
1368
1364
1364
1364
1362
1360
1359
1359
1355
1359
1355
1353
1351
1350
1350
1348
1350
1348
1346
1347
1346
1342
1343
1342
1342
1343
1341
1337
1338
1336
1338
1332
1334
1331
1329
1333
1331
1327
1325
1327
1327
1323
1322
1320
1322
1320
1318
1321
1320
1317
1316
1314
1314
1315
1314
1312
1310
1307
1307
1305
1307
1306
1306
1304
1301
1302
1298
1300
1298
1294
1293
1295
1295
1292
1290
1293
1291
1286
1289
1286
1288
1283
1285
1280
1282
1282
1280
1277
1280
1278
1274
1274
1271
1270
1273
1270
1268
1266
1270
1264
1267
1267
1265
1260
1261
1258
1261
1257
1255
1258
1255
1253
1251
1252
1251
1250
1249
1251
1249
1246
1248
1245
1244
1243
1244
1242
1242
1237
1238
1236
1233
1236
1233
1231
1232
1232
1229
1227
1227
1224
1225
1226
1226
1221
1224
1220
1217
1220
1216
1218
1217
1213
1214
1210
1211
1212
1212
1208
1208
1209
1204
1204
1202
1205
1204
1202
1198
1197
1198
1195
1196
1195
1195
1194
1191
1192
1187
1188
1186
1189
1187
1186
1186
1184
1180
1182
1180
1177
1176
1178
1176
1173
1173
1174
1171
1168
1168
1171
1166
1169
1167
1167
1164
1163
1159
1163
1161
1161
1159
1155
1157
1156
1152
1153
1150
1153
1147
1149
1150
1145
1145
1143
1143
1142
1143
1141
1142
1139
1139
1136
1136
1132
1132
1132
1130
1129
1132
1130
1125
1128
1128
1124
1121
1121
1120
1123
1121
1119
1115
1114
1113
1114
1114
1111
1113
1112
1107
1110
1108
1109
1104
1102
1101
1101
1102
1103
1098
1100
1096
1099
1096
1097
1095
1092
1089
1088
1089
1090
1088
1089
1084
1085
1081
1081
1082
1083
1078
1077
1076
1074
1078
1077
1076
1075
1070
1071
1069
1068
1069
1069
1063
1065
1064
1064
1059
1061
1061
1057
1060
1055
1057
1057
1051
1055
1049
1050
1050
1049
1049
1046
1043
1044
1045
1041
1042
1041
1039
1041
1040
1037
1036
1034
1032
1030
1030
1030
1029
1031
1027
1025
1027
1022
1021
1021
1023
1018
1022
1019
1020
1016
1015
1016
1014
1011
1011
1012
1008
1007
1006
1009
1004
1003
1001
1001
1002
1001
1002
997
998
994
996
995
993
994
992
992
990
986
986
987
983
985
981
981
983
978
980
978
979
975
978
977
971
973
969
973
970
968
966
965
966
964
963
963
961
962
957
956
959
955
956
953
952
954
951
951
950
949
949
948
948
947
942
943
941
941
942
941
940
939
937
937
933
933
934
928
927
929
930
925
924
924
921
922
921
922
920
917
917
916
913
913
915
914
910
909
908
908
907
908
906
904
902
904
899
900
899
898
895
895
894
896
893
894
891
888
887
888
889
885
886
886
882
884
884
879
877
880
877
878
877
874
876
875
874
870
868
869
867
865
863
863
862
864
863
858
860
858
858
855
854
856
852
855
854
848
850
849
846
846
846
844
842
843
844
840
838
837
839
836
836
836
836
835
830
829
831
830
825
826
828
825
821
820
823
823
817
819
819
817
815
813
816
811
814
810
807
807
808
808
803
804
805
801
800
800
802
800
796
798
796
794
791
792
789
792
788
790
787
784
783
787
784
784
779
778
780
780
775
779
774
773
772
772
771
772
770
766
768
766
767
762
762
760
763
763
757
761
758
755
756
752
751
752
750
753
752
747
750
745
743
746
743
741
740
742
737
738
740
734
738
734
732
733
731
733
730
731
730
728
728
724
725
724
719
723
717
720
717
717
718
713
715
711
710
708
711
710
705
709
706
705
704
701
704
700
701
697
696
695
698
695
692
692
694
691
687
686
687
689
685
682
681
684
679
680
682
681
680
674
675
672
671
675
670
673
669
670
667
664
666
667
662
664
663
658
660
661
657
658
653
653
654
652
650
649
651
647
645
648
648
645
646
645
641
640
641
637
636
638
635
632
633
631
632
629
630
627
625
624
626
622
623
623
623
621
620
620
618
618
617
614
612
613
612
611
610
606
607
608
607
604
606
602
600
598
597
601
595
599
596
597
591
594
594
590
591
587
590
588
583
587
581
583
581
581
577
580
580
577
576
577
571
574
570
572
567
571
568
569
564
564
561
564
561
561
559
559
555
556
554
553
551
551
554
552
547
549
547
545
548
547
544
543
543
542
537
537
540
538
538
537
531
533
529
531
532
529
525
528
527
525
524
521
523
519
518
519
517
514
513
514
515
515
514
510
509
510
506
505
508
502
502
502
500
502
498
499
495
494
498
497
493
493
493
490
487
491
486
484
485
484
485
483
481
481
481
479
479
478
477
475
472
472
469
470
468
469
466
468
465
463
465
465
463
462
459
456
460
456
457
455
455
455
452
451
448
447
447
445
446
442
442
443
441
440
438
441
437
434
434
435
435
431
430
430
432
428
430
426
427
427
423
423
421
421
422
421
416
414
418
416
413
414
414
409
409
408
410
409
408
405
402
400
402
401
401
397
397
396
396
392
391
390
392
389
387
386
388
387
388
387
382
385
384
380
377
377
377
376
378
373
375
375
370
368
368
370
365
364
364
364
361
362
359
358
362
358
359
358
355
356
353
353
354
351
347
349
347
346
345
344
345
341
340
340
339
336
339
335
334
336
335
332
334
333
332
326
327
328
323
323
326
323
324
319
322
318
318
316
313
316
311
312
312
312
312
306
310
308
308
302
304
302
304
299
301
300
296
298
296
295
295
295
294
291
287
288
288
289
288
286
286
285
283
279
282
277
276
278
273
275
274
272
269
270
269
271
267
269
263
265
265
261
262
263
258
256
258
259
256
257
254
251
254
251
250
250
250
248
243
245
245
240
239
242
238
237
240
237
236
236
233
235
232
232
232
229
225
224
226
226
223
224
222
218
222
216
216
217
217
213
214
210
209
213
207
207
209
206
207
203
203
205
201
198
198
196
196
198
193
195
195
192
191
191
187
188
189
189
185
186
186
183
181
182
180
181
177
177
173
174
171
174
173
172
170
166
167
165
168
165
161
160
161
162
158
160
160
156
155
153
156
155
152
150
149
148
150
145
144
145
143
141
141
140
138
138
136
139
133
136
132
133
131
130
127
128
129
128
125
127
122
122
122
123
119
120
115
117
115
115
112
111
114
111
107
107
109
106
105
104
103
103
99
99
99
98
96
97
98
95
93
94
89
91
87
90
86
89
85
83
86
85
79
78
82
76
76
77
77
74
71
73
71
71
69
69
69
68
63
67
63
60
63
61
58
61
60
58
58
54
55
51
53
48
48
46
50
49
45
46
42
45
41
38
41
36
38
35
36
37
33
31
33
30
32
31
29
25
23
26
21
21
21
19
22
17
19
18
13
15
15
15
14
13
7
9
5
6
6
4
6
