1751
1752
1752
1748
1748
1747
1745
1746
1745
1741
1744
1739
1738
1739
1740
1738
1737
1733
1732
1731
1735
1733
1730
1727
1730
1725
1724
1728
1724
1725
1725
1720
1722
1721
1721
1719
1717
1715
1717
1716
1710
1713
1708
1709
1707
1705
1705
1703
1707
1705
1705
1703
1702
1701
1701
1698
1694
1694
1693
1693
1691
1689
1692
1692
1686
1687
1689
1685
1684
1684
1682
1684
1681
1679
1679
1677
1679
1673
1676
1673
1674
1669
1670
1670
1668
1668
1668
1665
1663
1662
1664
1664
1660
1661
1656
1659
1654
1658
1654
1652
1651
1649
1650
1650
1647
1650
1648
1648
1644
1641
1640
1642
1640
1641
1636
1638
1639
1633
1632
1631
1631
1634
1630
1627
1626
1628
1624
1624
1626
1621
1621
1624
1622
1621
1618
1619
1618
1618
1616
1615
1612
1609
1612
1607
1608
1606
1607
1607
1602
1604
1604
1604
1603
1598
1600
1596
1597
1595
1597
1596
1590
1589
1593
1590
1591
1585
1588
1588
1583
1584
1585
1579
1583
1578
1576
1578
1576
1574
1575
1574
1575
1572
1568
1571
1569
1565
1565
1563
1567
1563
1561
1559
1559
1562
1561
1560
1555
1557
1553
1555
1551
1552
1550
1549
1550
1545
1546
1545
1542
1542
1543
1541
1539
1538
1537
1540
1539
1535
1535
1536
1533
1530
1531
1528
1529
1526
1528
1525
1523
1522
1520
1522
1521
1521
1518
1520
1518
1517
1513
1516
1514
1513
1511
1512
1509
1507
1509
1505
1503
1506
1504
1502
1500
1499
1497
1495
1494
1497
1496
1493
1492
1489
1492
1489
1486
1490
1489
1485
1483
1482
1482
1480
1481
1481
1479
1477
1475
1476
1472
1475
1472
1470
1471
1467
1466
1465
1466
1466
1465
1461
1465
1460
1462
1458
1458
1457
1458
1454
1454
1452
1454
1452
1453
1452
1450
1448
1445
1448
1443
1444
1442
1440
1438
1440
1440
1437
1435
1434
1434
1431
1433
1430
1428
1427
1429
1430
1427
1428
1426
1422
1424
1422
1423
1422
1418
1418
1416
1418
1414
1414
1415
1414
1413
1411
1406
1408
1405
1403
1404
1403
1401
1400
1399
1397
1397
1398
1394
1395
1394
1391
1392
1391
1392
1390
1386
1390
1385
1385
1382
1383
1382
1383
1381
1381
1381
1377
1377
1376
1373
1374
1375
1374
1369
1368
1367
1367
1369
1363
1367
1366
1365
1359
1358
1359
1361
1360
1359
1354
1357
1353
1354
1351
1348
1352
1346
1347
1346
1346
1346
1346
1345
1342
1340
1340
1336
1338
1335
1335
1336
1334
1335
1329
1333
1327
1328
1325
1327
1326
1325
1322
1321
1319
1320
1317
1317
1316
1318
1317
1316
1315
1312
1313
1311
1311
1306
1308
1309
1304
1307
1303
1303
1301
1301
1299
1300
1299
1296
1294
1295
1294
1292
1290
1290
1287
1290
1285
1287
1286
1285
1286
1284
1279
1279
1280
1280
1278
1276
1274
1275
1275
1272
1273
1270
1268
1267
1267
1264
1263
1262
1261
1261
1260
1258
1260
1258
1260
1256
1258
1253
1255
1255
1254
1249
1252
1246
1250
1245
1247
1242
1244
1240
1244
1240
1238
1238
1238
1239
1236
1235
1234
1233
1229
1232
1229
1231
1225
1224
1223
1225
1224
1225
1223
1219
1218
1217
1218
1217
1218
1212
1213
1213
1211
1210
1209
1206
1205
1207
1207
1206
1202
1200
1201
1199
1197
1198
1198
1197
1197
1192
1191
1194
1191
1191
1191
1186
1185
1185
1186
1187
1186
1184
1184
1178
1181
1180
1179
1175
1176
1175
1173
1171
1170
1172
1169
1169
1166
1169
1165
1167
1164
1163
1163
1158
1160
1158
1158
1155
1156
1152
1155
1153
1154
1149
1147
1150
1149
1149
1145
1143
1141
1145
1139
1142
1141
1137
1136
1139
1137
1137
1131
1133
1129
1131
1130
1130
1130
1125
1126
1127
1123
1124
1120
1118
1117
1117
1117
1115
1113
1112
1112
1112
1111
1112
1107
1111
1107
1108
1103
1104
1103
1104
1102
1098
1098
1097
1098
1094
1094
1094
1093
1090
1093
1090
1090
1089
1089
1085
1084
1083
1081
1084
1084
1082
1082
1077
1078
1079
1076
1072
1075
1073
1072
1072
1070
1067
1069
1069
1067
1063
1061
1062
1061
1060
1062
1058
1060
1056
1058
1053
1054
1054
1049
1051
1051
1048
1046
1045
1044
1044
1043
1040
1042
1043
1041
1038
1040
1038
1034
1033
1032
1033
1033
1031
1029
1026
1028
1027
1027
1026
1023
1021
1022
1021
1021
1016
1019
1016
1015
1012
1012
1014
1009
1012
1011
1008
1007
1004
1004
1002
1006
1002
1000
998
997
1000
996
994
996
997
992
995
994
992
992
988
987
988
984
984
982
983
984
980
980
981
975
976
978
976
974
972
973
971
969
967
969
964
967
967
963
960
964
961
959
959
960
955
953
952
956
951
953
952
949
951
946
948
947
946
943
943
944
939
940
938
939
934
933
936
932
932
934
932
929
929
925
925
928
922
926
921
922
923
919
921
918
918
918
915
914
911
914
910
910
909
907
907
907
904
902
902
901
902
899
900
897
896
897
895
896
893
893
888
892
887
885
885
884
886
886
884
880
879
882
880
876
877
875
875
871
870
871
870
870
867
866
867
865
866
864
863
859
858
862
861
856
858
858
852
851
851
851
849
851
850
846
847
847
842
844
844
841
838
842
840
840
839
833
832
834
835
829
830
831
829
827
826
827
822
824
822
824
821
822
821
819
819
817
813
815
814
812
813
810
811
807
804
808
804
802
801
801
803
799
798
798
799
796
796
795
790
790
793
790
789
785
784
784
787
782
783
782
780
779
779
777
776
777
776
776
775
772
769
769
768
767
768
767
767
761
760
759
760
762
757
755
756
754
755
752
751
751
751
752
749
747
746
744
743
741
744
741
740
741
736
737
738
735
732
735
734
733
729
727
728
730
727
724
722
722
723
720
723
717
721
720
719
718
717
714
715
710
712
711
708
710
704
705
704
704
705
704
701
699
700
695
697
697
692
696
691
690
691
691
691
685
688
686
682
682
685
679
679
677
680
680
677
675
676
675
675
674
673
667
667
668
664
667
663
661
663
664
661
657
658
655
657
657
654
653
652
652
649
648
651
647
648
648
646
641
641
643
643
637
638
636
639
634
634
636
635
633
633
631
627
626
625
624
626
621
622
622
623
619
621
615
618
614
613
616
612
612
612
611
607
609
609
606
604
601
605
603
600
600
596
600
594
598
594
593
591
592
590
592
587
590
589
585
582
582
580
581
581
581
581
575
574
577
572
575
570
573
572
571
569
567
566
564
567
565
560
560
558
561
556
560
557
553
552
553
553
549
548
552
546
550
546
544
544
546
541
541
542
539
537
540
537
534
532
535
534
531
533
527
529
527
526
523
523
521
522
522
523
517
516
515
515
514
516
515
510
514
512
508
506
510
505
503
505
503
502
500
501
499
498
496
494
493
497
492
491
491
489
490
487
486
489
488
483
481
481
483
478
480
477
477
479
475
472
475
470
472
472
468
466
468
466
466
467
462
462
463
462
460
460
458
459
457
452
455
451
450
450
448
446
445
448
446
447
445
441
439
443
441
437
439
438
435
437
435
430
434
431
432
427
426
425
423
425
422
425
419
421
422
417
416
417
416
416
412
411
414
409
412
410
405
406
403
403
401
403
404
402
399
401
397
396
395
393
391
391
391
388
389
390
390
389
387
384
383
383
382
383
379
376
378
377
378
372
373
375
371
371
372
370
366
364
368
364
365
364
360
362
358
356
355
356
353
353
354
352
353
350
352
350
349
348
347
343
345
342
341
343
342
337
339
336
338
332
334
333
331
328
331
328
328
324
323
324
325
320
324
321
318
316
315
319
317
312
316
313
312
308
309
306
308
307
305
304
304
303
303
299
302
299
300
299
293
295
294
290
289
289
289
290
285
285
285
283
283
280
282
280
277
276
280
276
276
277
272
275
270
268
269
266
267
264
268
262
262
260
261
260
261
261
255
257
256
257
255
254
252
248
248
251
247
244
248
242
241
242
240
238
241
241
240
239
233
234
235
233
229
231
231
231
229
225
223
224
222
223
220
220
222
217
218
215
214
217
214
212
213
208
208
207
206
208
208
202
203
200
199
198
201
199
200
198
196
196
194
193
193
191
189
190
187
184
186
187
186
184
182
178
181
179
178
178
177
174
173
170
169
173
167
171
170
164
163
162
162
161
164
159
157
161
155
159
154
154
156
154
149
153
150
149
145
146
146
145
143
144
140
142
141
141
138
136
138
135
132
133
129
131
130
129
130
125
127
125
121
120
120
119
120
118
116
114
115
117
111
114
112
113
108
108
109
108
106
102
103
105
99
99
100
101
98
98
98
94
91
93
94
90
90
86
87
87
85
83
85
85
80
82
80
77
80
77
75
77
76
74
69
68
69
68
69
68
67
67
62
64
64
60
58
61
55
59
56
55
51
50
52
49
47
46
49
47
44
47
41
45
40
39
39
38
36
38
35
36
33
33
33
28
29
30
26
27
24
26
25
25
20
23
20
17
16
19
16
12
13
11
11
8
8
9
5
9
6
4
4
