1755
1749
1752
1747
1747
1747
1746
1743
1744
1744
1740
1740
1740
1740
1739
1737
1739
1734
1737
1731
1731
1734
1732
1731
1728
1730
1726
1723
1724
1725
1721
1723
1722
1722
1716
1720
1714
1714
1716
1716
1710
1710
1711
1712
1708
1705
1704
1703
1707
1701
1703
1699
1698
1700
1696
1700
1694
1696
1694
1694
1695
1690
1693
1690
1687
1685
1684
1687
1686
1686
1683
1683
1679
1678
1677
1680
1675
1675
1674
1673
1674
1669
1672
1670
1668
1670
1667
1667
1662
1661
1663
1660
1660
1657
1657
1657
1655
1656
1657
1653
1651
1654
1649
1650
1651
1645
1648
1646
1646
1646
1641
1643
1640
1641
1639
1635
1635
1635
1636
1633
1634
1634
1628
1632
1631
1629
1625
1624
1625
1624
1624
1623
1620
1620
1616
1615
1617
1615
1617
1616
1612
1614
1611
1609
1610
1606
1605
1606
1606
1601
1604
1602
1602
1601
1597
1597
1595
1594
1597
1594
1593
1591
1593
1591
1588
1587
1586
1587
1584
1586
1584
1581
1583
1581
1577
1576
1574
1578
1572
1575
1572
1570
1571
1569
1569
1567
1568
1563
1567
1565
1565
1559
1558
1560
1556
1559
1556
1558
1556
1554
1552
1554
1553
1547
1551
1550
1547
1543
1543
1546
1545
1539
1540
1538
1541
1538
1534
1534
1532
1535
1531
1529
1533
1529
1528
1530
1529
1526
1524
1526
1523
1522
1522
1517
1516
1519
1519
1517
1513
1515
1515
1511
1508
1509
1508
1509
1506
1504
1506
1503
1505
1504
1500
1502
1499
1495
1499
1495
1493
1496
1491
1491
1489
1490
1489
1490
1486
1484
1487
1481
1483
1479
1483
1480
1478
1477
1475
1478
1474
1476
1475
1472
1469
1469
1466
1466
1465
1465
1467
1464
1464
1459
1460
1461
1460
1458
1455
1458
1456
1456
1453
1453
1451
1451
1449
1447
1445
1447
1446
1441
1445
1442
1438
1441
1441
1439
1435
1435
1432
1432
1432
1432
1431
1427
1428
1426
1424
1426
1423
1422
1420
1422
1418
1417
1416
1417
1414
1416
1413
1413
1410
1409
1410
1411
1411
1410
1409
1407
1405
1404
1405
1402
1401
1400
1398
1398
1397
1398
1393
1395
1393
1394
1391
1389
1389
1387
1389
1383
1387
1381
1384
1379
1379
1377
1380
1375
1374
1377
1374
1376
1371
1373
1368
1372
1371
1370
1369
1365
1363
1361
1364
1360
1361
1357
1359
1356
1359
1358
1353
1352
1352
1353
1351
1349
1348
1345
1349
1345
1346
1346
1342
1342
1341
1341
1338
1338
1338
1335
1334
1335
1332
1332
1332
1329
1329
1326
1329
1323
1325
1323
1322
1323
1319
1318
1319
1317
1315
1318
1317
1316
1310
1310
1311
1307
1308
1305
1304
1304
1305
1301
1303
1301
1300
1298
1301
1299
1295
1298
1295
1296
1292
1294
1292
1288
1290
1285
1285
1287
1285
1285
1281
1281
1281
1281
1281
1277
1277
1277
1273
1276
1275
1270
1273
1269
1269
1265
1266
1268
1263
1266
1264
1260
1261
1260
1261
1259
1255
1258
1255
1254
1254
1250
1248
1249
1249
1247
1249
1246
1243
1243
1242
1244
1241
1240
1241
1237
1237
1237
1234
1235
1234
1229
1231
1232
1227
1225
1226
1223
1227
1221
1224
1219
1223
1217
1219
1215
1218
1218
1215
1215
1211
1214
1211
1208
1211
1207
1209
1203
1207
1205
1205
1204
1200
1201
1198
1196
1198
1198
1194
1196
1191
1192
1191
1189
1189
1190
1187
1184
1183
1186
1183
1179
1182
1181
1180
1178
1179
1176
1175
1176
1172
1170
1168
1167
1170
1167
1168
1168
1165
1166
1160
1160
1160
1158
1161
1157
1159
1155
1152
1156
1154
1153
1152
1147
1146
1149
1145
1145
1146
1144
1143
1140
1138
1142
1140
1136
1135
1138
1134
1134
1133
1132
1131
1128
1126
1130
1128
1123
1125
1126
1121
1121
1119
1120
1116
1115
1117
1114
1116
1112
1110
1111
1108
1112
1111
1107
1106
1104
1105
1104
1103
1103
1100
1100
1097
1095
1096
1098
1093
1092
1093
1089
1090
1089
1087
1085
1087
1085
1087
1082
1083
1084
1079
1078
1076
1077
1075
1076
1072
1073
1071
1070
1071
1071
1070
1065
1064
1065
1064
1062
1064
1060
1058
1060
1058
1059
1058
1057
1056
1051
1052
1054
1051
1047
1047
1048
1049
1046
1044
1046
1044
1044
1041
1042
1040
1036
1035
1033
1033
1035
1031
1030
1029
1027
1029
1029
1024
1024
1023
1026
1021
1021
1020
1018
1020
1017
1016
1013
1014
1016
1015
1014
1009
1012
1010
1010
1004
1003
1003
1001
1002
1002
1000
999
1000
997
999
994
992
991
992
990
992
988
991
985
987
985
983
985
983
982
983
980
978
980
978
976
972
976
972
969
969
969
967
969
968
966
966
966
963
962
959
960
961
959
956
958
956
955
953
951
949
949
946
948
949
945
945
944
944
940
938
941
939
938
935
933
932
934
935
932
928
930
930
929
928
928
927
923
925
924
920
917
917
915
914
918
916
914
912
913
909
907
908
908
907
903
902
903
903
901
899
897
897
897
897
898
897
893
895
892
890
888
890
890
887
888
887
885
883
883
881
877
877
877
877
873
875
873
874
869
869
869
868
869
869
865
867
864
865
860
859
857
861
856
854
856
856
851
855
850
849
847
846
848
847
846
844
843
843
842
838
841
840
837
839
836
832
835
831
831
828
829
828
828
825
823
827
823
822
824
819
821
820
819
815
816
814
812
814
811
810
807
810
810
804
803
803
804
803
803
800
797
797
799
795
794
794
793
792
790
792
788
790
788
787
783
785
784
785
779
779
780
777
780
779
773
777
771
771
773
770
768
767
770
765
763
762
763
764
760
759
762
758
758
757
758
755
753
752
753
751
750
750
745
744
746
746
743
740
739
738
737
741
740
739
737
734
736
732
733
733
728
729
728
729
727
725
725
720
719
718
722
720
717
717
714
713
713
711
712
711
708
710
708
706
703
702
701
700
703
699
700
701
700
698
693
695
695
695
689
691
687
688
688
685
685
685
685
684
679
678
677
676
677
679
675
677
672
672
673
669
672
668
669
667
667
662
662
660
664
662
659
661
658
658
657
652
652
651
653
651
649
648
647
649
643
647
642
640
640
642
637
640
639
634
635
632
635
633
631
633
628
630
628
624
624
623
625
620
620
619
617
619
618
617
614
612
611
613
610
610
609
610
609
609
608
606
605
601
600
602
599
598
597
595
594
596
593
594
590
592
588
587
589
586
584
587
583
582
581
582
580
577
576
579
576
572
572
572
574
573
568
569
569
568
568
566
563
564
561
559
559
561
556
555
553
555
555
550
554
552
547
548
545
544
545
545
545
540
539
541
542
539
538
536
533
532
536
532
531
533
529
529
529
529
523
525
522
524
522
523
517
516
517
517
515
515
515
513
512
511
508
507
506
508
505
503
506
502
504
499
498
500
496
497
495
496
491
494
492
492
491
487
485
486
486
485
486
482
484
478
480
481
475
478
476
476
471
473
469
469
471
471
466
466
464
464
465
463
464
460
457
459
459
459
456
455
453
452
449
452
452
448
447
449
448
442
446
442
444
440
440
440
435
437
435
437
433
435
433
429
432
426
429
428
424
427
423
422
421
420
421
416
420
418
415
415
412
412
411
410
411
409
406
408
408
402
406
405
404
401
402
397
400
399
396
392
392
393
390
388
389
387
387
386
383
383
383
382
384
382
377
380
380
374
377
372
375
370
371
372
369
368
366
368
365
366
366
361
364
361
358
361
359
356
356
355
353
352
352
351
348
349
346
348
345
342
341
343
341
338
340
338
336
334
335
337
336
333
329
333
329
326
330
327
325
326
324
321
323
321
319
321
315
314
318
317
312
312
312
309
312
308
309
307
306
304
306
305
304
302
298
301
299
298
296
292
296
292
291
288
292
288
285
286
286
287
285
280
283
281
279
277
280
277
275
277
276
275
270
268
267
271
270
267
263
262
262
265
259
258
259
257
259
259
258
255
254
250
250
252
248
250
246
246
245
244
241
240
244
243
239
237
239
239
237
237
235
233
232
231
230
230
225
226
225
226
223
222
219
220
219
217
215
214
216
214
211
211
209
213
211
209
208
209
205
206
202
200
204
203
198
198
200
199
196
197
196
190
192
193
190
190
188
187
187
187
183
180
181
182
177
177
178
178
177
172
171
172
173
172
171
170
165
167
165
167
165
163
159
163
157
161
159
156
155
154
151
155
153
153
151
151
150
148
144
144
141
140
144
140
139
140
138
139
136
136
131
134
131
132
127
129
127
124
128
124
121
121
120
119
121
117
117
118
114
116
112
114
112
108
107
108
105
107
104
104
103
102
103
100
100
98
97
99
95
97
92
92
94
91
90
90
85
86
85
86
86
82
81
82
77
79
79
75
73
76
73
73
69
70
69
71
68
64
66
65
62
64
62
59
58
60
60
57
55
56
52
51
53
49
49
51
47
47
44
44
45
40
44
43
37
38
37
34
36
36
32
35
31
28
27
28
26
27
27
27
22
24
21
23
21
16
20
15
15
13
16
11
13
8
10
8
9
8
3
2
2
