1750
1753
1748
1750
1746
1749
1747
1746
1747
1744
1740
1742
1741
1739
1736
1736
1734
1735
1733
1732
1733
1734
1729
1730
1727
1727
1729
1725
1723
1723
1720
1721
1719
1722
1719
1716
1716
1713
1713
1713
1711
1710
1708
1708
1708
1709
1708
1706
1705
1701
1702
1700
1698
1697
1700
1697
1697
1695
1692
1694
1692
1691
1689
1688
1687
1686
1689
1683
1684
1683
1682
1680
1682
1678
1679
1678
1675
1677
1675
1673
1673
1671
1672
1670
1670
1665
1667
1667
1664
1662
1660
1659
1663
1657
1656
1655
1655
1657
1657
1652
1653
1652
1649
1650
1647
1650
1645
1643
1645
1646
1645
1641
1638
1642
1636
1636
1638
1633
1636
1633
1634
1630
1631
1627
1628
1625
1626
1625
1622
1621
1620
1620
1621
1621
1620
1620
1619
1618
1613
1613
1612
1612
1610
1608
1611
1609
1604
1604
1605
1601
1604
1604
1599
1602
1596
1596
1596
1598
1595
1594
1595
1591
1588
1588
1591
1585
1589
1587
1585
1583
1582
1584
1579
1579
1581
1577
1578
1575
1576
1576
1572
1572
1570
1572
1568
1567
1566
1565
1565
1566
1565
1564
1562
1559
1559
1556
1556
1554
1555
1556
1555
1552
1548
1551
1550
1548
1545
1547
1543
1545
1544
1543
1539
1539
1539
1540
1535
1538
1535
1533
1531
1531
1529
1528
1526
1527
1528
1528
1525
1522
1521
1523
1519
1518
1521
1516
1519
1517
1513
1513
1514
1509
1509
1508
1507
1510
1508
1505
1506
1502
1504
1499
1499
1502
1499
1496
1494
1496
1497
1493
1490
1492
1491
1487
1489
1490
1489
1486
1485
1481
1485
1481
1478
1480
1479
1476
1479
1476
1477
1471
1475
1469
1469
1469
1468
1466
1469
1464
1463
1466
1461
1459
1463
1457
1459
1455
1459
1457
1454
1456
1453
1450
1451
1447
1451
1450
1449
1445
1443
1445
1444
1443
1441
1438
1439
1439
1436
1433
1436
1435
1433
1431
1431
1430
1430
1428
1427
1428
1426
1424
1423
1420
1420
1417
1416
1419
1416
1413
1415
1413
1412
1411
1408
1410
1409
1409
1408
1408
1406
1404
1402
1403
1400
1400
1399
1399
1396
1393
1396
1396
1394
1391
1393
1391
1389
1387
1386
1388
1382
1382
1385
1381
1382
1379
1381
1377
1377
1374
1375
1374
1374
1374
1369
1369
1366
1370
1364
1367
1363
1364
1361
1363
1358
1360
1357
1356
1359
1356
1355
1353
1354
1354
1348
1349
1348
1350
1347
1343
1347
1341
1344
1339
1339
1342
1336
1338
1336
1333
1337
1331
1330
1332
1328
1327
1330
1327
1326
1324
1324
1322
1324
1322
1322
1320
1321
1319
1318
1314
1313
1311
1311
1309
1313
1312
1306
1306
1306
1304
1305
1304
1303
1300
1301
1300
1297
1296
1299
1297
1296
1293
1294
1289
1289
1288
1286
1290
1288
1284
1287
1285
1285
1281
1279
1281
1276
1276
1277
1277
1277
1271
1270
1271
1272
1269
1268
1267
1265
1268
1263
1261
1263
1264
1262
1259
1260
1259
1257
1256
1252
1253
1254
1252
1253
1247
1249
1247
1244
1248
1247
1243
1241
1243
1239
1238
1237
1237
1237
1234
1237
1235
1235
1233
1231
1228
1231
1229
1229
1225
1222
1222
1224
1220
1221
1217
1221
1220
1217
1216
1213
1215
1213
1210
1211
1207
1211
1208
1204
1203
1207
1203
1203
1199
1201
1201
1201
1199
1197
1194
1193
1194
1192
1194
1189
1190
1190
1185
1186
1187
1183
1181
1185
1179
1182
1182
1177
1175
1174
1175
1177
1174
1170
1174
1169
1167
1168
1167
1166
1166
1163
1165
1164
1159
1161
1162
1158
1155
1158
1157
1152
1155
1151
1149
1152
1149
1149
1148
1147
1146
1143
1143
1144
1141
1143
1140
1139
1136
1134
1137
1137
1135
1133
1134
1130
1130
1130
1127
1125
1127
1127
1121
1120
1124
1122
1119
1117
1116
1118
1113
1117
1111
1110
1113
1111
1108
1111
1110
1109
1104
1104
1104
1102
1104
1098
1098
1099
1095
1098
1097
1095
1092
1093
1094
1090
1091
1088
1087
1089
1084
1083
1082
1085
1084
1079
1079
1079
1078
1079
1077
1075
1073
1073
1073
1073
1071
1069
1067
1066
1067
1065
1065
1061
1060
1059
1057
1060
1059
1059
1053
1052
1053
1050
1049
1048
1052
1049
1047
1045
1045
1044
1044
1040
1040
1040
1038
1036
1040
1037
1037
1034
1033
1032
1031
1031
1031
1029
1025
1027
1027
1024
1021
1024
1020
1021
1022
1021
1018
1019
1016
1015
1016
1011
1013
1012
1012
1010
1006
1007
1008
1005
1006
1003
1002
1001
998
999
998
995
996
992
994
994
991
992
992
990
985
984
988
987
984
980
983
980
978
981
978
979
975
975
971
975
972
973
967
967
969
965
967
967
962
962
959
961
962
959
955
958
958
957
954
952
953
949
950
946
950
946
948
945
944
944
941
940
938
940
937
936
935
935
936
930
929
931
930
930
928
927
923
925
926
924
923
922
920
919
919
916
916
915
915
915
910
908
909
911
908
907
906
907
901
900
902
899
897
900
898
896
895
897
896
891
894
890
890
889
888
887
886
882
885
882
881
880
880
878
877
875
874
875
875
873
870
872
871
868
867
866
866
866
864
865
862
861
857
859
856
857
853
853
852
851
853
852
850
851
846
846
843
845
844
842
839
843
840
840
838
839
833
837
831
832
830
831
831
830
825
825
825
826
822
824
824
822
819
817
816
818
815
813
811
815
811
809
810
806
809
809
804
805
801
800
803
799
800
798
796
796
793
797
792
792
792
792
790
790
786
785
783
785
783
782
784
779
779
777
779
778
775
773
771
773
770
771
772
770
768
768
768
762
765
761
762
763
757
761
756
756
755
755
753
750
754
753
747
748
748
745
745
746
744
740
739
743
737
736
735
737
738
732
734
730
732
731
731
726
729
727
723
722
721
723
719
719
721
720
719
715
717
714
715
714
714
712
710
710
705
709
705
707
702
703
701
703
701
698
697
699
695
693
691
692
694
688
691
688
687
686
685
684
681
685
679
683
680
681
676
676
673
672
675
670
672
672
668
668
665
666
664
665
665
661
659
659
658
661
660
657
655
656
656
652
652
652
650
647
645
644
643
645
646
641
642
639
641
639
638
635
637
636
632
630
634
630
627
629
628
625
625
624
626
622
623
623
617
621
617
619
614
613
614
612
610
608
610
606
610
607
607
605
601
601
603
602
597
598
597
594
597
595
595
591
594
589
589
586
588
585
586
583
583
584
584
582
582
578
577
574
575
576
571
572
572
573
567
567
569
568
568
563
563
564
559
559
560
560
558
558
553
554
555
551
549
553
547
546
546
547
548
546
546
544
539
542
538
536
539
538
536
536
531
532
532
529
532
528
527
525
525
526
521
522
519
522
518
521
520
518
513
512
514
515
509
508
509
509
506
509
505
507
501
500
500
501
498
501
498
499
493
495
494
492
491
489
489
489
488
486
484
484
486
483
483
481
480
479
478
475
474
473
474
473
471
468
467
467
468
466
468
467
465
462
459
459
459
459
455
458
456
453
451
451
453
452
449
451
446
445
443
447
444
441
440
440
437
439
438
435
436
432
436
432
432
432
432
428
429
429
428
424
421
422
419
422
417
421
417
416
415
416
412
415
409
409
411
410
409
408
405
403
404
402
404
403
402
401
395
399
395
396
392
395
391
393
390
390
386
387
383
387
385
384
379
382
378
377
377
376
373
374
371
370
373
372
367
370
365
368
363
362
362
364
361
362
359
357
357
354
357
355
351
350
354
353
350
347
348
349
346
344
344
340
340
339
338
340
335
337
333
336
332
330
333
331
327
330
329
328
327
324
323
324
322
322
319
320
318
319
318
315
314
315
314
311
307
306
306
307
308
303
305
305
302
302
298
299
299
297
297
293
291
291
293
292
288
290
290
288
284
285
286
280
284
282
278
277
280
279
278
274
275
270
269
270
272
267
270
265
268
263
264
262
260
263
262
259
258
259
255
253
253
253
253
253
248
251
249
248
248
243
245
241
243
238
242
240
238
239
236
236
234
234
232
232
230
230
229
227
228
226
222
223
224
223
220
220
217
217
215
212
213
211
209
213
211
209
208
207
204
202
206
204
202
202
200
199
197
199
198
194
192
191
189
189
188
190
188
187
187
186
181
185
181
178
181
181
176
178
175
176
175
171
171
171
167
168
170
165
166
164
164
160
160
160
160
157
160
154
155
154
156
155
154
149
147
150
148
148
146
144
146
145
143
138
141
139
137
136
133
136
131
134
134
128
127
130
125
124
128
125
124
125
123
122
119
121
115
118
114
117
113
114
112
108
111
110
105
109
103
107
101
104
104
103
99
98
95
96
96
94
91
93
92
88
88
88
87
86
84
86
85
82
84
83
78
76
79
78
75
74
71
73
71
72
71
66
70
65
65
64
62
63
63
59
59
56
58
55
53
53
53
52
53
50
52
47
49
47
47
47
43
41
42
39
39
36
36
38
37
36
33
31
34
33
29
28
28
29
26
27
21
23
19
23
21
21
19
18
15
15
14
13
13
13
8
10
10
8
3
5
3
