1752
1753
1751
1751
1747
1747
1747
1745
1742
1746
1745
1743
1743
1739
1737
1737
1737
1736
1732
1734
1734
1731
1728
1729
1730
1725
1728
1725
1724
1725
1720
1721
1722
1722
1717
1718
1715
1716
1712
1713
1711
1710
1708
1711
1707
1705
1704
1706
1704
1705
1702
1702
1701
1700
1699
1700
1694
1698
1692
1695
1692
1692
1689
1691
1688
1689
1685
1687
1685
1681
1682
1684
1683
1677
1679
1676
1674
1674
1673
1672
1675
1673
1673
1668
1671
1670
1667
1667
1665
1666
1661
1660
1659
1657
1657
1659
1657
1657
1652
1654
1652
1650
1650
1648
1649
1648
1648
1648
1644
1644
1642
1640
1641
1640
1639
1635
1638
1633
1636
1636
1634
1633
1631
1631
1627
1625
1625
1623
1622
1626
1620
1619
1621
1618
1620
1619
1619
1614
1613
1615
1610
1613
1612
1612
1609
1607
1607
1604
1604
1603
1603
1600
1598
1599
1597
1600
1599
1597
1595
1592
1594
1590
1588
1587
1589
1590
1588
1587
1587
1581
1584
1581
1580
1580
1577
1577
1577
1574
1574
1574
1575
1569
1571
1567
1570
1569
1568
1568
1563
1561
1560
1562
1558
1561
1557
1560
1555
1554
1555
1555
1552
1554
1553
1549
1548
1550
1547
1543
1544
1542
1545
1539
1539
1540
1537
1538
1539
1534
1532
1535
1532
1529
1528
1532
1528
1527
1528
1525
1525
1522
1522
1521
1523
1522
1518
1517
1514
1515
1517
1513
1514
1513
1512
1512
1509
1510
1506
1507
1507
1502
1504
1500
1500
1500
1497
1496
1495
1497
1495
1491
1491
1489
1493
1491
1491
1488
1489
1485
1482
1486
1480
1483
1482
1477
1476
1480
1477
1475
1476
1471
1470
1474
1469
1469
1468
1468
1467
1464
1466
1463
1463
1461
1459
1461
1457
1455
1455
1455
1454
1454
1451
1449
1449
1447
1450
1447
1449
1445
1444
1446
1444
1441
1443
1440
1438
1436
1435
1434
1436
1431
1433
1429
1430
1427
1431
1430
1426
1426
1423
1423
1423
1420
1423
1420
1419
1416
1418
1418
1416
1413
1411
1411
1409
1409
1409
1409
1407
1405
1407
1401
1402
1403
1399
1402
1400
1396
1398
1395
1392
1396
1393
1394
1388
1389
1390
1390
1386
1384
1385
1383
1380
1384
1381
1378
1380
1377
1377
1378
1376
1375
1373
1372
1368
1372
1371
1369
1369
1368
1364
1365
1364
1360
1358
1362
1356
1360
1354
1355
1352
1351
1354
1353
1349
1350
1351
1349
1344
1344
1347
1345
1344
1343
1342
1341
1339
1338
1334
1333
1334
1332
1335
1329
1329
1328
1330
1328
1327
1325
1322
1324
1324
1319
1319
1318
1316
1319
1319
1317
1316
1311
1314
1309
1313
1310
1306
1306
1308
1305
1305
1306
1302
1303
1301
1299
1298
1295
1296
1297
1297
1293
1293
1289
1289
1289
1287
1288
1284
1283
1283
1281
1285
1283
1280
1281
1278
1280
1278
1273
1277
1275
1271
1270
1271
1271
1267
1267
1265
1268
1265
1266
1265
1260
1259
1262
1261
1256
1258
1253
1255
1251
1252
1250
1250
1247
1248
1247
1244
1248
1244
1244
1244
1242
1239
1237
1239
1239
1238
1235
1233
1236
1230
1230
1228
1232
1230
1228
1226
1225
1226
1221
1222
1223
1223
1218
1216
1219
1219
1215
1216
1212
1211
1210
1212
1209
1210
1210
1204
1208
1205
1206
1204
1203
1202
1199
1200
1198
1194
1193
1192
1193
1190
1189
1193
1187
1187
1187
1186
1186
1182
1185
1181
1179
1178
1182
1177
1178
1174
1175
1176
1174
1174
1171
1168
1169
1170
1165
1164
1164
1167
1163
1160
1164
1159
1162
1160
1156
1158
1156
1154
1152
1155
1150
1153
1149
1146
1149
1146
1145
1144
1145
1142
1139
1142
1138
1136
1139
1135
1134
1135
1135
1132
1129
1129
1130
1130
1127
1125
1128
1126
1121
1121
1124
1118
1117
1117
1115
1116
1114
1115
1111
1115
1111
1111
1112
1109
1110
1105
1103
1106
1106
1102
1101
1100
1101
1098
1100
1099
1096
1092
1096
1090
1091
1089
1088
1086
1088
1087
1083
1086
1085
1084
1080
1079
1078
1079
1077
1079
1074
1073
1071
1071
1072
1070
1071
1069
1069
1068
1064
1067
1063
1061
1060
1060
1059
1057
1059
1058
1055
1055
1056
1052
1053
1052
1048
1046
1050
1047
1048
1045
1045
1040
1043
1040
1042
1036
1039
1034
1036
1032
1031
1033
1029
1030
1028
1031
1029
1026
1026
1022
1023
1022
1023
1019
1017
1016
1018
1015
1015
1014
1014
1011
1011
1010
1009
1007
1007
1009
1008
1002
1002
1001
1003
1001
1001
999
998
995
993
993
996
995
994
990
987
989
988
984
988
983
982
981
981
979
981
976
980
975
976
974
976
975
971
969
970
967
968
965
966
966
961
965
962
961
959
958
958
959
956
954
956
954
949
952
949
949
945
946
943
944
944
941
944
943
937
937
940
938
933
934
934
933
930
930
929
927
929
929
928
923
921
922
921
923
920
920
919
915
915
916
913
912
910
910
908
906
908
909
903
903
904
900
900
898
897
900
897
898
894
893
896
892
891
890
892
889
889
889
883
886
883
882
883
878
882
881
877
876
877
876
874
870
870
868
870
867
870
869
868
862
861
860
859
862
858
856
856
855
858
853
853
852
853
851
848
847
847
848
845
843
846
842
844
843
840
838
836
837
833
834
834
834
831
831
830
827
830
824
824
826
825
822
822
821
818
818
819
815
814
814
814
811
814
809
808
806
808
806
805
803
802
801
800
798
802
801
795
794
794
794
793
795
790
791
790
791
789
785
785
783
783
780
782
781
780
777
779
775
777
775
774
771
771
768
770
769
767
764
766
765
763
764
764
762
761
761
759
755
756
752
751
750
752
752
750
746
747
745
743
743
743
741
740
741
738
739
739
739
738
737
731
732
729
728
727
731
730
729
726
722
725
720
723
720
717
716
715
717
715
715
711
711
714
712
707
709
708
705
706
705
706
700
699
702
702
696
699
694
698
697
695
693
693
689
688
690
690
688
686
684
682
682
684
683
677
678
679
676
677
675
674
675
673
672
668
669
670
666
663
662
666
665
662
663
659
658
658
658
655
653
652
654
652
648
651
647
645
645
644
645
643
645
644
640
639
638
636
636
638
635
636
633
633
630
632
626
629
624
628
625
625
620
624
619
617
620
619
617
614
617
615
610
611
611
611
608
610
605
608
605
606
604
601
598
601
596
598
595
593
594
594
593
591
592
590
590
590
584
588
584
583
585
580
581
578
581
575
575
576
572
572
571
572
569
568
571
566
567
565
566
564
563
563
563
560
560
557
555
554
553
556
554
553
548
551
551
547
547
546
545
544
542
541
543
542
540
540
539
536
533
534
531
534
531
528
529
527
526
528
524
521
524
522
522
520
518
516
519
514
513
516
515
513
510
509
507
508
507
506
505
503
502
501
502
500
501
499
494
498
493
494
493
492
492
487
488
488
486
485
482
485
480
480
479
482
481
478
476
474
477
471
473
474
469
469
470
465
469
466
462
466
465
461
459
462
458
455
459
457
452
451
454
449
453
450
447
450
448
446
446
442
443
443
442
441
439
435
437
437
436
434
434
434
429
428
429
430
427
428
424
424
421
419
420
421
418
417
415
415
417
416
412
410
412
411
411
409
408
406
407
405
405
402
401
399
396
396
398
395
394
396
393
393
389
390
388
388
388
384
384
383
382
382
379
377
378
378
379
373
373
371
370
370
371
367
367
369
369
365
362
363
360
361
363
360
359
359
355
358
356
354
350
350
352
349
351
346
346
345
344
342
344
339
341
338
340
337
336
337
332
336
330
334
330
327
326
326
328
326
326
324
321
321
319
320
321
315
314
313
316
313
312
312
312
310
309
310
306
306
306
305
303
303
300
299
300
297
297
295
294
293
293
294
293
292
288
288
286
286
287
285
282
284
279
280
280
279
276
276
273
271
270
272
273
272
270
268
264
265
267
261
260
263
258
257
261
259
256
255
257
255
255
253
251
252
249
245
246
248
247
242
244
240
242
240
236
239
238
235
233
235
233
230
232
230
230
226
224
224
226
225
225
222
223
222
221
215
218
216
217
211
212
213
213
211
210
207
209
203
205
201
200
202
200
201
199
197
194
193
195
191
191
193
192
189
186
187
185
188
184
185
181
181
179
179
179
175
174
176
176
175
170
170
168
171
170
165
169
163
166
165
162
159
161
161
156
156
154
155
154
156
151
153
152
151
147
149
148
144
144
145
142
144
141
138
137
136
135
137
137
134
135
134
129
130
126
128
129
123
123
122
122
119
122
120
121
118
114
118
112
115
115
112
113
109
108
110
105
107
107
104
102
102
99
99
101
97
96
94
96
94
94
92
91
92
89
88
84
83
84
83
84
79
78
82
76
76
74
73
77
74
71
70
73
70
71
69
68
66
65
65
64
59
61
58
59
56
54
54
54
53
54
49
52
50
47
49
46
43
45
45
45
41
41
39
38
38
37
36
37
33
35
33
31
29
26
25
24
26
25
26
20
24
23
21
20
16
18
13
17
14
11
14
8
12
8
6
6
4
6
1
