1751
1751
1750
1752
1749
1750
1748
1747
1746
1746
1741
1740
1738
1737
1739
1739
1739
1738
1737
1736
1733
1730
1730
1730
1726
1726
1728
1725
1725
1721
1725
1719
1718
1722
1718
1718
1715
1713
1715
1711
1712
1714
1712
1710
1709
1710
1707
1707
1707
1704
1700
1703
1703
1702
1701
1695
1697
1693
1693
1692
1694
1690
1689
1692
1688
1689
1685
1688
1686
1681
1682
1684
1683
1677
1678
1677
1678
1673
1674
1676
1670
1671
1668
1669
1667
1665
1664
1666
1667
1661
1663
1661
1660
1660
1658
1655
1657
1657
1656
1654
1652
1652
1648
1648
1646
1647
1644
1644
1642
1644
1641
1640
1642
1637
1640
1639
1637
1633
1634
1635
1630
1634
1633
1632
1630
1626
1628
1627
1624
1621
1621
1624
1619
1621
1616
1620
1619
1614
1614
1612
1614
1609
1611
1610
1611
1605
1608
1603
1606
1605
1605
1600
1598
1599
1597
1599
1599
1595
1595
1595
1592
1593
1588
1592
1586
1589
1589
1587
1585
1582
1581
1581
1581
1578
1579
1579
1576
1576
1577
1573
1571
1572
1568
1568
1569
1567
1565
1563
1566
1561
1561
1560
1558
1561
1556
1557
1559
1557
1553
1551
1554
1552
1548
1552
1551
1548
1547
1547
1547
1541
1540
1542
1540
1538
1541
1540
1535
1538
1532
1533
1532
1531
1528
1527
1528
1527
1524
1523
1523
1523
1525
1519
1521
1521
1516
1516
1516
1514
1517
1511
1510
1511
1512
1509
1507
1508
1509
1504
1507
1506
1501
1499
1498
1499
1497
1497
1497
1495
1493
1495
1491
1491
1489
1489
1488
1486
1484
1486
1482
1486
1480
1482
1479
1481
1476
1476
1475
1477
1477
1475
1473
1472
1472
1471
1466
1470
1467
1465
1464
1463
1464
1463
1459
1458
1461
1457
1456
1456
1455
1455
1453
1452
1449
1452
1446
1447
1447
1444
1446
1443
1443
1444
1443
1437
1441
1440
1437
1436
1436
1432
1431
1431
1428
1431
1428
1430
1428
1423
1422
1422
1420
1420
1420
1418
1420
1415
1415
1417
1416
1414
1410
1411
1410
1409
1406
1405
1407
1408
1407
1405
1402
1400
1402
1401
1399
1398
1396
1393
1393
1393
1391
1393
1390
1389
1391
1385
1385
1388
1383
1385
1380
1381
1382
1380
1381
1378
1376
1373
1373
1373
1370
1369
1371
1370
1367
1366
1367
1366
1365
1366
1362
1360
1361
1357
1358
1357
1357
1354
1352
1352
1351
1352
1352
1352
1350
1349
1347
1346
1346
1343
1344
1340
1341
1342
1336
1339
1334
1337
1333
1335
1330
1332
1331
1327
1330
1330
1324
1323
1326
1322
1321
1319
1321
1318
1318
1316
1317
1318
1312
1312
1313
1313
1309
1308
1307
1309
1309
1307
1303
1306
1302
1301
1299
1301
1298
1295
1296
1297
1296
1291
1293
1293
1292
1292
1288
1287
1284
1287
1284
1285
1280
1281
1283
1279
1277
1275
1274
1277
1272
1274
1275
1273
1273
1271
1270
1270
1267
1267
1267
1262
1260
1261
1258
1259
1258
1255
1254
1254
1254
1255
1255
1249
1253
1248
1251
1249
1249
1245
1244
1245
1240
1239
1239
1240
1241
1236
1238
1233
1236
1233
1232
1231
1232
1231
1227
1228
1229
1225
1222
1224
1225
1224
1221
1218
1218
1217
1216
1218
1216
1213
1210
1211
1209
1210
1208
1208
1204
1204
1205
1204
1202
1203
1201
1202
1199
1198
1199
1194
1192
1195
1193
1190
1189
1187
1188
1188
1186
1188
1182
1182
1182
1184
1183
1178
1180
1175
1175
1173
1177
1176
1175
1172
1173
1171
1169
1170
1169
1164
1163
1165
1165
1163
1163
1160
1158
1158
1155
1155
1152
1153
1151
1152
1151
1150
1150
1145
1144
1147
1144
1144
1143
1141
1143
1139
1136
1139
1134
1134
1134
1134
1134
1130
1130
1131
1128
1130
1128
1124
1125
1121
1121
1124
1123
1117
1117
1119
1115
1115
1117
1116
1115
1109
1112
1107
1108
1110
1108
1107
1103
1101
1102
1099
1098
1100
1099
1096
1094
1093
1096
1095
1090
1092
1091
1090
1091
1085
1086
1088
1082
1082
1080
1083
1080
1082
1079
1079
1077
1076
1075
1074
1072
1074
1071
1071
1068
1066
1064
1068
1063
1065
1060
1061
1059
1062
1057
1059
1059
1058
1055
1054
1054
1051
1053
1047
1047
1050
1044
1044
1047
1043
1045
1044
1042
1041
1036
1037
1039
1034
1035
1036
1034
1033
1032
1032
1028
1028
1024
1024
1022
1021
1024
1022
1021
1019
1019
1015
1017
1014
1017
1015
1015
1013
1008
1007
1009
1010
1007
1007
1002
1003
1002
1002
1000
1000
1001
998
994
994
997
993
990
994
991
992
990
988
989
984
985
984
981
980
982
981
980
975
976
975
976
976
971
972
973
971
970
968
967
968
965
964
961
963
958
962
957
960
954
954
952
951
951
951
951
949
948
945
948
945
945
943
940
939
941
939
937
936
939
935
937
934
930
929
933
929
931
930
928
924
924
925
920
922
921
922
916
919
914
915
916
916
910
913
911
907
910
905
904
907
905
904
904
903
901
898
898
896
894
897
896
895
893
889
888
889
889
888
889
888
887
885
884
879
883
877
878
877
875
875
876
872
872
874
869
869
867
868
869
868
864
862
862
862
863
858
856
855
859
855
856
856
855
854
851
850
849
846
848
843
847
842
845
841
843
841
840
839
837
837
833
834
834
834
832
832
828
830
827
823
822
826
821
821
819
818
819
820
819
817
817
813
813
811
809
809
806
805
804
807
805
801
801
799
800
797
801
796
795
797
795
795
795
793
789
789
789
787
787
784
786
785
783
781
781
782
780
777
778
776
775
772
771
769
773
770
770
769
766
768
767
761
761
762
763
757
759
759
754
758
753
755
752
753
749
747
747
745
745
744
747
744
743
744
740
737
740
737
738
736
735
735
733
729
733
729
729
729
726
724
725
725
722
723
723
719
718
717
719
717
712
713
711
710
713
712
710
709
705
706
702
703
705
702
703
699
696
698
695
694
697
691
690
690
691
689
690
688
686
685
682
681
682
680
679
680
680
677
677
673
672
676
673
673
669
669
666
668
667
663
667
666
663
659
659
659
661
658
654
658
654
651
652
654
651
650
651
650
644
647
643
641
645
644
639
640
638
635
635
636
634
635
635
631
633
630
628
630
629
623
625
623
621
620
620
618
618
617
614
615
614
612
613
612
613
612
606
610
608
607
607
605
604
599
602
597
596
598
596
598
597
595
594
591
588
591
587
588
588
583
585
584
585
584
583
579
580
580
577
575
574
571
570
572
573
570
566
569
567
566
562
566
561
564
558
559
557
557
559
555
557
551
553
554
548
548
547
549
546
543
543
546
541
541
539
541
539
535
537
536
536
534
534
530
532
527
528
526
528
527
526
523
520
524
520
522
516
519
515
513
514
515
511
513
510
508
508
507
506
506
502
501
505
504
503
497
499
498
498
496
496
491
494
491
489
492
490
489
484
483
487
482
484
483
478
479
477
476
476
478
472
473
472
474
470
472
468
467
467
464
465
462
460
463
462
459
461
455
456
458
452
456
450
449
448
448
447
447
446
447
443
445
445
440
441
440
439
439
438
434
433
434
434
434
429
427
431
425
425
424
424
425
422
422
422
418
421
419
416
413
414
411
411
412
408
412
408
410
409
404
404
406
402
400
398
398
397
398
398
393
397
393
395
390
393
391
388
387
388
385
387
384
380
381
382
378
381
377
376
376
372
371
371
373
373
372
369
367
367
365
367
362
360
364
362
361
360
355
356
358
353
352
352
352
350
351
348
347
346
348
344
343
340
341
343
341
341
340
337
336
332
334
335
332
330
330
327
326
325
328
326
322
320
319
323
320
320
318
317
317
316
315
310
310
310
310
309
308
305
308
306
303
304
301
299
301
299
297
297
295
294
294
292
291
292
290
288
287
288
286
282
282
285
283
281
281
281
278
275
278
276
272
271
270
268
272
268
266
267
267
266
263
263
264
259
257
256
260
256
254
256
254
254
249
251
252
248
246
246
243
244
244
241
244
242
240
240
240
238
234
233
235
232
234
233
229
230
225
225
228
225
226
222
220
223
218
220
215
218
214
216
212
211
214
212
211
211
209
205
205
205
206
205
204
203
199
200
199
199
197
192
195
190
190
193
188
190
185
184
183
182
186
182
180
183
180
180
176
179
175
173
175
173
170
169
170
169
166
168
164
165
165
165
164
163
161
156
159
157
153
154
152
155
151
150
151
150
145
148
143
146
145
144
144
140
139
141
140
136
136
133
133
131
134
130
132
129
126
126
123
123
124
121
121
118
122
121
119
115
118
115
116
115
110
111
107
110
108
107
103
103
105
102
104
100
101
97
96
95
94
92
96
90
92
90
90
88
85
89
86
87
84
84
83
79
82
76
75
77
78
74
76
72
69
68
70
67
69
65
68
67
63
64
59
60
59
61
60
54
55
53
52
54
51
49
51
51
47
49
47
43
45
45
43
39
40
38
39
36
38
34
32
32
29
28
27
27
26
27
23
27
25
21
21
19
22
20
15
18
16
12
11
15
12
9
11
9
8
9
8
4
3
