1755
1752
1749
1747
1748
1750
1745
1747
1744
1742
1743
1741
1739
1742
1737
1739
1739
1738
1737
1732
1735
1729
1728
1731
1726
1730
1729
1723
1723
1725
1724
1720
1722
1719
1719
1716
1715
1713
1717
1716
1713
1710
1709
1711
1706
1709
1709
1705
1704
1703
1703
1700
1700
1701
1700
1696
1696
1697
1694
1692
1690
1694
1691
1692
1691
1686
1684
1687
1682
1682
1685
1683
1678
1677
1679
1677
1677
1677
1677
1676
1670
1673
1671
1670
1667
1668
1668
1667
1666
1666
1665
1659
1659
1657
1658
1655
1654
1656
1653
1655
1651
1652
1650
1650
1649
1648
1647
1648
1647
1646
1644
1640
1642
1640
1640
1637
1639
1635
1636
1636
1631
1631
1631
1632
1630
1626
1627
1627
1626
1623
1622
1622
1622
1620
1617
1618
1614
1616
1614
1615
1614
1613
1610
1611
1607
1609
1605
1604
1604
1603
1604
1601
1602
1599
1601
1599
1596
1597
1597
1592
1591
1593
1589
1590
1588
1589
1584
1587
1586
1583
1582
1583
1579
1579
1577
1578
1577
1576
1575
1576
1571
1572
1569
1570
1569
1570
1565
1565
1565
1562
1565
1560
1558
1562
1561
1560
1556
1555
1553
1555
1550
1553
1548
1552
1547
1546
1546
1543
1542
1542
1542
1541
1540
1538
1536
1535
1539
1533
1533
1536
1535
1531
1533
1529
1527
1529
1525
1525
1524
1526
1525
1521
1518
1521
1517
1517
1518
1515
1514
1511
1515
1514
1512
1510
1510
1505
1509
1508
1503
1503
1505
1502
1498
1499
1497
1498
1496
1498
1496
1492
1492
1492
1490
1491
1490
1487
1489
1487
1485
1481
1485
1483
1479
1480
1478
1479
1477
1477
1476
1475
1473
1469
1471
1472
1469
1466
1469
1464
1463
1464
1461
1460
1460
1460
1459
1458
1459
1456
1453
1453
1450
1454
1448
1452
1446
1448
1449
1445
1445
1442
1441
1442
1443
1437
1440
1438
1439
1437
1436
1434
1433
1432
1433
1431
1427
1429
1426
1425
1422
1424
1422
1420
1423
1417
1420
1418
1415
1418
1417
1415
1411
1412
1411
1410
1409
1406
1409
1407
1404
1402
1400
1404
1399
1398
1401
1398
1396
1393
1395
1395
1394
1393
1391
1389
1389
1386
1389
1387
1384
1385
1383
1384
1378
1380
1377
1377
1375
1373
1373
1376
1372
1372
1369
1368
1367
1369
1367
1365
1364
1365
1362
1364
1363
1358
1359
1357
1357
1358
1352
1355
1354
1353
1348
1347
1348
1349
1345
1348
1344
1346
1341
1344
1338
1341
1338
1336
1337
1334
1337
1332
1334
1331
1329
1330
1330
1328
1326
1324
1324
1324
1323
1323
1318
1318
1320
1315
1314
1316
1315
1312
1310
1314
1311
1310
1310
1308
1309
1304
1307
1306
1300
1302
1303
1302
1297
1295
1299
1297
1297
1295
1293
1293
1291
1292
1286
1285
1289
1284
1282
1283
1281
1282
1283
1279
1276
1276
1277
1277
1275
1271
1271
1271
1272
1269
1271
1265
1266
1266
1267
1262
1262
1263
1259
1259
1258
1260
1258
1258
1253
1255
1250
1249
1248
1248
1246
1247
1248
1247
1243
1244
1241
1239
1242
1239
1241
1237
1236
1238
1234
1232
1232
1231
1232
1231
1230
1230
1227
1227
1227
1224
1224
1223
1222
1217
1221
1218
1215
1217
1212
1214
1215
1210
1211
1208
1207
1206
1206
1205
1205
1201
1203
1202
1203
1200
1197
1198
1198
1198
1197
1196
1191
1190
1193
1192
1187
1185
1185
1187
1183
1183
1182
1179
1180
1182
1176
1180
1177
1177
1172
1172
1173
1169
1168
1168
1168
1165
1168
1165
1165
1161
1164
1164
1160
1162
1160
1159
1156
1155
1157
1153
1153
1151
1150
1152
1148
1146
1148
1146
1144
1142
1142
1140
1139
1137
1137
1135
1137
1133
1137
1134
1132
1130
1132
1132
1130
1125
1125
1124
1126
1125
1123
1122
1123
1118
1121
1120
1116
1117
1116
1114
1112
1113
1111
1107
1110
1107
1104
1108
1106
1105
1105
1099
1100
1097
1096
1095
1099
1098
1092
1092
1093
1092
1091
1091
1089
1090
1085
1086
1082
1084
1080
1083
1082
1078
1077
1078
1076
1074
1077
1072
1071
1073
1068
1069
1067
1065
1067
1063
1065
1063
1065
1061
1062
1057
1060
1058
1057
1058
1055
1051
1051
1053
1051
1052
1047
1048
1045
1044
1045
1046
1041
1039
1043
1037
1036
1039
1038
1038
1034
1033
1032
1031
1029
1030
1026
1030
1026
1023
1027
1025
1024
1024
1022
1022
1016
1016
1017
1015
1015
1011
1015
1011
1009
1012
1006
1005
1006
1007
1006
1005
1002
1003
999
1002
997
996
996
997
996
994
994
994
992
987
991
987
987
984
982
986
980
981
983
977
977
977
977
975
973
974
972
971
973
967
967
965
969
966
962
961
963
962
962
958
958
960
955
956
954
952
951
949
951
948
951
949
945
945
947
944
942
944
941
939
938
935
939
937
933
931
934
933
928
928
929
926
925
923
922
923
921
924
921
918
919
919
919
917
913
913
913
911
909
912
908
910
906
906
905
906
902
900
898
901
899
896
898
896
892
896
892
894
892
891
886
888
889
884
885
882
881
880
881
882
879
879
878
878
874
876
871
874
871
869
868
866
864
867
863
865
865
859
860
859
861
857
854
856
852
852
855
850
850
847
846
849
847
847
844
843
843
844
840
838
840
839
836
838
834
835
832
829
833
827
827
825
825
826
822
826
820
820
818
818
819
816
816
817
817
812
810
812
810
807
809
805
805
807
807
806
804
804
800
798
800
797
797
794
793
794
795
793
793
787
787
789
787
784
785
781
781
781
778
778
777
780
777
775
772
774
772
774
770
769
767
767
767
764
765
765
762
763
761
758
757
758
758
758
752
754
755
754
749
750
746
748
744
746
742
741
742
744
739
740
738
740
734
737
737
732
731
734
732
729
727
726
725
724
727
723
722
719
718
717
720
716
718
714
717
712
714
710
711
709
711
705
707
707
702
705
700
700
701
698
701
696
697
696
697
691
695
693
689
687
687
690
685
686
687
686
680
681
681
679
676
677
674
675
673
673
674
674
669
671
668
670
665
667
666
662
661
661
658
659
660
656
657
657
657
653
654
651
648
648
646
650
646
646
643
643
643
641
643
638
640
638
635
633
637
636
632
630
630
631
629
626
624
627
626
624
621
623
619
622
617
615
616
618
615
612
614
613
610
608
610
608
606
606
607
602
601
604
599
602
599
596
596
598
594
596
591
594
593
592
590
586
584
584
584
584
583
584
581
580
577
580
577
577
576
576
575
574
572
569
569
565
569
568
567
566
564
562
563
558
561
556
557
554
557
554
555
551
553
552
546
548
545
544
546
544
542
544
543
539
536
535
538
536
537
533
531
533
531
528
530
528
525
526
527
523
523
520
522
522
518
519
517
514
512
515
511
514
513
510
510
509
506
508
504
504
500
503
501
497
497
495
498
493
492
496
491
489
489
489
488
485
484
485
482
485
482
483
481
482
478
478
477
473
472
476
472
472
473
472
471
465
464
467
465
461
461
464
458
462
459
455
455
453
452
451
455
453
452
449
449
449
449
443
445
446
440
443
440
438
441
437
435
434
436
435
433
430
433
428
430
428
429
426
424
424
421
419
423
418
417
420
419
416
416
412
415
411
409
407
406
407
405
407
402
404
400
403
402
399
399
398
395
397
394
392
395
392
393
392
388
388
389
385
382
384
382
384
379
378
379
376
379
375
375
376
370
371
369
372
368
370
364
366
362
363
362
362
361
360
361
355
356
357
357
352
350
350
352
347
351
346
349
346
342
342
342
343
342
338
340
340
338
333
335
332
335
333
331
329
331
329
325
324
322
326
323
319
321
319
318
320
319
315
317
314
313
311
310
310
308
305
305
303
303
302
303
304
300
301
298
297
297
295
295
296
294
289
292
291
291
288
287
288
286
282
281
281
278
282
280
278
277
277
275
274
271
274
273
271
269
270
265
263
267
263
265
259
262
258
261
257
255
253
254
253
254
249
251
249
249
245
247
244
245
244
241
240
238
240
237
237
234
234
235
235
235
229
232
232
227
230
224
225
226
225
223
221
218
220
217
218
217
214
216
213
215
209
208
210
208
208
208
207
202
205
205
202
202
202
197
195
198
195
194
193
192
191
190
189
187
186
184
183
182
186
182
180
180
177
180
178
176
177
172
171
174
172
170
170
170
169
167
165
166
165
160
163
161
158
161
159
156
154
154
151
153
152
151
147
148
149
144
146
143
141
142
141
139
141
137
140
135
137
132
134
134
130
128
131
127
130
125
123
125
121
123
120
118
117
118
120
116
115
114
111
110
112
113
112
107
107
109
106
107
104
103
99
102
100
99
98
94
94
95
96
93
92
91
88
87
88
84
88
84
85
85
84
82
78
79
80
76
73
77
75
70
73
69
72
68
66
65
63
62
65
64
63
60
58
61
57
54
56
57
53
54
49
48
49
51
47
44
45
46
42
44
42
42
41
36
39
36
35
33
32
34
33
33
30
27
27
26
26
25
25
24
22
18
17
16
18
15
14
16
11
15
14
12
11
10
7
5
3
3
2
