1751
1749
1748
1748
1746
1750
1748
1744
1742
1743
1742
1740
1741
1740
1738
1739
1737
1736
1735
1732
1732
1734
1732
1729
1731
1730
1727
1726
1723
1726
1725
1719
1718
1722
1717
1717
1715
1713
1713
1716
1714
1711
1710
1710
1709
1710
1704
1708
1703
1703
1703
1700
1698
1700
1700
1696
1694
1695
1696
1696
1691
1691
1691
1692
1688
1687
1687
1684
1687
1682
1681
1681
1682
1682
1680
1678
1675
1676
1675
1671
1675
1671
1670
1671
1666
1670
1664
1665
1666
1662
1662
1663
1662
1662
1660
1658
1658
1656
1657
1655
1652
1651
1651
1648
1647
1650
1646
1648
1642
1644
1642
1642
1643
1638
1637
1636
1634
1638
1637
1633
1630
1630
1632
1627
1629
1630
1625
1626
1624
1623
1620
1622
1622
1617
1616
1616
1616
1617
1613
1615
1610
1612
1611
1612
1609
1605
1606
1608
1603
1604
1602
1600
1603
1600
1599
1596
1599
1598
1596
1595
1594
1590
1593
1590
1588
1589
1584
1584
1585
1584
1583
1579
1580
1577
1581
1579
1576
1574
1576
1576
1572
1570
1572
1571
1568
1565
1565
1565
1567
1564
1565
1562
1558
1561
1560
1560
1554
1556
1557
1553
1554
1553
1553
1547
1549
1550
1546
1543
1545
1543
1545
1541
1540
1538
1540
1537
1534
1537
1536
1536
1534
1531
1530
1527
1526
1528
1527
1523
1527
1526
1520
1524
1518
1522
1516
1516
1515
1514
1513
1516
1514
1509
1513
1511
1511
1505
1509
1508
1504
1505
1505
1501
1503
1500
1496
1497
1496
1494
1494
1496
1494
1492
1490
1487
1491
1485
1487
1484
1487
1483
1481
1481
1478
1480
1478
1475
1475
1477
1475
1475
1474
1472
1472
1468
1469
1467
1465
1463
1467
1466
1464
1461
1463
1461
1457
1458
1459
1458
1454
1453
1453
1449
1450
1451
1451
1446
1445
1448
1443
1442
1442
1441
1438
1441
1437
1437
1439
1433
1435
1434
1433
1434
1432
1427
1428
1429
1426
1424
1427
1421
1425
1421
1422
1420
1421
1420
1417
1418
1416
1412
1412
1413
1408
1409
1406
1409
1404
1405
1402
1404
1405
1400
1403
1402
1401
1395
1396
1393
1394
1394
1392
1390
1393
1388
1391
1387
1385
1384
1383
1383
1381
1384
1380
1377
1378
1380
1378
1375
1373
1373
1370
1373
1372
1367
1370
1368
1367
1364
1365
1364
1362
1362
1360
1362
1357
1358
1359
1355
1356
1351
1354
1349
1352
1347
1351
1345
1346
1346
1343
1346
1341
1340
1342
1341
1339
1335
1334
1334
1336
1332
1334
1330
1329
1331
1330
1325
1324
1325
1327
1322
1321
1323
1321
1320
1320
1317
1316
1314
1312
1314
1313
1310
1308
1307
1310
1305
1305
1303
1302
1305
1304
1304
1302
1299
1301
1298
1298
1296
1293
1291
1295
1291
1293
1288
1290
1290
1286
1283
1282
1286
1282
1283
1280
1280
1277
1280
1279
1277
1272
1275
1273
1270
1269
1270
1267
1270
1266
1265
1262
1261
1264
1264
1261
1259
1258
1259
1254
1257
1252
1256
1251
1250
1251
1250
1251
1248
1245
1243
1242
1242
1241
1241
1243
1242
1237
1240
1237
1234
1235
1236
1230
1232
1228
1231
1227
1225
1224
1224
1225
1226
1220
1220
1223
1217
1218
1219
1217
1215
1217
1212
1213
1214
1208
1210
1206
1208
1207
1204
1207
1205
1200
1203
1198
1201
1197
1200
1197
1196
1193
1196
1195
1194
1189
1191
1190
1186
1187
1185
1185
1185
1180
1183
1181
1178
1181
1175
1178
1176
1176
1174
1171
1169
1171
1169
1171
1169
1168
1165
1166
1164
1161
1163
1163
1160
1161
1159
1155
1158
1152
1152
1150
1154
1149
1148
1148
1145
1146
1147
1146
1144
1141
1142
1143
1137
1141
1139
1136
1135
1136
1134
1134
1134
1130
1130
1129
1125
1125
1127
1125
1125
1121
1122
1121
1122
1117
1119
1117
1118
1113
1114
1111
1111
1113
1111
1107
1110
1108
1108
1103
1101
1104
1101
1098
1100
1101
1096
1095
1093
1096
1095
1092
1090
1093
1089
1087
1090
1086
1084
1084
1085
1084
1079
1082
1082
1078
1077
1079
1077
1074
1073
1074
1069
1069
1070
1066
1066
1066
1068
1062
1066
1061
1059
1062
1061
1061
1058
1056
1056
1054
1054
1055
1051
1049
1048
1048
1049
1047
1048
1046
1044
1040
1043
1043
1039
1038
1040
1038
1033
1036
1036
1030
1029
1031
1028
1030
1027
1024
1023
1022
1026
1022
1021
1020
1019
1016
1016
1016
1014
1012
1013
1011
1010
1009
1011
1011
1008
1005
1004
1002
1002
1002
1002
1000
1001
999
995
999
996
993
992
991
994
988
990
988
987
988
987
982
986
984
979
978
982
977
975
976
974
976
975
975
970
970
971
970
965
966
966
966
964
965
964
958
962
961
960
958
953
957
954
951
953
949
950
948
946
948
948
942
941
942
942
938
938
936
939
935
934
936
935
930
934
928
928
928
928
924
924
922
924
920
919
922
920
916
919
918
913
915
915
914
913
912
908
907
905
908
908
903
904
904
903
899
899
899
898
899
894
897
894
891
890
893
892
890
889
887
888
886
886
883
879
879
882
878
877
876
873
874
876
872
869
868
871
869
865
864
864
864
865
865
860
860
858
861
860
856
855
854
855
850
854
850
851
846
850
849
847
846
841
844
839
840
842
836
837
835
836
835
836
832
834
829
830
830
829
829
827
824
826
821
823
819
820
820
820
817
818
817
816
814
809
811
811
809
805
807
805
805
804
802
803
798
800
801
797
795
794
792
791
792
792
790
787
791
790
787
783
786
785
785
783
782
780
781
778
776
776
775
772
775
771
773
769
768
769
766
765
764
765
764
759
758
761
758
759
759
756
755
756
753
754
753
751
751
747
745
744
745
745
740
739
738
742
738
739
736
736
732
731
732
729
730
730
731
727
726
726
726
724
723
721
721
718
720
720
716
714
712
713
713
714
710
710
710
709
708
704
703
703
700
704
703
701
701
699
695
695
693
692
691
690
689
688
690
689
686
687
682
683
685
684
681
680
676
676
676
673
676
673
670
672
671
668
668
669
664
668
664
665
661
660
663
657
657
660
655
656
652
654
654
652
650
650
649
648
646
643
642
645
645
639
638
640
641
640
636
635
637
636
633
632
632
628
631
625
629
627
623
625
624
623
622
621
618
615
618
614
617
611
612
610
608
609
607
609
604
608
606
606
600
599
602
601
598
600
596
597
592
591
592
593
591
587
587
587
588
583
583
582
582
580
579
582
581
578
577
577
575
574
572
573
568
570
571
565
565
567
567
565
561
560
558
560
560
557
558
558
552
552
552
550
552
548
550
549
547
545
547
542
541
540
542
538
537
540
539
536
535
534
534
532
531
530
526
530
529
523
526
524
522
520
520
522
518
519
515
515
517
515
513
514
512
510
508
506
506
505
504
502
505
503
501
501
497
496
495
494
497
494
493
490
488
490
487
487
489
484
485
483
485
479
480
479
478
475
476
474
474
473
475
470
472
471
466
470
467
465
464
462
462
460
460
457
460
455
459
454
453
452
454
450
453
450
450
445
448
447
443
446
442
443
438
437
441
435
438
436
434
433
434
429
431
430
427
426
425
428
424
422
424
423
421
418
419
416
417
413
415
413
410
409
411
407
409
408
407
407
407
401
401
400
399
399
399
397
395
395
397
396
392
394
389
388
388
388
384
384
385
383
383
382
379
377
377
380
376
378
376
373
375
370
371
370
366
370
367
367
364
364
365
359
361
361
358
358
359
354
355
353
351
349
348
352
351
348
349
347
346
345
345
340
343
338
338
337
335
334
337
335
334
329
331
327
327
325
329
323
324
325
325
320
322
321
318
315
314
317
314
311
310
310
311
311
306
307
305
304
304
302
300
304
299
302
297
295
298
295
297
293
291
293
290
289
288
287
285
285
284
284
282
281
278
281
279
277
277
278
272
275
274
271
270
270
268
266
268
263
263
262
261
260
262
257
256
255
259
255
256
256
255
249
252
251
246
250
248
244
244
244
243
239
243
241
240
237
237
237
233
231
232
229
230
228
230
225
229
223
223
221
224
224
221
219
217
218
218
215
217
212
213
213
209
210
206
205
204
208
204
204
203
200
201
197
197
199
197
194
195
192
193
189
193
188
187
189
186
185
184
183
182
183
181
181
178
180
178
174
177
171
171
174
169
169
171
168
169
167
167
164
162
161
159
157
158
160
157
155
154
156
151
154
153
147
147
145
145
144
147
144
145
140
138
137
137
139
135
138
137
136
130
131
133
130
128
127
124
124
127
126
124
121
122
120
121
116
115
117
115
115
111
111
111
108
108
108
108
107
103
105
105
100
98
101
98
97
96
95
96
91
91
93
88
87
86
85
87
85
82
86
81
82
79
80
79
76
77
73
77
71
71
69
69
72
66
65
68
68
63
66
65
64
63
59
61
56
54
55
55
51
54
54
50
50
48
50
45
47
43
46
45
42
43
39
37
37
39
38
37
32
33
30
33
28
30
30
28
24
22
23
25
23
19
17
19
17
17
18
16
11
13
10
11
7
11
8
4
7
6
6
