1750
1752
1748
1751
1751
1747
1745
1746
1744
1742
1743
1740
1743
1740
1736
1735
1738
1737
1735
1731
1730
1732
1732
1731
1729
1730
1728
1723
1725
1726
1722
1720
1719
1720
1716
1715
1718
1718
1714
1713
1712
1714
1710
1708
1709
1707
1706
1705
1704
1704
1704
1704
1699
1698
1698
1699
1697
1694
1694
1695
1694
1690
1689
1692
1691
1690
1687
1688
1682
1686
1682
1679
1681
1682
1678
1679
1678
1673
1674
1676
1672
1669
1672
1670
1671
1667
1667
1663
1663
1661
1660
1662
1662
1660
1660
1659
1655
1655
1653
1651
1650
1649
1651
1647
1648
1645
1646
1646
1644
1642
1642
1639
1638
1640
1637
1639
1637
1638
1633
1635
1633
1634
1633
1631
1629
1629
1627
1628
1624
1624
1620
1622
1618
1620
1616
1619
1619
1614
1614
1614
1613
1612
1611
1612
1608
1610
1607
1608
1603
1602
1604
1599
1600
1598
1598
1595
1599
1593
1592
1593
1595
1594
1590
1588
1587
1589
1586
1583
1585
1583
1582
1583
1580
1578
1580
1577
1577
1574
1573
1576
1574
1571
1569
1569
1568
1568
1567
1566
1562
1565
1563
1561
1558
1557
1557
1555
1554
1555
1556
1556
1554
1553
1550
1547
1546
1546
1546
1544
1545
1543
1542
1540
1540
1537
1540
1540
1539
1538
1536
1533
1531
1529
1531
1529
1526
1530
1529
1528
1526
1521
1524
1524
1519
1517
1516
1517
1517
1515
1514
1516
1513
1513
1509
1511
1508
1509
1504
1506
1507
1506
1500
1500
1500
1497
1499
1500
1495
1498
1493
1493
1490
1492
1492
1488
1489
1489
1486
1484
1482
1481
1485
1483
1481
1479
1478
1475
1474
1474
1477
1475
1473
1471
1472
1469
1467
1469
1466
1463
1464
1463
1464
1460
1463
1460
1457
1456
1458
1458
1452
1455
1453
1449
1450
1448
1446
1448
1447
1446
1447
1445
1445
1441
1443
1440
1440
1436
1437
1433
1434
1433
1432
1429
1431
1430
1427
1428
1426
1425
1423
1423
1423
1421
1419
1417
1420
1416
1418
1416
1416
1416
1414
1414
1413
1408
1409
1408
1406
1403
1406
1402
1401
1400
1400
1397
1397
1398
1395
1398
1396
1395
1394
1394
1393
1389
1391
1385
1384
1388
1384
1385
1380
1382
1383
1380
1379
1379
1377
1375
1375
1373
1375
1370
1369
1371
1371
1370
1364
1365
1367
1362
1364
1361
1361
1361
1359
1357
1357
1357
1354
1354
1350
1349
1349
1347
1347
1348
1349
1347
1342
1343
1342
1340
1340
1340
1336
1337
1335
1337
1333
1335
1333
1334
1330
1330
1330
1328
1327
1325
1323
1323
1323
1324
1323
1322
1321
1316
1316
1317
1315
1314
1311
1310
1308
1308
1310
1310
1306
1306
1302
1306
1303
1301
1301
1297
1299
1300
1294
1293
1296
1296
1290
1291
1290
1292
1290
1289
1284
1284
1285
1284
1285
1281
1280
1277
1276
1277
1279
1278
1277
1276
1275
1272
1268
1272
1269
1269
1268
1265
1267
1263
1261
1261
1262
1257
1259
1258
1256
1256
1257
1255
1250
1250
1248
1251
1250
1247
1247
1245
1246
1244
1245
1241
1240
1237
1236
1239
1235
1236
1237
1235
1230
1230
1230
1228
1230
1227
1224
1225
1224
1221
1221
1223
1219
1221
1217
1220
1214
1216
1217
1211
1210
1210
1212
1211
1206
1210
1205
1206
1205
1201
1201
1199
1201
1202
1198
1199
1198
1196
1194
1196
1192
1189
1192
1191
1187
1188
1187
1187
1187
1181
1182
1182
1183
1178
1180
1180
1175
1173
1173
1176
1170
1170
1171
1171
1167
1169
1166
1168
1164
1166
1162
1160
1160
1157
1159
1155
1156
1157
1156
1152
1155
1152
1148
1148
1148
1146
1144
1147
1144
1145
1142
1143
1141
1141
1139
1136
1136
1135
1137
1135
1135
1134
1130
1127
1128
1126
1126
1123
1126
1126
1125
1123
1119
1122
1116
1119
1115
1114
1116
1112
1111
1112
1110
1110
1107
1108
1106
1103
1104
1101
1101
1101
1102
1099
1096
1097
1096
1093
1095
1092
1094
1090
1091
1091
1086
1089
1087
1084
1087
1081
1080
1083
1083
1077
1077
1078
1078
1077
1076
1074
1074
1071
1068
1068
1069
1068
1065
1064
1066
1063
1063
1063
1061
1058
1056
1057
1058
1057
1057
1055
1055
1050
1052
1051
1051
1049
1044
1046
1042
1043
1041
1042
1042
1042
1040
1037
1039
1038
1036
1031
1032
1034
1033
1027
1028
1025
1025
1024
1026
1024
1022
1024
1022
1021
1021
1020
1014
1015
1015
1012
1010
1013
1012
1011
1008
1010
1006
1005
1006
1002
1000
1000
1000
999
997
997
996
993
997
995
995
992
989
987
986
989
985
985
983
984
980
979
978
977
977
977
974
977
973
973
972
970
968
967
970
968
966
965
963
961
964
959
958
959
956
955
957
954
954
951
953
950
952
948
947
947
949
946
943
946
943
940
939
938
940
939
939
933
935
934
933
931
930
931
928
929
924
925
925
921
921
920
920
920
921
916
919
918
913
915
912
912
913
908
906
907
906
903
904
905
900
902
902
897
896
900
896
895
894
893
894
892
888
888
886
890
884
883
885
881
881
884
883
877
881
877
876
876
874
876
874
874
869
869
866
868
866
868
864
861
864
859
858
859
856
855
859
857
857
852
852
849
852
850
846
845
846
844
846
844
840
843
842
839
840
836
838
837
837
832
835
830
832
831
831
828
825
823
824
823
822
823
822
819
818
818
817
817
815
812
813
814
810
812
806
806
804
805
804
806
804
799
798
798
801
795
795
795
795
792
792
791
789
787
790
790
786
787
786
786
780
784
781
778
778
775
777
773
773
771
775
771
770
767
770
767
768
766
767
763
763
762
758
759
761
757
754
753
754
752
754
751
750
749
747
748
745
744
745
742
741
744
741
738
736
737
738
736
735
732
732
734
731
727
731
727
727
727
725
723
724
722
721
721
718
717
719
713
714
715
714
714
711
707
709
706
706
707
704
706
701
702
702
699
696
700
696
696
697
693
691
692
691
688
686
687
689
686
686
686
684
683
678
678
681
677
677
677
674
675
672
669
671
671
668
666
666
667
664
661
661
659
661
662
659
657
656
654
654
653
650
652
652
652
648
645
646
648
642
643
643
640
638
642
638
639
635
635
632
631
635
629
629
630
628
626
626
628
624
623
624
623
622
622
617
615
616
618
616
612
610
610
610
610
609
609
606
603
603
601
604
601
599
598
600
596
596
598
596
593
591
592
590
587
588
585
585
585
587
586
582
580
583
580
576
575
577
577
572
574
575
574
570
568
570
567
567
564
565
563
564
561
563
561
559
559
558
556
553
553
553
551
548
550
550
546
549
545
547
545
541
544
541
542
536
535
534
534
534
533
532
529
531
530
527
529
529
523
526
525
523
520
521
518
518
518
517
517
512
513
514
514
508
510
510
509
507
506
507
506
505
499
503
497
498
500
497
497
495
494
491
494
489
490
491
485
488
488
484
483
483
483
478
481
477
479
477
476
474
474
474
474
468
471
470
468
468
465
463
465
465
464
462
462
458
455
457
455
457
451
451
454
449
449
446
447
446
448
442
442
441
440
441
439
439
438
434
436
436
435
435
429
429
430
431
425
427
426
424
424
422
420
421
422
416
418
414
414
414
416
413
412
411
409
408
410
407
406
402
405
400
399
399
399
397
399
396
398
393
392
390
392
393
391
387
388
388
388
384
385
382
381
383
380
378
376
379
377
374
375
375
369
370
369
366
367
366
368
367
363
364
364
361
359
358
357
355
358
356
351
350
352
349
352
349
345
348
344
347
343
345
342
341
338
339
337
336
335
337
334
332
333
331
332
329
327
327
325
327
324
322
323
322
320
320
317
315
313
313
316
313
313
310
307
310
310
306
304
304
303
300
303
299
302
298
300
298
297
297
294
291
290
289
290
291
288
285
286
286
282
284
281
281
282
280
279
276
275
277
275
274
269
272
270
269
265
266
263
266
262
264
259
263
259
261
260
254
257
254
253
253
250
248
247
247
250
244
243
243
241
240
240
240
238
237
235
238
233
232
235
235
234
230
230
230
230
228
227
227
226
220
220
218
222
216
219
217
214
212
212
213
214
210
211
211
206
204
203
203
206
202
204
199
200
200
196
199
194
194
196
191
194
188
191
190
189
184
185
184
184
184
179
178
177
179
175
176
175
175
174
170
174
169
170
171
167
168
163
162
162
163
162
160
158
156
158
157
156
154
156
155
149
151
147
150
150
148
145
143
142
141
141
141
138
136
136
136
137
137
132
133
134
133
129
128
127
129
123
126
125
124
121
120
119
120
118
114
118
117
111
111
112
108
108
107
106
109
105
102
101
101
99
98
102
98
100
96
95
93
93
93
94
88
90
91
87
85
83
87
86
85
81
82
77
79
77
77
78
72
75
75
71
72
70
68
68
67
68
63
62
62
59
60
59
58
60
54
58
55
55
53
54
51
47
48
50
48
44
42
43
42
39
38
38
37
37
37
33
32
32
32
30
29
29
30
30
28
27
26
24
24
21
19
21
16
15
19
18
17
11
12
11
10
8
7
5
6
6
6
1
