1750
1752
1749
1751
1751
1747
1746
1743
1744
1741
1741
1743
1742
1737
1740
1740
1735
1736
1735
1734
1735
1730
1728
1728
1730
1726
1725
1726
1722
1723
1724
1719
1723
1722
1720
1717
1715
1717
1715
1711
1712
1713
1713
1709
1708
1707
1707
1707
1707
1701
1703
1704
1699
1701
1701
1698
1694
1698
1696
1695
1694
1693
1689
1687
1688
1689
1687
1687
1686
1686
1685
1682
1682
1682
1677
1680
1677
1676
1674
1674
1673
1673
1672
1667
1669
1669
1665
1665
1665
1661
1665
1664
1660
1660
1658
1658
1656
1656
1653
1651
1650
1651
1649
1651
1649
1646
1649
1643
1646
1644
1645
1640
1642
1642
1640
1640
1637
1635
1637
1633
1631
1630
1632
1627
1629
1626
1629
1627
1626
1621
1621
1622
1622
1619
1621
1617
1615
1613
1614
1615
1614
1611
1608
1607
1608
1605
1609
1606
1604
1604
1604
1604
1602
1598
1599
1595
1597
1596
1593
1595
1592
1589
1592
1587
1586
1585
1588
1586
1583
1582
1583
1582
1579
1582
1581
1580
1575
1578
1576
1576
1570
1571
1571
1567
1566
1570
1567
1563
1567
1566
1563
1560
1561
1561
1559
1557
1556
1554
1552
1553
1552
1551
1550
1551
1551
1546
1549
1548
1546
1542
1544
1539
1542
1539
1536
1535
1537
1536
1535
1532
1533
1533
1531
1531
1526
1527
1524
1528
1526
1523
1523
1520
1520
1521
1519
1517
1516
1515
1515
1516
1511
1512
1510
1509
1510
1510
1505
1505
1506
1504
1505
1501
1501
1500
1496
1496
1496
1494
1497
1495
1491
1493
1493
1487
1488
1485
1489
1484
1487
1483
1481
1484
1479
1480
1478
1476
1476
1474
1477
1476
1471
1472
1473
1472
1471
1469
1467
1468
1465
1464
1460
1461
1460
1461
1458
1456
1459
1458
1455
1453
1455
1453
1452
1450
1446
1448
1447
1448
1447
1445
1444
1443
1440
1438
1437
1435
1436
1436
1432
1432
1434
1430
1432
1430
1431
1427
1425
1425
1423
1422
1420
1422
1419
1417
1421
1417
1415
1417
1416
1413
1415
1409
1408
1409
1409
1409
1404
1406
1402
1405
1401
1403
1400
1398
1400
1399
1397
1394
1397
1393
1393
1389
1390
1388
1390
1390
1387
1384
1386
1381
1384
1382
1381
1379
1377
1376
1377
1378
1373
1372
1372
1372
1372
1371
1370
1370
1368
1363
1364
1361
1361
1362
1361
1358
1357
1355
1359
1358
1357
1355
1353
1354
1351
1347
1351
1350
1349
1344
1342
1344
1340
1344
1338
1342
1338
1338
1337
1333
1332
1331
1332
1331
1328
1331
1327
1325
1329
1323
1327
1324
1323
1321
1323
1319
1318
1315
1319
1313
1313
1316
1313
1309
1311
1311
1309
1307
1306
1303
1307
1302
1300
1299
1299
1301
1299
1298
1295
1298
1294
1291
1290
1293
1291
1291
1287
1290
1286
1287
1282
1286
1282
1281
1280
1282
1280
1276
1276
1278
1274
1272
1270
1272
1269
1271
1271
1270
1266
1265
1266
1261
1264
1259
1261
1262
1256
1256
1254
1258
1253
1253
1252
1250
1248
1247
1248
1245
1248
1247
1245
1246
1245
1242
1239
1238
1237
1235
1238
1235
1232
1234
1230
1231
1233
1229
1228
1229
1229
1225
1225
1225
1224
1224
1223
1221
1221
1219
1218
1215
1214
1213
1214
1209
1208
1212
1211
1205
1207
1204
1206
1205
1202
1200
1201
1200
1198
1200
1194
1194
1192
1191
1192
1191
1193
1190
1190
1186
1184
1184
1187
1182
1181
1181
1180
1177
1179
1178
1177
1178
1174
1174
1173
1173
1170
1169
1168
1167
1169
1168
1162
1162
1163
1164
1163
1160
1158
1160
1158
1158
1154
1154
1150
1150
1150
1148
1151
1147
1147
1147
1143
1143
1141
1140
1138
1141
1141
1140
1134
1135
1134
1131
1132
1132
1131
1130
1127
1126
1124
1125
1123
1125
1123
1123
1118
1120
1119
1116
1117
1116
1115
1113
1112
1111
1110
1107
1107
1109
1105
1103
1106
1102
1104
1104
1102
1099
1100
1100
1097
1094
1095
1095
1092
1090
1092
1089
1091
1085
1089
1086
1087
1081
1080
1083
1080
1080
1077
1078
1077
1077
1075
1076
1072
1071
1069
1069
1071
1069
1069
1068
1062
1065
1064
1062
1063
1062
1060
1058
1054
1056
1057
1055
1055
1053
1048
1048
1051
1047
1048
1047
1044
1045
1040
1040
1038
1042
1038
1037
1037
1033
1033
1034
1034
1033
1029
1028
1029
1026
1025
1028
1026
1023
1020
1024
1022
1022
1019
1018
1019
1014
1015
1012
1013
1013
1009
1008
1010
1009
1008
1004
1005
1005
1001
1004
1002
1002
1001
996
997
993
994
993
990
992
990
992
990
990
988
984
985
982
982
984
980
980
976
976
975
976
977
973
972
969
972
968
967
967
968
968
964
963
963
959
959
959
961
955
958
954
955
954
952
951
948
947
950
946
948
948
947
942
940
940
939
942
940
937
937
935
934
931
931
932
933
930
927
930
928
926
926
921
925
924
921
917
920
916
917
918
912
913
915
914
913
912
911
910
907
907
907
902
900
899
903
901
899
895
897
893
896
895
895
892
893
889
890
889
884
886
883
886
885
881
878
881
876
878
878
874
876
876
870
872
869
867
866
869
869
867
865
861
865
860
860
861
861
855
859
858
855
852
853
850
852
852
849
847
848
843
844
843
840
839
842
842
840
835
838
835
836
831
835
833
833
829
831
830
828
826
824
825
821
819
821
822
821
815
817
818
814
814
810
810
812
812
808
807
805
804
803
805
800
803
803
802
796
800
797
797
792
796
793
791
791
792
791
789
789
784
785
786
785
784
778
782
781
780
776
777
772
773
774
770
771
770
768
767
768
764
765
765
761
759
761
759
757
757
757
755
754
756
753
754
751
749
750
750
747
746
745
744
741
740
740
738
739
736
734
738
735
736
730
731
733
728
726
728
727
723
722
724
720
723
720
720
721
715
718
716
712
713
713
710
710
710
709
708
709
705
707
704
703
699
703
701
700
698
698
696
697
695
694
693
689
687
691
687
686
684
686
684
683
684
682
681
678
680
679
676
677
673
674
670
671
672
669
665
665
667
662
666
662
662
661
659
657
659
657
657
655
655
653
651
653
651
649
647
646
643
644
645
645
644
642
641
640
637
639
637
637
634
631
629
629
627
629
626
624
625
625
622
622
623
623
622
619
618
619
617
613
611
610
611
611
608
610
606
608
605
602
605
602
604
598
597
601
596
596
593
593
592
594
589
591
592
587
587
585
584
583
584
584
579
581
580
581
580
576
578
575
575
575
573
572
570
567
569
566
563
564
564
563
562
558
562
557
556
559
555
552
553
555
549
548
549
549
548
547
546
545
543
545
543
538
538
539
539
534
537
535
533
535
531
528
530
531
527
527
523
527
521
523
519
522
522
521
516
518
514
513
514
515
510
511
507
509
508
507
506
503
501
502
503
500
500
501
500
494
494
493
495
495
490
493
490
488
489
489
484
487
485
481
482
480
482
476
478
475
473
474
476
470
471
469
467
469
469
469
463
464
461
464
463
463
460
458
460
459
453
457
453
455
454
451
452
446
450
448
443
447
443
440
443
443
440
440
439
437
437
437
436
432
432
430
431
428
428
428
423
423
425
424
423
423
421
416
420
415
414
417
411
415
409
410
410
406
406
406
408
405
402
402
400
403
399
400
400
396
394
392
396
392
394
391
392
389
385
388
388
383
381
382
382
383
378
377
377
378
374
373
371
375
370
372
367
366
366
366
365
363
366
361
363
360
361
360
360
354
357
357
355
354
352
353
348
348
348
346
343
346
345
341
339
340
338
341
337
334
338
332
331
330
330
331
328
329
327
324
323
323
325
321
320
322
322
320
319
316
318
316
314
314
314
311
307
310
309
308
308
304
306
303
302
303
300
299
296
299
295
294
291
295
290
288
289
288
287
286
286
282
283
281
283
283
278
279
277
278
273
276
275
274
274
269
270
268
269
269
268
262
264
261
264
261
262
260
258
255
253
257
255
252
253
248
251
246
247
245
243
242
244
245
241
239
240
241
239
237
238
236
232
234
232
233
229
229
228
225
224
226
222
225
222
218
222
218
218
219
215
215
211
212
213
209
212
208
205
204
204
206
201
201
204
198
197
197
197
196
198
197
193
194
189
188
191
187
185
188
187
186
182
183
179
181
181
179
178
174
176
174
173
172
170
172
170
168
169
165
168
166
163
161
164
160
157
159
155
158
156
155
156
152
153
150
150
148
146
148
143
142
141
144
144
138
140
139
137
134
135
135
135
132
133
132
131
131
129
125
125
127
124
122
120
120
120
116
120
119
113
117
111
114
114
109
112
109
105
107
103
107
102
104
102
101
97
97
96
94
98
94
93
93
90
90
92
87
85
88
84
82
82
80
84
80
80
81
77
75
76
77
76
73
70
72
69
71
69
64
66
62
61
60
60
59
62
59
57
59
58
57
56
55
52
48
50
47
49
45
43
47
41
43
41
38
42
37
36
36
37
35
31
31
30
29
29
26
28
28
23
25
24
23
24
18
21
19
19
14
14
12
13
15
10
13
11
10
6
6
4
7
2
