1751
1749
1751
1750
1747
1748
1745
1747
1744
1744
1741
1739
1742
1742
1737
1735
1737
1734
1732
1736
1734
1734
1730
1729
1730
1729
1726
1724
1726
1724
1723
1723
1720
1720
1718
1720
1717
1713
1713
1711
1711
1711
1713
1707
1707
1706
1708
1708
1702
1702
1701
1699
1700
1699
1700
1700
1695
1697
1694
1691
1694
1691
1691
1687
1686
1688
1685
1685
1685
1684
1682
1683
1679
1682
1679
1675
1677
1677
1672
1676
1671
1674
1671
1667
1671
1669
1669
1666
1666
1662
1660
1662
1663
1662
1657
1660
1657
1657
1653
1656
1653
1650
1649
1652
1647
1647
1644
1643
1642
1642
1644
1640
1643
1639
1639
1635
1636
1636
1635
1636
1632
1632
1632
1629
1626
1630
1626
1623
1624
1622
1620
1622
1621
1620
1617
1620
1614
1618
1614
1613
1612
1611
1609
1608
1606
1609
1605
1608
1607
1601
1601
1603
1599
1601
1601
1598
1599
1595
1592
1592
1591
1591
1593
1591
1590
1587
1584
1586
1583
1584
1585
1582
1581
1579
1581
1577
1577
1573
1574
1573
1570
1570
1573
1572
1571
1568
1568
1568
1567
1562
1560
1564
1562
1557
1561
1557
1557
1553
1552
1551
1551
1550
1549
1548
1546
1548
1548
1548
1546
1544
1542
1539
1539
1538
1540
1536
1536
1533
1536
1531
1533
1531
1532
1530
1526
1530
1527
1526
1524
1521
1524
1520
1519
1521
1517
1520
1514
1516
1517
1515
1510
1513
1511
1507
1506
1509
1504
1508
1504
1502
1502
1500
1502
1500
1498
1499
1498
1498
1495
1496
1491
1490
1489
1489
1487
1485
1484
1484
1482
1486
1485
1483
1480
1478
1479
1478
1475
1476
1473
1474
1473
1469
1468
1470
1470
1469
1466
1465
1466
1463
1462
1462
1460
1457
1458
1457
1457
1454
1456
1453
1451
1454
1453
1448
1451
1445
1444
1443
1443
1446
1443
1439
1443
1437
1437
1436
1434
1434
1435
1432
1435
1433
1429
1431
1426
1425
1424
1428
1425
1424
1424
1420
1421
1420
1420
1418
1416
1416
1413
1415
1414
1409
1409
1411
1410
1406
1405
1405
1404
1402
1400
1400
1401
1397
1400
1397
1399
1397
1395
1391
1394
1394
1391
1389
1386
1386
1384
1383
1382
1386
1380
1379
1381
1379
1376
1375
1378
1374
1372
1371
1375
1372
1372
1367
1369
1368
1368
1365
1366
1365
1364
1364
1363
1362
1361
1357
1359
1358
1352
1355
1351
1354
1353
1347
1351
1347
1344
1348
1346
1344
1340
1342
1343
1340
1339
1338
1336
1338
1334
1336
1334
1329
1333
1329
1326
1326
1326
1325
1324
1325
1323
1321
1319
1322
1319
1316
1317
1318
1315
1312
1311
1312
1312
1308
1311
1310
1309
1308
1306
1304
1305
1301
1298
1299
1296
1296
1297
1298
1297
1296
1294
1290
1288
1292
1288
1286
1285
1283
1286
1283
1284
1284
1282
1281
1276
1275
1276
1275
1273
1271
1272
1272
1271
1267
1268
1270
1267
1266
1264
1262
1263
1259
1262
1260
1258
1256
1258
1258
1255
1252
1255
1251
1250
1248
1248
1245
1244
1247
1242
1242
1242
1239
1242
1240
1241
1237
1237
1238
1234
1233
1230
1232
1229
1227
1227
1225
1224
1226
1222
1224
1221
1224
1218
1219
1220
1217
1218
1214
1217
1215
1210
1214
1211
1210
1211
1210
1207
1203
1207
1201
1203
1200
1199
1201
1201
1199
1197
1198
1197
1196
1192
1189
1190
1187
1190
1190
1184
1187
1185
1184
1180
1181
1178
1177
1177
1176
1179
1175
1174
1176
1172
1169
1173
1168
1170
1170
1168
1164
1163
1161
1165
1160
1162
1158
1156
1158
1156
1157
1156
1152
1153
1152
1153
1152
1148
1148
1147
1145
1146
1145
1145
1141
1143
1139
1138
1138
1139
1134
1134
1136
1135
1130
1133
1129
1127
1130
1125
1126
1126
1124
1123
1121
1118
1117
1116
1118
1117
1114
1112
1111
1110
1114
1111
1109
1107
1106
1107
1103
1102
1101
1105
1102
1100
1099
1097
1096
1099
1093
1095
1093
1093
1093
1093
1091
1088
1090
1085
1086
1087
1081
1083
1082
1078
1079
1076
1076
1079
1078
1073
1071
1072
1071
1072
1072
1070
1067
1067
1065
1064
1062
1061
1064
1060
1058
1058
1058
1054
1055
1056
1056
1052
1050
1053
1049
1047
1045
1044
1044
1044
1043
1044
1044
1043
1041
1040
1036
1037
1038
1037
1033
1035
1031
1031
1029
1027
1025
1029
1028
1025
1022
1023
1022
1019
1020
1021
1016
1018
1017
1015
1015
1014
1009
1009
1009
1009
1007
1007
1008
1004
1006
1005
1001
1001
1002
1000
997
996
995
997
995
994
993
990
988
986
988
988
983
985
981
984
984
980
981
979
977
978
973
977
973
973
970
972
968
970
970
969
964
963
965
963
964
962
962
958
959
955
955
957
952
954
952
949
949
951
948
944
946
947
945
942
939
942
939
937
937
939
935
932
933
935
932
930
927
926
925
929
928
925
925
922
922
920
920
916
917
915
915
915
914
915
910
912
911
911
906
908
906
905
903
900
900
903
898
901
895
896
894
895
891
892
893
891
890
891
886
888
883
887
886
883
879
880
879
881
880
876
875
872
873
874
873
868
871
870
867
865
865
866
864
864
863
861
857
861
857
854
853
856
855
850
854
852
847
849
845
846
847
843
845
843
841
841
840
840
840
839
835
832
834
831
834
828
828
831
827
826
826
827
824
820
821
819
821
821
818
818
815
816
814
810
813
811
811
811
806
807
807
804
805
802
800
801
799
800
800
798
798
794
793
795
792
793
788
786
788
786
785
786
786
785
781
780
780
778
778
778
778
776
773
771
774
771
772
771
767
764
767
763
763
764
759
759
758
756
760
754
756
752
752
752
753
749
747
747
748
747
744
747
746
740
744
740
741
740
740
737
733
736
731
731
733
730
731
731
727
726
727
725
724
721
721
721
717
717
718
719
716
714
711
712
709
711
707
708
709
708
706
704
705
700
699
701
702
701
697
694
696
697
694
691
693
693
691
686
690
689
684
687
685
680
679
683
677
681
678
675
678
675
672
675
673
672
672
670
666
669
664
664
666
662
660
659
662
658
655
655
654
652
653
653
650
652
650
646
648
649
647
647
642
644
640
641
637
636
640
635
638
636
632
634
634
629
631
631
626
624
623
626
621
625
622
622
617
620
619
614
616
614
616
613
614
612
610
610
608
608
606
605
603
604
601
602
599
597
596
597
597
594
591
595
590
593
589
589
585
584
584
584
581
585
580
578
581
576
580
576
573
577
575
572
570
572
571
569
566
566
567
562
564
561
562
560
560
560
555
559
556
554
554
552
549
551
548
547
548
548
547
542
542
545
544
541
537
539
538
537
534
533
534
532
532
528
529
526
528
529
525
524
523
523
520
523
519
518
516
519
513
516
515
514
512
510
512
508
507
508
503
504
501
504
504
499
502
501
497
494
498
497
496
493
493
488
487
486
488
488
487
485
486
483
484
479
477
476
479
475
476
477
471
473
473
470
467
466
465
469
463
467
463
463
464
458
461
458
456
456
453
452
456
455
449
452
451
451
447
444
446
447
441
440
441
440
439
437
436
439
436
435
435
431
432
428
431
426
427
427
428
423
425
424
423
418
420
418
420
417
418
415
415
410
409
409
412
409
408
408
403
406
406
402
401
402
399
399
400
396
398
392
391
390
392
393
388
388
386
388
386
383
382
380
384
378
379
378
375
379
378
373
375
371
369
368
372
366
368
367
365
365
364
362
359
358
362
357
356
358
356
352
353
352
353
350
347
351
348
344
343
342
346
344
343
338
340
339
339
334
337
333
333
330
333
329
330
326
327
329
323
322
322
322
323
318
317
316
318
315
316
315
313
315
312
312
308
310
306
307
306
303
306
303
304
299
300
297
295
297
293
297
293
293
294
291
291
287
288
289
285
285
285
284
280
281
277
280
280
278
278
273
272
272
270
271
270
266
266
264
266
267
262
262
263
263
262
261
255
258
255
253
253
250
251
252
247
251
245
248
245
244
241
243
244
241
242
236
239
236
236
236
234
231
233
230
231
228
230
224
225
226
221
223
224
220
217
218
219
218
218
216
211
215
210
210
209
211
209
207
207
203
206
200
199
201
197
200
197
196
196
197
191
190
194
190
187
189
186
186
188
182
183
185
181
181
179
180
177
176
178
175
173
175
174
173
172
166
168
167
168
167
163
165
159
162
161
158
155
156
155
154
152
155
154
150
149
146
147
146
146
146
143
140
141
141
141
137
138
139
133
133
131
131
132
130
127
126
129
127
124
125
121
120
122
123
119
116
117
117
117
117
115
115
111
109
111
110
108
105
106
107
105
101
100
103
97
99
99
95
97
95
93
91
92
89
91
88
90
88
87
83
83
84
80
78
79
79
76
78
75
75
75
70
69
69
67
70
66
68
67
66
65
64
61
59
57
58
60
54
58
52
54
54
53
50
49
47
47
49
48
47
43
45
41
42
41
40
40
36
34
33
31
34
31
30
27
26
27
28
24
27
22
24
21
22
21
17
17
19
17
15
11
12
11
9
11
8
5
8
8
3
2
