250
249
253
249
251
248
248
243
242
243
240
241
243
241
236
238
236
235
236
232
234
234
232
230
229
225
226
223
227
224
223
223
220
219
220
219
215
214
212
212
210
212
213
207
209
205
206
206
207
206
203
200
203
202
197
199
199
196
193
196
191
193
188
189
189
185
185
184
187
184
180
183
182
182
177
179
178
177
174
175
172
173
173
168
171
166
164
166
166
165
160
164
158
157
157
160
159
156
153
153
152
151
149
149
151
148
146
148
147
141
143
140
140
140
138
139
136
134
132
131
130
131
131
131
128
129
128
128
125
122
122
121
122
122
117
117
115
118
117
111
113
113
110
107
111
109
109
103
105
101
102
101
98
98
99
98
98
98
97
91
91
90
91
90
91
85
86
85
83
83
83
79
83
80
81
77
74
77
77
76
71
71
70
68
69
68
64
65
62
62
63
60
62
61
59
58
56
55
53
56
51
54
50
48
48
46
46
46
43
45
43
40
40
40
41
38
37
35
37
33
31
33
33
28
30
27
27
26
27
24
22
24
20
22
16
17
15
13
14
15
14
10
9
8
8
5
9
7
2
5
5
2
4
3
8
8
8
9
9
11
15
15
17
14
17
20
16
18
21
22
22
26
27
27
29
30
26
30
29
29
35
33
32
36
34
39
39
41
43
39
44
45
46
45
49
48
47
51
48
53
54
54
57
54
59
58
56
58
60
62
62
62
65
67
65
68
71
72
73
69
74
71
76
76
78
75
78
82
79
80
85
81
86
88
88
86
87
91
88
94
90
91
97
98
98
99
101
98
98
101
101
106
106
103
104
105
110
109
109
114
114
111
117
118
114
115
116
117
121
120
124
124
123
127
129
127
128
132
132
131
131
133
135
133
134
140
140
142
140
143
143
146
143
148
144
145
151
151
152
149
151
153
154
153
156
155
157
162
160
164
162
161
163
165
169
167
171
170
170
174
175
175
173
174
176
176
177
177
181
183
180
183
187
185
188
190
189
189
192
191
194
195
196
196
196
200
198
199
198
204
205
201
203
207
207
210
207
210
210
213
213
216
214
216
215
218
218
217
220
219
224
226
222
225
224
227
227
231
228
229
233
236
234
235
236
237
237
237
243
240
242
243
243
246
247
250
247
251
251
253
