250
252
248
248
251
247
245
244
245
246
240
239
241
239
239
240
239
236
232
236
233
234
230
232
226
226
225
224
225
221
223
222
218
219
220
217
215
217
215
216
212
213
210
207
208
208
209
203
202
202
203
204
201
197
196
196
194
196
196
196
192
190
189
190
189
186
186
185
187
183
185
179
179
179
179
180
178
175
177
173
174
169
169
167
167
165
169
163
166
161
165
162
160
161
160
159
154
158
155
153
152
151
150
148
147
146
145
146
144
142
142
141
141
141
136
136
138
134
135
135
135
129
131
131
131
127
129
123
127
123
125
124
119
122
119
119
115
115
116
111
111
113
108
107
111
106
108
108
106
106
101
102
102
99
96
96
94
95
94
92
91
94
91
88
87
90
87
86
85
82
81
81
80
80
81
79
75
73
77
71
72
71
68
68
67
69
69
68
67
66
60
64
61
58
60
58
58
58
54
56
54
52
48
52
48
47
45
45
46
44
44
39
39
39
37
39
39
38
33
32
33
34
32
29
29
27
27
28
26
21
21
20
21
17
18
15
18
16
15
13
13
13
9
8
7
7
4
4
7
5
3
1
7
4
7
10
6
9
13
11
13
16
13
18
14
18
19
22
21
24
23
24
25
27
29
29
27
28
28
33
33
34
32
34
38
38
40
41
41
41
42
41
45
48
44
49
49
49
49
52
55
53
57
57
55
57
60
58
62
61
62
63
66
65
64
69
67
70
69
69
75
76
77
76
79
80
79
77
80
81
84
86
86
84
89
89
87
88
89
94
92
92
96
93
97
97
101
97
98
99
104
106
103
103
107
110
111
111
108
110
113
111
115
118
117
119
119
119
122
123
123
121
124
127
127
128
128
131
129
134
134
134
133
137
137
136
141
141
139
144
141
142
145
146
147
147
148
151
149
152
150
155
157
156
154
155
161
159
159
159
163
166
162
163
169
168
169
169
170
173
174
173
174
177
176
180
179
178
183
182
185
186
184
185
186
188
189
190
190
192
191
193
196
195
195
197
196
200
202
201
203
202
204
205
208
205
211
210
212
210
213
215
213
218
216
218
217
217
221
221
225
224
226
226
228
229
229
229
230
234
234
233
233
238
238
239
241
242
242
240
241
242
246
246
245
245
251
252
253
252
