253
254
252
251
247
247
247
244
245
243
245
241
238
240
239
235
234
233
232
233
235
229
229
232
227
225
227
227
226
221
224
221
218
218
221
220
214
213
216
212
210
213
211
211
206
209
205
208
207
206
203
201
200
202
199
198
197
194
197
194
192
194
189
192
190
190
184
183
185
182
184
181
180
180
177
175
178
173
172
176
172
170
173
167
170
169
168
167
165
166
163
160
158
157
157
155
155
154
154
151
155
150
151
152
147
150
147
147
143
145
142
141
141
141
138
135
136
138
137
134
130
133
128
131
131
129
124
128
122
124
121
123
123
122
121
118
118
115
116
116
113
110
112
110
110
110
105
104
103
104
103
101
98
98
98
98
97
94
92
96
95
89
93
92
88
89
88
83
85
85
83
80
78
77
76
76
75
73
77
73
70
73
69
68
68
68
67
68
63
66
65
63
59
59
57
56
56
55
53
54
52
51
50
51
46
47
45
46
42
46
45
44
40
42
37
38
39
33
36
31
34
34
33
27
26
28
27
28
24
22
21
23
22
20
19
15
14
15
13
12
12
12
13
10
8
10
8
6
4
5
2
2
3
7
5
9
8
8
11
14
12
15
16
16
15
17
21
21
18
20
24
22
22
25
25
28
30
30
31
33
33
31
35
37
37
37
36
38
43
40
41
44
43
46
47
47
50
52
52
52
54
54
53
58
57
58
59
60
58
64
63
61
65
68
64
67
68
71
71
72
75
72
75
76
74
77
77
82
79
83
85
81
82
85
87
88
90
92
89
89
95
95
92
93
96
100
98
99
100
99
101
103
104
106
109
108
108
109
112
112
110
115
112
118
119
117
120
117
119
122
125
123
124
127
128
130
126
128
131
129
131
133
133
136
138
140
139
138
143
139
144
144
142
146
144
147
149
149
149
151
151
154
157
156
154
157
158
157
162
163
160
165
165
164
165
165
171
167
168
169
175
176
176
178
179
178
180
177
183
183
182
183
187
185
186
189
187
190
193
193
193
194
194
194
194
196
199
199
199
202
205
202
203
206
205
205
209
211
212
209
213
211
213
217
217
215
217
220
220
223
223
226
226
228
228
228
231
232
231
234
235
236
234
238
237
239
241
241
240
241
244
241
246
243
245
245
246
247
250
251
