252
252
252
250
249
246
249
244
245
243
244
239
241
239
241
240
236
238
232
236
234
233
228
230
228
229
227
225
224
224
221
220
218
217
218
218
216
215
213
215
214
209
211
208
206
207
208
206
204
203
201
199
202
198
197
198
195
196
194
191
190
194
191
192
188
189
188
183
184
181
184
181
179
182
177
177
175
176
177
171
170
171
173
169
171
169
168
166
166
164
160
164
158
159
161
160
154
155
157
153
155
153
149
147
150
146
145
145
145
142
143
143
138
138
141
135
134
138
134
131
133
133
130
128
126
128
127
124
123
123
125
120
119
119
116
120
115
116
115
116
114
110
109
108
107
107
108
104
103
105
103
100
101
97
101
95
94
95
94
95
90
93
89
87
86
85
86
86
85
82
82
83
82
79
78
76
74
74
76
72
75
69
68
72
67
66
67
68
65
64
62
61
58
61
61
56
59
54
57
56
55
53
53
47
51
45
48
43
45
43
42
44
39
40
39
36
36
34
35
36
32
30
28
32
28
30
28
27
24
26
21
20
20
20
20
18
16
15
16
13
11
10
12
8
9
5
9
4
4
6
3
6
3
6
4
8
10
12
10
14
13
15
17
16
15
20
21
20
23
21
21
24
23
27
24
29
29
32
31
34
32
31
35
34
39
38
40
42
38
41
41
43
46
48
47
45
49
50
48
49
50
53
55
55
58
56
56
59
61
59
63
64
67
67
64
70
68
70
69
70
73
76
75
76
74
79
81
80
83
81
85
81
86
87
86
87
86
87
90
89
94
93
97
93
96
98
97
101
103
104
104
106
102
103
104
110
110
110
110
113
110
116
112
113
114
119
121
122
118
123
120
122
126
128
124
128
126
130
128
130
130
134
136
138
137
136
137
137
142
144
141
143
144
147
147
148
151
151
148
153
153
155
154
155
158
157
159
161
160
159
161
166
164
164
164
169
166
171
171
171
171
175
176
177
175
178
180
178
183
179
183
182
187
187
186
188
190
188
192
191
193
194
192
195
195
200
197
198
198
203
204
206
203
208
206
209
208
211
211
212
213
215
215
214
215
216
220
218
220
223
221
222
224
228
225
229
228
231
232
230
235
233
234
234
237
237
237
237
239
239
244
246
245
246
246
245
248
248
253
253
