253
249
253
248
247
247
247
243
243
241
241
240
238
238
238
235
237
233
235
232
232
231
233
232
231
230
225
228
227
222
222
223
220
218
220
215
216
218
217
212
212
211
213
210
207
209
205
203
204
203
202
202
201
198
196
198
198
198
193
191
190
192
192
190
188
187
185
184
186
183
183
181
180
177
177
179
178
176
174
176
171
169
170
172
171
169
164
167
162
165
160
159
158
158
156
159
155
153
152
153
152
149
150
149
146
148
146
145
145
141
141
142
142
137
137
140
136
135
132
132
131
132
130
132
130
125
129
126
123
124
125
121
121
118
119
117
116
114
115
111
114
112
109
110
110
105
105
107
103
101
104
103
100
99
101
99
96
96
97
91
91
91
89
89
89
86
87
86
84
82
84
79
83
81
78
75
78
74
77
73
72
70
73
72
68
65
65
68
65
64
61
62
58
57
56
58
59
55
54
56
50
53
49
49
48
46
44
46
46
42
42
44
39
40
39
37
35
33
33
31
35
34
30
29
30
29
27
28
23
22
22
19
21
21
17
15
14
17
16
15
14
14
8
12
6
6
8
3
2
3
4
4
7
3
5
10
8
8
11
13
13
13
13
14
18
20
16
20
19
20
22
25
26
23
26
25
29
28
28
29
32
34
34
38
34
35
36
37
39
43
41
42
45
46
49
46
46
52
53
50
53
56
57
54
54
55
56
59
62
61
65
64
67
63
69
69
71
70
68
70
72
75
73
77
75
76
78
81
79
80
81
81
84
85
86
87
86
92
88
93
92
92
95
97
95
97
101
99
98
103
103
103
107
106
105
110
111
108
110
111
111
113
113
113
116
120
116
122
122
119
125
123
126
127
126
128
130
128
130
132
131
133
137
137
136
136
141
139
142
144
141
144
143
147
144
146
149
150
149
153
154
156
153
154
158
156
159
162
160
163
165
161
167
164
167
166
168
169
169
174
173
174
177
176
174
180
176
180
178
183
183
181
185
188
188
186
188
187
191
189
191
191
194
197
195
196
196
199
198
202
204
202
202
205
206
205
207
209
208
213
214
216
217
218
218
216
217
218
222
221
220
224
225
226
228
228
231
229
231
232
230
233
234
233
236
240
239
240
240
243
241
243
246
243
244
248
250
249
251
251
