254
251
253
252
246
250
248
248
242
244
244
243
238
238
237
236
235
237
232
234
232
233
233
230
228
226
229
227
225
223
225
223
221
218
216
220
215
216
213
214
215
209
208
211
206
209
205
203
204
202
205
199
201
199
199
200
196
197
196
194
190
193
192
188
189
187
189
186
186
182
180
182
180
181
181
176
179
178
174
172
174
173
173
168
171
169
165
168
165
163
164
159
162
158
161
158
154
153
153
151
152
151
149
149
150
148
148
144
143
146
143
142
140
139
141
136
135
133
137
136
134
131
130
130
126
129
128
128
126
123
125
123
118
117
118
117
116
118
115
116
111
112
109
110
111
108
109
106
107
104
105
101
101
99
96
97
94
93
95
95
90
94
93
88
91
89
84
88
87
82
84
83
81
78
76
79
76
78
75
73
71
70
73
71
67
66
69
66
65
63
65
62
58
61
57
55
56
57
54
55
55
51
51
47
48
46
48
48
45
43
41
43
42
39
38
40
35
34
35
33
31
31
31
32
31
29
27
23
24
22
25
22
20
18
18
18
14
17
12
11
13
11
12
11
8
6
4
4
5
6
4
6
7
7
5
5
10
10
11
9
10
12
15
17
18
18
18
22
18
20
23
23
25
27
27
27
29
29
32
29
35
31
32
34
35
38
41
42
41
39
41
42
42
47
48
49
47
51
49
51
50
52
53
58
57
57
60
59
59
60
63
61
67
68
67
65
71
72
70
70
71
74
75
76
76
75
80
79
80
81
81
86
83
86
87
87
89
92
89
91
92
95
92
96
95
100
100
97
101
103
103
102
104
106
105
108
110
109
111
114
111
113
117
114
118
115
120
121
118
122
124
121
123
124
127
126
130
128
133
130
130
136
136
137
134
139
141
137
139
140
144
143
144
144
147
146
146
151
153
153
151
156
152
153
159
157
161
159
163
164
163
164
167
166
166
169
171
167
171
169
172
172
176
173
175
180
176
181
178
182
183
181
182
187
185
190
188
189
191
194
193
194
197
198
194
199
199
200
201
202
203
201
207
207
208
208
207
211
212
209
215
216
216
215
215
218
220
221
219
221
225
222
226
226
225
230
226
232
233
230
231
232
236
234
236
237
237
240
238
244
242
243
242
246
245
249
246
248
250
252
