250
252
251
251
247
245
248
245
246
241
244
239
241
242
239
237
234
236
237
233
234
233
229
232
228
226
224
227
226
225
223
221
219
222
220
217
217
217
213
213
213
212
211
208
210
206
207
204
206
203
201
204
199
197
201
197
199
197
196
196
195
191
193
191
187
189
184
185
186
186
183
179
179
179
176
175
176
175
176
176
175
169
171
170
168
166
164
165
166
161
161
159
161
158
161
155
156
158
154
154
154
152
151
150
150
146
145
144
146
146
145
142
139
140
140
138
134
134
137
134
132
130
131
132
129
128
126
128
126
123
124
122
123
118
120
115
114
114
112
112
110
111
112
111
111
108
104
105
107
101
102
99
98
101
96
96
96
98
95
95
91
92
90
91
90
90
87
88
87
83
82
84
83
79
79
78
76
74
75
76
74
71
68
71
67
67
66
65
67
66
63
60
58
58
57
58
55
58
52
53
51
52
48
49
48
49
48
44
44
41
45
39
40
38
38
36
37
36
37
35
30
33
31
28
26
28
25
26
27
26
25
20
19
17
17
15
17
18
12
15
13
14
13
8
8
7
4
5
4
2
5
6
5
4
8
10
6
10
9
12
12
15
15
13
15
19
16
20
22
20
21
21
25
28
28
29
30
31
32
33
34
34
35
38
38
40
38
39
38
41
43
41
47
48
45
50
50
49
48
52
54
53
52
55
54
57
57
57
60
60
60
66
65
66
66
65
68
68
70
73
72
72
74
75
77
77
80
82
80
84
81
82
82
87
89
85
87
89
89
94
95
95
97
94
99
98
101
99
102
99
100
102
103
105
107
107
109
110
110
109
114
111
113
118
115
115
116
119
120
121
125
125
123
125
125
130
130
131
133
131
132
132
135
136
134
135
137
140
142
143
141
144
144
145
148
150
148
151
148
149
152
155
156
155
158
156
157
158
161
160
160
166
167
167
167
166
167
169
173
171
174
172
175
177
175
178
181
178
183
184
182
181
187
183
184
188
187
190
190
192
191
194
192
195
194
199
200
202
199
201
200
202
205
206
208
210
209
212
213
211
210
216
214
214
218
220
221
220
223
220
225
221
225
228
229
226
226
227
230
229
232
231
237
235
237
239
241
239
240
242
244
242
242
243
249
247
251
252
249
249
