250
251
249
250
247
245
244
244
246
244
245
240
239
239
240
238
238
233
237
236
232
234
233
229
231
230
227
228
223
224
223
220
221
219
216
216
214
215
216
214
215
214
213
209
211
208
209
203
203
204
202
201
201
198
198
195
199
196
194
191
190
190
189
192
188
185
184
187
182
182
184
183
182
177
179
178
176
177
173
171
170
172
173
167
171
169
168
166
165
164
160
159
163
159
157
158
158
156
152
154
152
154
150
149
148
149
148
148
143
141
145
143
138
138
138
140
137
135
133
134
133
130
132
128
131
127
126
124
123
124
125
124
119
117
121
117
114
114
117
113
114
111
113
111
106
110
107
105
105
102
103
100
103
99
101
100
97
97
93
91
94
90
91
88
91
87
88
86
84
84
80
81
83
81
80
75
77
78
72
76
70
71
68
68
70
69
69
67
65
63
60
60
60
57
56
59
56
55
55
52
55
52
48
49
47
50
44
43
42
42
44
41
41
38
40
40
34
33
33
33
34
33
28
28
27
26
27
26
26
23
22
23
18
17
20
17
17
14
16
16
11
13
11
8
10
6
9
3
7
3
5
2
5
3
9
10
7
9
13
9
10
11
16
17
19
19
21
18
22
21
25
24
23
28
26
26
26
27
30
33
34
33
36
36
34
36
40
42
42
42
40
42
44
43
47
46
49
47
52
53
54
55
56
57
57
55
61
57
60
61
65
61
63
68
65
66
70
69
71
72
72
72
73
76
74
78
78
80
83
84
83
86
86
87
85
89
91
90
88
91
91
92
95
95
99
96
101
97
101
101
100
102
105
103
105
106
110
107
113
110
115
115
117
115
117
120
118
118
119
119
124
126
123
126
125
127
127
129
128
133
134
134
135
134
134
140
140
138
143
143
140
141
146
148
147
149
148
149
148
153
151
153
154
157
157
155
160
158
158
159
161
163
167
168
169
166
167
170
168
174
172
172
174
174
176
175
181
177
181
184
185
184
184
186
184
188
188
188
192
191
194
194
192
196
196
198
196
197
199
200
202
203
204
206
207
209
207
212
213
211
210
211
216
218
214
216
220
221
219
223
222
225
224
223
228
227
228
230
228
231
230
234
232
233
236
235
237
241
243
241
245
244
244
248
244
248
247
252
252
252
