255
254
250
248
249
250
246
248
243
246
244
243
243
239
238
238
234
237
232
231
235
231
233
232
226
226
229
223
223
221
222
224
218
219
216
219
216
215
215
214
214
213
212
212
210
210
204
205
207
202
200
203
199
201
198
200
194
196
193
194
193
190
192
191
190
189
189
183
186
181
183
183
178
180
180
180
175
173
177
172
171
174
173
172
171
167
166
167
164
165
163
160
162
158
157
155
155
155
154
156
154
152
148
148
146
145
145
148
142
141
144
142
138
140
140
136
137
137
137
132
131
130
130
129
130
125
128
125
123
123
121
121
120
119
117
119
117
118
112
115
114
113
111
107
111
107
104
106
105
101
100
100
100
98
96
99
95
94
93
95
94
89
91
89
88
88
87
86
84
83
81
84
79
80
80
76
74
74
77
72
72
70
70
71
71
66
64
65
64
65
60
59
63
61
57
60
55
58
57
51
53
49
50
49
49
50
45
47
42
46
42
44
43
41
41
37
35
33
34
32
32
34
29
29
31
28
27
28
24
24
21
22
18
19
21
16
16
16
15
14
10
13
10
9
10
9
4
4
7
3
2
6
5
3
5
6
6
9
13
12
12
14
12
16
15
16
17
21
23
21
25
25
26
26
27
25
26
30
29
31
30
33
34
37
38
39
38
42
40
44
41
45
44
45
45
50
46
48
53
51
54
55
54
55
54
60
60
58
58
62
63
66
63
65
67
65
66
72
68
72
73
72
72
74
74
76
80
79
81
82
80
82
84
87
85
89
86
87
90
89
91
91
97
95
99
96
96
101
102
104
103
104
105
104
104
105
107
110
111
109
110
113
113
118
114
115
117
119
119
124
123
121
123
128
129
127
126
131
128
130
134
135
132
134
134
136
137
138
139
139
145
145
142
147
146
148
150
149
149
154
154
155
153
158
156
160
157
158
158
161
162
161
166
165
166
165
168
168
173
173
174
173
173
176
177
178
181
180
182
182
181
184
186
186
186
187
191
189
190
194
193
193
192
193
198
195
196
202
199
199
205
202
204
205
209
205
206
209
211
209
212
214
212
218
216
218
220
219
222
224
224
224
223
224
225
228
230
228
232
233
234
236
232
237
234
239
239
240
238
243
243
243
247
243
246
250
248
249
253
251
