252
249
250
251
251
246
248
247
242
243
245
241
239
242
238
236
235
233
237
236
234
232
232
230
227
229
227
224
222
224
223
222
222
217
220
220
216
213
212
216
215
214
213
207
209
206
205
205
204
203
201
204
203
197
199
196
196
198
197
192
195
190
189
192
191
190
185
186
187
181
182
180
180
177
181
180
175
177
172
173
174
172
170
167
167
168
166
167
164
164
164
160
163
158
161
159
158
156
155
151
150
149
152
148
148
149
147
145
142
141
142
141
138
141
137
138
136
138
132
131
130
132
133
132
130
129
129
126
123
126
120
124
118
117
117
115
114
116
114
111
111
111
109
111
111
105
104
104
103
102
101
102
103
102
96
100
99
95
94
91
93
94
89
87
90
89
89
87
83
82
80
84
80
79
76
80
77
73
76
76
71
71
69
72
71
69
69
65
67
65
61
59
60
61
58
60
55
54
53
56
53
49
51
47
49
45
45
45
43
46
45
40
42
41
40
40
38
38
34
35
33
34
28
31
26
25
28
23
26
24
20
22
22
22
19
16
15
16
12
13
12
11
8
7
6
7
6
5
2
3
2
3
3
8
5
6
8
11
8
9
14
13
13
18
15
19
18
19
22
21
22
21
23
25
28
26
29
29
28
32
32
36
34
33
37
38
37
41
38
43
40
44
47
44
49
50
47
52
51
52
53
52
52
56
54
56
61
59
62
64
65
61
64
63
66
65
70
71
71
69
74
75
74
78
75
80
76
77
83
83
83
86
86
87
89
87
91
87
90
91
92
94
95
96
98
99
100
98
99
103
100
102
104
105
108
107
109
108
110
111
113
115
112
114
118
119
119
122
119
123
120
124
124
126
124
129
130
127
128
131
130
135
136
136
137
135
138
137
138
139
143
144
144
147
147
150
146
151
148
151
152
156
153
153
159
160
159
159
160
161
164
166
163
163
167
169
166
170
169
171
170
176
173
173
176
180
178
177
181
184
185
182
183
183
189
189
188
190
189
191
191
193
195
194
195
197
201
198
202
201
205
203
203
203
206
210
210
208
210
213
214
213
214
217
215
216
216
221
223
223
221
225
222
227
228
229
230
230
231
231
233
232
234
238
234
237
238
240
242
240
245
244
246
244
246
249
248
247
251
249
