252
250
252
251
246
247
249
246
244
246
243
241
240
242
237
236
238
234
232
235
231
229
228
231
230
228
227
225
226
221
223
219
218
219
221
215
216
213
212
211
213
212
210
209
207
207
207
206
207
201
201
202
203
202
198
196
198
193
193
194
194
193
192
187
191
189
185
186
185
181
180
183
179
177
176
178
177
177
177
171
175
172
172
171
169
167
167
166
163
163
162
160
160
162
157
156
157
157
155
156
153
151
153
148
149
150
145
148
143
141
140
139
142
139
138
136
134
133
135
135
130
133
130
132
129
128
124
123
122
123
123
121
118
118
117
119
116
113
113
111
112
112
110
107
110
105
106
108
105
101
103
102
98
99
96
97
99
98
93
94
90
89
93
90
89
90
85
85
84
82
85
80
83
77
80
80
79
78
77
72
71
69
68
69
66
69
69
67
65
64
61
63
61
62
56
59
58
56
57
54
50
54
50
50
48
48
45
45
42
41
44
42
42
42
40
37
34
37
36
35
31
31
29
32
29
26
28
25
22
22
21
23
23
20
19
18
17
16
12
12
13
14
8
8
9
10
7
3
5
6
4
5
5
6
9
10
7
7
9
12
13
15
12
17
16
16
16
17
19
21
23
26
22
27
29
27
27
29
33
30
30
33
36
33
35
40
41
42
41
40
45
46
42
43
46
46
47
52
51
51
53
54
57
55
55
57
57
57
61
61
65
61
66
65
69
65
67
68
70
70
73
76
73
73
76
77
77
79
81
83
85
86
82
88
85
89
91
88
91
94
91
91
92
94
99
95
99
100
100
104
104
102
106
108
104
109
109
112
111
111
112
113
116
117
116
119
117
121
119
124
124
123
127
127
126
129
131
132
131
129
133
131
134
133
138
137
136
142
142
140
140
146
143
147
148
150
150
150
151
149
154
155
157
154
157
160
159
160
159
164
164
161
167
163
167
170
167
169
173
170
170
174
175
173
174
175
178
177
183
183
181
185
183
188
184
186
190
191
191
194
192
191
192
193
194
198
199
201
202
203
203
202
207
205
209
207
208
211
211
213
214
213
212
217
218
218
219
222
223
219
220
223
224
223
226
230
226
228
230
232
235
234
236
234
236
238
240
239
239
241
240
244
246
248
245
247
250
249
251
253
