254
250
250
250
246
245
248
245
246
241
240
243
239
240
239
238
239
236
236
235
233
229
230
229
231
228
228
224
226
221
221
224
218
220
216
217
217
214
217
215
213
212
208
208
207
206
204
207
207
205
200
201
200
198
201
200
195
198
197
192
193
190
193
190
187
190
186
186
185
186
184
180
181
180
177
176
179
176
174
176
173
170
171
169
170
166
169
163
164
163
163
162
160
159
159
160
159
153
154
152
154
154
148
149
148
146
147
146
146
143
145
141
138
139
136
140
138
137
135
131
134
134
129
127
130
129
127
124
122
122
122
119
123
120
119
119
114
115
112
111
113
109
113
112
110
105
104
105
103
105
102
99
101
98
101
99
96
98
96
95
93
89
93
88
88
88
86
88
84
85
83
80
79
78
76
75
75
77
72
72
72
69
71
69
68
70
68
68
66
66
64
62
63
58
57
55
54
54
57
54
52
54
49
47
50
46
47
47
43
45
45
41
42
37
36
35
35
35
33
35
34
34
32
32
30
27
29
24
27
23
25
20
21
18
19
19
19
16
16
13
13
14
12
7
7
8
6
7
5
6
0
2
2
8
4
9
8
8
11
14
14
14
13
13
15
20
17
17
21
21
25
22
23
25
26
29
29
29
29
34
33
34
37
33
36
38
38
37
38
40
43
41
42
45
49
48
49
47
51
53
51
51
52
56
55
58
57
60
63
62
60
63
67
66
67
65
68
70
69
70
71
72
76
78
75
75
78
82
81
83
84
81
87
83
86
90
88
88
88
90
95
93
94
98
99
99
96
101
102
99
101
105
105
108
109
106
106
110
108
114
112
112
113
118
117
115
116
121
120
122
120
126
123
123
126
126
127
127
133
131
134
131
135
136
134
135
137
139
140
141
142
142
142
147
147
149
151
152
148
152
152
151
155
158
154
160
161
157
158
159
164
166
162
165
164
170
167
168
172
173
173
176
177
173
178
180
179
182
178
182
184
186
187
183
184
187
189
187
189
194
194
191
196
194
199
195
201
199
202
202
200
206
204
208
207
205
208
212
209
209
211
214
213
215
219
217
220
219
219
220
225
223
223
223
226
229
227
228
231
231
231
234
236
234
237
237
241
242
243
239
243
246
246
243
248
248
246
248
251
251
