255
252
248
248
248
248
244
248
243
242
241
242
242
241
240
235
236
233
237
233
230
230
232
229
227
227
228
223
224
221
222
220
223
218
216
217
217
217
217
215
212
213
208
211
211
210
206
208
206
205
205
200
198
201
199
200
195
194
194
192
192
193
192
190
186
187
189
186
184
184
180
181
178
180
181
177
174
174
173
173
174
169
168
167
170
165
166
165
163
163
163
160
158
158
157
159
154
156
155
156
154
153
153
148
148
149
147
145
147
143
144
140
142
142
138
138
136
134
134
132
131
131
128
131
128
126
126
128
122
125
123
123
119
118
121
119
116
114
114
113
111
109
113
109
108
105
109
107
102
105
101
102
102
99
101
95
96
95
92
91
91
91
92
91
87
87
84
85
87
84
82
80
78
81
77
80
78
76
77
74
74
69
71
67
66
68
69
66
65
61
63
60
59
60
58
57
57
56
53
54
55
49
51
47
47
50
46
48
45
42
40
41
41
42
38
37
38
34
32
33
35
34
30
30
28
30
25
27
25
22
23
23
21
18
18
20
19
14
13
12
10
10
11
7
10
6
7
5
5
5
5
4
4
6
7
8
8
11
11
9
15
13
15
16
16
16
17
20
21
19
20
21
23
28
26
25
29
32
30
34
33
32
33
37
36
38
40
40
43
41
41
43
47
46
48
45
48
49
51
52
54
56
52
56
54
57
57
62
60
59
64
61
67
63
68
66
70
67
68
72
74
71
77
77
79
77
79
82
80
84
83
83
83
86
89
85
87
89
88
90
94
91
94
93
94
99
101
101
98
104
101
105
104
107
109
109
108
108
111
111
114
111
115
117
117
117
117
119
118
122
124
121
124
127
124
127
130
127
128
133
132
131
133
134
139
137
140
140
139
144
142
141
143
145
146
149
150
152
149
150
155
152
153
154
156
155
160
161
161
161
160
163
167
165
166
169
170
170
173
173
175
174
173
174
179
180
177
181
182
183
181
182
187
184
186
189
188
187
193
194
192
195
195
196
194
195
200
199
201
202
201
206
205
207
204
205
206
208
208
212
213
212
215
214
215
219
220
219
220
222
223
221
223
227
226
229
230
227
230
234
235
236
234
236
239
239
236
240
243
244
240
246
247
244
245
246
249
252
253
253
