254
251
253
247
248
249
247
243
247
244
245
240
241
242
239
237
235
233
232
235
233
233
231
230
229
226
227
228
226
226
223
222
222
218
221
218
217
213
215
214
212
211
211
210
207
208
205
207
203
206
201
199
198
201
198
198
194
194
194
192
193
193
191
192
190
188
186
185
185
183
182
181
183
177
181
179
174
176
177
172
171
170
172
169
168
165
165
164
166
161
164
162
159
157
159
156
157
156
154
156
152
154
150
148
146
145
145
144
143
142
144
142
141
140
141
135
137
138
134
132
132
129
133
130
129
128
128
125
124
125
122
124
120
118
118
117
119
118
116
112
115
112
111
107
111
108
107
104
103
106
100
103
100
100
99
97
98
96
92
96
92
93
89
89
88
89
89
83
82
81
84
79
80
79
79
76
74
78
73
74
71
74
73
72
69
70
66
63
64
62
60
64
63
62
61
57
58
57
56
52
50
49
52
51
46
49
49
46
47
41
42
42
43
37
39
37
39
33
32
33
30
34
31
31
27
30
27
23
27
25
21
23
23
22
17
17
18
18
17
11
14
10
8
11
7
7
9
6
6
1
3
2
7
5
5
9
10
12
9
13
15
16
17
13
17
18
21
21
23
24
21
26
22
25
24
29
28
31
32
29
33
34
32
37
37
37
38
37
39
41
45
42
43
47
49
46
47
49
48
51
51
52
56
56
55
58
58
57
63
60
60
65
67
63
69
67
68
68
72
71
71
73
77
74
74
77
80
82
78
80
84
85
85
83
87
85
89
91
89
89
95
94
94
97
97
98
98
101
98
100
100
102
106
106
105
106
106
110
112
114
115
112
114
118
117
115
117
118
121
120
121
124
125
123
127
128
126
131
133
130
130
131
132
135
138
135
140
137
141
141
141
143
143
143
145
148
146
147
153
154
153
154
155
158
157
159
156
157
159
159
163
163
166
168
167
166
170
170
169
172
173
176
174
174
178
176
181
182
180
179
185
185
183
186
188
190
187
187
192
189
195
196
196
194
198
195
198
200
203
200
204
205
204
204
205
210
210
210
209
212
215
214
214
215
219
216
220
220
221
222
220
221
222
224
226
226
229
229
233
229
235
232
234
234
234
235
240
238
243
240
243
243
242
244
249
248
246
252
252
252
