253
251
251
250
250
249
249
243
247
241
241
239
243
237
241
236
236
235
232
235
230
231
231
231
231
228
225
227
223
225
220
219
223
221
220
218
218
218
216
216
214
213
211
210
210
205
208
208
204
201
205
203
198
202
200
200
197
194
196
196
190
193
190
191
191
188
188
186
183
185
185
179
183
181
178
175
175
176
173
172
175
171
173
172
170
169
164
163
162
166
162
160
161
158
159
156
154
155
155
155
154
153
151
151
146
145
144
146
147
142
140
140
143
141
140
140
139
135
136
131
132
130
130
130
130
125
128
124
122
124
121
124
123
119
117
119
118
114
116
111
111
113
108
112
110
109
107
106
103
104
100
99
100
101
101
95
94
94
93
93
90
93
89
88
89
89
84
86
85
86
81
80
79
81
81
80
76
76
73
74
72
72
70
70
66
66
67
63
67
61
62
59
62
59
56
58
57
56
57
55
53
54
50
50
50
45
44
46
46
41
41
43
42
41
41
37
37
33
32
31
32
33
32
31
31
30
25
25
26
24
21
24
23
21
17
19
16
13
12
14
14
10
11
12
9
5
9
7
6
6
4
1
4
3
7
10
8
10
9
12
11
11
13
13
18
17
21
19
18
23
22
25
25
25
25
29
28
31
30
29
31
34
33
34
37
40
36
41
38
44
43
44
46
45
44
46
48
47
48
54
50
54
54
53
56
55
58
60
59
61
60
64
66
63
69
69
66
72
71
71
73
76
77
73
75
80
79
79
83
79
80
85
87
83
86
88
87
91
89
92
94
91
96
93
96
97
98
97
103
99
102
106
105
106
108
108
109
111
109
113
115
113
115
118
118
118
118
122
119
123
121
123
125
128
127
128
127
128
133
134
133
136
134
138
137
137
136
137
139
144
140
146
147
143
145
145
149
152
151
152
155
153
156
154
157
160
161
157
159
160
165
166
166
167
169
165
169
171
172
171
175
173
173
178
177
176
179
180
182
179
180
186
183
183
186
186
187
192
192
191
192
195
193
198
197
197
201
198
203
201
202
204
203
208
209
209
208
209
211
211
212
215
212
217
215
220
220
217
222
219
224
225
224
226
228
229
226
227
232
231
235
231
237
238
235
239
237
238
242
241
244
241
245
245
246
249
246
251
250
250
