119
24
587
274
355
23
209
283
406
85
97
627
471
494
339
2
758
700
259
229
863
73
673
484
438
102
644
427
553
90
275
474
329
399
217
494
511
643
28
434
264
469
766
597
40
783
510
783
340
400
229
308
29
101
196
163
841
747
213
774
45
131
321
429
622
231
98
498
608
210
185
482
545
583
217
821
275
475
671
506
325
395
38
159
247
855
561
139
302
44
864
841
316
601
499
767
478
607
571
820
231
442
259
687
477
770
543
545
91
349
212
194
777
235
272
264
779
337
310
316
445
247
636
222
455
776
801
669
502
583
557
396
0
438
520
448
801
192
784
737
748
639
144
675
167
696
856
842
814
151
119
847
60
629
140
184
616
793
215
497
770
499
158
327
739
246
840
434
271
452
227
659
705
533
252
650
342
88
585
340
815
302
718
420
10
98
383
735
295
669
185
419
609
24
758
86
494
492
826
495
656
87
499
262
363
328
747
788
142
842
0
315
428
58
562
738
96
633
369
431
313
593
747
8
427
684
99
296
121
409
319
665
478
595
550
69
517
616
405
652
130
678
681
651
749
668
473
307
157
616
591
539
395
143
70
207
298
219
271
805
461
629
419
845
168
313
668
154
649
322
847
437
194
266
363
44
515
419
622
849
224
624
847
868
58
652
53
452
392
734
511
363
629
352
349
41
783
729
248
437
392
145
52
807
762
732
811
548
265
203
159
23
846
515
360
646
657
707
558
546
858
221
733
342
385
870
161
79
270
677
623
29
182
627
417
161
830
557
174
60
229
254
138
25
86
50
118
854
183
395
207
155
772
1
655
640
770
693
441
294
281
268
45
858
604
512
74
870
189
706
1
824
107
755
253
195
369
748
452
207
372
361
626
550
321
664
28
363
619
157
303
176
39
394
770
857
310
277
311
551
206
411
18
414
805
678
479
370
478
508
794
478
446
693
138
219
144
253
116
748
290
318
320
498
245
71
664
689
848
434
601
678
82
186
157
324
541
633
148
637
640
432
375
425
251
495
56
141
409
332
775
667
581
436
372
157
368
362
281
163
644
790
131
836
312
101
873
300
63
529
90
823
794
767
66
372
592
554
834
120
838
576
60
435
782
268
566
548
306
323
574
790
213
258
32
714
407
705
604
239
366
305
450
535
609
770
55
519
190
452
367
869
254
676
741
697
293
250
107
187
275
385
872
338
716
446
675
17
570
322
595
422
521
220
72
587
792
11
612
642
748
358
438
250
657
195
619
847
160
463
257
305
45
254
214
569
711
701
760
77
287
818
382
341
830
485
329
90
733
92
826
592
233
543
455
117
488
588
707
818
738
806
439
459
137
644
359
496
772
538
236
798
611
523
471
401
670
694
131
850
192
430
88
271
343
665
712
474
119
828
724
691
256
430
446
314
146
814
531
610
685
848
180
762
609
776
669
456
37
74
703
138
475
742
334
298
856
465
408
3
329
489
631
728
667
194
328
182
332
112
781
478
39
859
103
269
660
264
115
208
610
626
540
842
338
774
741
436
639
324
246
839
313
14
52
666
868
611
352
456
407
720
347
311
283
631
635
259
800
558
71
110
117
757
704
384
759
599
522
584
303
122
763
727
681
11
200
272
525
42
92
711
630
377
364
280
799
871
125
273
197
207
791
341
859
445
321
473
15
114
586
348
476
609
794
627
825
638
279
583
264
772
347
113
457
8
631
582
673
133
761
42
365
355
386
358
660
357
841
700
550
622
697
622
315
143
401
483
811
622
386
456
625
591
193
420
317
108
570
116
548
324
112
388
811
219
427
294
840
563
822
236
194
709
8
174
426
93
791
177
327
181
784
675
308
524
598
816
396
773
220
203
343
454
183
836
828
252
193
150
766
475
36
650
762
550
463
195
572
158
85
555
773
137
457
545
733
347
749
262
826
169
448
360
560
848
27
779
584
806
733
370
30
360
518
673
395
283
538
281
640
228
116
108
711
409
834
251
222
813
605
261
755
798
756
