388
93
585
542
498
318
233
682
827
34
343
491
126
233
606
137
74
744
16
469
130
201
261
292
847
654
590
151
200
280
173
398
504
20
612
309
587
179
823
447
498
238
236
616
127
466
710
385
458
373
91
567
578
790
39
598
612
154
232
593
256
374
520
328
541
704
413
203
190
638
190
681
412
615
150
242
225
315
251
16
139
431
120
475
704
203
37
213
574
354
152
481
464
226
548
26
473
91
276
27
715
74
783
598
344
700
670
194
809
164
301
638
337
201
494
38
54
166
778
804
160
156
497
114
43
633
593
493
179
363
269
724
48
566
601
54
423
424
546
66
248
430
674
617
62
221
810
336
12
58
251
794
477
774
629
810
732
233
258
326
678
166
649
644
202
349
546
487
354
864
91
555
853
307
485
6
110
221
44
582
617
366
492
2
451
678
334
659
172
277
506
435
284
440
477
670
53
352
713
19
86
677
273
68
338
489
657
328
609
514
315
542
765
705
93
696
466
163
866
709
30
291
403
187
262
793
620
89
416
813
504
829
666
32
284
477
294
284
446
223
193
302
750
818
648
261
594
763
201
738
249
594
343
420
758
54
867
531
47
4
139
753
509
798
579
480
48
638
85
823
3
604
825
740
92
55
661
468
506
695
49
770
599
556
262
45
836
473
62
747
170
541
66
477
325
411
365
360
661
629
63
661
370
291
321
52
408
451
598
565
505
733
73
255
717
7
552
570
411
755
823
455
284
66
500
870
326
408
512
626
394
730
238
188
746
312
480
405
568
491
436
600
651
774
580
163
462
362
42
735
468
623
802
320
698
598
537
812
203
88
706
364
694
17
644
384
871
697
180
711
547
792
465
48
143
348
500
227
42
238
301
579
60
433
655
579
385
685
871
61
814
812
59
854
60
485
727
591
436
455
844
868
597
285
434
761
869
621
209
657
695
345
103
332
484
543
316
513
99
248
437
540
259
315
773
152
554
258
826
149
646
215
50
77
559
98
856
711
105
555
350
230
295
484
253
789
394
670
810
497
264
329
213
471
652
140
237
28
574
533
486
625
418
780
823
299
7
572
798
873
628
377
21
829
373
726
276
273
798
276
405
506
862
467
264
3
148
617
298
482
169
707
252
141
519
570
688
860
691
353
720
247
701
302
801
104
314
254
432
662
548
530
529
178
352
374
739
596
69
787
402
53
712
159
343
448
760
322
221
488
623
295
588
464
871
194
429
505
593
206
839
68
383
743
442
115
127
231
220
480
670
101
820
675
555
680
834
400
617
573
18
528
269
81
29
35
55
652
818
31
726
116
38
605
70
803
229
133
404
321
13
728
139
349
506
172
379
708
220
467
241
701
350
597
404
821
80
339
9
199
67
753
346
870
713
667
532
606
37
693
678
565
502
735
577
658
214
347
186
760
689
617
524
227
364
346
549
2
103
820
617
855
164
286
89
853
254
238
379
35
459
645
774
592
44
241
860
13
140
403
547
688
187
781
369
388
195
22
846
501
800
347
168
519
120
335
410
494
288
272
670
252
441
689
825
222
760
345
219
763
600
679
4
131
811
86
394
228
553
276
667
452
33
95
772
781
743
251
175
562
317
771
437
161
394
436
751
601
592
773
473
868
645
695
810
775
91
40
41
596
175
839
488
99
828
500
623
706
338
780
753
257
616
309
636
799
275
792
737
660
552
310
333
447
442
695
553
340
629
286
286
72
482
45
139
287
595
258
690
285
332
662
771
361
381
861
860
759
432
851
805
529
418
528
635
133
778
816
534
614
572
826
399
65
421
843
589
607
543
861
553
235
130
564
334
198
309
586
422
780
665
319
842
475
830
373
624
843
462
100
459
171
854
761
447
731
863
726
227
460
849
783
659
848
866
831
817
509
867
846
630
248
589
619
426
649
455
488
16
148
631
564
820
873
548
587
602
178
202
402
512
35
442
751
301
38
384
559
668
806
773
398
672
846
421
539
3
95
461
693
325
355
678
89
218
