607
223
689
218
564
141
569
530
582
341
692
3
498
449
460
336
507
864
473
720
355
212
128
688
375
487
549
202
648
422
585
207
232
50
300
242
286
539
803
664
662
253
394
311
707
798
424
794
581
693
692
506
285
53
188
791
644
868
645
860
193
642
216
517
744
105
331
675
130
540
772
848
300
246
541
692
140
322
833
292
612
151
120
99
826
541
240
667
595
134
596
481
263
518
798
368
684
303
740
343
143
84
234
505
684
782
810
271
116
674
868
166
746
251
488
841
565
248
688
493
130
261
183
665
445
95
139
664
495
624
624
357
556
116
629
701
330
352
394
583
449
79
599
112
548
272
867
678
419
340
337
164
606
785
802
54
470
343
111
492
275
830
821
203
343
788
166
411
95
402
498
390
803
740
808
161
187
623
210
223
557
526
693
692
105
627
95
525
451
786
96
18
485
860
720
624
324
527
257
682
566
416
612
36
372
132
641
24
30
762
862
174
441
804
640
504
392
333
485
295
366
7
190
349
763
243
340
202
809
179
745
412
44
173
579
370
565
62
855
673
599
414
683
765
582
304
268
388
93
154
688
173
802
244
224
43
24
825
58
259
216
315
147
159
485
103
573
343
191
36
70
571
65
554
397
855
692
711
656
765
692
90
737
44
528
645
580
403
623
675
744
466
113
419
641
835
516
374
742
153
869
73
527
243
391
662
347
193
438
591
525
444
491
349
546
148
597
345
391
492
80
378
264
391
330
49
21
246
111
14
103
182
653
858
370
679
739
243
250
548
388
810
287
784
753
220
729
789
117
22
527
426
786
123
116
436
336
421
410
100
710
421
30
253
314
576
405
22
257
581
845
323
88
559
439
523
242
449
237
412
45
384
377
784
772
303
93
76
90
62
56
872
603
125
519
81
556
786
750
835
87
29
685
705
76
84
19
660
641
118
83
659
305
94
586
778
147
301
216
829
490
398
839
650
2
130
872
581
155
792
815
99
828
306
20
75
256
505
789
478
698
387
188
355
628
770
118
791
325
220
487
213
112
742
867
715
339
297
426
699
446
626
524
703
457
1
159
281
709
642
309
318
364
364
537
106
507
384
304
651
509
30
488
554
641
606
616
599
670
669
260
91
422
558
321
661
544
873
675
382
599
316
829
306
860
860
528
596
254
186
552
43
308
720
768
417
835
697
708
123
51
41
543
530
383
834
317
325
856
572
660
18
565
272
799
482
516
143
466
720
168
820
671
681
762
428
691
299
47
366
853
152
122
402
140
563
651
762
70
27
860
431
681
788
213
493
115
351
458
663
303
78
57
680
674
756
874
83
841
3
635
235
88
493
176
640
235
554
10
729
569
393
569
354
236
107
641
70
871
38
411
66
809
6
555
630
224
726
595
502
258
374
650
580
683
840
561
273
845
407
526
481
52
223
157
568
14
253
574
203
122
838
171
378
589
111
47
507
458
723
88
247
258
53
118
816
308
344
68
816
688
706
686
523
128
637
147
186
524
444
391
486
61
195
540
776
36
411
604
340
88
113
409
606
457
117
768
324
857
100
688
437
298
78
110
418
486
873
825
524
691
186
856
657
681
58
570
243
367
255
561
761
188
228
452
705
286
75
220
31
519
316
770
556
799
177
323
492
844
831
803
821
712
163
761
764
164
181
472
244
360
692
570
0
298
393
197
656
670
49
26
106
814
415
444
58
673
730
7
775
136
324
347
101
217
439
51
431
581
858
366
350
15
429
570
641
213
850
401
604
569
746
204
77
131
107
708
198
671
69
536
139
847
68
586
80
116
393
579
40
302
208
349
175
194
836
446
345
645
382
30
761
828
559
23
866
15
399
618
838
189
775
567
444
25
165
25
831
701
206
399
158
825
142
748
396
863
307
96
527
27
843
592
563
634
249
838
380
463
128
815
599
788
107
150
618
154
203
503
500
337
782
612
22
81
694
854
247
803
353
821
230
82
619
797
477
586
205
811
593
793
21
11
726
641
