687
658
51
292
477
244
832
287
331
36
24
497
296
147
773
673
666
587
48
567
428
753
523
22
817
117
546
508
464
531
24
639
417
181
167
824
579
722
835
664
156
58
391
32
95
636
284
526
630
543
565
238
242
547
240
301
394
389
157
388
749
46
232
865
832
797
132
794
425
335
620
145
732
347
789
144
301
199
611
729
43
544
782
448
517
592
646
371
769
13
335
871
821
807
588
19
225
72
16
48
870
193
617
595
702
26
753
297
292
439
849
224
84
868
4
292
557
341
20
136
300
339
660
873
190
240
702
141
692
800
404
837
536
476
601
288
470
194
450
117
623
66
802
761
425
593
388
729
115
174
326
613
831
525
151
39
807
597
149
216
53
626
709
112
363
856
545
665
172
842
509
483
310
591
485
16
466
225
142
174
512
724
110
326
157
341
799
464
57
38
265
811
53
136
196
721
857
283
292
150
759
351
584
451
322
670
235
438
760
481
169
571
201
504
597
263
312
263
446
570
633
454
116
66
384
154
40
284
422
358
688
630
773
542
602
208
491
50
853
183
261
506
544
381
778
739
736
255
546
422
617
45
51
327
461
108
531
610
652
626
707
742
87
256
513
437
39
442
228
12
719
801
753
574
444
468
475
725
44
822
532
822
633
633
488
87
451
304
466
375
638
408
400
278
635
318
729
700
81
524
56
481
589
532
609
240
311
95
422
475
154
250
340
611
542
443
477
542
2
670
381
300
533
203
248
442
588
676
308
811
784
681
505
604
723
581
455
872
90
566
808
166
539
340
461
709
782
415
469
762
253
629
292
199
462
556
129
697
307
288
629
30
203
218
429
130
696
746
634
778
595
232
128
160
147
755
258
682
396
489
843
731
739
484
825
671
346
523
684
746
781
835
232
207
676
859
328
84
295
171
218
600
822
613
351
226
185
490
144
261
611
197
14
72
299
366
20
680
229
209
555
108
488
201
834
860
143
437
325
572
328
24
579
474
185
865
195
566
93
576
293
84
476
23
719
777
544
268
702
346
361
417
283
393
189
628
855
206
855
773
24
562
701
249
412
385
58
569
554
247
299
480
162
260
577
7
461
605
580
86
29
381
316
779
706
822
59
636
655
98
313
5
13
21
788
157
486
873
474
578
120
156
585
783
588
273
743
297
245
348
168
249
680
750
557
85
832
873
279
777
377
528
552
416
716
50
622
111
179
148
399
490
225
744
241
75
460
516
795
440
538
4
360
188
398
291
530
458
787
753
329
98
235
338
147
71
742
567
52
142
207
38
136
690
143
425
575
135
213
337
153
19
291
694
378
266
867
381
120
252
543
852
122
595
29
1
183
691
702
752
423
295
476
512
258
661
828
608
300
529
377
574
485
35
46
417
191
597
732
347
773
461
321
522
627
629
493
592
127
768
94
453
282
330
5
234
460
143
739
177
870
703
446
123
515
481
110
490
593
157
723
180
111
816
306
853
478
592
752
251
518
324
625
133
703
442
594
443
343
741
514
441
372
183
442
718
169
252
823
111
678
139
507
284
687
735
27
436
426
253
411
874
715
829
774
571
174
655
78
435
467
276
553
647
86
161
225
218
488
826
242
471
530
294
108
501
688
768
741
311
314
78
286
576
256
547
55
790
107
103
50
49
292
738
566
359
17
344
819
214
572
727
251
394
710
624
30
385
733
705
24
352
511
317
137
319
555
205
451
769
225
258
549
524
337
484
403
340
119
795
460
233
146
627
425
682
765
144
34
399
543
772
284
708
697
869
864
782
160
658
669
302
858
263
481
844
740
570
500
562
319
69
458
237
192
265
123
686
740
676
81
321
17
128
547
325
48
176
290
564
328
320
614
630
520
243
457
189
446
486
731
298
447
53
707
644
77
321
703
569
299
132
609
442
245
98
323
652
463
341
323
52
119
633
444
807
144
490
114
373
740
90
392
838
180
686
712
253
688
473
460
789
600
38
171
724
517
263
416
745
764
120
866
463
95
