248
20
208
381
75
601
739
738
323
841
801
169
468
798
751
564
272
784
245
105
388
719
3
345
779
407
739
269
206
698
783
378
345
617
195
375
512
789
453
327
352
741
465
575
109
370
336
390
648
248
78
138
529
410
764
667
439
769
680
494
740
195
64
372
316
581
563
494
102
139
592
442
145
700
110
668
622
610
529
363
405
7
456
317
527
235
708
731
23
327
404
83
101
646
484
653
125
449
585
599
800
461
471
254
114
171
13
509
851
225
764
645
499
578
66
786
3
858
664
339
509
827
62
695
189
49
622
356
394
36
810
871
306
251
314
396
261
831
592
218
665
518
162
469
46
514
869
291
407
500
794
873
791
574
845
409
866
172
628
242
274
93
542
48
2
625
226
742
632
117
456
35
236
17
804
362
645
532
114
479
720
112
225
352
802
741
593
752
481
677
815
725
493
838
851
419
374
808
513
233
322
58
767
87
626
598
86
175
553
362
862
571
796
443
247
405
265
294
471
31
790
486
14
826
595
200
96
640
534
756
270
711
440
3
356
864
12
539
504
759
527
756
676
590
603
447
414
116
503
83
218
310
867
459
445
438
434
499
406
558
77
334
253
495
0
838
789
475
594
304
746
657
574
190
860
166
669
115
754
774
575
468
97
177
19
31
191
443
359
384
183
49
198
107
437
192
276
234
418
528
403
694
58
496
539
466
406
689
314
489
417
644
240
134
61
526
145
241
559
313
810
403
488
142
436
852
551
874
608
441
580
602
529
237
169
340
346
477
636
492
48
777
476
94
217
350
64
406
577
148
756
380
695
694
146
626
809
205
239
477
534
59
55
553
487
126
469
564
440
525
259
607
868
132
502
728
826
17
557
795
232
569
424
81
770
612
73
602
296
365
871
83
140
427
3
574
157
108
184
82
295
582
192
158
726
741
709
452
194
614
678
60
720
264
111
523
753
335
475
432
318
543
740
642
441
217
420
108
379
860
464
147
570
378
483
663
295
94
674
20
0
341
171
790
173
440
3
129
145
818
194
825
175
788
111
821
599
512
298
433
777
247
414
494
705
750
333
354
558
530
369
772
832
322
298
673
61
647
540
307
575
76
387
329
602
867
665
656
0
112
152
475
744
254
634
442
96
415
158
821
327
807
46
285
779
343
815
448
341
697
194
296
847
45
497
536
90
7
781
391
92
832
504
434
726
712
587
851
750
715
817
174
358
211
697
331
84
142
262
146
350
215
249
765
530
145
751
438
403
38
40
179
208
788
875
655
662
181
486
790
823
315
285
724
287
551
508
781
41
640
165
113
718
547
310
698
82
763
616
599
759
746
233
851
620
655
247
72
120
32
836
308
148
317
78
194
373
72
294
706
474
865
787
38
471
46
596
673
564
588
786
547
748
177
600
706
447
465
173
709
789
373
810
99
186
14
224
173
370
110
754
785
466
526
461
550
54
303
784
447
342
305
629
862
556
215
540
377
191
174
125
526
125
418
617
485
536
25
239
327
174
707
518
693
738
496
336
481
645
739
137
833
461
426
460
723
658
800
449
707
347
449
291
194
473
799
395
502
398
50
793
599
616
692
314
237
294
88
313
367
776
782
120
48
859
855
805
276
847
607
162
316
569
408
286
809
277
544
44
715
517
168
693
40
354
841
691
66
30
317
386
446
233
144
229
314
646
427
249
868
443
780
227
640
532
700
753
600
160
595
300
360
865
816
482
268
744
387
303
530
440
364
190
594
478
711
84
729
574
343
499
450
677
578
677
90
298
61
371
779
225
818
720
550
168
89
597
177
424
429
243
397
243
238
293
542
650
797
47
794
215
6
352
716
135
633
23
266
846
178
39
586
298
776
224
363
715
313
411
149
810
301
475
628
396
724
673
338
695
660
680
780
417
139
362
590
341
160
59
141
225
792
372
591
409
475
669
232
852
525
136
868
752
88
112
90
494
143
688
674
573
667
440
51
792
660
805
524
708
657
609
810
119
682
605
