679
254
589
692
261
345
440
817
606
302
598
249
365
373
709
564
813
632
391
852
297
71
870
647
205
203
567
221
865
870
717
471
822
522
253
376
404
587
797
206
613
415
359
226
617
575
145
479
575
756
612
453
361
177
650
662
700
475
817
788
676
608
291
385
15
65
540
816
714
573
418
245
678
469
528
701
576
362
764
275
315
183
791
662
576
195
518
614
743
511
630
64
678
593
12
128
459
516
815
628
573
212
13
340
842
549
648
470
402
855
225
307
441
822
129
842
223
414
796
870
364
95
685
717
292
163
294
718
279
541
577
688
610
427
669
635
875
324
314
855
292
86
545
850
62
169
303
422
724
194
646
295
561
362
376
657
592
624
600
337
282
863
453
442
502
594
755
285
446
28
834
844
619
75
374
543
609
191
50
688
120
735
495
830
80
240
402
734
762
652
136
241
448
666
593
287
47
284
492
15
67
530
586
51
327
636
472
263
820
654
1
335
10
574
340
478
102
220
688
590
711
662
407
400
357
805
637
260
284
833
389
232
317
583
391
96
526
693
584
504
89
295
591
751
94
699
492
219
823
536
186
485
247
51
555
486
346
40
543
296
108
608
589
131
163
764
512
29
489
327
686
630
55
3
189
616
545
287
676
845
510
752
769
633
344
4
736
775
474
232
461
683
264
584
83
675
827
95
45
480
654
57
629
33
457
657
302
563
441
767
653
167
119
506
349
396
622
52
552
163
828
27
724
649
824
243
295
297
629
776
445
61
739
163
442
494
305
12
808
161
348
735
455
219
406
294
286
161
242
773
506
89
197
589
662
663
559
241
412
701
548
478
610
132
566
781
745
106
254
352
382
725
567
752
247
633
182
433
323
86
210
837
623
826
294
445
310
536
659
613
508
4
403
127
396
245
713
85
127
546
639
92
777
466
208
623
447
413
527
39
344
629
379
185
81
429
7
397
229
565
453
527
63
290
860
174
369
48
693
16
205
298
566
499
309
292
162
289
564
254
702
842
837
830
176
76
289
705
200
357
566
59
478
433
745
481
704
810
476
51
555
872
203
82
54
521
857
163
731
314
122
599
310
55
740
24
129
206
212
283
619
15
647
411
489
626
105
140
366
219
158
683
550
709
145
470
145
374
368
812
39
648
460
770
386
571
296
151
319
628
619
540
392
791
403
828
285
317
33
814
308
253
56
588
393
370
514
562
224
98
406
145
298
136
116
41
25
314
685
636
343
112
28
645
710
299
397
485
515
417
550
189
650
104
203
635
481
669
806
847
277
444
749
165
309
131
611
673
732
27
351
624
235
398
743
219
757
848
353
602
9
762
404
283
392
609
721
851
838
827
532
797
424
12
625
22
401
155
517
794
488
156
293
433
334
589
811
90
504
166
113
733
443
588
787
632
716
122
795
512
546
299
290
664
229
93
340
809
832
393
690
468
686
857
809
606
558
503
751
55
291
863
601
511
564
64
305
705
498
304
499
490
468
197
688
651
674
138
656
560
310
567
863
627
493
838
656
637
308
435
411
178
38
235
372
596
131
352
160
796
108
365
289
634
164
444
133
699
412
691
129
266
674
630
867
631
201
125
581
223
346
363
120
794
590
224
32
648
597
411
403
591
390
550
815
484
283
819
492
579
408
808
488
7
2
656
703
169
154
356
637
115
170
741
20
592
677
753
129
110
528
690
192
400
502
124
382
675
370
767
652
103
450
410
545
695
108
670
86
108
75
102
664
172
635
753
519
650
567
56
100
332
630
700
258
871
326
534
405
292
306
552
182
188
457
382
848
238
358
451
511
811
422
75
148
704
370
666
838
5
513
480
205
207
710
468
471
1
287
391
670
480
706
658
298
855
3
682
796
101
176
413
441
157
251
331
165
338
361
16
504
22
497
411
617
177
447
688
543
337
379
744
143
631
509
544
501
874
598
561
834
852
669
863
713
39
745
252
289
8
507
633
437
9
419
289
842
654
124
59
103
692
197
348
232
