453
549
263
176
486
867
373
803
575
745
206
45
134
67
230
303
438
227
507
470
317
287
612
469
118
59
253
427
646
831
400
239
134
303
431
607
110
177
258
104
258
328
762
223
163
824
515
257
380
316
208
175
486
26
6
38
508
545
796
680
591
572
370
106
301
367
95
702
478
454
194
799
250
647
569
326
492
693
824
504
65
333
117
248
255
259
823
46
784
484
18
566
104
857
275
287
47
175
102
78
295
567
259
535
312
219
534
269
271
86
313
288
783
24
583
225
4
807
113
294
820
152
100
241
383
821
561
723
235
866
466
228
25
533
92
771
719
330
289
491
444
407
291
319
227
637
578
633
371
828
760
0
636
324
572
398
35
806
680
116
493
842
494
347
263
496
67
73
28
145
397
741
159
364
404
6
222
621
736
485
65
737
165
661
340
254
864
850
163
44
765
464
741
73
654
246
567
738
355
15
192
731
226
183
80
114
28
840
547
303
182
531
801
393
181
768
848
105
375
569
16
350
589
840
536
725
292
623
304
290
133
309
198
853
359
669
870
9
63
712
346
264
570
78
652
97
308
107
515
3
465
720
123
259
730
7
190
187
287
560
577
777
6
78
578
68
822
47
799
708
599
662
80
615
410
515
396
760
545
496
708
478
382
96
47
354
89
552
848
237
157
47
838
580
657
471
512
312
710
208
659
729
346
117
773
618
42
531
116
637
221
167
833
546
800
473
723
528
836
729
794
847
239
15
145
103
337
311
39
13
572
249
597
169
779
3
6
668
410
298
628
648
832
165
654
277
864
198
708
28
61
596
782
365
561
426
291
90
647
383
12
821
708
352
496
418
198
712
851
382
414
220
437
492
763
160
864
577
874
777
519
854
774
688
196
743
863
751
614
699
866
285
512
660
577
864
649
354
207
671
765
540
708
629
105
710
42
400
763
696
627
351
792
362
330
337
366
264
367
437
534
427
556
366
822
604
620
370
571
809
140
813
271
423
375
650
200
2
832
361
823
169
813
720
431
570
493
65
471
154
867
707
381
195
351
500
259
588
225
355
644
454
814
451
254
309
111
635
717
159
191
87
444
459
595
80
33
53
341
848
691
446
108
648
743
69
350
672
845
340
56
108
739
87
436
250
614
11
744
17
498
130
721
374
678
614
58
242
139
203
496
190
616
386
500
398
302
549
690
830
409
626
37
640
278
859
697
741
274
707
99
773
714
158
390
162
814
479
472
221
692
296
266
822
654
95
608
6
155
73
12
340
397
864
819
85
85
827
628
127
263
872
67
62
771
430
844
336
128
479
579
810
177
495
638
65
722
676
383
605
171
212
399
125
848
150
536
370
361
246
535
399
26
839
223
525
804
780
736
385
262
705
422
740
6
50
423
131
826
605
544
95
795
118
788
618
473
745
679
511
133
860
781
622
80
804
557
171
339
638
692
483
710
578
42
458
780
718
665
234
219
55
25
128
730
858
804
172
622
552
839
303
59
338
80
90
351
467
619
482
765
477
82
733
399
582
507
273
559
216
205
340
167
402
847
480
364
505
726
630
608
429
633
182
723
577
157
797
812
61
267
359
27
868
369
618
356
623
398
674
186
512
731
486
713
533
452
447
867
259
169
101
450
29
197
660
407
113
219
543
518
874
121
356
768
84
336
762
114
739
800
508
594
484
499
671
735
711
269
224
342
41
613
181
602
210
405
559
49
498
155
250
54
487
327
481
278
62
462
210
827
817
317
58
126
786
17
500
584
371
546
808
75
331
429
347
99
285
569
300
866
608
400
143
331
91
833
196
367
864
238
493
490
147
506
331
172
869
316
511
573
574
503
571
745
802
248
154
712
791
341
242
448
165
410
498
236
535
210
107
318
368
451
404
414
494
27
464
287
130
610
349
531
835
798
273
257
158
707
285
844
435
668
738
142
846
258
497
743
600
155
849
812
136
552
739
778
26
335
419
206
66
96
113
212
452
124
773
583
500
329
68
646
266
297
