605
608
747
440
398
205
142
77
108
103
437
862
7
92
519
130
517
696
803
546
602
615
672
47
843
686
86
309
471
68
117
107
513
684
344
545
45
470
338
346
120
668
843
759
139
835
677
180
644
256
347
172
752
10
554
495
236
439
327
183
189
184
755
554
111
333
708
212
424
196
124
283
709
445
121
845
750
80
146
861
762
316
784
622
93
842
377
289
712
652
268
373
196
96
376
202
668
800
65
566
137
316
783
771
799
155
118
55
177
45
435
551
207
697
693
290
501
119
603
704
333
593
98
294
489
532
424
589
691
212
51
801
341
509
630
247
691
275
258
220
308
365
792
218
271
148
375
786
625
837
599
633
386
470
568
388
0
98
452
408
64
115
242
82
453
490
819
137
287
476
816
849
300
430
640
414
617
49
651
482
253
858
323
61
210
30
812
361
296
58
470
837
364
555
22
86
61
394
643
629
391
377
757
657
8
249
236
859
406
170
520
595
579
4
114
94
507
30
257
769
308
52
178
335
210
92
224
540
81
509
721
525
571
623
837
844
281
714
306
520
359
195
389
792
104
725
727
561
825
690
53
411
258
371
217
280
373
577
297
127
98
409
420
316
722
244
407
223
576
850
616
782
384
225
270
743
146
68
665
782
717
683
369
718
861
147
828
227
304
844
414
290
567
598
404
181
670
38
26
776
120
521
238
113
747
490
205
287
204
823
664
709
497
143
50
108
729
534
807
42
87
533
500
582
514
382
25
681
416
611
585
498
496
852
555
242
469
40
20
211
872
507
477
413
623
125
680
718
188
413
299
826
291
29
578
85
284
35
633
45
671
645
772
857
541
205
495
633
199
159
873
393
323
226
872
685
492
95
124
391
772
432
661
749
174
546
833
809
710
480
84
395
817
506
134
107
583
109
447
289
460
521
565
625
489
727
791
441
181
278
733
781
720
174
291
794
428
501
570
639
568
197
871
312
379
641
126
334
90
549
40
71
833
310
248
703
408
711
839
522
320
860
443
158
342
398
302
492
276
490
623
407
556
806
54
38
585
768
377
722
621
668
55
622
370
759
615
179
238
418
521
538
621
430
217
323
491
365
670
746
621
60
129
575
495
361
3
323
302
387
297
693
493
423
226
216
5
841
660
674
2
335
109
647
703
358
175
574
857
482
564
353
3
161
694
551
733
116
454
665
812
191
59
681
866
198
17
776
789
100
353
265
164
240
429
418
18
188
614
389
595
601
861
235
805
521
21
635
526
492
512
27
831
832
117
646
72
540
306
239
710
589
125
819
808
723
430
455
241
691
637
465
90
338
14
677
482
401
622
732
498
442
223
270
209
654
718
439
285
474
214
580
661
87
371
663
306
323
679
576
483
403
568
260
594
794
226
686
422
126
645
176
151
435
455
599
510
644
384
179
69
479
88
253
688
608
560
189
149
35
259
105
371
874
60
17
805
150
437
705
316
733
149
616
457
48
285
555
357
26
800
644
308
622
6
737
285
407
94
869
716
806
660
189
356
54
568
76
300
866
738
501
344
435
66
795
255
848
301
193
479
843
794
221
361
690
49
316
341
190
418
578
868
197
208
458
512
497
175
591
307
405
652
441
692
865
1
807
375
20
625
413
638
870
128
394
361
696
487
231
266
433
632
149
489
560
182
401
102
114
290
545
101
461
348
767
254
636
650
270
833
637
408
97
262
627
9
606
448
125
101
130
660
859
661
101
264
49
83
520
204
568
19
207
740
821
541
481
690
862
801
23
737
34
404
815
559
44
630
332
189
799
250
58
752
112
586
302
413
275
843
775
558
141
340
250
29
554
33
431
694
302
283
179
598
638
739
298
235
273
462
361
63
419
251
744
521
116
845
873
650
303
8
42
263
315
225
596
406
699
608
679
205
663
376
660
176
366
354
599
144
548
475
156
21
517
828
104
304
682
126
291
672
368
124
162
654
660
543
420
159
203
812
525
358
371
154
410
701
115
311
540
78
538
179
