26
26
600
290
248
62
678
292
339
395
643
587
285
615
528
569
780
243
366
350
73
207
412
126
439
795
564
301
762
527
276
553
628
525
246
845
24
319
556
691
818
18
640
843
246
617
754
2
83
233
624
489
298
360
517
34
6
833
448
222
154
146
492
367
521
153
452
120
746
18
715
394
751
380
764
706
207
644
515
693
48
668
654
873
608
376
651
264
587
376
260
12
790
859
142
849
826
722
271
515
57
414
13
748
453
598
235
735
108
339
303
274
466
491
313
831
46
132
130
700
724
640
44
613
99
560
855
203
310
102
809
871
268
146
435
609
524
715
866
711
303
544
226
4
429
436
508
545
567
341
216
801
789
768
391
485
783
550
271
712
779
333
176
792
850
862
746
686
539
651
247
608
305
609
8
491
11
474
875
544
22
541
240
839
734
42
105
370
189
555
530
538
128
101
200
558
777
665
229
339
199
430
826
232
198
37
706
173
694
236
217
624
108
766
89
245
90
100
546
386
168
604
310
717
122
628
692
541
116
844
226
776
819
591
756
832
75
678
296
28
741
254
348
59
715
539
778
347
391
7
779
52
391
38
792
157
284
687
762
586
482
745
825
487
228
365
360
731
159
460
323
79
565
59
393
755
178
472
352
25
712
346
480
734
215
360
667
836
459
576
475
560
134
620
630
437
207
576
302
162
39
602
253
460
772
553
726
445
32
524
329
580
235
672
311
418
101
875
621
788
325
654
662
28
33
358
471
61
12
789
239
820
126
752
162
581
312
146
500
268
330
496
827
389
512
390
330
119
426
91
463
232
433
71
6
230
56
755
755
644
239
232
399
477
388
173
115
479
865
348
465
699
582
205
117
93
767
817
377
146
552
557
73
49
636
507
809
64
861
172
117
611
872
520
180
268
785
21
541
651
284
35
227
682
747
451
427
563
854
869
520
257
33
104
86
5
145
381
553
205
660
687
859
491
474
374
608
140
739
860
192
154
49
187
415
755
525
304
285
828
761
252
669
229
592
21
605
239
746
119
685
553
868
89
831
643
100
713
618
519
518
769
342
603
454
264
19
586
465
655
681
233
319
79
753
132
532
387
25
571
572
52
865
224
642
238
760
802
553
125
791
17
675
867
3
769
793
304
637
388
561
244
128
190
423
859
93
412
650
415
576
678
205
352
695
584
777
487
102
863
631
828
161
159
64
12
598
818
296
346
692
640
468
429
405
224
599
283
278
359
553
739
345
712
127
122
532
51
82
742
741
3
555
462
362
702
261
517
748
638
194
358
92
231
418
859
649
419
191
227
230
55
667
353
398
792
782
39
870
191
37
143
212
178
629
213
742
647
385
0
707
258
514
828
366
424
610
86
693
42
794
48
737
670
480
712
199
150
242
782
644
374
352
236
800
456
678
872
57
70
472
344
856
793
42
573
612
640
53
187
829
176
790
352
675
215
71
480
507
485
786
503
669
828
592
293
546
485
92
150
586
36
842
824
722
282
525
719
600
438
600
323
658
819
271
209
121
341
516
191
800
119
253
679
129
22
242
683
687
131
210
244
573
606
168
215
263
308
482
347
718
199
522
120
698
819
751
707
639
585
40
874
610
592
651
25
239
628
414
698
390
273
106
463
65
318
153
142
225
301
315
787
825
215
757
727
266
516
353
41
283
595
141
648
484
338
11
339
460
486
276
484
310
380
338
242
121
514
213
535
617
584
609
112
179
115
311
707
65
431
339
798
675
707
373
278
205
710
500
428
52
494
200
835
687
116
635
237
517
467
744
371
52
452
392
507
816
833
587
606
684
124
452
9
348
204
850
60
539
332
86
537
733
488
697
308
49
408
165
123
697
455
55
169
78
411
713
84
273
865
417
635
783
118
854
609
222
600
99
237
289
5
642
64
397
36
481
846
586
698
546
865
283
649
563
837
177
335
24
675
361
238
481
431
611
765
124
353
472
395
856
97
296
760
126
599
122
538
625
333
537
237
144
564
367
