507
753
727
431
195
430
541
856
617
854
498
245
213
633
818
240
779
470
324
798
282
743
6
54
106
59
5
300
166
741
752
227
114
448
24
576
399
589
741
385
44
490
525
299
681
84
858
73
590
627
61
98
723
490
182
35
636
840
413
370
88
340
500
791
617
662
540
730
351
660
138
813
180
740
96
849
353
716
523
15
791
732
132
174
157
556
182
407
477
162
800
148
665
869
497
27
858
218
339
756
10
775
179
732
70
585
91
635
132
317
356
666
747
189
638
724
201
123
875
804
859
846
854
380
363
355
691
404
243
782
296
202
33
531
703
666
57
343
360
497
284
163
156
531
406
348
434
110
634
603
691
598
535
17
286
112
29
664
126
181
505
265
427
747
601
667
292
30
299
0
650
610
556
725
367
590
535
844
69
574
592
594
183
636
694
308
530
732
17
698
333
544
278
174
445
551
525
557
172
117
142
206
793
109
731
277
643
845
631
836
103
261
291
89
819
507
226
548
270
395
349
558
842
800
204
473
49
623
869
632
157
344
733
628
843
575
195
823
865
379
239
528
43
320
3
474
691
784
152
801
552
131
554
49
441
4
395
182
548
164
761
387
376
102
1
482
842
327
312
566
148
445
11
490
243
112
711
202
807
196
745
406
273
467
110
439
626
92
368
724
569
60
211
252
856
37
72
58
806
332
94
554
767
91
657
811
212
529
555
406
611
786
765
592
426
520
228
441
875
660
383
506
33
828
447
102
206
371
457
398
313
82
147
119
631
172
114
255
731
686
122
606
4
121
190
96
686
478
46
675
549
750
53
336
117
441
760
475
662
798
559
113
370
781
199
718
344
515
712
271
272
78
157
147
194
197
247
256
690
659
117
493
638
807
165
847
314
861
787
592
808
372
229
764
275
290
477
558
206
862
564
237
309
840
703
452
293
10
364
581
2
532
204
90
579
70
811
765
610
175
448
513
37
656
551
15
260
319
538
265
384
441
261
318
775
164
127
313
66
678
31
705
33
363
478
168
605
613
648
609
796
96
662
340
659
832
706
411
103
524
190
136
439
407
760
175
431
687
719
694
846
59
327
650
719
226
427
660
744
84
841
854
235
379
361
815
447
672
736
738
576
832
640
233
184
318
662
564
14
344
567
806
57
110
665
31
377
667
731
644
729
792
350
266
551
75
658
172
101
610
32
23
166
466
515
121
253
272
593
253
402
528
357
309
848
855
348
145
546
53
424
313
444
163
875
832
152
174
485
564
725
135
643
118
81
807
380
771
137
379
277
484
696
402
754
191
26
829
801
788
472
380
115
419
676
864
450
666
130
575
116
619
144
525
63
630
337
371
150
392
167
180
198
461
405
863
417
569
472
678
143
436
67
770
589
42
260
280
851
684
183
607
797
227
213
433
666
408
299
449
206
378
322
687
798
655
762
415
648
716
326
179
84
457
843
31
64
783
102
294
394
551
803
515
520
193
453
176
151
403
629
758
432
470
111
707
400
453
858
360
193
253
406
415
29
831
260
816
276
709
204
70
337
10
724
672
519
461
798
296
20
9
486
482
784
189
833
571
839
751
178
260
21
662
187
529
547
56
862
799
740
824
770
661
427
639
392
443
23
732
738
1
50
511
202
328
477
694
787
485
748
513
411
329
261
695
167
779
839
651
73
698
365
538
538
643
711
708
510
846
59
589
70
375
6
776
613
304
30
680
386
807
747
724
693
640
399
143
75
541
701
198
872
61
292
99
745
68
464
83
681
707
52
59
116
587
139
632
304
195
692
290
383
858
720
96
1
613
263
643
158
513
549
586
556
761
296
377
47
845
39
631
618
328
598
259
199
90
79
143
689
495
870
130
121
624
14
486
250
848
129
462
503
441
445
677
804
412
642
512
447
865
329
461
152
443
439
698
550
362
206
582
271
375
13
152
233
537
82
431
86
624
444
400
503
366
504
215
44
422
2
2
51
183
740
661
406
238
196
328
91
511
847
342
134
