753
242
132
357
556
773
453
374
227
856
78
872
690
667
420
407
190
323
7
631
634
300
264
701
199
592
496
317
668
256
476
486
774
333
18
267
12
105
789
552
305
798
783
646
757
83
209
337
84
797
603
53
687
349
129
237
692
866
772
420
348
50
304
12
506
797
601
448
784
382
281
637
199
571
771
677
39
814
675
832
183
707
89
613
678
755
93
174
187
770
102
361
512
782
861
538
125
670
43
693
232
98
127
434
704
211
846
320
670
841
667
507
683
145
452
247
430
686
541
312
60
235
839
722
312
517
20
27
504
133
20
197
610
224
760
812
777
244
610
101
455
309
387
347
542
313
449
640
848
243
31
695
26
840
44
101
765
407
399
733
136
73
521
479
599
759
107
123
535
489
662
339
693
505
726
400
396
14
465
179
505
49
636
21
489
488
785
714
419
359
452
471
671
224
623
394
245
283
799
254
572
545
502
129
234
714
502
75
258
320
579
78
521
198
10
671
612
715
635
292
663
241
381
181
253
385
513
164
610
625
842
760
584
607
330
772
465
21
744
756
260
47
370
162
219
517
778
869
566
473
424
18
57
576
108
513
474
95
413
54
772
851
644
550
506
455
359
512
526
434
820
320
872
245
595
603
42
831
869
558
582
301
334
558
32
653
245
148
609
485
714
391
287
830
745
630
728
406
154
809
834
873
545
205
337
487
473
264
422
104
777
516
216
413
743
488
786
284
529
448
148
122
606
19
11
275
515
388
444
437
652
538
454
377
584
125
109
514
16
50
665
238
251
569
517
350
622
745
362
518
33
267
480
617
715
806
546
614
716
445
108
91
122
267
701
495
443
297
717
629
527
661
401
703
833
246
704
139
862
292
77
567
860
269
410
363
786
236
19
471
370
141
510
529
206
173
667
384
177
767
426
584
660
518
769
17
689
400
240
334
423
567
400
640
62
826
97
221
528
573
400
868
70
759
180
493
707
215
688
745
644
120
381
596
51
560
655
502
808
373
327
759
523
499
103
237
289
808
323
487
690
309
173
807
791
567
816
217
752
774
538
346
96
573
194
492
205
530
13
435
632
213
190
650
386
27
589
689
794
431
247
479
864
681
603
659
42
701
786
546
23
505
580
486
450
778
797
460
802
213
828
117
468
163
115
777
66
128
497
810
629
583
562
368
745
435
420
23
182
202
640
295
111
631
800
95
506
755
537
530
329
665
148
682
271
359
732
153
508
75
179
318
33
633
147
345
184
739
351
660
174
40
128
238
681
203
585
734
504
9
167
114
453
2
560
563
12
655
117
685
224
843
223
537
11
140
856
222
613
293
538
573
59
102
200
195
61
699
494
732
159
809
538
813
831
434
180
254
698
476
859
569
96
310
582
657
845
100
804
378
352
652
64
191
483
21
834
823
267
520
455
323
68
82
13
636
241
0
299
254
856
616
671
553
235
682
701
196
592
366
311
271
13
83
93
261
416
176
744
391
367
470
32
807
675
669
473
335
431
527
61
598
439
619
43
167
535
41
416
506
596
152
660
99
195
236
575
102
451
291
55
419
261
221
750
799
646
204
661
65
187
231
849
557
355
836
743
669
494
329
643
801
832
689
840
679
419
96
365
484
336
432
725
78
869
72
624
243
45
74
568
727
595
27
720
405
779
127
622
12
475
68
137
653
188
56
648
834
431
733
105
197
333
529
338
16
606
212
484
754
857
216
333
322
456
699
564
119
295
781
168
186
198
648
652
872
340
856
262
120
324
526
543
580
228
634
2
719
626
524
789
157
826
107
256
82
620
864
271
2
335
513
13
797
178
380
484
190
185
461
617
545
833
838
706
424
625
210
805
142
377
821
113
6
166
143
56
280
478
800
731
797
345
278
206
127
136
500
18
26
107
468
802
211
665
864
186
389
651
427
228
310
361
3
125
590
478
223
375
150
228
219
413
746
335
867
354
582
226
820
804
461
76
248
612
68
697
344
304
518
297
753
599
577
255
