559
174
169
422
372
547
714
659
561
634
376
327
414
254
729
133
389
502
450
681
226
479
669
70
462
474
172
15
619
597
14
387
180
279
790
475
512
515
517
405
11
776
206
580
830
83
588
525
749
430
174
519
367
649
294
778
662
15
38
724
748
295
634
824
747
570
726
260
775
128
355
223
414
472
441
756
329
771
134
657
465
59
51
845
872
132
132
210
696
15
24
545
810
321
542
85
342
274
100
403
449
860
32
460
341
167
36
418
363
328
207
79
744
717
213
339
785
733
864
272
346
864
166
481
676
505
347
544
189
548
102
565
699
230
495
155
538
539
787
779
250
249
12
649
647
833
729
714
458
548
372
453
629
45
760
528
205
410
90
761
766
535
671
54
164
280
513
352
599
25
371
217
478
837
388
497
81
325
239
118
407
550
335
28
815
204
485
35
677
438
343
170
772
799
72
644
56
541
186
481
774
140
567
813
152
19
586
307
157
229
592
863
695
611
562
84
219
189
623
691
520
483
146
175
73
197
99
766
218
675
60
319
377
78
706
50
319
827
534
190
672
50
496
637
547
578
24
478
630
691
629
20
773
174
319
874
669
815
489
201
657
245
367
633
739
104
347
760
757
331
440
586
765
492
39
665
704
153
421
791
256
676
193
402
754
623
171
755
716
751
17
604
338
726
242
195
265
78
243
165
86
229
711
289
766
206
691
254
790
26
835
569
206
579
795
388
132
696
253
463
516
242
272
382
202
409
701
586
641
806
605
254
541
73
139
383
462
105
87
88
397
609
187
635
240
842
16
825
435
248
285
5
554
484
79
172
606
760
408
681
567
546
334
132
759
783
834
737
11
618
559
837
421
769
561
153
74
190
763
407
579
866
831
33
61
692
705
75
254
461
739
820
595
680
484
413
59
244
593
834
166
183
749
497
253
238
17
519
700
317
450
495
825
357
529
167
308
178
204
170
553
127
309
707
291
393
869
479
850
243
666
596
332
237
21
741
213
245
56
7
612
76
28
756
547
483
171
533
747
133
835
482
202
819
204
617
338
821
445
551
538
313
512
365
348
336
511
628
873
398
94
173
444
181
120
307
802
527
35
403
493
784
1
297
15
600
347
606
638
714
830
676
784
650
81
238
305
854
303
26
873
197
699
610
25
767
140
592
849
101
8
702
305
388
748
144
620
729
594
621
741
634
818
133
449
687
441
376
749
651
499
273
245
96
458
725
456
684
87
263
784
439
591
84
1
37
551
141
77
754
589
320
796
544
806
714
667
470
450
371
437
777
43
132
654
604
152
735
575
31
366
478
339
102
813
68
45
842
621
213
549
574
654
868
198
251
571
595
509
791
865
747
476
363
748
715
483
156
217
44
66
191
832
803
496
596
463
503
0
416
599
450
85
172
601
684
393
319
189
460
622
11
546
7
300
740
118
812
369
214
507
6
87
30
439
78
56
385
766
258
659
310
419
180
331
76
160
848
252
444
816
318
85
56
799
757
292
575
558
219
571
656
809
394
276
689
677
841
46
800
766
209
158
836
249
281
348
206
154
403
602
271
519
316
429
191
248
237
871
79
195
185
16
31
209
375
690
747
197
426
200
368
271
474
613
284
117
463
476
866
346
473
510
218
553
12
620
675
193
752
327
705
304
428
58
845
90
720
438
38
812
140
836
519
410
831
311
71
164
324
556
608
216
218
641
536
493
87
30
61
805
560
619
404
89
7
646
388
44
39
712
430
805
700
686
797
126
568
584
790
604
792
301
601
295
671
440
300
619
213
229
268
469
353
490
672
786
29
185
510
708
760
640
699
785
22
332
336
274
32
198
71
355
421
167
504
551
173
849
73
477
339
691
619
476
115
453
445
767
700
343
355
153
160
716
110
507
524
240
413
49
697
196
458
162
874
642
37
127
379
555
301
224
358
279
413
758
382
242
278
249
795
682
856
789
104
66
523
384
151
462
288
306
870
647
197
364
261
73
340
382
424
509
494
350
