644
121
598
714
621
799
722
178
176
12
321
159
326
756
572
638
669
336
703
733
605
369
555
732
432
85
148
430
166
419
20
720
71
373
864
247
51
42
748
725
91
264
765
861
328
231
346
633
161
218
362
149
60
584
3
251
305
470
795
38
94
436
159
552
163
425
297
8
397
417
223
721
352
297
225
270
340
313
46
547
682
328
853
531
261
14
563
125
327
238
187
122
796
8
646
666
177
585
76
431
115
223
159
784
379
748
291
565
32
395
382
25
348
234
679
24
110
656
857
105
695
50
708
32
739
1
416
535
550
30
45
629
803
669
40
680
191
604
480
36
346
291
739
676
602
803
207
482
446
139
691
173
288
490
371
726
715
826
430
769
323
727
807
828
701
484
454
148
300
503
359
50
709
757
110
83
438
109
113
466
121
718
750
486
701
447
642
831
532
393
163
285
646
132
242
644
780
164
142
325
692
243
808
600
6
360
844
66
760
797
459
439
564
737
652
611
325
656
659
72
136
710
814
231
404
49
520
873
297
397
221
359
459
573
427
849
203
849
526
1
307
72
535
429
222
839
491
488
36
815
297
50
769
326
349
659
766
459
697
132
438
229
48
438
749
490
102
839
275
748
143
511
263
205
734
293
710
299
761
87
24
753
269
788
670
755
457
857
791
336
572
187
235
412
132
747
874
741
606
223
239
20
238
703
259
348
310
472
478
638
57
747
220
106
288
442
805
471
867
94
65
432
676
373
75
181
363
169
175
144
64
64
582
862
63
141
584
184
783
693
331
234
79
629
269
813
797
744
837
413
646
193
39
746
538
45
655
675
588
170
3
355
439
416
804
371
136
325
528
272
54
538
735
812
831
867
863
9
670
123
25
143
717
88
89
304
188
121
88
98
789
372
767
761
553
522
448
672
222
185
671
86
128
361
232
226
194
528
329
114
708
619
810
793
673
287
165
226
7
209
801
549
667
7
710
715
819
251
290
625
156
195
227
33
639
274
769
866
778
635
60
509
803
136
866
712
362
235
207
472
873
670
380
56
675
437
348
591
502
379
659
605
550
762
589
503
288
362
552
358
565
369
727
590
682
38
840
414
623
715
290
778
571
527
863
827
162
386
867
712
246
167
418
72
43
814
443
322
329
704
139
297
46
556
792
174
776
470
187
755
853
703
775
4
596
226
686
9
360
338
809
693
289
159
309
844
255
77
356
391
235
317
746
629
874
145
488
323
341
43
172
828
857
686
129
381
604
50
567
792
45
139
652
266
473
831
443
580
76
57
428
58
91
848
796
352
149
210
398
205
395
719
716
133
288
320
431
837
491
670
230
796
523
592
799
360
388
522
713
39
695
400
392
55
483
579
819
116
780
740
306
153
415
118
631
496
865
648
789
319
607
874
442
631
48
247
226
184
66
570
479
763
465
692
649
567
292
693
857
503
508
118
741
212
110
174
486
869
316
176
364
252
794
503
441
357
126
811
805
591
762
101
687
124
819
837
848
728
581
315
606
120
529
245
572
523
657
49
248
593
763
475
263
24
536
548
502
462
229
485
40
367
771
675
826
549
398
491
419
485
357
51
450
176
654
346
34
829
29
251
399
779
205
154
791
375
423
44
152
398
544
529
839
391
748
644
627
206
705
522
852
30
829
843
367
394
452
417
378
602
765
451
286
107
566
587
724
250
300
599
364
200
254
40
16
798
331
739
379
61
146
526
504
808
657
254
738
20
74
33
692
366
750
861
306
576
176
536
874
225
671
738
578
543
226
786
861
20
134
631
860
384
311
536
465
183
387
747
184
638
875
159
287
778
122
511
430
141
57
802
601
128
576
288
755
771
85
785
175
260
103
127
71
719
127
324
687
315
532
477
13
464
570
95
431
519
856
270
437
300
58
468
805
408
682
739
23
720
408
363
789
80
255
25
469
102
802
397
377
445
590
863
200
97
192
800
2
766
424
779
518
669
1
127
696
51
448
867
538
415
313
270
499
625
139
