593
775
753
113
721
62
117
484
394
790
241
392
179
641
105
100
240
403
310
491
129
727
775
395
539
863
63
555
370
280
312
95
862
432
852
609
511
402
578
859
714
427
12
277
196
62
484
560
195
437
86
191
55
148
830
687
64
677
392
157
689
617
347
421
193
589
534
31
760
858
339
639
277
320
439
176
555
458
260
867
366
68
804
110
836
350
41
432
746
10
284
849
834
649
478
387
481
460
718
692
506
336
301
792
458
68
618
297
373
631
115
530
460
738
768
62
180
485
600
290
190
424
806
261
94
329
278
781
94
569
559
17
410
94
372
200
595
238
178
659
100
549
255
271
333
437
155
350
307
504
375
133
454
844
761
378
762
87
27
48
249
163
346
253
118
867
856
178
286
425
295
72
454
174
588
696
333
167
57
11
271
39
654
518
269
352
698
517
824
553
200
392
748
278
407
132
425
216
270
536
656
387
683
866
648
790
219
754
282
4
39
176
862
75
124
67
851
434
677
546
48
335
318
407
545
711
768
847
366
399
726
676
448
194
809
47
81
122
534
242
216
459
351
554
523
15
660
681
52
873
618
623
356
126
385
556
731
540
329
533
311
14
865
35
297
28
822
57
181
362
233
586
664
348
512
277
678
435
87
314
136
412
839
331
145
873
375
59
806
448
53
819
539
642
194
545
209
300
196
325
795
777
355
59
390
741
314
783
743
14
735
580
402
873
809
780
683
723
407
6
734
853
551
703
609
144
482
799
110
18
162
759
425
387
638
160
61
668
605
392
160
712
340
711
222
814
754
426
740
113
533
668
163
855
33
550
395
665
857
856
699
289
257
864
585
312
110
295
740
800
509
323
650
372
102
60
351
547
839
305
68
293
578
560
528
321
330
703
136
763
554
507
812
803
546
270
304
713
238
533
866
42
405
215
501
408
777
431
337
83
711
585
89
844
583
158
762
134
636
588
175
316
362
673
342
120
854
424
375
407
179
769
99
605
838
273
327
383
629
92
37
767
425
662
387
34
236
46
77
183
844
64
770
348
507
599
487
559
642
856
679
227
7
637
577
496
156
76
351
275
32
604
451
589
865
811
796
823
152
219
30
104
163
297
774
61
44
446
209
320
543
264
557
304
840
292
675
482
82
187
751
850
97
174
13
652
219
212
396
277
409
281
599
716
46
397
83
293
230
811
73
94
678
235
187
18
24
390
192
713
691
92
312
554
562
577
100
525
219
531
23
844
611
257
699
41
181
683
738
221
333
214
114
15
72
580
197
15
737
723
22
521
482
639
179
323
828
353
96
812
532
735
82
824
798
9
529
312
132
177
862
262
384
817
812
233
296
218
119
860
140
584
38
733
68
97
270
398
411
611
325
705
77
184
868
240
846
379
467
180
311
307
360
49
422
783
62
479
757
411
706
474
568
776
681
528
348
594
275
693
656
817
291
237
352
650
420
74
122
814
515
771
568
477
170
407
586
559
870
806
794
614
269
726
732
59
46
686
743
237
802
168
416
818
161
85
706
563
166
174
1
786
475
361
559
644
432
635
789
723
440
366
617
433
97
722
388
37
485
812
425
610
835
48
82
744
590
840
847
134
693
538
181
230
436
352
169
262
51
274
175
328
265
427
846
133
834
329
31
780
353
404
164
828
49
226
679
285
345
191
437
119
372
204
292
629
652
457
778
168
233
522
143
739
396
111
423
537
853
476
753
306
398
199
705
460
847
475
402
552
74
392
460
819
44
665
724
549
838
475
760
734
324
292
338
608
699
780
203
514
442
238
485
448
242
356
832
678
405
809
308
747
189
785
578
133
349
487
66
552
585
873
238
132
538
656
440
596
532
324
305
864
697
696
95
385
568
692
814
625
96
316
24
596
465
417
770
246
529
761
101
259
62
142
377
566
330
49
446
793
435
88
190
471
556
851
851
328
443
219
209
327
121
169
392
464
130
712
49
17
112
812
860
540
765
538
450
132
202
853
166
85
366
618
109
