335
202
277
473
328
75
599
815
195
874
411
671
368
805
669
379
871
48
450
311
52
412
55
446
451
142
836
126
591
298
294
822
58
0
6
599
259
26
460
790
659
194
264
451
60
557
8
635
415
167
843
234
420
254
579
589
697
286
801
577
572
535
780
609
297
399
103
659
537
766
608
376
553
752
184
405
72
32
789
580
188
721
686
642
550
798
181
440
531
489
602
67
193
290
470
587
399
634
832
522
720
40
48
352
370
859
290
6
292
139
492
142
157
863
685
246
77
384
314
789
121
567
819
407
699
318
643
69
716
123
210
234
730
541
64
356
614
115
126
526
491
859
595
369
812
270
379
372
267
824
515
231
553
631
620
50
856
857
382
661
64
138
403
740
692
843
431
169
52
321
626
697
569
257
200
227
453
81
358
184
373
104
45
214
673
138
556
96
285
660
210
654
687
665
171
552
788
282
151
624
831
517
221
846
9
778
768
795
11
34
148
618
871
319
773
553
427
430
607
521
91
154
626
225
142
461
816
239
721
457
855
559
55
48
290
403
626
489
238
718
841
818
241
417
404
834
700
549
457
788
490
857
296
131
862
248
62
750
768
348
680
87
610
455
615
271
117
748
397
218
663
850
342
590
856
276
759
313
837
494
317
260
109
150
690
269
144
451
567
63
167
722
42
378
816
645
760
105
643
552
760
526
444
282
737
277
787
345
288
669
525
302
397
470
275
420
8
779
661
798
616
687
93
594
781
137
341
770
635
665
65
843
718
661
496
775
756
483
317
737
12
875
439
823
519
254
724
632
830
66
183
513
7
710
89
423
803
511
182
821
588
390
342
757
284
287
378
467
183
781
842
496
757
648
855
56
320
102
454
821
541
491
432
190
524
805
842
488
702
450
613
316
854
477
201
417
859
831
341
393
406
574
234
759
45
96
652
19
5
191
589
630
471
73
764
545
870
800
285
67
789
415
60
207
460
394
644
108
132
97
589
120
747
244
803
506
482
32
326
107
657
146
309
220
559
249
758
712
554
111
395
162
492
117
544
597
93
835
254
9
108
91
99
117
861
224
200
299
177
511
11
484
861
196
75
366
18
838
276
610
253
680
606
675
61
401
627
133
503
247
467
599
230
709
353
614
142
120
197
264
329
99
444
690
579
543
384
420
490
196
729
231
203
279
749
342
701
562
701
769
711
34
820
553
686
741
55
438
580
166
311
536
526
386
416
163
132
252
733
705
9
770
166
635
191
55
323
759
71
566
551
305
730
310
433
590
694
463
406
443
538
763
151
495
54
808
542
781
9
639
494
842
226
300
59
721
44
577
79
457
762
504
54
371
521
513
105
727
96
64
464
540
424
62
466
131
115
563
868
523
46
440
291
273
374
82
145
515
837
591
637
799
703
65
65
644
295
773
723
701
489
748
535
540
293
524
592
630
676
15
524
390
538
267
728
755
497
182
177
788
341
477
336
722
745
786
161
685
620
683
84
550
247
5
609
692
722
82
753
97
839
24
672
504
435
154
185
646
711
829
704
690
631
486
651
389
791
582
2
148
853
360
523
235
504
157
379
793
569
689
6
413
289
370
699
719
546
803
313
575
401
468
520
590
371
830
657
184
461
180
90
356
571
340
12
35
104
288
378
419
553
527
362
368
70
235
72
253
58
210
666
732
161
380
419
410
208
198
296
806
591
206
52
312
367
745
386
661
491
478
301
434
571
121
384
759
149
682
556
742
215
340
495
491
782
80
662
56
105
338
712
541
0
729
246
377
166
60
536
512
425
629
542
717
695
165
5
248
611
239
746
592
583
770
195
11
249
179
148
866
823
867
228
95
709
864
579
636
554
816
867
806
192
313
796
822
371
427
655
406
715
601
292
862
644
28
809
324
43
230
588
629
449
437
40
458
340
635
555
104
160
576
636
670
84
551
476
558
765
39
583
821
379
793
558
637
623
318
849
417
124
57
754
352
857
533
195
747
872
80
260
242
791
601
701
