1501
1501
1503
1497
1501
1496
1497
1496
1494
1495
1495
1491
1488
1487
1488
1488
1488
1484
1484
1481
1482
1480
1483
1482
1479
1476
1478
1474
1474
1475
1473
1470
1469
1472
1467
1466
1466
1464
1466
1466
1464
1463
1462
1459
1457
1459
1454
1456
1454
1454
1455
1450
1450
1452
1451
1449
1449
1443
1442
1443
1445
1442
1440
1437
1437
1435
1434
1438
1437
1431
1433
1433
1429
1430
1430
1430
1427
1424
1427
1424
1421
1419
1420
1421
1416
1416
1415
1415
1415
1412
1410
1413
1408
1412
1407
1406
1407
1405
1404
1401
1402
1403
1398
1397
1398
1395
1394
1393
1394
1391
1392
1392
1392
1388
1391
1387
1387
1386
1384
1385
1385
1384
1379
1381
1376
1379
1379
1378
1377
1374
1371
1371
1370
1372
1366
1366
1365
1366
1364
1362
1364
1363
1360
1360
1358
1359
1357
1358
1353
1353
1354
1349
1353
1348
1350
1349
1346
1344
1347
1345
1341
1343
1341
1342
1341
1339
1339
1335
1333
1333
1333
1333
1330
1329
1330
1328
1328
1325
1326
1325
1320
1322
1322
1318
1319
1318
1317
1317
1315
1311
1310
1313
1311
1311
1311
1305
1307
1306
1303
1305
1303
1300
1299
1300
1300
1300
1296
1294
1293
1293
1295
1293
1292
1287
1286
1285
1289
1283
1283
1281
1282
1280
1278
1280
1276
1278
1277
1273
1274
1274
1270
1274
1270
1267
1268
1266
1265
1267
1264
1264
1260
1263
1263
1257
1259
1255
1259
1253
1253
1254
1255
1253
1251
1252
1247
1247
1245
1245
1247
1243
1241
1241
1238
1237
1236
1236
1239
1236
1236
1235
1233
1233
1228
1227
1231
1227
1227
1226
1227
1225
1224
1223
1218
1220
1220
1219
1215
1215
1214
1216
1211
1211
1211
1209
1210
1205
1205
1205
1203
1205
1204
1202
1203
1201
1198
1195
1199
1198
1196
1193
1190
1193
1193
1189
1186
1190
1184
1187
1182
1185
1180
1182
1183
1177
1176
1176
1174
1176
1176
1175
1174
1174
1172
1172
1167
1167
1165
1166
1163
1163
1162
1160
1161
1159
1159
1159
1158
1155
1155
1155
1153
1151
1153
1147
1146
1147
1147
1145
1145
1144
1145
1144
1141
1140
1141
1137
1137
1137
1132
1131
1134
1130
1132
1130
1131
1129
1126
1128
1127
1126
1124
1123
1119
1121
1117
1117
1117
1116
1112
1112
1114
1113
1108
1107
1108
1106
1106
1103
1103
1104
1103
1100
1100
1101
1101
1099
1094
1096
1096
1096
1094
1094
1092
1091
1091
1085
1086
1084
1087
1082
1083
1084
1083
1077
1077
1080
1079
1077
1074
1072
1074
1072
1070
1072
1070
1066
1067
1064
1065
1066
1060
1064
1061
1059
1058
1055
1054
1054
1053
1056
1050
1050
1049
1051
1047
1045
1049
1047
1043
1041
1041
1039
1040
1037
1036
1039
1039
1037
1035
1032
1035
1032
1028
1027
1026
1025
1024
1027
1024
1022
1025
1024
1018
1018
1018
1020
1019
1018
1012
1016
1013
1012
1008
1008
1010
1006
1005
1006
1002
1005
1002
1000
1002
1000
996
999
997
995
997
996
993
990
991
989
991
985
985
983
983
985
985
981
979
982
980
976
975
978
972
975
970
969
970
972
969
965
965
968
963
962
960
959
963
960
956
958
954
954
957
953
952
950
948
951
948
947
948
943
942
942
942
939
943
941
941
938
939
933
935
932
934
934
928
930
927
928
928
926
926
921
921
922
921
921
916
916
919
916
914
911
911
909
910
911
908
906
905
907
903
906
902
899
900
902
897
896
895
894
894
891
894
892
888
891
886
890
887
883
885
884
880
880
879
882
877
877
875
878
875
876
870
871
873
872
867
867
869
867
865
862
863
861
863
862
857
856
859
853
855
856
855
851
853
848
846
848
848
847
846
846
843
840
839
838
841
837
839
834
832
833
832
832
830
827
829
829
828
823
827
824
820
822
820
822
820
820
815
817
816
816
815
810
812
810
808
810
808
806
806
803
802
803
803
799
796
795
799
798
796
794
791
790
792
787
790
787
787
786
782
782
780
780
779
782
776
779
778
776
772
773
771
770
770
772
768
770
769
764
763
761
761
762
759
759
761
759
757
754
757
751
754
750
753
749
748
745
745
748
747
744
742
742
741
739
740
737
736
737
732
731
734
729
732
728
729
730
728
728
723
721
724
723
718
717
721
718
718
714
714
713
714
710
709
712
710
706
707
707
704
701
701
700
699
698
699
697
695
693
694
693
693
693
691
687
690
686
684
687
685
681
680
679
678
681
681
680
679
676
672
674
675
673
668
669
668
670
666
664
663
661
662
662
661
662
656
655
656
656
653
653
650
653
652
649
649
650
648
643
642
645
641
639
640
640
636
635
637
638
635
635
632
631
632
632
626
626
624
626
624
624
625
620
621
617
620
615
615
615
613
614
613
614
608
610
611
608
604
607
604
606
603
603
602
602
601
598
598
596
597
594
590
589
591
590
589
587
588
587
586
583
582
583
583
580
580
580
576
578
577
572
575
574
573
568
570
565
569
565
564
565
561
561
561
558
559
560
557
554
556
552
553
549
552
547
548
549
548
548
542
544
544
542
540
540
536
535
539
535
536
532
535
534
530
532
527
527
525
525
522
526
520
521
518
520
516
518
515
514
512
511
514
513
512
510
510
505
509
504
506
505
501
502
501
502
497
498
499
498
496
496
493
490
489
489
487
490
486
485
484
481
485
479
478
481
478
476
476
476
476
473
470
473
471
469
471
465
466
463
465
461
463
463
462
462
456
460
457
453
453
456
452
449
452
447
447
445
448
444
446
446
440
440
439
440
441
437
435
436
434
433
433
430
433
427
429
427
429
427
426
426
421
424
421
418
417
416
417
415
413
412
412
413
411
409
411
409
405
405
406
402
400
404
401
398
400
397
394
398
394
395
394
389
389
391
386
390
386
384
387
385
382
380
379
380
378
379
374
373
376
372
371
370
371
368
367
367
369
366
364
363
364
361
360
359
359
359
354
358
355
354
350
349
349
350
350
347
348
348
342
344
345
344
339
342
337
340
339
333
332
334
330
334
330
331
329
328
329
325
325
321
324
324
323
317
318
320
316
314
312
311
312
312
309
307
310
310
304
304
305
303
300
300
301
299
299
298
295
298
296
296
291
292
291
288
289
290
286
286
286
285
284
279
281
279
281
280
278
276
273
276
272
271
273
272
271
266
265
266
264
261
261
263
259
257
257
260
258
254
253
253
251
252
251
252
246
248
249
243
245
246
245
241
243
242
237
239
237
234
232
234
235
233
231
230
231
229
228
228
223
225
223
221
220
220
221
218
217
218
215
212
212
214
208
212
210
206
207
205
205
206
201
200
199
198
196
197
196
195
192
191
193
192
191
190
188
190
188
184
185
182
180
184
178
179
178
178
175
174
173
171
173
172
169
172
169
166
167
163
163
166
161
162
160
162
161
160
156
156
152
156
151
152
152
150
148
150
147
143
146
144
145
142
138
138
141
140
136
135
132
133
130
132
133
127
130
130
127
126
123
123
120
119
122
118
121
120
115
113
113
116
115
111
108
107
108
109
105
104
103
105
101
99
100
98
100
98
94
95
95
91
95
94
88
87
89
87
86
88
84
85
84
84
83
78
77
77
78
76
77
72
71
70
72
68
67
67
68
64
66
65
64
63
63
57
57
60
59
54
55
53
54
51
49
49
46
49
49
47
46
43
41
44
38
42
40
36
34
35
34
31
31
32
32
29
26
25
25
28
22
26
21
20
21
19
16
20
15
15
15
15
12
14
10
7
11
9
7
4
4
6
