1501
1502
1501
1502
1500
1499
1497
1497
1494
1491
1491
1490
1488
1487
1490
1490
1486
1485
1482
1483
1480
1480
1481
1478
1480
1478
1475
1478
1472
1476
1471
1471
1472
1472
1471
1468
1464
1468
1463
1462
1465
1464
1459
1458
1458
1458
1457
1457
1456
1451
1453
1450
1453
1449
1451
1446
1445
1448
1445
1442
1445
1443
1439
1440
1436
1436
1434
1438
1433
1431
1433
1431
1431
1431
1429
1428
1429
1425
1422
1421
1425
1424
1421
1421
1419
1420
1415
1413
1412
1415
1412
1410
1412
1411
1411
1405
1406
1404
1404
1406
1403
1403
1400
1400
1397
1398
1394
1396
1393
1394
1394
1394
1389
1388
1390
1385
1387
1383
1385
1384
1385
1383
1383
1378
1381
1376
1379
1374
1376
1371
1372
1373
1371
1371
1370
1367
1367
1365
1365
1365
1361
1359
1360
1362
1356
1360
1355
1357
1352
1352
1351
1354
1352
1347
1350
1349
1347
1346
1347
1346
1345
1339
1341
1340
1339
1336
1336
1336
1337
1332
1331
1330
1329
1331
1330
1330
1329
1328
1322
1321
1325
1322
1321
1320
1317
1315
1314
1318
1312
1312
1310
1313
1312
1312
1311
1307
1306
1305
1303
1305
1301
1302
1300
1298
1300
1298
1299
1294
1292
1294
1291
1291
1291
1288
1290
1286
1285
1287
1285
1284
1281
1282
1280
1280
1281
1277
1275
1274
1277
1273
1274
1271
1272
1269
1270
1267
1264
1266
1263
1266
1260
1260
1259
1259
1257
1256
1259
1255
1256
1253
1252
1253
1252
1247
1248
1245
1246
1245
1242
1245
1240
1242
1240
1239
1239
1236
1235
1238
1235
1231
1233
1232
1231
1230
1226
1226
1224
1225
1224
1225
1221
1222
1223
1219
1217
1216
1216
1218
1216
1214
1211
1209
1212
1212
1208
1207
1204
1208
1203
1201
1201
1201
1199
1198
1197
1199
1198
1193
1196
1196
1194
1193
1189
1191
1187
1187
1189
1184
1182
1185
1185
1180
1178
1181
1179
1178
1175
1176
1173
1172
1172
1169
1170
1169
1170
1169
1168
1164
1164
1163
1165
1160
1161
1158
1160
1157
1158
1154
1155
1151
1155
1149
1152
1151
1146
1146
1146
1148
1145
1145
1145
1142
1141
1142
1136
1137
1139
1133
1133
1132
1134
1132
1133
1130
1128
1128
1129
1126
1123
1121
1122
1123
1119
1121
1116
1117
1116
1118
1116
1116
1110
1112
1113
1109
1106
1109
1105
1104
1102
1101
1102
1103
1099
1097
1097
1098
1095
1097
1094
1096
1091
1093
1090
1087
1089
1085
1088
1085
1085
1084
1081
1081
1082
1079
1077
1077
1075
1074
1074
1073
1071
1071
1071
1069
1067
1066
1069
1064
1066
1062
1064
1062
1061
1059
1059
1056
1054
1053
1053
1052
1052
1053
1051
1048
1049
1045
1045
1046
1043
1042
1040
1040
1039
1038
1039
1038
1034
1033
1036
1032
1033
1030
1032
1031
1029
1026
1025
1025
1027
1021
1023
1022
1019
1021
1017
1020
1014
1016
1015
1013
1011
1013
1012
1010
1011
1008
1006
1006
1006
1001
1003
1003
1003
1001
1000
995
999
995
993
991
995
992
991
991
990
987
987
988
983
984
984
983
978
977
978
975
974
976
975
972
975
969
968
970
968
969
967
963
962
964
964
961
958
958
956
958
959
956
953
953
951
952
949
950
949
946
947
946
947
943
943
941
938
939
941
937
936
933
933
933
933
929
933
932
931
930
928
924
924
923
922
922
920
922
921
917
916
916
916
911
914
913
913
912
909
910
906
907
907
901
903
904
902
899
901
898
896
894
896
896
893
894
888
889
891
887
888
885
885
885
880
883
879
880
879
877
878
874
876
873
873
871
873
871
871
870
869
864
863
866
864
863
858
861
857
857
857
853
852
853
851
854
853
848
851
850
847
844
846
846
841
841
841
839
837
836
837
838
833
836
834
829
833
828
827
825
829
826
822
823
823
824
821
822
817
820
814
814
814
815
814
811
813
811
810
809
808
803
802
802
801
804
800
797
799
795
797
793
794
794
794
794
793
788
786
785
784
785
787
784
785
784
780
777
779
775
778
777
777
776
775
773
770
771
768
767
769
767
766
765
760
762
759
762
761
757
755
753
755
751
751
750
752
752
747
746
748
746
746
743
743
741
743
738
737
738
738
734
732
733
731
730
729
730
729
727
725
723
723
725
720
721
721
720
718
720
716
715
717
713
713
710
713
712
708
707
709
704
703
701
702
701
703
698
696
700
698
698
696
695
692
692
689
687
691
689
689
683
683
685
685
680
681
678
676
676
678
678
673
672
673
671
668
672
666
670
665
667
663
665
660
659
659
661
660
659
656
653
654
655
655
654
650
651
650
646
646
646
647
646
643
642
638
639
637
639
639
634
637
636
632
634
631
629
628
630
629
624
623
625
625
623
619
617
616
616
619
618
614
613
615
609
612
610
608
609
606
608
607
604
602
604
600
600
597
597
598
594
596
595
595
593
592
592
590
587
586
585
583
584
581
584
583
582
576
579
576
575
574
573
575
573
568
568
567
568
568
563
566
561
565
560
562
560
556
556
559
554
554
554
551
551
553
551
549
549
545
544
544
542
542
540
543
539
538
535
538
537
537
535
533
531
531
532
527
527
527
524
522
526
520
520
521
518
520
517
519
515
513
515
513
511
510
507
511
508
504
504
506
503
500
500
502
497
499
495
499
498
497
492
490
491
492
490
491
488
484
487
484
484
480
484
480
478
480
475
479
476
477
472
474
471
473
467
468
470
467
466
465
461
463
464
458
462
458
457
456
453
457
452
450
452
450
447
449
448
447
445
446
444
440
441
439
442
436
439
438
437
433
431
430
433
432
428
426
430
424
425
427
423
422
422
421
421
418
416
417
415
414
415
412
412
408
409
407
408
407
406
403
405
402
403
401
402
399
398
399
393
395
396
390
389
392
390
391
388
385
385
385
384
382
383
382
379
379
380
377
374
377
374
373
369
369
368
368
369
364
363
365
361
360
360
359
362
357
357
358
353
354
354
352
354
352
352
347
349
348
347
344
342
343
344
338
339
339
336
337
338
335
331
331
329
332
331
326
330
327
327
327
321
321
323
320
320
318
320
314
318
313
314
311
313
310
308
306
307
307
307
306
303
305
300
300
298
300
296
295
297
292
296
294
294
290
292
287
289
288
283
285
285
285
281
283
280
276
280
277
277
275
276
273
274
272
269
267
267
268
267
265
262
261
262
263
259
259
255
258
255
255
251
254
254
249
250
249
249
248
243
243
245
243
244
241
241
241
236
235
237
235
235
235
231
231
231
229
225
226
226
225
223
223
219
219
222
216
216
217
213
217
211
210
211
213
208
208
210
209
205
204
201
202
203
200
198
197
197
199
198
196
194
193
194
192
192
187
185
184
183
186
186
184
183
180
181
180
176
174
176
175
174
173
172
170
170
167
168
167
168
166
164
165
160
158
160
160
156
157
157
155
151
152
151
150
152
146
147
149
148
147
142
142
144
140
140
138
139
134
134
132
132
133
129
133
128
131
127
124
125
127
124
120
121
123
120
116
117
117
117
115
112
114
113
111
108
111
110
106
106
107
106
100
103
103
97
101
97
97
98
97
94
90
92
93
88
90
88
86
85
87
81
85
83
80
79
77
78
78
73
72
71
71
73
70
72
69
69
66
68
67
65
62
62
59
61
59
56
56
55
54
53
50
53
51
48
49
48
49
46
45
43
40
44
43
41
41
37
35
35
32
35
30
30
31
28
29
30
26
28
26
23
23
22
18
20
20
17
18
15
16
11
12
13
10
10
7
7
4
7
2
4
