1503
1500
1502
1497
1497
1499
1495
1497
1496
1495
1494
1494
1493
1490
1488
1489
1488
1483
1484
1482
1484
1481
1479
1478
1477
1479
1478
1474
1473
1475
1474
1469
1473
1469
1471
1467
1467
1464
1466
1463
1463
1459
1459
1457
1458
1457
1457
1455
1455
1455
1455
1450
1451
1450
1448
1447
1448
1444
1445
1442
1443
1442
1441
1441
1437
1438
1436
1435
1432
1432
1431
1433
1431
1428
1429
1425
1424
1428
1422
1425
1425
1420
1420
1422
1418
1418
1414
1416
1416
1415
1411
1409
1412
1410
1410
1407
1408
1406
1402
1401
1400
1401
1399
1399
1400
1398
1395
1395
1393
1395
1392
1392
1388
1388
1387
1389
1389
1384
1382
1386
1384
1383
1379
1381
1377
1378
1374
1378
1372
1372
1375
1374
1369
1369
1371
1368
1366
1363
1367
1361
1362
1364
1362
1362
1360
1357
1358
1353
1357
1353
1353
1351
1353
1352
1349
1348
1346
1346
1344
1341
1341
1340
1340
1341
1339
1339
1336
1333
1337
1334
1332
1333
1329
1330
1327
1326
1327
1323
1323
1323
1320
1320
1323
1322
1321
1316
1317
1318
1312
1316
1313
1312
1312
1312
1306
1309
1306
1308
1303
1303
1305
1300
1298
1300
1296
1297
1298
1294
1297
1291
1291
1291
1289
1290
1289
1285
1287
1288
1285
1281
1283
1283
1278
1278
1280
1278
1275
1273
1273
1276
1273
1272
1272
1272
1269
1267
1264
1265
1262
1262
1265
1261
1259
1259
1256
1255
1258
1253
1256
1252
1255
1252
1250
1248
1249
1248
1247
1248
1243
1241
1240
1240
1239
1237
1241
1236
1236
1234
1237
1234
1234
1231
1228
1232
1226
1227
1225
1225
1222
1222
1220
1222
1223
1222
1219
1216
1218
1218
1215
1215
1212
1212
1212
1207
1206
1210
1207
1204
1204
1205
1203
1203
1201
1200
1199
1197
1195
1194
1195
1196
1190
1189
1192
1188
1187
1186
1185
1188
1185
1181
1185
1180
1180
1179
1178
1180
1179
1175
1173
1171
1175
1171
1172
1167
1171
1166
1167
1165
1164
1164
1161
1159
1158
1162
1159
1156
1156
1155
1157
1154
1154
1152
1150
1147
1151
1145
1148
1145
1146
1141
1140
1142
1139
1140
1136
1138
1138
1137
1134
1133
1135
1131
1131
1131
1131
1130
1126
1126
1122
1121
1125
1123
1121
1118
1117
1119
1117
1113
1113
1112
1110
1114
1109
1111
1110
1108
1105
1105
1105
1106
1105
1104
1099
1102
1097
1099
1096
1097
1096
1096
1094
1094
1091
1088
1087
1086
1084
1086
1083
1082
1082
1084
1080
1082
1077
1077
1074
1077
1072
1073
1073
1074
1070
1067
1066
1068
1067
1063
1063
1064
1064
1061
1060
1058
1057
1060
1057
1056
1053
1054
1055
1053
1053
1050
1051
1046
1047
1046
1046
1043
1041
1043
1038
1038
1039
1036
1034
1035
1032
1036
1035
1032
1028
1030
1030
1027
1029
1026
1026
1024
1020
1023
1019
1020
1018
1018
1019
1013
1016
1014
1015
1013
1012
1010
1011
1009
1009
1005
1006
1004
1001
1001
998
1001
996
1000
994
993
995
993
995
993
989
987
988
990
989
988
982
984
980
979
981
982
978
976
976
973
974
974
975
971
968
971
967
969
966
968
967
961
962
961
961
957
960
958
959
958
956
953
953
954
953
952
948
945
948
947
947
941
941
940
940
942
940
939
935
935
936
932
931
929
929
927
931
929
925
926
924
923
922
920
918
921
917
916
918
915
917
914
912
910
908
909
906
907
905
904
907
904
904
899
899
897
901
897
899
893
897
896
890
891
891
890
888
888
884
887
882
884
885
881
881
877
877
875
878
877
877
874
873
873
872
871
866
865
868
865
864
866
862
860
863
860
860
859
859
853
855
854
850
850
848
848
847
845
845
845
847
846
844
843
839
837
837
837
836
834
834
832
835
834
832
831
831
828
827
824
822
822
823
823
820
819
821
818
819
814
816
811
813
810
809
810
810
809
809
807
807
802
800
804
801
798
799
797
796
798
792
794
793
794
792
791
789
789
785
785
784
782
780
784
783
780
777
777
779
775
776
773
770
769
771
772
770
770
769
763
767
766
761
760
763
757
761
755
756
755
752
755
753
754
751
747
747
750
749
748
747
741
743
740
743
737
736
738
738
733
736
735
732
731
730
729
727
727
729
727
727
723
721
722
721
722
720
715
714
714
712
712
711
713
711
709
709
710
709
706
706
705
704
699
698
698
701
699
694
693
694
692
694
689
692
689
691
690
687
688
685
682
685
681
682
679
681
679
675
678
673
673
671
669
669
669
669
667
669
668
664
664
662
661
663
657
661
660
656
655
657
651
654
650
653
648
648
648
648
646
646
644
642
641
641
637
641
638
639
634
637
635
632
631
631
627
629
627
629
625
622
621
622
622
620
620
619
620
614
618
612
613
612
610
608
608
610
610
608
608
607
605
603
604
600
602
598
597
598
595
594
591
590
591
589
589
587
589
586
586
583
585
583
583
580
577
581
576
577
575
576
574
570
574
572
569
569
567
565
563
567
566
561
564
560
560
558
558
558
553
553
556
554
552
548
549
551
548
544
548
542
546
541
544
542
542
539
535
534
533
536
532
533
530
530
530
529
528
525
524
523
524
524
522
520
522
517
520
518
513
513
514
514
510
511
507
509
506
508
508
504
501
503
501
498
499
500
500
494
495
492
491
491
489
488
492
490
488
486
486
483
484
483
481
479
478
477
478
477
477
477
472
471
473
470
472
470
466
466
466
462
466
461
464
462
459
459
457
455
454
454
451
453
454
452
450
446
448
448
448
446
444
443
443
438
438
436
440
434
433
437
433
431
431
428
431
431
425
425
428
424
422
422
421
423
418
421
415
416
417
413
414
410
411
410
412
409
406
404
404
402
405
400
400
403
399
399
395
394
393
393
391
391
390
391
391
391
386
387
385
387
385
384
380
380
378
377
376
374
377
377
376
375
370
370
372
366
368
364
363
363
364
363
363
361
361
360
360
359
356
353
356
354
353
349
350
351
350
349
343
342
345
341
342
341
341
339
337
337
336
332
331
333
333
330
332
327
330
328
323
324
325
322
324
320
322
319
316
319
313
316
315
314
314
308
311
308
306
308
305
302
302
301
299
299
301
297
296
294
298
297
291
292
292
293
291
291
285
285
287
283
285
281
279
282
277
277
279
274
273
273
273
275
271
271
268
266
270
268
266
265
266
260
262
263
262
256
259
258
253
252
251
253
249
250
251
249
245
245
247
247
241
240
241
243
241
240
237
238
234
232
233
232
230
229
228
230
228
229
224
223
221
222
222
219
217
219
219
214
215
212
216
214
212
212
211
206
205
208
206
202
201
202
199
199
202
196
196
195
193
192
192
195
191
192
189
189
186
186
185
182
181
182
182
183
179
178
177
176
178
176
173
175
174
172
168
168
168
168
165
164
162
162
159
161
162
158
156
157
158
156
154
154
152
152
147
150
146
146
143
144
142
143
143
141
137
141
138
135
135
137
131
133
134
128
127
130
125
126
124
126
122
124
121
121
120
119
120
116
117
116
115
114
114
111
109
109
108
106
103
103
102
101
104
103
100
101
98
94
94
96
96
92
93
91
89
87
86
85
86
82
86
83
83
78
82
77
77
79
78
72
73
74
73
70
68
69
68
64
65
62
65
65
62
59
60
56
55
57
56
52
51
51
51
50
51
51
47
48
48
47
42
43
40
38
38
37
35
38
35
37
33
30
33
28
27
29
30
26
26
26
24
22
19
23
20
19
20
19
13
17
15
10
11
10
7
10
8
9
8
6
3
