1505
1503
1503
1500
1498
1496
1495
1497
1497
1493
1490
1492
1492
1489
1491
1487
1487
1483
1483
1483
1483
1484
1480
1478
1479
1476
1475
1475
1473
1473
1475
1472
1473
1467
1467
1469
1467
1464
1466
1464
1464
1464
1460
1461
1457
1455
1454
1455
1452
1451
1451
1450
1453
1452
1448
1446
1447
1447
1443
1445
1441
1443
1439
1437
1438
1435
1438
1436
1432
1433
1430
1434
1431
1431
1430
1430
1426
1426
1427
1425
1423
1421
1420
1417
1419
1419
1414
1417
1416
1413
1414
1414
1411
1411
1406
1405
1406
1403
1403
1404
1402
1404
1403
1402
1401
1395
1394
1395
1394
1395
1395
1390
1393
1387
1388
1385
1386
1386
1384
1383
1384
1381
1379
1380
1379
1376
1379
1377
1377
1374
1371
1373
1372
1368
1369
1370
1367
1366
1362
1363
1364
1361
1363
1361
1361
1356
1359
1354
1353
1353
1351
1349
1353
1350
1348
1346
1347
1343
1347
1341
1345
1343
1343
1340
1336
1340
1335
1337
1337
1335
1335
1329
1328
1329
1329
1329
1328
1325
1326
1326
1323
1323
1322
1320
1320
1315
1317
1315
1313
1316
1315
1311
1311
1311
1308
1309
1307
1307
1303
1305
1305
1299
1302
1301
1301
1296
1296
1294
1293
1294
1291
1293
1290
1291
1289
1285
1284
1285
1284
1286
1283
1284
1280
1280
1278
1276
1275
1274
1277
1275
1274
1273
1272
1268
1268
1268
1266
1265
1265
1266
1263
1259
1263
1260
1257
1255
1258
1256
1257
1252
1252
1249
1253
1247
1247
1247
1249
1247
1246
1242
1240
1241
1240
1240
1238
1240
1237
1234
1234
1236
1233
1229
1231
1229
1230
1225
1228
1223
1223
1222
1220
1221
1223
1219
1218
1215
1216
1218
1217
1211
1214
1211
1210
1212
1210
1209
1209
1203
1202
1202
1204
1201
1202
1200
1200
1199
1199
1195
1195
1195
1190
1192
1188
1187
1187
1185
1187
1186
1183
1181
1185
1184
1179
1182
1177
1179
1175
1176
1177
1171
1175
1172
1173
1168
1167
1166
1169
1166
1162
1164
1162
1163
1163
1157
1160
1158
1159
1153
1152
1154
1152
1152
1151
1152
1148
1147
1149
1144
1143
1143
1145
1141
1143
1138
1140
1136
1138
1137
1137
1134
1131
1133
1128
1130
1130
1130
1127
1128
1123
1126
1123
1120
1118
1121
1120
1117
1119
1113
1117
1111
1113
1110
1108
1107
1111
1110
1108
1104
1106
1103
1103
1104
1100
1101
1098
1095
1099
1093
1092
1092
1091
1089
1090
1092
1088
1086
1089
1083
1087
1086
1085
1079
1082
1077
1080
1080
1079
1076
1077
1071
1070
1070
1073
1071
1066
1066
1069
1065
1062
1063
1061
1062
1059
1062
1056
1058
1057
1055
1056
1051
1055
1051
1052
1049
1051
1048
1046
1046
1043
1044
1043
1044
1038
1039
1040
1036
1039
1034
1035
1034
1030
1029
1033
1032
1028
1028
1025
1028
1022
1025
1025
1022
1021
1022
1019
1017
1018
1014
1015
1016
1010
1011
1009
1012
1006
1010
1007
1006
1007
1005
1004
1003
1002
1001
998
997
996
995
994
992
992
993
990
989
990
986
988
985
985
983
983
982
978
982
980
975
976
978
976
972
974
974
971
970
967
966
965
968
962
966
964
961
963
962
957
958
959
955
955
952
954
954
948
952
947
949
946
945
943
943
943
940
940
939
937
935
939
938
937
933
932
930
928
931
927
926
927
925
927
924
925
921
918
917
917
915
916
917
915
911
912
911
910
908
907
905
906
905
902
905
901
904
899
902
897
896
895
898
897
893
893
894
892
889
890
887
889
884
883
882
880
880
878
877
880
880
875
877
872
871
875
869
868
869
867
869
865
864
863
863
865
859
859
860
856
857
857
853
855
851
852
853
852
850
851
850
849
846
846
846
841
841
841
839
836
838
835
836
836
834
834
832
832
832
829
827
824
824
823
824
820
823
823
819
821
817
815
815
817
815
813
810
810
811
810
810
808
803
804
803
805
802
801
798
800
799
799
794
797
793
795
790
791
791
788
788
789
786
787
781
785
780
779
782
781
778
779
778
772
775
772
770
771
767
771
766
766
768
766
761
761
763
762
759
760
756
755
757
752
752
750
754
748
748
748
746
748
743
742
741
742
743
742
738
738
739
736
733
734
734
732
731
730
727
726
729
724
725
727
722
724
719
718
720
716
720
715
717
713
712
710
711
710
709
708
706
709
703
707
702
705
699
700
699
698
696
699
698
696
691
693
691
693
690
689
686
689
688
683
685
684
681
681
679
681
677
676
677
674
676
671
674
669
669
667
668
665
665
664
663
660
664
661
662
661
658
658
654
654
656
651
649
653
650
648
645
645
648
646
644
644
640
639
638
639
640
636
635
632
636
635
631
628
631
631
627
625
623
624
623
625
622
623
619
617
617
614
615
612
615
615
609
613
609
608
607
604
608
607
604
600
599
600
597
597
600
599
598
592
593
594
591
591
590
586
587
588
583
583
584
585
581
580
581
578
580
578
575
575
574
575
572
568
571
569
569
566
568
562
563
560
561
559
560
557
558
555
558
556
555
555
554
552
552
551
548
546
548
543
545
540
541
538
542
541
538
538
535
536
531
534
534
533
529
527
526
529
527
523
523
523
524
520
518
521
517
517
515
514
514
514
514
508
511
510
506
504
505
505
503
501
501
500
497
501
496
499
495
496
492
494
492
491
490
486
485
489
487
486
485
482
484
481
481
481
476
478
477
477
476
474
474
471
468
470
469
466
465
464
466
461
459
461
460
461
459
456
456
456
451
451
453
449
452
446
445
449
446
444
445
442
441
441
438
437
440
436
436
433
431
431
429
432
429
429
428
426
428
422
425
423
423
422
420
416
419
418
413
415
412
412
412
410
408
407
410
408
405
407
404
404
402
398
398
400
396
399
398
396
392
390
394
388
388
391
388
388
388
385
386
383
380
379
382
377
380
375
376
372
375
373
372
373
367
369
367
368
365
364
361
361
364
363
358
361
359
354
355
355
351
353
351
348
351
348
345
347
345
343
344
344
339
342
337
336
337
336
334
336
334
334
331
330
331
327
326
324
326
322
326
325
321
318
321
321
317
316
318
312
312
312
311
313
308
311
306
307
305
304
306
303
302
301
300
296
297
299
293
296
292
293
294
289
291
290
289
285
286
284
286
282
281
279
277
280
279
276
274
275
272
272
273
270
272
266
266
267
264
266
266
265
259
258
258
260
259
259
253
252
255
251
250
251
252
248
248
244
244
247
245
243
243
243
241
236
239
238
238
237
234
230
234
233
232
230
227
224
224
223
221
223
220
220
221
217
216
216
214
213
216
213
214
213
209
209
208
208
205
202
203
203
203
203
202
197
199
197
193
197
196
192
192
188
190
190
188
188
183
183
185
182
182
183
178
180
180
174
176
172
175
174
169
171
167
170
165
166
166
165
162
163
162
160
162
157
158
154
153
154
154
152
149
151
148
147
147
147
144
142
145
140
144
142
141
140
137
139
133
135
136
134
133
128
127
130
130
127
124
122
126
120
123
118
122
116
115
115
115
112
112
111
114
109
112
107
107
104
107
107
106
101
104
103
98
97
97
94
98
97
91
94
92
91
87
89
86
89
85
82
84
84
82
82
77
77
78
74
73
76
76
71
70
71
70
70
69
68
64
64
61
62
59
61
57
60
57
58
53
54
56
53
52
51
47
51
50
48
47
43
44
45
42
43
37
41
37
39
35
36
33
31
34
32
31
27
29
28
24
27
23
20
23
23
21
16
18
16
15
13
13
14
10
10
12
8
10
9
4
2
4
