1501
1499
1499
1501
1500
1499
1496
1497
1492
1493
1491
1494
1489
1491
1490
1487
1488
1485
1482
1483
1480
1482
1480
1480
1477
1476
1475
1474
1472
1475
1471
1471
1472
1468
1466
1467
1469
1467
1465
1465
1463
1463
1461
1461
1458
1457
1454
1457
1453
1454
1455
1451
1452
1451
1451
1446
1448
1447
1445
1442
1441
1444
1438
1439
1439
1436
1437
1437
1436
1436
1431
1429
1433
1428
1428
1430
1429
1423
1422
1422
1423
1421
1418
1418
1416
1417
1416
1414
1416
1416
1412
1410
1411
1410
1409
1405
1405
1404
1406
1404
1402
1400
1402
1402
1398
1395
1397
1397
1394
1395
1391
1394
1390
1387
1391
1385
1385
1388
1383
1382
1384
1383
1379
1381
1376
1375
1379
1378
1372
1373
1371
1370
1369
1370
1366
1367
1367
1367
1364
1361
1363
1360
1358
1357
1360
1359
1354
1356
1355
1354
1352
1352
1349
1347
1346
1347
1346
1345
1345
1341
1342
1344
1340
1342
1336
1340
1336
1333
1333
1333
1334
1334
1332
1330
1331
1327
1325
1328
1324
1321
1324
1323
1322
1319
1320
1315
1314
1313
1317
1316
1311
1311
1309
1310
1307
1309
1308
1305
1307
1302
1300
1302
1298
1302
1299
1299
1298
1298
1296
1291
1295
1293
1289
1289
1287
1289
1285
1287
1287
1283
1285
1280
1281
1279
1281
1275
1279
1276
1274
1276
1271
1272
1269
1271
1270
1268
1267
1264
1265
1265
1262
1259
1258
1260
1259
1257
1259
1255
1256
1253
1252
1249
1248
1250
1249
1249
1244
1246
1245
1241
1241
1242
1241
1242
1237
1235
1234
1235
1233
1233
1235
1231
1232
1230
1230
1230
1228
1224
1226
1222
1225
1222
1218
1218
1218
1218
1216
1214
1217
1212
1215
1209
1212
1210
1211
1205
1208
1207
1206
1202
1204
1200
1203
1198
1196
1199
1196
1195
1195
1196
1193
1194
1191
1187
1189
1188
1189
1187
1186
1184
1182
1180
1178
1178
1176
1179
1178
1176
1177
1174
1170
1169
1172
1168
1171
1170
1169
1163
1167
1164
1160
1163
1161
1157
1161
1156
1155
1154
1153
1151
1152
1151
1151
1147
1151
1149
1147
1144
1147
1146
1145
1140
1142
1142
1139
1135
1138
1138
1133
1134
1135
1129
1129
1128
1129
1126
1129
1123
1123
1124
1120
1119
1120
1119
1118
1118
1116
1116
1115
1114
1110
1111
1109
1110
1110
1110
1107
1107
1102
1106
1100
1103
1098
1100
1100
1100
1095
1094
1092
1096
1091
1093
1092
1090
1087
1087
1084
1084
1086
1084
1080
1081
1078
1082
1079
1078
1075
1075
1072
1072
1070
1073
1069
1071
1066
1066
1066
1068
1063
1063
1061
1061
1061
1061
1057
1058
1059
1055
1055
1053
1050
1050
1048
1049
1048
1047
1047
1046
1043
1044
1041
1043
1040
1039
1036
1039
1039
1036
1037
1033
1030
1031
1032
1027
1028
1029
1026
1026
1024
1024
1025
1024
1019
1021
1021
1016
1017
1016
1017
1016
1013
1014
1009
1012
1009
1009
1009
1004
1005
1006
1004
1000
999
1001
996
996
995
997
993
996
990
993
990
989
987
988
989
988
985
982
983
984
978
979
980
978
975
978
975
976
974
974
968
967
967
965
969
963
966
965
964
960
961
959
958
956
956
954
957
953
950
952
953
948
950
949
948
946
945
946
943
939
942
940
938
937
935
936
937
933
935
930
932
927
929
927
925
923
922
926
922
920
919
920
918
918
916
913
913
916
913
912
912
907
907
906
904
903
902
905
902
904
903
897
897
898
897
898
895
894
890
892
889
889
886
886
886
886
887
883
884
879
882
877
880
880
874
873
873
875
873
871
870
871
869
869
868
863
867
863
864
864
861
859
860
859
856
856
857
853
850
852
848
847
850
847
847
844
843
846
845
840
838
840
839
838
834
837
834
835
833
834
831
829
828
827
828
823
826
821
821
820
820
822
818
820
815
814
814
815
812
811
811
811
808
810
807
808
806
801
801
802
803
798
801
796
794
797
793
793
795
791
793
788
786
787
785
785
784
785
780
782
782
779
776
780
774
776
774
775
773
771
769
769
766
768
766
764
767
765
763
763
763
759
761
760
754
755
755
756
750
754
752
752
748
749
747
747
742
746
740
743
742
738
740
740
736
734
736
734
730
732
728
732
726
730
725
723
723
722
725
720
721
719
718
716
716
714
717
711
712
713
713
712
707
709
707
704
705
705
705
703
702
699
699
695
696
695
697
691
694
689
689
690
690
686
687
685
682
684
683
680
679
678
676
675
674
675
677
676
672
670
673
670
670
667
668
663
665
665
660
663
660
661
656
659
659
655
653
656
650
650
650
652
651
648
645
647
645
643
643
644
643
637
637
636
639
636
634
631
634
633
628
631
628
627
629
624
623
626
622
622
621
621
621
619
617
614
616
614
610
612
610
610
609
608
606
606
604
603
602
599
600
602
598
600
599
595
594
591
591
589
588
587
586
585
586
583
584
585
581
580
580
580
581
575
578
576
572
574
573
572
573
567
571
567
568
568
564
561
562
561
563
562
561
559
554
555
557
552
554
549
548
550
550
549
544
543
545
541
541
541
542
538
539
537
534
536
535
532
533
531
531
531
527
526
527
526
527
526
524
522
522
522
516
517
517
513
512
514
513
514
508
507
509
510
504
504
507
502
501
503
499
500
496
495
496
493
497
492
493
492
488
492
488
489
487
488
484
486
482
479
482
479
478
479
477
474
476
471
472
470
471
468
469
469
467
467
462
465
460
459
461
460
456
458
454
453
456
452
453
449
448
448
451
446
444
445
444
446
441
444
439
438
438
439
439
436
437
433
432
430
431
432
427
428
425
424
423
424
420
420
420
420
419
415
415
417
415
416
413
409
409
410
409
408
408
404
405
404
405
404
401
399
400
397
396
395
394
392
395
389
393
389
391
390
388
386
387
386
384
381
383
382
380
378
376
375
373
372
374
369
370
372
371
367
367
364
363
365
361
359
359
362
356
357
357
353
354
352
353
354
353
351
351
350
344
348
345
341
340
341
343
338
338
337
339
336
332
334
330
331
333
329
328
325
328
327
322
321
323
323
323
318
317
319
316
314
312
313
313
311
310
312
308
309
306
305
302
303
305
303
302
301
301
298
298
298
295
295
291
290
293
292
291
287
289
285
285
285
282
284
280
277
277
280
274
273
276
273
272
269
268
268
271
268
268
264
265
263
265
262
261
258
260
259
258
256
257
251
253
251
252
249
247
248
245
245
242
241
242
243
238
242
241
237
239
235
236
233
230
234
231
230
228
228
227
223
223
223
223
219
220
218
216
217
215
214
213
212
213
214
209
212
209
206
206
205
202
204
200
203
199
201
197
196
197
193
193
195
193
190
189
192
187
188
189
183
187
186
181
182
183
182
181
178
178
175
177
171
175
171
169
172
169
167
168
164
163
165
165
160
160
157
158
156
158
153
156
152
151
154
153
150
147
147
148
146
146
143
140
141
138
140
137
138
138
138
133
134
135
132
131
127
128
130
128
123
127
126
121
120
118
117
120
115
116
117
112
115
113
109
109
108
108
108
104
105
106
101
101
104
101
100
97
95
96
94
92
93
91
92
89
87
89
87
88
83
85
84
81
84
79
81
78
77
76
75
77
75
73
71
73
68
66
68
64
65
65
61
63
62
62
62
61
55
59
57
53
56
51
52
53
50
46
49
48
43
45
44
42
42
38
42
37
36
37
37
32
36
32
34
30
31
28
29
26
25
27
22
20
20
20
21
21
18
16
13
15
13
10
12
11
7
8
10
9
5
2
1
