1502
1502
1500
1497
1500
1499
1497
1493
1495
1495
1490
1491
1493
1489
1488
1490
1485
1485
1482
1482
1485
1481
1481
1482
1476
1480
1474
1476
1476
1474
1470
1469
1471
1470
1471
1465
1464
1468
1467
1466
1463
1460
1462
1458
1459
1455
1456
1455
1455
1452
1453
1449
1453
1452
1450
1445
1449
1445
1443
1445
1442
1442
1442
1438
1436
1435
1435
1434
1434
1433
1431
1430
1429
1427
1431
1428
1428
1425
1426
1421
1420
1421
1418
1419
1418
1419
1419
1413
1417
1413
1413
1412
1408
1410
1410
1410
1406
1404
1407
1403
1403
1402
1399
1398
1401
1399
1399
1397
1394
1391
1391
1389
1388
1390
1391
1390
1386
1384
1383
1386
1384
1383
1380
1380
1379
1378
1375
1374
1375
1374
1372
1373
1373
1368
1369
1369
1369
1367
1367
1364
1364
1361
1362
1361
1359
1355
1356
1355
1355
1352
1355
1350
1348
1347
1348
1348
1345
1348
1345
1343
1343
1339
1339
1342
1341
1340
1339
1333
1335
1335
1330
1329
1333
1332
1327
1329
1327
1328
1327
1321
1321
1324
1321
1321
1320
1316
1314
1314
1312
1315
1310
1313
1308
1310
1306
1305
1305
1308
1307
1306
1301
1300
1303
1298
1300
1296
1296
1297
1295
1293
1293
1289
1291
1292
1287
1288
1285
1286
1282
1283
1284
1281
1280
1278
1277
1279
1274
1275
1274
1275
1272
1269
1272
1270
1268
1268
1269
1264
1264
1265
1263
1259
1259
1257
1259
1257
1254
1255
1256
1253
1250
1249
1250
1247
1248
1248
1245
1247
1243
1246
1241
1239
1238
1238
1239
1238
1235
1238
1236
1236
1233
1232
1231
1230
1231
1227
1227
1228
1223
1222
1224
1223
1220
1222
1221
1215
1214
1216
1212
1214
1214
1210
1210
1209
1211
1210
1208
1206
1204
1201
1202
1204
1202
1199
1199
1196
1197
1194
1194
1196
1191
1191
1191
1192
1191
1185
1189
1183
1185
1183
1180
1180
1181
1179
1180
1180
1177
1175
1172
1173
1171
1174
1170
1168
1169
1170
1167
1167
1166
1165
1165
1160
1160
1157
1157
1160
1159
1156
1155
1153
1154
1152
1152
1151
1146
1145
1149
1147
1142
1144
1142
1142
1139
1142
1140
1140
1136
1136
1134
1133
1134
1132
1129
1129
1128
1129
1129
1127
1124
1122
1120
1120
1121
1119
1119
1117
1118
1115
1114
1115
1110
1110
1108
1108
1108
1106
1106
1103
1102
1104
1101
1099
1102
1100
1101
1096
1097
1097
1092
1095
1090
1094
1088
1090
1091
1086
1089
1085
1083
1086
1084
1081
1081
1082
1078
1078
1079
1078
1076
1073
1071
1072
1070
1068
1066
1069
1066
1063
1063
1065
1064
1059
1061
1059
1059
1060
1055
1054
1055
1052
1053
1050
1052
1050
1046
1045
1044
1046
1046
1045
1045
1039
1038
1037
1036
1037
1036
1037
1033
1035
1031
1033
1030
1031
1029
1029
1025
1024
1022
1024
1024
1021
1023
1018
1018
1020
1017
1015
1013
1011
1014
1012
1011
1011
1008
1007
1004
1005
1006
1002
1003
1002
1003
999
1000
999
994
993
993
996
990
994
991
988
989
989
984
984
986
986
985
979
982
982
980
980
978
973
976
974
971
971
969
972
969
967
964
967
963
961
964
963
962
962
958
957
959
958
953
953
952
953
950
948
948
949
948
944
947
944
944
940
942
939
937
939
939
934
936
933
931
929
932
928
928
925
928
926
925
921
920
922
918
919
916
918
918
915
916
913
912
911
912
907
909
910
904
905
906
903
904
902
903
902
896
900
899
894
894
894
894
894
888
889
891
889
889
888
886
884
884
884
880
879
881
880
879
873
874
873
873
874
869
872
868
870
869
868
866
863
860
860
861
861
858
860
855
857
853
853
852
854
853
849
849
847
848
847
842
845
844
839
840
839
841
837
836
838
836
831
832
829
828
831
827
829
828
824
824
824
820
820
818
817
821
817
819
814
815
815
812
810
810
811
810
809
806
808
805
803
803
802
803
800
796
800
794
797
795
792
791
792
788
787
790
788
789
783
782
782
783
782
780
782
781
776
775
777
773
771
773
772
772
771
767
768
765
766
763
765
763
764
758
757
756
759
755
756
754
752
753
751
748
751
749
747
746
746
745
744
741
743
740
739
737
738
737
737
736
732
735
731
732
732
728
728
724
725
725
723
722
721
723
718
718
719
717
714
712
712
714
709
708
711
709
709
708
704
703
704
700
703
700
700
699
697
696
696
695
696
691
692
690
688
688
690
684
687
685
685
683
682
680
681
677
679
675
677
675
675
672
669
671
672
666
666
664
666
664
666
661
663
660
659
661
658
655
653
654
651
652
651
649
652
648
646
646
648
644
646
640
643
643
637
640
639
638
636
635
631
632
631
629
630
630
628
625
625
626
621
624
623
618
617
619
618
614
616
612
616
615
610
611
609
608
607
604
606
606
602
602
603
602
602
596
600
596
596
596
594
590
594
593
588
591
587
589
585
586
583
585
582
582
579
581
580
574
576
572
573
574
572
573
567
569
565
565
564
566
565
560
560
561
558
559
558
554
556
554
556
553
551
551
548
550
549
548
546
546
542
544
539
540
540
538
540
537
534
537
531
533
530
533
527
530
529
524
524
525
525
523
520
523
520
518
520
515
518
516
512
510
511
511
508
507
505
507
504
506
503
504
501
498
498
500
496
496
498
497
493
493
491
490
490
490
490
489
485
483
482
485
479
479
479
480
476
478
474
476
472
473
474
469
472
471
469
465
466
467
462
460
462
459
461
461
459
456
456
454
453
455
449
453
450
451
446
445
446
444
445
444
442
440
441
438
438
434
438
433
436
431
430
433
427
427
430
427
425
423
423
422
419
419
422
417
420
414
416
416
415
414
409
408
411
409
406
409
406
403
403
400
401
402
401
399
400
396
398
397
391
390
392
391
387
386
389
387
383
382
386
385
382
379
378
377
377
378
374
373
375
372
373
372
372
366
367
367
363
365
362
362
363
361
360
356
360
359
356
357
354
351
349
348
352
350
349
348
343
346
344
344
344
342
340
338
339
339
336
335
332
333
332
330
328
328
329
328
323
323
323
323
322
323
320
318
316
314
316
313
313
314
309
312
311
307
309
306
305
307
306
305
301
300
298
296
295
295
294
295
291
290
292
288
292
289
288
289
283
284
285
281
279
279
279
276
279
277
273
272
271
272
269
271
272
271
267
268
265
262
265
260
264
259
257
256
259
257
256
256
256
255
250
253
248
248
249
244
246
247
243
241
244
239
240
240
235
235
234
232
234
233
234
228
231
226
227
227
226
222
222
220
220
223
218
219
217
217
215
212
214
210
211
213
208
211
208
209
208
206
204
201
200
200
200
198
196
196
195
197
191
191
194
190
188
188
188
189
184
185
182
183
179
181
180
177
179
174
176
177
174
173
171
170
168
168
170
167
165
166
161
163
163
161
158
160
159
154
157
155
156
151
152
152
147
150
145
146
145
144
142
144
142
142
141
140
140
134
135
134
135
134
133
130
131
131
130
125
123
125
121
125
121
120
119
117
120
115
117
114
116
113
110
108
107
106
108
108
106
103
105
103
104
102
100
99
100
94
97
97
96
91
90
88
92
87
90
84
87
83
85
82
80
80
77
77
77
79
76
75
72
75
69
71
67
67
66
69
64
67
63
65
59
62
58
56
57
56
55
54
54
50
51
52
52
46
48
45
46
44
42
40
44
41
37
41
36
38
33
36
31
35
33
29
32
27
26
24
27
25
22
22
23
21
18
20
15
18
14
13
14
14
13
10
10
11
8
9
6
7
1
