1505
1503
1498
1500
1497
1497
1498
1496
1493
1496
1495
1490
1492
1489
1490
1490
1489
1484
1487
1481
1481
1483
1483
1481
1478
1480
1474
1477
1475
1471
1472
1474
1473
1467
1468
1470
1464
1466
1465
1465
1460
1463
1461
1462
1460
1459
1458
1453
1454
1453
1455
1453
1451
1448
1451
1447
1445
1447
1444
1442
1440
1440
1441
1438
1436
1436
1435
1438
1437
1434
1432
1430
1433
1427
1430
1429
1427
1424
1426
1424
1425
1424
1422
1419
1421
1418
1417
1415
1412
1416
1411
1410
1410
1412
1406
1407
1408
1404
1405
1406
1401
1401
1402
1402
1401
1397
1395
1398
1396
1391
1391
1393
1392
1388
1389
1387
1389
1388
1386
1381
1383
1380
1378
1377
1380
1380
1374
1376
1375
1373
1370
1370
1368
1372
1371
1365
1368
1365
1366
1361
1362
1360
1360
1361
1358
1355
1357
1358
1352
1356
1353
1351
1349
1351
1349
1348
1347
1345
1347
1344
1344
1339
1342
1339
1336
1340
1337
1338
1337
1335
1332
1330
1330
1330
1326
1329
1326
1323
1325
1322
1322
1324
1320
1317
1321
1316
1318
1317
1314
1315
1310
1309
1308
1308
1307
1309
1304
1308
1303
1304
1305
1300
1303
1300
1301
1295
1294
1298
1295
1293
1294
1290
1291
1288
1289
1287
1287
1283
1284
1282
1280
1280
1280
1282
1281
1276
1279
1275
1273
1276
1274
1271
1270
1271
1266
1269
1266
1265
1264
1263
1260
1261
1261
1261
1259
1259
1259
1254
1253
1256
1250
1249
1248
1247
1251
1249
1245
1246
1245
1241
1240
1242
1243
1237
1240
1235
1234
1237
1237
1236
1231
1232
1231
1232
1227
1229
1228
1227
1223
1225
1221
1223
1221
1221
1219
1218
1216
1217
1213
1215
1212
1210
1213
1209
1211
1209
1209
1206
1205
1203
1201
1201
1200
1197
1197
1199
1194
1198
1193
1194
1193
1190
1191
1192
1188
1187
1186
1188
1186
1181
1183
1181
1181
1178
1180
1179
1178
1173
1173
1173
1174
1174
1173
1171
1169
1165
1167
1164
1167
1164
1163
1159
1161
1161
1157
1157
1159
1153
1157
1154
1154
1150
1150
1152
1149
1146
1146
1146
1145
1143
1142
1144
1143
1140
1139
1140
1136
1135
1134
1133
1130
1134
1130
1128
1126
1130
1128
1127
1124
1121
1123
1124
1118
1120
1119
1117
1117
1116
1115
1111
1114
1110
1113
1109
1106
1109
1104
1108
1104
1102
1104
1100
1098
1102
1099
1098
1097
1095
1092
1091
1094
1094
1089
1092
1088
1085
1086
1086
1082
1084
1081
1083
1083
1081
1077
1075
1074
1075
1072
1075
1073
1074
1068
1071
1067
1065
1065
1068
1062
1061
1065
1062
1061
1062
1057
1060
1059
1054
1052
1053
1050
1050
1053
1052
1047
1045
1048
1046
1045
1042
1043
1040
1038
1041
1036
1039
1037
1033
1035
1032
1031
1032
1030
1032
1029
1025
1029
1024
1022
1024
1022
1024
1019
1020
1018
1017
1019
1013
1015
1014
1015
1009
1010
1011
1011
1007
1007
1007
1003
1002
1004
1002
1001
1002
999
995
995
997
997
995
994
992
993
991
990
986
989
986
986
983
982
980
980
978
978
978
979
977
972
972
973
970
968
967
969
966
966
968
963
966
960
962
961
961
958
960
955
953
957
953
951
950
953
951
947
948
949
944
942
944
942
940
943
940
938
935
936
934
935
931
934
932
928
931
930
930
929
926
923
922
923
922
923
917
916
916
915
914
915
912
912
910
910
911
907
908
908
903
904
906
902
903
903
902
901
895
899
894
897
891
890
893
889
892
888
888
889
885
882
885
882
880
880
881
877
875
879
876
875
872
870
871
873
869
869
866
866
863
862
861
861
861
863
860
856
857
859
855
857
855
853
854
852
848
849
845
848
848
842
842
840
841
840
837
836
835
839
837
836
831
830
830
830
831
828
825
826
826
823
823
824
821
823
818
816
818
815
815
816
815
814
812
809
810
809
809
804
804
807
803
800
800
800
799
799
799
795
795
792
796
795
793
792
789
790
785
787
785
786
786
783
779
783
777
778
778
777
778
776
773
774
771
773
771
766
765
765
766
763
765
760
760
760
761
758
760
759
755
752
754
752
752
749
752
748
746
744
743
747
745
741
739
741
740
741
735
734
738
734
731
730
729
733
731
729
729
728
725
725
721
721
719
723
718
720
719
716
718
714
712
713
713
712
710
707
710
707
706
703
706
705
704
700
702
697
697
694
693
695
691
695
691
692
689
690
686
684
683
684
683
684
684
680
680
678
679
675
676
676
671
670
670
672
672
668
668
667
665
662
665
661
661
660
662
661
656
659
657
653
654
652
650
649
651
649
647
647
647
646
644
640
641
640
641
640
639
639
637
636
636
631
629
632
629
626
627
625
623
622
626
620
620
620
620
621
615
615
618
617
614
610
613
609
609
611
610
604
606
607
602
601
599
600
601
598
599
595
597
592
591
592
593
590
587
586
587
586
583
582
583
584
583
580
578
576
580
574
578
572
576
575
574
572
571
571
570
564
563
565
564
560
561
558
561
560
560
559
553
555
552
553
554
550
552
550
550
549
548
546
543
542
543
538
537
537
535
536
536
534
534
531
534
531
529
529
526
526
528
524
524
524
520
520
521
517
519
514
514
517
513
514
514
508
508
510
509
507
504
503
505
505
500
498
498
497
495
499
498
495
493
494
493
490
491
487
488
487
486
483
482
480
482
483
477
476
476
476
477
473
475
470
473
470
469
471
465
468
464
462
461
465
463
459
458
458
456
455
456
456
456
450
454
450
452
451
448
446
446
442
442
445
444
442
439
438
438
436
437
433
434
435
434
428
429
426
428
425
425
426
425
424
421
419
418
418
420
416
416
413
413
415
411
410
408
410
407
404
408
406
403
400
400
398
398
401
398
394
395
395
396
391
389
388
391
386
387
388
387
385
381
381
383
382
380
376
375
378
376
375
375
375
374
372
371
366
368
369
364
365
365
362
362
362
359
360
357
359
354
355
351
355
353
352
348
348
345
349
344
343
342
342
342
341
340
337
339
339
336
332
332
334
334
329
327
326
327
325
326
322
325
322
323
323
322
318
319
319
317
314
316
312
311
311
312
308
310
308
308
306
304
302
301
298
298
301
298
299
293
295
293
291
291
293
288
290
290
288
283
286
284
283
280
281
280
279
279
274
277
274
273
271
273
268
267
270
265
267
267
262
264
263
260
262
258
258
258
256
256
252
256
251
251
249
247
251
248
248
245
245
241
245
241
239
240
237
238
239
234
237
234
233
232
230
231
226
228
228
224
227
225
223
221
218
221
220
218
219
214
213
213
211
210
209
208
210
210
208
208
205
204
202
200
203
197
198
197
196
197
194
193
191
193
190
190
190
187
185
185
184
181
181
179
178
181
177
176
176
173
177
173
174
170
171
172
170
165
168
163
165
162
160
163
162
159
156
160
156
158
154
152
155
153
148
151
150
148
149
145
147
141
143
141
141
140
137
139
134
135
134
134
134
129
129
129
126
128
126
126
127
126
124
121
121
120
117
119
114
114
112
111
110
113
110
108
110
105
109
107
103
102
104
104
102
98
99
99
94
93
93
93
95
92
93
91
86
85
84
84
86
86
80
79
83
82
78
76
79
74
74
76
74
70
71
69
68
65
64
67
67
64
65
63
59
60
60
56
56
57
52
52
53
51
52
49
49
45
44
46
45
43
41
44
38
42
41
37
39
37
36
34
30
30
32
29
30
30
27
24
23
21
25
24
20
22
20
18
15
16
16
16
14
12
11
9
9
10
5
4
6
4
