1503
1499
1498
1497
1499
1498
1497
1494
1493
1494
1495
1492
1492
1489
1491
1489
1487
1488
1482
1486
1480
1481
1480
1481
1476
1475
1478
1475
1474
1471
1473
1469
1470
1472
1470
1470
1467
1465
1463
1465
1462
1459
1458
1457
1457
1459
1458
1453
1455
1451
1450
1450
1452
1447
1447
1445
1448
1447
1442
1441
1441
1440
1441
1442
1440
1440
1436
1433
1437
1432
1430
1433
1433
1427
1427
1428
1427
1426
1423
1425
1420
1424
1423
1422
1419
1416
1417
1414
1417
1411
1414
1411
1413
1410
1409
1407
1408
1407
1402
1403
1404
1399
1398
1398
1400
1397
1397
1394
1393
1392
1394
1392
1393
1392
1390
1389
1388
1383
1384
1386
1380
1382
1381
1382
1379
1379
1376
1374
1372
1373
1375
1373
1368
1371
1367
1368
1368
1367
1364
1365
1363
1360
1359
1360
1358
1360
1357
1354
1356
1356
1353
1353
1353
1351
1348
1345
1344
1345
1347
1344
1342
1340
1339
1338
1339
1340
1338
1337
1333
1331
1334
1330
1331
1328
1326
1329
1327
1323
1323
1321
1322
1321
1321
1322
1319
1320
1316
1315
1317
1315
1310
1309
1311
1308
1310
1308
1309
1306
1305
1303
1300
1303
1299
1302
1300
1297
1299
1293
1296
1291
1293
1292
1291
1291
1286
1289
1287
1284
1283
1284
1284
1279
1278
1282
1281
1276
1274
1275
1275
1275
1272
1270
1272
1270
1269
1269
1268
1268
1267
1264
1265
1264
1258
1258
1259
1256
1254
1253
1256
1256
1250
1253
1253
1251
1247
1248
1247
1243
1247
1241
1242
1241
1242
1240
1236
1235
1234
1238
1235
1233
1232
1234
1229
1227
1227
1226
1227
1227
1225
1223
1220
1221
1220
1220
1218
1220
1216
1217
1217
1215
1212
1212
1210
1208
1206
1206
1208
1206
1203
1206
1205
1200
1198
1200
1196
1199
1199
1198
1192
1196
1193
1190
1189
1187
1188
1188
1189
1188
1186
1186
1184
1182
1181
1180
1179
1175
1179
1175
1174
1176
1173
1170
1171
1172
1169
1168
1166
1168
1167
1161
1165
1164
1161
1159
1158
1159
1155
1158
1157
1156
1150
1152
1148
1150
1146
1146
1149
1147
1145
1141
1142
1144
1140
1141
1137
1139
1135
1138
1133
1131
1131
1134
1128
1130
1129
1127
1127
1123
1125
1123
1121
1123
1118
1122
1120
1118
1118
1117
1114
1112
1114
1110
1109
1108
1111
1107
1107
1106
1104
1101
1102
1104
1100
1097
1100
1100
1099
1096
1092
1096
1093
1092
1089
1091
1086
1090
1086
1084
1083
1082
1084
1081
1079
1081
1079
1080
1075
1074
1075
1074
1070
1073
1068
1067
1069
1066
1067
1064
1067
1066
1061
1064
1059
1060
1057
1058
1056
1057
1052
1053
1053
1053
1051
1048
1050
1047
1045
1045
1043
1044
1040
1041
1038
1041
1038
1036
1038
1038
1035
1031
1032
1030
1028
1027
1030
1028
1024
1028
1023
1023
1022
1021
1021
1019
1021
1018
1015
1014
1015
1015
1013
1014
1013
1011
1009
1007
1005
1007
1007
1005
1005
1004
1003
1002
997
998
998
995
995
995
992
991
993
991
990
985
989
987
985
984
980
979
983
982
979
975
974
978
973
973
972
969
973
972
971
970
966
966
967
966
962
961
963
962
961
958
959
954
952
953
950
952
951
951
946
950
947
944
942
945
945
943
939
938
937
936
938
936
936
931
930
934
931
928
928
925
925
927
925
924
921
920
921
921
919
920
915
915
915
913
911
914
909
910
911
909
909
906
906
903
903
903
900
902
898
900
895
898
896
893
895
893
890
891
887
888
889
883
886
883
880
884
882
880
876
876
879
875
872
876
870
873
870
868
866
866
866
867
863
864
862
859
862
862
860
857
854
855
853
855
851
853
852
847
849
846
849
846
846
846
844
840
842
840
839
840
835
837
833
831
834
832
828
827
827
829
827
828
823
823
820
822
822
822
817
816
818
814
812
815
813
814
812
812
806
805
805
808
802
805
803
804
798
801
796
796
796
793
797
795
795
791
792
787
787
786
787
783
783
786
782
783
779
779
778
779
777
774
775
772
773
772
768
769
766
766
766
768
766
762
763
764
758
757
761
757
756
755
756
753
750
754
751
750
747
750
746
744
743
744
740
741
740
740
741
737
738
738
736
734
732
732
730
729
730
730
726
727
726
725
723
723
721
719
717
715
714
716
712
714
713
711
713
710
711
709
709
705
704
705
705
704
701
702
698
696
698
693
696
693
690
689
692
688
690
689
684
684
687
685
683
681
682
677
676
677
675
673
673
671
673
669
670
671
669
669
669
668
662
666
662
662
663
658
656
657
657
654
654
655
650
652
651
648
650
650
648
644
647
643
645
642
641
642
637
640
638
633
635
633
634
629
630
632
630
629
628
627
626
626
621
619
621
618
617
620
619
613
615
615
613
614
608
607
610
606
604
606
606
602
604
604
600
598
601
595
597
594
595
592
591
592
591
592
591
585
584
584
584
584
581
581
578
577
580
577
575
574
575
572
573
574
572
568
570
569
566
564
564
563
560
560
563
558
561
559
558
556
553
554
552
549
550
550
548
550
548
543
545
543
542
544
540
540
539
538
536
533
534
536
530
533
529
528
530
527
529
523
524
524
525
524
520
519
517
520
519
514
516
515
511
512
512
507
506
506
504
505
502
505
500
503
503
502
498
496
496
497
496
493
493
489
492
492
486
489
487
483
483
481
483
482
480
478
481
478
475
476
473
473
472
471
472
469
467
470
469
465
466
463
460
463
460
460
456
457
457
456
457
451
454
450
452
448
448
446
449
445
447
446
440
444
441
439
441
437
439
436
434
435
435
429
432
428
427
427
424
423
424
424
420
423
421
420
421
419
416
417
417
414
414
410
412
409
410
409
406
406
402
402
405
402
401
399
401
400
394
398
392
394
393
394
389
389
390
389
387
384
384
381
381
379
383
382
376
375
377
374
376
375
372
371
369
371
366
369
364
367
363
365
364
359
358
360
358
357
356
355
353
353
351
352
351
347
347
349
348
344
342
343
341
340
341
341
340
338
334
337
334
334
332
334
330
332
326
329
326
323
327
325
321
323
318
317
320
316
317
317
312
311
313
310
309
308
310
308
309
304
302
306
305
300
298
299
300
299
294
295
293
291
290
294
289
290
288
288
285
288
284
282
285
280
282
281
276
276
274
276
272
271
273
269
273
268
266
269
268
263
262
266
261
264
263
260
257
255
254
257
255
251
250
251
252
252
249
247
245
244
243
245
243
239
241
237
241
235
239
238
235
233
234
229
232
232
229
226
229
228
224
223
224
224
223
221
221
215
215
213
217
211
215
209
210
211
211
205
209
205
207
205
200
199
201
199
196
200
197
195
197
193
191
190
191
190
189
189
189
188
187
182
180
179
181
179
176
175
174
174
176
175
170
173
173
168
171
165
168
166
167
161
162
162
159
162
156
157
154
153
155
154
155
154
150
150
151
147
147
144
146
143
144
142
141
137
140
135
137
138
132
131
133
129
133
127
131
129
126
125
123
124
125
119
120
121
119
116
117
115
115
111
114
114
110
112
110
110
104
104
102
106
102
104
101
102
99
97
96
95
92
94
95
94
90
92
86
85
87
88
83
84
82
79
81
77
79
80
79
73
76
76
72
72
73
72
71
69
65
63
62
62
60
61
59
60
56
58
57
54
57
55
53
52
53
50
47
47
46
47
47
43
45
40
41
38
40
35
36
36
33
36
30
33
29
28
26
28
24
28
27
21
25
21
23
20
19
19
18
17
12
14
12
12
12
11
10
10
7
8
2
6
