1505
1504
1502
1498
1497
1496
1494
1495
1497
1491
1492
1492
1491
1492
1486
1490
1488
1483
1487
1481
1481
1484
1478
1477
1480
1475
1477
1475
1474
1474
1471
1474
1471
1469
1466
1466
1466
1463
1464
1462
1462
1462
1459
1458
1456
1455
1454
1458
1454
1454
1450
1453
1452
1452
1446
1449
1448
1446
1444
1444
1444
1444
1438
1440
1440
1436
1434
1438
1434
1433
1431
1434
1429
1432
1426
1428
1429
1427
1426
1421
1422
1423
1418
1418
1419
1415
1418
1416
1412
1413
1413
1411
1410
1407
1408
1405
1405
1404
1407
1402
1405
1401
1403
1397
1397
1400
1395
1394
1395
1394
1395
1392
1388
1390
1390
1390
1389
1383
1384
1385
1380
1383
1378
1380
1381
1375
1378
1373
1376
1376
1375
1369
1373
1368
1366
1367
1364
1365
1363
1362
1365
1360
1358
1362
1358
1360
1355
1355
1357
1352
1355
1351
1352
1349
1348
1346
1349
1346
1342
1345
1342
1339
1343
1339
1341
1336
1335
1336
1334
1331
1335
1329
1330
1332
1329
1328
1324
1326
1324
1323
1323
1321
1319
1319
1318
1319
1314
1314
1316
1311
1310
1314
1310
1312
1306
1307
1305
1308
1307
1302
1304
1300
1299
1302
1296
1298
1299
1294
1295
1292
1291
1292
1290
1290
1286
1285
1284
1288
1284
1286
1280
1280
1280
1277
1281
1277
1278
1276
1272
1273
1271
1270
1268
1270
1270
1269
1265
1264
1266
1266
1261
1261
1258
1262
1259
1259
1258
1255
1253
1253
1254
1254
1251
1251
1248
1249
1249
1245
1244
1243
1244
1244
1243
1242
1238
1235
1237
1238
1235
1233
1231
1231
1228
1232
1227
1229
1229
1226
1227
1225
1224
1224
1218
1221
1221
1219
1217
1214
1217
1212
1215
1214
1210
1212
1208
1206
1207
1208
1203
1204
1202
1201
1198
1197
1200
1195
1198
1195
1196
1194
1191
1191
1190
1187
1188
1190
1184
1187
1182
1185
1181
1183
1180
1178
1176
1177
1179
1178
1174
1175
1171
1170
1169
1168
1170
1170
1166
1164
1162
1165
1163
1164
1158
1160
1158
1155
1157
1156
1153
1154
1152
1149
1153
1150
1146
1150
1144
1148
1147
1141
1141
1140
1138
1137
1138
1139
1137
1134
1132
1131
1132
1133
1129
1132
1130
1129
1129
1127
1124
1124
1125
1120
1122
1120
1117
1115
1118
1113
1114
1115
1113
1110
1113
1107
1106
1109
1106
1105
1107
1103
1103
1099
1098
1097
1101
1096
1098
1093
1092
1092
1092
1091
1089
1087
1091
1087
1088
1085
1085
1086
1083
1080
1078
1080
1077
1080
1079
1074
1077
1072
1070
1069
1072
1069
1068
1066
1064
1065
1062
1063
1060
1063
1058
1059
1056
1058
1058
1054
1055
1053
1050
1053
1053
1049
1048
1050
1048
1045
1045
1041
1044
1042
1041
1042
1038
1037
1038
1033
1033
1032
1032
1034
1033
1031
1027
1029
1025
1026
1022
1023
1022
1022
1018
1020
1017
1019
1017
1017
1013
1016
1010
1010
1009
1008
1006
1005
1009
1005
1005
1004
1003
1001
1002
1000
999
996
999
993
995
996
995
993
993
992
990
989
986
986
985
985
983
984
980
982
980
976
978
978
975
972
970
971
968
968
966
968
968
968
962
962
960
959
960
960
961
959
955
958
952
955
952
954
950
947
951
948
949
948
945
944
942
944
938
941
938
938
939
937
936
932
932
930
932
932
929
925
926
928
927
924
923
923
920
917
920
915
915
918
915
912
912
911
909
912
911
908
905
905
905
904
903
904
898
901
896
895
895
898
893
892
895
890
890
889
887
888
884
884
886
886
881
880
881
881
879
879
877
876
873
876
870
872
872
868
866
867
864
867
866
866
863
863
858
861
859
855
857
856
856
854
853
851
850
852
847
848
847
845
842
846
843
844
839
842
840
838
835
837
834
836
834
832
833
830
830
828
829
823
824
826
823
821
823
819
817
817
818
813
813
812
810
809
810
809
807
805
809
808
807
801
801
799
801
797
798
795
798
798
797
791
790
791
793
791
790
788
787
788
783
784
784
780
780
782
777
776
776
773
773
773
773
773
772
769
771
770
765
765
765
766
760
764
763
760
757
756
754
754
753
756
752
750
751
749
749
745
749
747
746
746
742
742
742
742
736
737
739
735
736
733
733
731
731
730
726
725
727
723
724
723
722
722
720
722
717
715
714
714
715
713
712
709
708
708
709
708
709
705
703
705
700
703
698
697
700
696
698
693
693
693
692
692
689
689
690
687
687
683
687
681
684
684
679
680
678
679
678
675
676
671
672
673
668
669
670
668
667
668
662
663
661
659
663
661
656
656
655
654
657
653
651
652
653
652
650
649
646
643
643
644
645
643
643
641
637
639
639
638
636
632
630
634
632
630
626
627
626
623
627
625
625
623
622
620
621
618
614
617
616
614
611
612
611
609
606
606
606
608
602
602
603
602
598
598
599
596
594
596
593
595
590
591
588
591
588
585
587
584
587
585
583
584
582
578
577
580
579
574
573
571
573
573
568
571
567
569
569
563
564
563
565
560
559
559
559
558
559
558
556
555
550
550
549
550
547
547
549
547
543
545
542
540
542
537
536
537
539
533
535
532
532
533
532
532
528
527
525
528
523
523
522
522
522
518
520
517
519
513
512
513
510
512
512
511
507
510
508
505
502
502
504
500
503
498
496
495
497
496
495
495
494
494
493
487
491
488
487
486
482
483
484
483
479
479
479
475
477
474
477
472
471
471
468
471
466
467
465
463
465
463
463
461
461
459
458
459
454
456
453
451
450
451
448
449
446
445
449
445
442
443
445
439
442
437
437
437
434
438
437
431
435
433
429
428
427
427
429
426
426
426
424
421
420
419
419
417
419
416
412
412
412
413
410
409
409
407
409
408
404
402
402
402
398
398
397
400
394
394
392
394
391
390
393
391
388
389
385
387
386
386
384
384
380
381
377
375
377
376
373
374
374
373
372
369
368
370
364
368
362
365
364
359
361
362
359
359
358
357
353
355
354
349
348
351
348
349
344
343
346
345
343
341
339
341
341
335
334
336
333
335
335
333
333
327
326
325
324
324
327
322
325
321
318
317
320
316
319
317
317
313
314
310
312
310
310
307
306
303
303
303
301
300
301
300
296
297
299
297
293
293
292
294
289
291
290
287
289
284
287
282
283
279
279
282
276
276
274
276
276
275
270
273
273
269
266
268
269
263
262
266
260
260
261
258
260
255
255
258
253
256
255
252
251
248
246
246
248
247
246
244
243
239
241
241
236
240
238
233
236
231
232
230
228
229
226
227
229
227
227
225
221
220
220
218
217
219
219
217
217
213
214
209
210
209
211
209
209
203
203
202
204
202
203
201
197
199
199
197
196
193
192
194
189
187
187
190
188
185
184
185
185
184
183
182
177
176
175
177
177
172
175
173
171
170
168
167
169
166
164
162
161
164
158
161
158
155
156
156
152
152
150
149
152
150
149
145
146
145
147
143
140
144
138
137
140
139
135
136
133
132
133
133
130
131
131
126
128
124
127
121
123
123
123
118
119
116
115
116
117
115
110
112
112
107
107
108
107
106
103
101
105
102
98
101
100
99
94
96
93
92
92
94
93
92
86
87
86
83
83
81
83
82
82
79
81
77
76
74
72
76
74
73
72
67
71
65
68
67
62
65
64
61
59
59
58
57
57
54
52
52
50
51
53
50
50
49
45
43
43
45
45
43
43
39
36
40
36
35
35
33
34
31
30
30
27
29
29
27
24
23
21
23
22
21
21
17
16
13
16
14
10
11
11
12
8
5
9
7
7
2
