1505
1504
1500
1497
1499
1495
1495
1498
1497
1495
1494
1493
1488
1488
1486
1488
1486
1488
1483
1486
1482
1482
1478
1478
1476
1480
1479
1474
1476
1475
1472
1470
1469
1469
1466
1468
1467
1465
1465
1465
1465
1459
1458
1461
1460
1459
1454
1454
1454
1453
1453
1449
1450
1449
1447
1447
1447
1446
1443
1442
1445
1444
1440
1439
1440
1435
1439
1433
1434
1436
1432
1434
1428
1428
1430
1425
1424
1426
1423
1421
1425
1419
1418
1419
1418
1420
1414
1417
1412
1416
1410
1413
1412
1409
1409
1407
1409
1404
1405
1401
1402
1402
1399
1398
1399
1399
1398
1394
1395
1391
1393
1394
1390
1391
1390
1388
1385
1387
1386
1385
1382
1380
1382
1382
1376
1379
1379
1378
1376
1376
1370
1371
1371
1371
1368
1368
1364
1363
1367
1363
1364
1362
1360
1362
1361
1360
1355
1353
1357
1356
1354
1352
1353
1348
1347
1345
1347
1346
1344
1345
1340
1342
1339
1338
1336
1336
1339
1336
1332
1336
1334
1334
1331
1329
1331
1326
1328
1324
1326
1321
1322
1322
1321
1320
1319
1318
1315
1316
1315
1311
1315
1310
1311
1312
1308
1308
1304
1304
1306
1302
1301
1300
1303
1298
1300
1296
1296
1297
1292
1294
1292
1292
1293
1287
1288
1286
1284
1283
1285
1284
1281
1281
1280
1278
1278
1275
1279
1278
1272
1274
1270
1274
1270
1269
1268
1266
1264
1264
1266
1262
1265
1264
1261
1262
1258
1256
1256
1256
1254
1252
1253
1251
1252
1252
1248
1245
1249
1246
1243
1243
1240
1244
1238
1237
1241
1239
1238
1238
1234
1232
1230
1234
1229
1231
1228
1225
1224
1226
1224
1222
1225
1221
1218
1222
1220
1217
1215
1217
1215
1211
1212
1210
1210
1210
1208
1208
1204
1207
1206
1203
1204
1204
1202
1202
1200
1200
1195
1193
1194
1194
1191
1191
1191
1190
1189
1189
1187
1188
1186
1184
1180
1183
1180
1178
1179
1176
1178
1174
1177
1172
1170
1172
1172
1171
1171
1167
1168
1163
1165
1165
1163
1162
1162
1162
1158
1156
1156
1155
1152
1156
1154
1152
1152
1151
1149
1146
1147
1148
1145
1143
1140
1142
1141
1139
1139
1140
1138
1135
1136
1131
1134
1130
1129
1131
1127
1126
1128
1128
1125
1121
1123
1121
1119
1120
1121
1118
1114
1113
1117
1115
1111
1113
1113
1110
1108
1110
1107
1107
1103
1105
1105
1100
1101
1102
1099
1100
1097
1097
1093
1091
1090
1092
1093
1091
1087
1088
1089
1086
1083
1081
1081
1080
1078
1081
1078
1075
1078
1074
1075
1076
1070
1072
1072
1067
1069
1065
1069
1067
1063
1063
1065
1064
1059
1057
1059
1060
1059
1053
1053
1053
1052
1054
1050
1050
1050
1049
1045
1046
1047
1041
1042
1040
1041
1039
1041
1038
1035
1036
1035
1033
1031
1034
1030
1030
1027
1026
1028
1024
1027
1025
1023
1022
1019
1021
1020
1015
1019
1013
1013
1012
1012
1014
1012
1011
1010
1007
1009
1005
1004
1006
1004
1004
1003
998
998
995
999
995
995
993
990
992
991
991
986
990
989
986
983
983
983
979
983
978
976
980
974
976
973
971
972
970
968
972
971
967
967
963
965
962
962
961
962
959
960
957
958
958
954
955
950
952
951
948
948
947
947
947
943
942
941
939
940
941
938
940
938
933
935
936
932
929
933
930
930
927
925
924
925
922
921
923
920
921
916
919
919
916
912
913
910
911
910
908
908
905
905
908
906
901
904
899
900
900
897
898
896
895
894
895
895
894
891
887
886
889
886
885
882
883
884
882
878
879
881
879
874
878
877
872
870
869
870
870
871
867
865
865
865
864
862
860
863
861
857
859
854
853
853
856
855
854
853
847
848
850
847
847
845
841
842
844
839
837
837
837
836
835
832
835
834
832
828
828
828
826
825
827
826
821
822
824
818
820
821
819
819
815
814
811
811
814
809
807
809
805
804
803
802
805
803
803
801
801
799
795
799
793
793
793
794
793
793
787
791
787
787
788
787
783
782
783
780
777
780
778
779
778
772
774
773
772
769
769
771
769
769
763
764
766
765
761
758
762
758
760
756
757
755
756
754
750
751
748
748
750
749
745
744
744
743
740
743
742
737
740
739
733
732
736
734
734
731
730
730
730
724
728
727
721
721
723
723
717
721
717
715
717
714
713
715
713
710
710
710
710
707
708
702
705
704
704
698
697
699
696
695
693
697
693
690
689
688
688
690
687
688
685
686
681
680
683
681
681
676
679
674
674
673
671
670
669
670
670
671
668
669
663
662
663
662
659
659
657
657
655
657
655
654
653
652
649
649
650
651
646
649
648
645
643
645
641
639
641
641
639
637
637
634
635
633
634
629
628
630
628
628
624
626
623
622
619
618
621
619
616
616
614
616
616
613
613
613
609
607
607
605
606
604
602
603
603
600
598
597
597
598
598
596
594
594
592
588
589
591
587
585
587
585
581
582
584
580
582
578
577
579
578
575
575
573
572
573
570
568
568
566
564
567
565
563
562
559
561
560
559
558
555
553
552
554
549
549
547
548
549
547
548
544
544
545
544
541
542
537
536
539
533
537
532
532
531
528
530
530
530
528
526
525
522
520
520
523
517
520
518
518
516
517
515
510
514
512
510
511
510
504
508
502
502
505
502
499
501
498
499
495
497
493
494
491
489
493
491
486
489
487
485
486
482
481
481
478
477
477
475
475
473
473
473
473
473
473
471
466
469
467
465
466
465
463
463
460
462
459
460
458
458
453
455
455
450
452
449
448
447
447
445
443
443
442
440
441
442
440
439
438
437
434
435
430
432
432
432
426
430
426
424
425
425
420
422
422
419
418
417
414
414
412
414
412
410
412
409
408
405
409
407
403
402
403
404
398
398
400
400
395
393
395
396
390
392
391
391
386
390
386
384
382
386
381
383
381
380
378
378
376
377
376
375
370
373
368
370
371
366
364
363
366
365
363
364
359
362
357
355
357
356
354
352
354
351
349
350
349
349
348
344
347
343
344
342
340
337
338
337
338
334
335
334
331
330
329
328
328
325
328
326
322
322
325
319
323
317
320
319
314
315
316
312
310
311
308
311
309
305
305
308
302
303
301
304
302
302
299
298
297
297
297
293
295
289
291
292
288
285
284
287
285
285
283
283
282
277
278
275
275
273
275
272
272
272
270
268
271
267
268
266
265
261
262
263
260
258
260
260
257
258
253
251
251
254
251
249
247
246
248
248
244
244
243
241
238
242
236
240
234
237
232
235
230
234
231
228
229
226
224
223
225
224
220
219
221
222
218
220
215
215
213
212
213
214
213
210
206
209
209
204
205
203
203
204
202
198
197
197
199
197
197
193
192
190
192
190
190
190
184
186
187
181
185
181
181
182
178
178
177
175
174
173
172
171
169
169
169
167
164
163
163
161
164
160
163
157
161
160
157
158
155
151
154
154
150
151
148
148
148
144
144
146
141
144
138
141
137
135
139
136
134
131
135
129
132
131
131
127
128
126
122
125
123
119
120
121
120
120
119
115
116
112
112
109
110
109
109
108
105
107
105
102
101
104
102
100
99
96
98
98
96
95
90
94
92
87
90
87
85
83
87
81
85
82
80
78
77
75
77
77
76
72
73
69
72
72
68
66
67
64
66
63
65
60
61
60
57
55
56
57
57
54
52
52
53
52
47
49
47
44
43
44
42
44
41
42
41
40
34
37
37
35
35
32
28
29
31
29
24
25
27
22
25
24
22
18
17
15
14
18
15
15
11
11
11
8
6
10
7
3
6
4
