1504
1500
1500
1500
1500
1499
1496
1494
1497
1496
1491
1490
1492
1487
1489
1489
1486
1483
1484
1486
1480
1483
1479
1482
1480
1478
1475
1473
1472
1474
1475
1470
1470
1468
1469
1468
1468
1466
1464
1461
1462
1460
1460
1459
1459
1457
1457
1455
1455
1454
1455
1452
1449
1447
1448
1448
1449
1445
1445
1442
1442
1444
1440
1442
1437
1437
1438
1438
1434
1433
1433
1432
1428
1430
1427
1427
1427
1428
1424
1422
1421
1423
1423
1418
1418
1418
1418
1417
1415
1416
1411
1414
1408
1411
1408
1405
1406
1403
1407
1403
1401
1400
1402
1397
1398
1399
1394
1398
1394
1393
1393
1392
1388
1387
1391
1386
1387
1383
1383
1384
1384
1380
1378
1380
1376
1380
1377
1375
1376
1376
1374
1371
1369
1370
1370
1365
1369
1366
1366
1366
1363
1362
1360
1359
1359
1358
1359
1357
1357
1351
1350
1350
1353
1349
1351
1350
1348
1347
1345
1345
1344
1342
1342
1342
1339
1338
1334
1334
1333
1336
1330
1333
1333
1329
1327
1330
1327
1326
1324
1326
1323
1320
1322
1317
1320
1320
1315
1315
1313
1315
1313
1313
1312
1308
1311
1306
1304
1306
1304
1303
1305
1303
1299
1302
1296
1298
1295
1297
1293
1293
1294
1294
1293
1287
1286
1285
1286
1288
1282
1281
1285
1282
1280
1278
1281
1275
1274
1275
1272
1273
1271
1270
1271
1271
1266
1265
1267
1267
1266
1265
1261
1262
1258
1260
1261
1259
1254
1253
1255
1255
1251
1252
1251
1248
1251
1247
1249
1248
1242
1242
1243
1241
1243
1242
1241
1238
1237
1238
1233
1235
1232
1233
1229
1232
1227
1228
1224
1224
1227
1225
1223
1219
1223
1219
1220
1215
1219
1216
1212
1215
1213
1210
1210
1208
1210
1205
1204
1203
1205
1203
1200
1202
1201
1200
1201
1196
1194
1197
1194
1193
1192
1194
1191
1192
1188
1186
1188
1187
1184
1182
1185
1184
1179
1179
1178
1178
1175
1176
1175
1172
1172
1171
1168
1172
1168
1166
1166
1164
1162
1162
1164
1163
1160
1157
1158
1160
1156
1153
1152
1154
1150
1151
1151
1148
1151
1146
1149
1143
1143
1143
1144
1143
1141
1138
1140
1138
1138
1137
1134
1134
1134
1130
1130
1128
1126
1127
1128
1128
1125
1124
1121
1120
1120
1122
1116
1117
1117
1116
1117
1116
1113
1110
1109
1108
1109
1110
1106
1107
1104
1102
1104
1102
1099
1098
1099
1098
1095
1097
1093
1094
1092
1090
1088
1090
1091
1088
1087
1086
1085
1082
1084
1081
1083
1082
1080
1080
1078
1076
1074
1075
1074
1070
1068
1072
1071
1068
1069
1063
1066
1063
1064
1062
1060
1062
1059
1058
1059
1057
1056
1056
1055
1050
1048
1050
1050
1050
1046
1043
1047
1042
1041
1042
1041
1042
1041
1037
1034
1036
1033
1031
1030
1029
1031
1028
1030
1030
1026
1026
1026
1022
1023
1020
1021
1021
1017
1018
1016
1014
1012
1012
1010
1013
1010
1009
1006
1007
1004
1008
1007
1003
1004
999
1000
1002
1001
997
995
993
997
993
993
991
992
990
990
990
988
986
986
983
985
979
982
981
977
975
979
975
975
971
970
974
971
971
971
970
969
967
962
961
965
959
960
961
959
960
959
953
953
955
953
951
949
950
949
950
948
948
944
946
942
939
939
942
941
935
938
934
935
936
933
932
930
930
927
926
929
923
924
926
921
920
920
918
919
920
917
918
912
913
911
911
908
911
906
908
904
903
905
902
903
900
898
902
898
899
898
894
895
896
890
891
893
890
890
886
884
886
885
881
885
882
879
877
879
878
874
878
872
874
873
869
869
870
870
868
865
863
867
865
860
864
861
859
859
859
859
857
856
855
852
849
853
851
850
848
847
846
847
845
840
839
838
837
838
836
837
835
836
833
834
833
831
827
829
830
825
828
823
825
824
821
820
818
816
815
815
816
814
811
812
811
809
808
810
810
807
803
806
802
801
804
800
798
796
799
799
795
795
796
794
794
793
788
789
789
788
783
784
784
784
782
780
777
779
779
779
777
773
774
773
772
771
769
767
766
767
764
764
764
760
763
758
762
757
756
759
757
756
756
750
752
753
748
746
750
748
744
745
741
745
744
742
737
739
735
735
738
735
731
731
731
731
729
726
728
726
726
723
722
725
723
722
722
720
716
717
713
717
716
715
713
709
708
709
707
707
704
703
706
701
704
700
697
701
700
696
696
695
692
694
691
691
692
686
685
687
688
687
681
683
680
682
678
680
675
679
678
673
672
675
673
672
668
670
668
668
665
662
662
662
662
660
662
657
660
658
654
652
655
651
649
650
648
648
645
649
648
642
641
640
639
641
640
639
638
636
633
636
635
631
632
632
628
628
628
626
628
627
625
620
620
619
618
616
616
617
614
615
616
614
612
609
611
610
608
604
606
605
601
602
604
603
598
597
595
598
598
592
596
590
593
592
591
591
587
586
587
584
585
585
584
582
581
580
577
574
574
574
575
575
574
571
569
567
566
564
568
566
561
562
559
560
560
556
555
559
553
555
554
553
553
550
547
546
545
548
548
544
541
543
542
540
537
536
536
537
537
535
535
534
531
528
532
527
530
526
526
526
525
523
522
521
518
520
518
518
514
512
511
511
511
511
508
510
508
504
506
506
502
502
502
500
500
501
498
499
493
494
493
491
492
488
491
491
485
487
485
486
485
480
483
483
477
480
475
474
478
477
472
472
470
472
472
467
466
465
466
462
464
462
462
462
458
458
456
458
458
455
453
454
450
450
449
451
450
447
444
444
442
440
443
443
440
438
438
436
438
437
436
432
431
433
430
426
430
425
425
424
424
423
424
420
422
416
419
414
414
413
416
413
410
410
408
406
410
407
404
405
401
404
403
400
398
398
398
398
397
397
393
392
392
390
387
391
388
387
386
387
381
384
381
383
378
376
378
376
375
374
374
373
369
373
372
369
366
369
368
365
365
362
363
362
359
357
355
354
356
354
355
355
350
350
349
346
349
344
346
342
341
340
340
339
341
337
338
338
336
337
335
334
330
331
327
327
330
325
325
326
323
322
321
320
322
321
320
315
318
315
314
310
314
309
308
309
306
309
304
306
304
301
300
298
302
298
296
296
298
292
291
291
292
291
289
288
286
287
287
282
284
285
279
281
279
276
278
274
278
272
271
270
272
268
270
269
270
268
264
265
266
264
264
259
261
260
258
255
256
252
255
252
254
249
247
246
248
246
248
243
242
244
242
240
240
238
239
234
233
236
236
231
230
231
232
231
225
224
225
223
223
224
222
221
222
216
218
215
218
216
214
211
214
213
212
210
208
204
205
205
203
200
201
199
200
197
195
198
196
193
195
193
193
192
189
187
190
184
188
184
183
182
182
181
178
176
176
174
174
173
175
175
171
171
168
167
165
168
165
163
161
162
162
160
158
157
158
159
157
157
155
155
149
153
151
146
148
149
147
144
146
145
139
140
138
139
135
138
133
136
132
135
131
128
129
127
125
124
124
122
124
123
120
119
122
121
118
116
116
113
115
115
112
108
110
110
107
106
107
102
106
102
100
101
101
96
96
99
93
96
92
93
92
91
91
86
90
86
87
85
84
85
80
82
78
78
80
75
74
74
76
70
71
68
67
67
70
69
66
62
65
62
63
62
62
58
59
56
58
54
51
52
53
48
49
46
46
49
46
44
46
42
43
38
42
36
40
36
33
35
35
30
29
30
32
26
26
25
26
22
24
25
24
22
22
17
16
17
17
12
12
14
10
12
8
6
8
5
3
3
6
