1501
1500
1502
1497
1500
1498
1496
1498
1497
1492
1491
1493
1493
1487
1489
1490
1489
1484
1485
1483
1482
1480
1482
1480
1480
1479
1474
1478
1477
1475
1470
1471
1471
1468
1468
1468
1465
1466
1464
1463
1465
1464
1461
1459
1459
1460
1457
1456
1455
1451
1451
1450
1451
1448
1446
1446
1447
1443
1443
1441
1440
1439
1442
1438
1439
1440
1439
1436
1433
1433
1430
1430
1432
1431
1431
1429
1429
1424
1422
1424
1421
1422
1418
1419
1419
1417
1418
1414
1417
1415
1414
1410
1412
1407
1410
1406
1408
1406
1403
1402
1402
1403
1402
1399
1397
1397
1397
1397
1392
1391
1394
1389
1392
1390
1391
1387
1386
1387
1384
1386
1382
1382
1380
1379
1380
1380
1376
1376
1373
1371
1373
1372
1368
1370
1370
1365
1364
1364
1363
1362
1363
1359
1360
1362
1357
1358
1355
1356
1356
1356
1352
1353
1351
1351
1348
1345
1345
1348
1345
1341
1344
1343
1339
1342
1341
1339
1338
1333
1333
1332
1334
1330
1333
1331
1328
1330
1327
1323
1324
1321
1321
1321
1319
1317
1319
1320
1318
1317
1313
1314
1312
1309
1312
1310
1310
1308
1306
1308
1303
1302
1304
1302
1299
1298
1297
1298
1299
1298
1296
1291
1295
1291
1291
1291
1286
1290
1287
1285
1286
1284
1284
1280
1281
1277
1281
1275
1278
1274
1273
1273
1275
1271
1271
1270
1266
1270
1266
1267
1267
1266
1264
1263
1261
1259
1260
1259
1259
1253
1256
1256
1254
1251
1248
1250
1248
1246
1249
1246
1244
1243
1241
1241
1240
1239
1239
1236
1236
1236
1234
1231
1232
1232
1233
1228
1230
1226
1227
1223
1226
1223
1224
1224
1218
1222
1220
1216
1217
1218
1214
1211
1211
1209
1209
1209
1206
1205
1205
1204
1204
1201
1204
1202
1198
1197
1199
1196
1199
1193
1196
1192
1194
1190
1191
1189
1191
1186
1186
1183
1186
1182
1181
1180
1178
1179
1181
1178
1176
1177
1173
1172
1170
1173
1170
1167
1169
1169
1164
1167
1163
1163
1161
1162
1161
1161
1159
1160
1154
1155
1154
1152
1151
1150
1149
1151
1150
1146
1146
1146
1146
1144
1144
1139
1138
1138
1141
1140
1137
1134
1133
1133
1131
1133
1130
1127
1126
1130
1129
1128
1127
1123
1122
1123
1119
1119
1118
1116
1116
1113
1115
1114
1114
1110
1113
1108
1109
1109
1105
1107
1106
1103
1102
1099
1101
1101
1099
1096
1094
1094
1092
1091
1094
1094
1093
1090
1087
1090
1084
1083
1084
1082
1083
1080
1079
1082
1078
1076
1076
1075
1075
1073
1070
1069
1068
1071
1069
1069
1068
1063
1065
1065
1062
1063
1058
1059
1061
1059
1055
1055
1055
1055
1054
1049
1050
1052
1051
1048
1045
1047
1045
1043
1040
1043
1043
1042
1040
1038
1035
1034
1037
1035
1034
1030
1028
1029
1031
1026
1025
1024
1025
1025
1022
1022
1019
1022
1021
1018
1016
1015
1016
1015
1013
1014
1008
1011
1010
1005
1009
1003
1006
1004
1001
1002
1000
1001
1001
995
997
994
993
995
995
991
991
991
990
989
985
984
985
984
985
984
979
980
979
979
974
978
973
974
974
973
969
969
969
967
967
968
966
965
963
961
960
961
959
960
958
956
953
955
952
951
948
951
948
949
947
946
945
946
942
943
943
942
940
939
934
934
933
934
934
932
931
931
926
926
925
925
923
922
922
922
919
921
916
919
915
915
914
912
910
912
912
907
908
907
907
906
906
906
902
902
902
899
898
897
898
893
894
895
894
889
891
891
890
889
885
883
886
882
882
882
878
880
881
875
877
876
872
874
875
874
871
872
869
866
869
867
864
865
865
864
858
859
858
859
854
854
856
855
850
850
848
851
848
848
844
846
843
843
843
840
842
842
840
837
839
836
832
834
833
833
828
829
830
828
827
826
826
824
824
821
819
821
821
818
814
818
814
812
813
809
812
812
808
806
804
808
806
802
802
800
798
799
799
795
795
793
796
793
791
794
788
789
789
790
788
783
786
785
783
780
781
777
779
779
779
773
772
775
771
769
772
767
769
770
764
763
764
761
764
764
759
757
756
755
755
755
753
752
751
752
749
749
748
745
747
746
742
745
742
740
740
737
736
739
736
738
736
733
735
732
733
731
729
729
727
726
725
726
722
721
718
722
718
718
717
717
712
713
713
713
709
712
707
705
709
706
704
705
700
700
698
701
697
699
699
695
693
696
690
689
688
691
687
689
687
685
686
685
684
683
683
678
677
677
677
673
673
673
674
671
671
667
669
665
667
665
662
664
664
664
659
662
661
656
657
655
653
653
652
653
651
650
651
648
648
643
643
642
640
642
638
640
639
639
637
637
632
633
635
631
628
631
629
626
627
623
626
625
620
623
621
617
616
618
615
614
614
611
612
611
610
607
606
606
604
608
604
601
605
603
600
600
596
598
598
595
595
596
594
594
589
589
590
586
586
585
587
583
584
582
579
578
579
575
575
578
575
571
571
570
572
570
570
566
565
564
564
566
563
563
559
558
561
555
554
556
554
555
555
549
550
550
551
546
549
543
542
541
543
543
539
539
540
539
536
538
536
533
530
534
532
531
530
525
529
526
522
522
522
519
518
520
521
519
517
517
513
512
513
510
510
512
511
510
505
508
507
503
500
500
503
500
500
500
494
494
492
495
490
494
492
492
486
486
487
486
482
481
481
481
481
477
476
479
477
478
473
471
473
469
468
467
466
467
469
467
466
466
460
460
461
460
457
460
459
456
456
451
455
454
449
450
447
445
446
448
445
445
444
443
440
440
438
439
439
434
437
433
433
432
433
429
430
426
424
425
427
424
423
422
421
418
418
415
417
414
417
416
413
412
410
408
410
410
408
404
405
406
400
401
403
397
398
399
399
398
393
396
394
389
392
390
390
389
384
386
383
381
382
382
378
379
381
378
375
375
375
376
374
370
372
372
371
366
365
367
366
361
365
359
359
360
359
357
354
358
354
353
350
353
350
348
349
345
346
343
345
341
342
340
343
339
340
337
339
334
335
335
335
329
329
332
328
325
324
327
323
322
321
323
320
322
317
316
317
315
313
315
310
314
312
312
310
307
304
308
303
301
303
299
302
297
297
300
295
294
294
296
292
290
289
288
288
286
285
285
284
281
284
282
278
279
280
275
275
273
276
274
270
274
273
271
271
269
268
267
262
261
260
259
262
260
256
255
255
256
255
251
252
249
249
249
246
245
248
245
245
246
240
239
242
240
236
236
236
234
232
234
232
230
229
227
230
230
225
226
227
224
221
222
221
217
220
216
215
217
214
213
215
214
209
208
207
205
209
207
206
201
203
204
200
200
200
196
199
193
194
196
192
192
189
191
188
186
189
183
186
186
184
181
181
181
179
178
176
176
175
172
172
174
172
168
169
169
169
164
165
161
161
163
158
161
159
156
154
154
156
152
153
153
153
147
148
149
145
144
144
145
145
140
141
137
136
136
134
133
137
133
131
133
130
127
126
128
127
128
122
124
121
121
118
119
120
118
119
113
116
113
115
110
110
109
108
105
106
103
105
102
105
104
103
98
96
100
95
93
93
94
90
90
88
89
91
87
86
86
82
85
81
84
82
81
80
75
78
74
74
76
72
69
71
68
68
68
67
63
62
65
61
62
61
60
58
58
59
55
55
51
53
53
49
48
46
49
47
46
42
46
42
44
41
38
36
37
36
38
32
36
34
30
29
27
29
28
26
25
27
21
24
22
23
17
20
18
16
15
17
16
14
14
12
11
9
5
8
4
2
4
