1504
1504
1498
1497
1500
1495
1497
1494
1495
1494
1493
1493
1493
1489
1486
1488
1486
1487
1485
1486
1484
1479
1481
1477
1477
1476
1474
1476
1472
1471
1473
1471
1472
1468
1471
1470
1468
1466
1465
1463
1463
1461
1461
1461
1461
1460
1459
1458
1452
1454
1451
1450
1449
1449
1447
1445
1447
1447
1445
1444
1440
1441
1439
1442
1441
1435
1436
1434
1437
1432
1432
1432
1430
1427
1431
1430
1429
1427
1422
1421
1425
1424
1419
1417
1419
1419
1418
1418
1415
1411
1415
1412
1411
1411
1406
1407
1408
1407
1405
1402
1400
1402
1402
1399
1400
1396
1396
1397
1395
1395
1391
1392
1393
1389
1387
1390
1385
1388
1385
1383
1380
1380
1382
1379
1376
1379
1377
1377
1377
1372
1370
1373
1369
1370
1367
1369
1367
1368
1363
1364
1365
1359
1361
1362
1357
1358
1355
1356
1354
1354
1350
1349
1349
1347
1350
1349
1349
1345
1342
1344
1342
1339
1338
1337
1338
1338
1339
1338
1333
1334
1332
1333
1333
1327
1327
1327
1327
1326
1323
1322
1323
1319
1318
1321
1318
1317
1314
1316
1312
1315
1311
1313
1311
1312
1311
1307
1306
1308
1304
1303
1301
1303
1299
1302
1298
1297
1295
1297
1297
1293
1294
1290
1289
1287
1290
1289
1285
1284
1282
1284
1281
1281
1278
1279
1278
1277
1279
1274
1277
1274
1275
1269
1273
1270
1268
1266
1265
1268
1266
1264
1261
1264
1263
1258
1256
1257
1254
1254
1256
1256
1250
1250
1249
1247
1247
1248
1245
1243
1243
1241
1240
1240
1239
1239
1240
1236
1235
1233
1232
1234
1231
1232
1228
1231
1230
1229
1226
1227
1226
1226
1225
1224
1218
1221
1218
1215
1216
1215
1213
1215
1211
1210
1211
1211
1209
1209
1208
1204
1206
1203
1200
1204
1199
1199
1196
1196
1198
1197
1194
1194
1190
1193
1191
1191
1186
1189
1186
1186
1185
1185
1181
1179
1179
1179
1180
1177
1179
1177
1176
1174
1170
1173
1168
1169
1168
1165
1164
1165
1165
1163
1163
1164
1162
1162
1157
1157
1159
1155
1157
1152
1155
1152
1149
1152
1146
1150
1146
1148
1143
1141
1145
1140
1139
1138
1140
1140
1135
1138
1135
1131
1130
1129
1130
1130
1128
1129
1129
1125
1122
1124
1124
1119
1120
1119
1117
1116
1116
1115
1115
1111
1110
1110
1113
1110
1111
1107
1106
1106
1104
1102
1104
1102
1099
1097
1099
1097
1097
1095
1096
1096
1090
1094
1093
1087
1090
1087
1086
1085
1082
1081
1085
1080
1082
1080
1077
1077
1075
1078
1072
1073
1074
1074
1071
1067
1071
1070
1068
1064
1066
1063
1064
1062
1060
1059
1059
1058
1058
1055
1055
1054
1051
1049
1051
1050
1049
1047
1047
1046
1045
1046
1040
1044
1040
1042
1040
1037
1039
1035
1036
1035
1034
1033
1031
1027
1031
1027
1027
1024
1024
1025
1023
1019
1018
1018
1020
1017
1015
1015
1017
1015
1014
1013
1010
1009
1011
1009
1009
1005
1006
1006
1002
999
998
1002
999
996
998
993
996
994
994
990
993
988
987
989
986
985
986
985
983
979
982
978
976
980
976
975
974
974
975
973
968
971
969
965
969
963
965
963
961
961
960
961
961
955
958
954
952
956
952
952
953
952
946
945
945
943
946
941
941
941
943
941
941
935
936
934
932
933
930
931
928
928
926
926
929
927
925
923
921
923
922
921
921
917
917
915
914
915
911
910
912
907
907
905
906
906
903
902
901
903
901
898
900
900
897
896
896
896
892
892
888
890
890
886
887
884
885
881
880
879
878
881
876
876
874
874
874
876
873
872
873
872
869
867
867
866
866
862
865
859
863
861
857
858
855
854
855
856
854
850
848
852
848
846
846
845
842
844
843
839
843
842
836
840
835
833
836
834
831
832
832
830
831
828
829
828
827
822
825
822
823
821
818
818
815
814
814
816
813
809
808
812
806
807
807
803
804
803
801
799
801
799
797
800
797
793
793
791
790
789
788
792
790
788
789
783
786
782
781
780
780
777
777
778
779
773
775
771
773
769
770
768
766
765
764
766
766
761
761
762
759
759
758
756
756
755
752
754
753
754
752
749
750
745
744
748
742
742
743
744
739
742
738
737
739
735
737
732
735
733
729
728
728
730
729
728
727
726
722
724
718
719
720
716
715
718
717
716
710
711
712
711
711
710
705
705
705
705
701
704
700
698
698
696
699
696
693
695
695
690
690
687
686
685
684
686
683
686
682
684
683
678
680
677
678
675
675
671
674
672
673
672
666
669
667
664
663
662
664
660
661
658
660
656
656
654
652
654
652
650
650
649
650
648
644
644
646
644
644
643
640
638
636
638
638
637
632
636
630
632
629
628
627
625
626
623
624
625
623
623
620
620
617
616
617
615
616
611
610
611
608
611
609
610
605
607
606
602
601
602
598
600
596
599
598
598
593
596
591
593
592
590
587
585
589
588
582
586
582
584
582
579
576
575
577
573
573
574
572
573
571
567
566
565
564
566
562
566
563
561
561
557
556
555
557
557
554
552
555
549
551
548
548
548
549
546
545
544
542
540
538
540
536
538
534
533
533
535
533
531
529
527
528
525
527
528
523
525
520
523
519
518
521
517
516
513
515
512
514
511
509
507
511
510
504
507
505
506
503
499
502
499
501
495
496
496
494
495
494
493
493
492
487
487
489
484
487
483
484
484
481
477
479
480
479
478
475
473
473
474
473
472
469
467
464
463
463
465
463
463
459
457
456
459
456
456
455
453
453
454
451
447
449
446
447
443
447
444
445
440
440
441
437
436
438
438
434
436
433
431
430
428
431
426
426
424
426
421
425
419
421
421
416
415
419
416
417
414
412
411
412
411
409
407
407
403
405
401
400
399
403
402
399
400
397
395
395
396
392
393
390
392
389
389
388
386
383
383
383
384
379
378
377
375
379
376
374
371
373
371
369
371
367
365
367
364
364
364
364
363
362
358
360
356
359
353
354
355
355
351
348
350
346
349
346
347
346
342
343
342
339
340
339
337
339
336
334
333
333
334
328
327
328
330
326
328
323
322
325
321
321
320
319
319
318
313
317
313
315
311
310
308
311
308
305
307
306
304
303
301
298
298
296
298
294
295
297
292
292
294
292
292
291
289
286
283
287
282
280
280
282
280
277
278
276
277
275
271
272
271
271
267
268
268
265
263
265
262
265
262
262
262
257
257
257
257
252
254
251
251
252
250
251
247
245
247
247
243
241
244
241
238
239
239
236
237
237
236
233
231
231
229
229
225
226
227
227
222
224
220
222
218
217
220
214
216
215
216
213
213
212
210
208
208
204
205
206
202
201
200
201
200
201
195
197
197
194
195
194
194
191
191
191
185
189
184
182
181
180
183
179
177
181
179
179
175
174
171
172
174
170
170
168
168
167
166
162
166
162
159
158
158
156
160
158
155
153
155
150
150
152
151
150
145
148
145
147
141
141
141
141
140
141
137
136
134
132
131
132
131
130
129
128
130
124
128
125
123
125
122
123
122
116
119
115
118
113
113
112
112
108
109
110
108
109
107
107
106
105
100
100
102
96
97
94
97
96
96
91
93
90
89
88
89
85
85
85
81
80
83
79
79
77
77
74
76
76
73
75
72
71
71
70
67
67
63
62
64
65
62
58
58
57
57
55
53
54
52
52
52
51
51
46
48
48
44
47
45
44
42
38
41
38
38
34
35
32
35
34
32
31
28
29
29
25
28
25
22
24
23
21
19
19
20
19
13
14
15
10
13
11
9
8
9
6
3
5
6
