1500
1500
1499
1498
1497
1500
1496
1497
1494
1495
1494
1489
1490
1488
1491
1485
1488
1485
1485
1483
1484
1483
1480
1481
1479
1476
1475
1478
1475
1471
1472
1472
1468
1470
1466
1470
1467
1463
1466
1466
1462
1463
1459
1462
1461
1456
1456
1454
1452
1456
1453
1454
1449
1449
1447
1445
1445
1444
1447
1445
1445
1439
1439
1440
1436
1437
1435
1435
1433
1432
1430
1432
1431
1428
1431
1428
1428
1425
1423
1425
1425
1421
1421
1419
1421
1418
1418
1415
1417
1415
1414
1413
1410
1410
1407
1408
1405
1406
1407
1404
1403
1402
1398
1399
1400
1400
1398
1393
1392
1394
1393
1391
1393
1391
1391
1385
1388
1388
1382
1384
1381
1382
1383
1378
1376
1376
1379
1373
1373
1372
1374
1371
1373
1367
1369
1368
1365
1366
1367
1362
1361
1359
1360
1362
1360
1360
1354
1356
1355
1354
1353
1353
1353
1347
1350
1345
1345
1346
1344
1344
1340
1341
1341
1339
1337
1337
1339
1337
1334
1333
1333
1331
1328
1328
1331
1328
1329
1324
1325
1325
1320
1322
1323
1322
1318
1315
1316
1316
1313
1313
1311
1310
1309
1310
1307
1306
1304
1304
1302
1306
1303
1304
1302
1297
1299
1297
1297
1293
1297
1295
1295
1292
1290
1291
1291
1290
1284
1284
1285
1286
1283
1280
1278
1281
1280
1275
1278
1274
1276
1271
1273
1272
1268
1272
1271
1265
1267
1266
1267
1263
1260
1264
1259
1259
1256
1260
1254
1255
1256
1252
1255
1253
1248
1250
1248
1249
1245
1246
1247
1242
1243
1244
1243
1242
1239
1239
1235
1237
1233
1236
1235
1230
1229
1227
1226
1229
1225
1227
1227
1224
1223
1220
1223
1219
1220
1220
1218
1216
1214
1216
1210
1214
1209
1212
1207
1206
1209
1206
1205
1206
1205
1199
1200
1197
1200
1196
1196
1196
1196
1193
1195
1192
1193
1192
1186
1185
1187
1188
1182
1183
1182
1179
1183
1182
1181
1179
1179
1174
1177
1172
1170
1171
1172
1169
1168
1168
1169
1164
1163
1162
1163
1164
1158
1160
1157
1155
1157
1156
1152
1152
1154
1152
1149
1150
1150
1146
1147
1143
1144
1146
1140
1142
1138
1142
1138
1136
1138
1138
1135
1135
1134
1133
1133
1127
1129
1130
1126
1125
1126
1122
1120
1123
1122
1121
1117
1120
1117
1116
1113
1115
1114
1112
1108
1107
1107
1108
1105
1104
1105
1106
1103
1099
1103
1100
1100
1099
1094
1094
1094
1095
1095
1090
1093
1091
1091
1085
1084
1086
1087
1081
1081
1080
1080
1077
1079
1075
1074
1074
1072
1072
1073
1070
1072
1070
1069
1070
1066
1064
1067
1066
1062
1061
1060
1060
1061
1059
1059
1057
1056
1053
1051
1051
1048
1047
1047
1047
1049
1046
1045
1042
1040
1041
1041
1037
1038
1039
1037
1035
1034
1035
1031
1031
1031
1032
1027
1026
1028
1024
1026
1022
1020
1023
1022
1021
1019
1020
1018
1018
1015
1014
1013
1014
1008
1010
1008
1007
1005
1003
1007
1006
1001
1004
999
1000
1001
997
994
998
994
996
991
994
993
992
989
990
989
988
982
981
985
979
983
980
976
980
977
977
975
976
974
971
972
967
969
967
965
963
964
962
962
962
958
962
961
959
956
957
952
956
950
952
950
951
949
946
947
944
942
944
944
940
941
937
940
935
935
933
933
936
933
934
929
927
929
930
928
924
927
922
920
924
920
918
920
920
918
918
912
911
910
909
911
911
907
906
904
908
904
905
903
899
900
900
899
898
895
896
897
894
893
894
891
890
887
888
886
885
887
881
885
882
881
882
881
876
878
875
877
872
872
870
873
867
870
870
864
866
866
865
865
864
863
862
861
859
857
855
857
855
854
851
853
847
851
846
849
848
847
843
842
844
839
838
837
836
835
836
837
836
830
832
833
827
826
826
824
823
826
821
820
821
822
819
821
817
814
818
816
813
813
809
810
809
810
808
805
804
802
803
804
802
800
801
797
796
799
796
793
791
791
793
790
792
787
790
785
783
785
784
782
780
782
780
778
780
774
778
775
775
771
769
769
770
771
766
769
765
762
764
763
759
763
759
757
756
758
754
756
754
753
753
748
750
747
747
747
744
746
744
741
742
742
742
741
738
737
735
735
734
734
729
729
729
728
725
727
728
727
723
720
722
721
721
720
715
717
716
714
712
712
711
710
708
708
705
706
708
706
703
703
700
699
700
698
699
699
694
695
694
695
690
693
689
688
687
685
686
684
685
682
682
678
682
678
677
678
675
677
674
672
672
669
669
671
670
664
665
663
664
663
663
662
661
659
657
656
658
652
652
655
653
652
649
649
650
646
648
646
643
643
640
640
642
638
640
639
635
632
633
635
629
633
631
629
626
628
628
623
625
620
619
618
618
620
615
618
618
613
614
610
614
612
611
610
608
606
606
602
604
602
603
598
602
597
595
598
593
592
596
592
592
589
589
588
585
586
583
586
586
580
579
583
579
578
578
575
575
574
575
574
569
569
570
568
567
569
563
567
566
563
563
558
560
561
560
554
554
553
554
555
551
550
551
547
550
548
548
547
546
542
541
543
539
540
537
539
538
533
535
533
534
532
531
526
528
526
524
527
526
522
519
519
522
518
520
514
517
513
512
511
514
509
508
508
510
508
505
503
501
500
500
500
497
496
495
498
495
492
491
493
489
492
491
490
489
489
487
486
485
485
480
480
480
477
479
475
477
472
474
473
472
472
468
466
466
467
464
463
461
461
463
459
459
457
459
458
458
456
455
450
453
452
451
449
446
449
444
445
441
445
444
443
440
437
438
435
435
432
432
433
433
433
431
430
430
429
424
425
421
420
424
423
420
418
416
418
416
414
412
410
409
413
412
406
407
404
405
406
406
401
403
398
397
401
398
397
395
397
392
393
391
391
392
388
385
385
383
382
386
383
382
382
382
376
376
375
374
376
373
375
369
368
371
367
369
366
368
363
366
364
363
360
357
360
357
356
356
357
354
353
350
350
350
351
349
344
344
343
342
342
339
342
341
341
339
338
335
336
333
334
330
329
330
326
325
328
328
323
323
320
324
318
320
320
319
317
317
314
312
312
310
310
308
307
306
304
303
307
306
304
300
298
302
301
295
299
295
293
293
291
293
293
289
289
289
289
283
282
281
281
283
282
279
278
276
278
275
277
274
271
269
270
271
269
265
265
266
267
265
261
262
258
262
257
255
255
257
256
252
253
254
252
248
247
249
249
248
242
244
245
239
243
242
239
239
236
237
235
231
233
232
231
228
230
227
227
228
224
223
220
221
218
217
219
218
217
218
214
216
212
213
210
209
208
206
209
203
204
202
201
199
198
198
200
200
198
196
197
194
190
193
189
189
189
185
187
183
182
185
180
181
178
179
181
176
179
178
177
174
175
170
173
172
168
165
166
166
163
161
165
161
162
162
158
157
156
156
155
156
153
154
153
150
146
148
147
147
146
142
140
143
139
137
137
137
139
133
136
132
134
134
132
129
126
127
125
126
122
125
123
122
120
118
118
115
119
115
116
116
115
111
110
111
109
106
105
106
102
101
103
99
100
97
96
100
96
98
97
94
95
93
92
92
90
86
86
84
83
81
82
84
78
81
81
77
75
77
77
75
75
70
71
70
70
66
65
64
63
66
62
60
61
58
61
58
58
57
54
53
52
53
52
50
49
48
49
43
45
44
43
42
39
40
39
37
36
38
35
31
30
29
33
31
26
28
29
28
22
24
20
19
22
17
17
17
18
14
12
16
13
11
12
10
11
8
8
5
5
5
