1504
1501
1503
1502
1500
1497
1498
1495
1497
1495
1492
1494
1493
1490
1491
1486
1487
1484
1483
1483
1485
1479
1478
1482
1478
1475
1478
1476
1473
1475
1470
1474
1472
1469
1471
1467
1468
1466
1462
1462
1462
1460
1460
1458
1458
1457
1458
1454
1457
1452
1451
1450
1452
1448
1447
1448
1448
1445
1444
1445
1441
1440
1441
1438
1441
1439
1436
1434
1437
1436
1434
1430
1432
1429
1429
1429
1429
1428
1424
1421
1425
1422
1419
1418
1418
1420
1415
1414
1413
1411
1411
1413
1410
1412
1406
1409
1409
1408
1402
1401
1400
1401
1398
1402
1398
1399
1398
1396
1392
1396
1394
1392
1393
1387
1389
1386
1384
1388
1386
1385
1382
1382
1380
1378
1378
1376
1378
1375
1373
1375
1370
1371
1368
1369
1369
1367
1365
1365
1362
1362
1364
1363
1363
1361
1360
1359
1359
1353
1352
1353
1352
1352
1352
1347
1351
1349
1347
1343
1342
1342
1344
1342
1341
1338
1336
1338
1336
1335
1332
1332
1330
1331
1332
1331
1329
1328
1328
1326
1327
1323
1323
1322
1323
1317
1319
1320
1318
1316
1314
1315
1314
1310
1309
1308
1308
1308
1308
1305
1303
1301
1301
1303
1298
1299
1298
1298
1298
1298
1292
1296
1293
1292
1292
1289
1288
1288
1289
1288
1287
1284
1282
1281
1280
1282
1276
1277
1276
1278
1273
1276
1270
1271
1268
1269
1269
1270
1268
1268
1262
1262
1260
1263
1262
1258
1260
1257
1258
1256
1255
1253
1255
1254
1251
1249
1247
1245
1248
1245
1243
1244
1241
1240
1239
1242
1240
1239
1239
1235
1235
1233
1233
1230
1230
1230
1227
1228
1224
1226
1225
1223
1223
1222
1221
1217
1217
1215
1215
1216
1213
1215
1210
1214
1212
1212
1207
1210
1205
1204
1202
1202
1205
1203
1203
1201
1199
1195
1197
1195
1194
1193
1190
1192
1192
1190
1188
1187
1187
1186
1187
1181
1180
1180
1181
1179
1180
1177
1179
1173
1177
1172
1173
1174
1172
1172
1166
1168
1167
1168
1164
1165
1165
1162
1160
1159
1156
1157
1156
1156
1157
1154
1154
1150
1152
1150
1146
1145
1147
1145
1147
1141
1142
1144
1140
1140
1136
1139
1137
1136
1133
1131
1132
1134
1131
1130
1126
1128
1129
1124
1122
1122
1123
1122
1120
1118
1117
1118
1114
1113
1116
1111
1111
1112
1111
1108
1110
1106
1104
1103
1103
1102
1101
1104
1102
1097
1099
1099
1098
1095
1096
1092
1095
1093
1092
1091
1087
1085
1085
1085
1087
1082
1080
1083
1083
1081
1080
1075
1075
1076
1076
1075
1075
1071
1071
1071
1071
1068
1066
1068
1063
1063
1061
1059
1060
1057
1057
1060
1057
1057
1055
1051
1053
1053
1053
1048
1047
1050
1046
1048
1045
1046
1045
1039
1039
1038
1036
1040
1038
1038
1034
1032
1031
1030
1032
1028
1029
1029
1027
1025
1024
1025
1023
1022
1021
1019
1016
1017
1015
1016
1014
1013
1014
1011
1008
1012
1011
1010
1007
1006
1002
1005
1001
1003
1003
999
998
997
994
993
994
995
991
990
989
988
990
986
989
988
983
985
981
982
979
977
979
980
974
975
976
974
970
971
968
972
969
968
969
966
964
964
960
960
962
958
958
955
957
953
955
954
955
950
951
947
951
945
949
947
945
941
944
940
940
942
941
935
939
937
932
936
935
933
929
928
927
927
925
927
927
926
923
924
922
917
917
920
916
913
914
912
911
911
908
911
911
908
906
903
904
906
904
903
901
897
900
900
895
897
895
895
892
889
892
891
889
886
889
883
883
881
880
882
878
877
877
879
876
873
874
872
873
870
868
869
867
868
869
868
862
861
862
862
859
861
857
855
858
858
857
854
852
851
850
847
849
850
847
848
847
842
841
840
842
837
837
837
839
833
833
835
831
832
828
827
828
830
826
828
824
822
825
824
821
822
818
817
816
817
813
814
811
814
810
809
811
810
808
803
806
804
805
801
800
801
797
797
795
796
792
794
790
794
792
789
786
786
784
784
787
783
785
781
781
780
778
780
775
773
775
773
774
769
773
768
767
768
767
766
763
764
760
764
760
758
761
758
754
755
756
755
753
750
751
747
751
748
745
743
747
744
740
740
742
738
737
735
735
735
734
733
730
734
729
731
726
726
725
728
724
723
724
722
719
722
717
719
714
717
715
712
711
711
710
707
711
709
708
707
704
703
704
704
703
702
700
695
695
696
693
696
693
692
690
692
689
688
689
684
682
685
684
684
680
678
681
677
676
674
672
674
670
674
673
669
670
667
668
664
662
666
660
659
659
659
658
658
658
656
655
653
650
650
652
649
647
645
646
645
647
645
642
639
643
637
638
639
639
634
635
633
635
630
631
631
627
628
626
625
624
626
624
624
619
621
620
616
614
618
616
611
613
609
612
612
607
606
606
605
607
603
600
600
602
602
600
597
597
594
592
592
590
593
593
587
586
588
588
586
582
585
585
582
578
582
578
576
576
577
574
573
572
571
571
567
567
565
565
567
563
565
561
563
558
560
559
559
556
558
554
554
550
551
553
547
551
550
546
543
545
543
542
542
542
541
539
538
537
533
534
532
530
530
530
528
531
530
528
524
523
525
523
523
521
521
521
519
514
515
516
515
511
513
509
508
509
510
507
505
506
501
504
500
500
501
498
497
499
495
496
494
490
493
490
492
488
487
484
484
486
483
483
480
482
482
476
479
478
478
474
472
470
474
471
470
469
465
467
468
462
466
465
463
461
459
460
456
458
455
453
452
453
454
451
447
450
449
445
444
447
445
443
441
443
442
440
438
437
435
433
433
435
432
430
432
428
428
429
425
423
425
422
424
420
420
420
415
414
413
417
411
411
412
409
409
408
409
408
404
405
401
404
401
402
401
401
397
399
396
396
396
391
390
388
392
389
389
385
385
387
383
383
384
378
382
379
380
375
378
376
371
372
369
371
369
371
368
367
365
363
361
365
359
360
360
357
359
357
354
353
353
353
352
351
348
351
350
346
347
345
343
345
341
341
337
338
337
335
335
332
332
334
332
330
330
328
329
325
328
327
326
320
319
319
318
321
315
316
317
316
315
315
313
309
311
310
305
305
307
302
304
302
302
299
300
297
299
296
296
292
291
295
294
292
291
289
288
285
288
284
285
280
280
281
277
281
279
274
273
273
273
274
270
271
267
266
270
265
265
267
262
265
260
261
262
257
255
256
253
255
256
252
252
253
248
251
245
248
243
245
246
240
243
240
237
238
239
239
233
236
234
233
233
233
228
231
227
224
224
227
225
225
223
218
219
220
220
214
217
214
215
210
210
212
210
210
205
208
204
207
201
202
204
201
199
197
196
195
198
194
193
194
193
191
191
186
188
184
185
185
182
181
182
179
182
178
178
175
176
172
171
170
174
169
169
168
167
165
166
166
163
164
163
162
161
160
159
157
154
155
155
154
151
149
149
149
145
148
147
143
144
140
141
143
139
141
138
134
133
135
132
135
132
130
128
129
129
126
124
122
121
124
119
118
122
118
118
119
113
115
113
113
110
109
110
111
110
105
106
104
104
102
99
103
99
98
99
98
93
93
93
90
91
93
90
88
86
85
86
86
86
82
79
79
81
77
78
77
78
74
76
70
71
68
67
66
65
66
68
63
63
60
63
61
60
60
55
55
56
57
53
55
51
52
50
50
48
49
44
44
45
45
39
43
41
36
40
36
36
33
31
35
30
30
27
27
28
28
26
23
25
25
19
19
21
20
18
15
17
15
12
14
13
8
7
8
8
4
8
5
1
