0
1
2
4
6
10
7
8
8
12
14
14
16
16
17
16
20
18
18
24
22
25
25
28
28
26
26
30
33
32
35
33
32
33
36
35
38
41
38
43
40
46
43
43
49
46
50
49
52
52
52
55
56
53
57
55
61
57
61
60
61
61
64
65
69
65
68
71
69
70
73
74
77
75
75
77
81
77
80
79
82
82
84
86
88
85
87
91
91
93
93
92
95
93
97
100
97
101
100
104
101
103
104
103
107
107
109
110
113
114
110
114
113
115
118
119
117
118
120
121
122
126
124
123
128
127
129
132
129
133
134
136
135
136
139
135
140
142
142
139
142
141
142
144
149
147
150
152
149
154
155
153
157
158
156
160
158
162
162
160
162
166
163
167
168
168
169
172
169
172
175
174
173
177
174
177
180
177
182
181
184
186
184
184
185
188
189
187
188
193
193
192
195
194
199
200
200
200
199
202
202
206
203
207
209
210
210
211
212
211
215
216
212
213
214
215
216
219
219
220
225
224
226
228
224
230
230
228
232
234
233
231
236
236
237
239
237
237
239
243
242
245
247
245
248
249
246
252
248
250
252
251
253
256
256
257
256
259
259
263
264
265
267
267
268
268
269
272
272
272
270
275
274
277
277
280
280
280
281
280
282
286
285
283
288
290
286
290
290
293
292
293
294
293
298
298
297
299
299
303
304
306
302
304
304
309
310
307
313
312
311
314
313
317
317
318
320
322
320
321
320
326
322
323
326
325
330
329
329
331
335
336
332
338
334
338
341
338
342
342
340
345
343
346
344
346
349
349
352
352
353
355
352
353
355
359
356
360
361
362
361
363
365
364
368
365
369
369
369
369
372
374
374
378
377
377
380
382
381
380
380
382
382
388
384
388
387
392
388
394
395
391
393
397
397
397
400
401
400
404
400
404
402
403
405
410
410
410
411
410
410
414
412
414
418
415
419
418
418
419
423
425
422
427
424
428
429
432
432
430
431
431
436
434
436
437
436
438
443
442
443
443
443
447
446
446
447
448
449
451
453
452
454
457
458
455
461
460
459
461
465
462
464
467
464
465
467
470
473
470
474
476
472
478
476
478
476
478
483
483
481
481
487
485
487
486
486
488
490
491
495
495
493
498
498
497
498
502
499
500
505
506
504
507
506
509
508
511
510
511
512
516
512
514
518
520
516
522
519
522
523
526
526
524
528
525
529
529
532
533
535
536
533
538
534
535
536
540
538
542
544
545
545
546
546
547
549
549
551
552
555
551
556
558
554
558
558
557
561
562
562
566
564
566
566
569
567
571
568
571
575
571
573
575
574
575
581
580
581
582
582
583
584
584
589
587
586
592
591
594
590
594
596
594
599
595
599
597
600
604
601
606
603
603
607
608
606
610
612
610
615
614
613
617
617
615
620
618
619
623
622
623
623
627
628
629
627
630
629
634
631
634
636
633
639
638
640
638
643
639
641
643
642
644
646
649
646
649
652
651
654
656
655
658
659
657
659
661
660
664
662
665
666
663
666
669
666
672
672
674
673
676
675
675
677
677
679
679
681
679
680
685
685
687
686
685
689
687
692
689
692
692
694
694
695
697
696
700
703
700
705
703
704
705
709
705
706
711
713
711
710
713
712
713
716
716
719
721
720
724
724
722
724
728
725
726
728
730
730
732
735
735
736
734
735
740
740
739
738
742
744
743
742
746
749
746
750
750
749
754
750
755
756
756
757
756
756
757
763
763
760
763
763
767
764
765
767
771
773
769
774
776
772
775
778
776
781
781
783
784
781
783
787
786
787
790
788
787
792
789
792
794
797
795
794
799
796
798
801
800
801
804
805
807
807
808
811
811
809
810
812
816
816
813
818
818
817
818
823
819
823
826
826
825
825
825
826
832
831
830
835
831
833
837
836
836
840
838
842
839
840
846
842
845
845
845
846
847
849
852
853
851
855
855
854
855
860
861
860
859
862
865
864
864
864
865
867
872
870
872
874
875
874
878
878
878
880
879
883
880
882
883
885
884
889
886
888
892
888
894
893
895
895
895
898
895
896
900
899
904
900
906
905
904
905
905
910
909
909
914
913
912
916
917
919
919
920
922
919
922
925
924
927
928
925
929
931
929
932
932
934
934
934
934
939
936
938
940
941
940
940
943
944
944
949
945
947
952
950
950
950
952
952
953
957
956
957
957
961
964
960
964
966
967
968
966
969
967
968
970
970
975
972
978
978
978
977
980
979
980
984
981
985
988
986
986
986
992
992
990
992
995
994
993
996
995
1001
1002
1002
1000
1000
1001
1003
1008
1005
1007
1009
1009
1008
1012
1010
1011
1014
1018
1016
1015
1020
1019
1022
1023
1021
1022
1027
1024
1026
1030
1027
1031
1028
1031
1035
1035
1035
1033
1039
1036
1038
1039
1043
1041
1044
1042
1045
1045
1044
1045
1048
1047
1053
1051
1052
1051
1057
1053
1059
1055
1056
1062
1059
1060
1064
1062
1062
1065
1066
1065
1068
1070
1070
1072
1073
1076
1073
1074
1075
1078
1080
1078
1078
1083
1085
1085
1084
1085
1085
1088
1091
1091
1088
1090
1093
1092
1094
1097
1099
1097
1096
1100
1103
1099
1100
1101
1103
1105
1106
1106
1106
1108
1109
1110
1114
1114
1117
1114
1118
1117
1120
1118
1118
1123
1123
1126
1122
1123
1127
1125
1128
1129
1129
1130
1135
1135
1135
1133
1138
1138
1140
1142
1141
1143
1145
1142
1143
1146
1147
1150
1151
1150
1150
1154
1155
1156
1154
1156
1155
1157
1159
1161
1162
1159
1163
1163
1165
1166
1164
1167
1167
1167
1171
1173
1170
1174
1175
1177
1174
1176
1180
1181
1181
1179
1183
1183
1184
1186
1184
1187
1191
1187
1188
1189
1190
1192
1193
1196
1199
1200
1196
1197
1203
1200
1203
1203
1202
1207
1208
1208
1211
1208
1210
1210
1213
1211
1213
1215
1218
1216
1220
1219
1218
1224
1223
1225
1226
1223
1226
1229
1228
1229
1233
1229
1230
1233
1235
1233
1238
1236
1236
1240
1242
1240
1245
1244
1247
1247
1245
1248
1246
1251
1249
1249
1252
1252
1256
1254
1256
1255
1256
1258
1262
1264
1260
1263
1262
1265
1269
1269
1266
1269
1272
1272
1270
1275
1277
1275
1279
1277
1277
1282
1278
1279
1283
1283
1287
1284
1285
1290
1290
1291
1292
1294
1290
1292
1295
1296
1295
1296
1297
1297
1303
1300
1301
1304
1306
1306
1305
1306
1308
1307
1308
1309
1311
1314
1317
1317
1314
1315
1317
1320
1323
1324
1320
1321
1325
1323
1324
1328
1329
1332
1332
1331
1335
1335
1336
1334
1334
1335
1336
1341
1340
1340
1341
1345
1343
1348
1346
1350
1350
1352
1352
1353
1353
1353
1353
1356
1354
1357
1361
1358
1362
1360
1361
1365
1362
1364
1364
1365
1368
1370
1371
1371
1372
1376
1372
1376
1378
1376
1376
1379
1380
1382
1382
1381
1386
1385
1386
1385
1387
1390
1393
1389
1392
1395
1397
1397
1397
1399
1401
1400
1398
1399
1403
1403
1403
1406
1408
1406
1408
1410
1409
1412
1415
1413
1414
1417
1415
1416
1416
1417
1420
1422
1420
1425
1426
1426
1428
1429
1429
1429
1428
1429
1434
1434
1432
1438
1436
1437
1438
1439
1439
1441
1440
1443
1444
1445
1448
1448
1450
1447
1449
1454
1453
1452
1456
1457
1457
1457
1458
1459
1462
1460
1464
1465
1467
1468
1468
1470
1467
1472
1470
1472
1474
1474
1477
1474
1478
1476
1481
1478
1479
1484
1480
1486
1484
1485
1484
1490
1487
1491
1489
1491
1492
1491
1496
1498
1494
1495
1500
1497
1499
1504
