4
5
2
3
9
8
9
12
9
12
10
14
12
14
16
19
21
20
21
24
23
21
24
23
26
25
31
30
29
31
35
35
32
33
37
35
39
38
41
43
42
44
44
46
49
46
47
49
49
54
55
54
55
57
56
60
61
59
63
59
60
65
67
64
66
65
68
72
72
73
70
72
74
76
74
77
81
80
80
81
84
83
83
83
85
88
91
87
92
91
95
95
94
94
99
95
96
99
99
103
104
105
103
108
109
106
106
107
110
114
113
116
115
116
119
118
117
121
122
120
121
122
124
123
128
129
126
131
131
134
134
134
132
136
135
138
139
137
138
141
142
144
146
145
149
148
151
152
150
150
150
152
155
153
155
158
156
162
160
163
162
163
165
165
168
168
171
167
172
174
175
175
174
178
178
175
176
180
180
179
182
182
184
187
185
187
186
189
193
189
194
191
193
194
195
195
197
202
200
199
203
203
202
208
209
209
209
208
210
214
214
213
216
213
216
215
217
221
222
222
225
222
227
228
228
225
229
229
229
229
233
232
233
238
235
237
238
237
240
240
245
244
247
247
248
249
248
252
250
253
252
253
256
255
255
258
258
260
263
262
262
261
267
263
264
265
268
270
270
274
275
276
273
275
277
279
280
277
281
282
283
286
286
288
287
286
289
287
289
294
291
293
292
297
295
295
298
300
299
302
303
303
305
304
304
307
311
310
310
309
310
311
312
313
316
320
319
319
318
319
325
323
322
324
329
329
331
328
329
332
335
336
335
336
337
340
337
341
338
343
345
342
347
346
349
349
348
348
353
353
353
352
355
353
355
356
360
359
360
364
360
361
366
363
369
370
370
371
373
369
375
376
375
375
374
375
381
381
383
384
383
385
383
385
385
387
389
389
391
389
391
392
395
395
395
398
397
398
402
401
403
402
402
405
407
408
406
411
411
414
412
415
416
416
414
418
416
418
423
421
422
421
423
426
429
430
428
430
433
431
433
435
433
436
438
438
437
440
440
444
443
446
443
448
444
445
446
449
450
453
451
453
457
455
454
456
459
458
458
462
462
465
464
466
466
467
468
470
471
469
472
471
473
477
477
478
480
477
483
483
485
485
483
488
489
489
488
489
489
492
491
496
494
495
497
496
500
501
503
500
502
503
507
507
505
510
511
512
508
513
515
511
517
517
516
517
517
520
519
520
522
523
522
527
527
529
529
532
530
529
534
534
535
537
535
536
538
541
538
542
541
543
546
544
546
545
547
548
550
549
555
553
554
556
557
557
557
561
560
562
563
562
565
565
566
570
570
570
569
572
570
576
577
574
578
578
577
579
580
582
581
583
582
585
589
589
590
587
592
590
590
591
592
596
597
597
598
599
599
599
601
604
602
606
608
606
610
612
613
612
611
614
616
617
615
620
616
617
622
623
622
625
624
624
628
630
628
628
628
632
633
635
635
637
638
637
640
638
638
639
643
641
647
643
646
646
647
648
649
653
651
653
654
655
657
656
659
659
661
661
663
666
664
666
669
665
668
669
669
670
675
673
675
674
679
679
681
680
679
684
680
682
682
688
689
687
686
689
688
694
694
692
697
694
699
698
696
698
699
701
702
704
707
707
707
705
707
708
711
712
710
711
717
718
718
719
718
722
718
721
720
723
722
726
725
730
730
727
730
734
732
731
736
737
736
736
738
742
741
741
742
741
746
746
748
750
750
751
753
753
753
754
753
758
759
758
757
761
763
763
763
766
762
766
766
770
767
771
773
770
770
776
776
774
775
780
780
778
778
781
781
786
784
785
785
788
786
791
793
790
795
793
797
796
795
795
796
802
800
804
801
806
807
803
808
806
808
809
810
810
815
816
815
816
814
820
817
822
818
820
822
826
824
823
824
830
826
831
832
830
833
836
836
838
839
838
839
838
843
843
842
845
843
846
849
848
846
850
852
851
850
851
856
857
855
855
858
861
860
861
865
864
866
868
869
865
868
871
872
870
872
872
874
874
876
876
880
878
879
882
885
886
884
885
888
890
890
889
888
890
895
891
894
897
898
899
898
899
898
900
904
901
902
908
908
908
909
911
910
909
912
913
916
918
914
918
921
921
923
920
924
926
924
924
929
930
931
930
928
929
935
935
934
936
938
940
937
939
943
944
940
943
944
948
949
950
949
952
948
954
951
953
953
954
959
957
961
962
960
960
961
964
967
966
969
966
967
967
969
972
975
971
972
975
976
978
978
979
979
981
982
981
987
983
988
985
988
991
991
994
991
994
992
993
995
995
1000
998
999
1004
1003
1002
1002
1005
1005
1009
1010
1010
1010
1013
1010
1011
1015
1018
1019
1015
1021
1020
1019
1022
1021
1025
1027
1027
1025
1026
1027
1029
1031
1032
1035
1032
1036
1036
1036
1035
1039
1041
1043
1040
1045
1046
1046
1047
1044
1046
1047
1047
1053
1049
1053
1052
1052
1056
1059
1059
1059
1061
1063
1059
1065
1063
1065
1068
1065
1066
1067
1067
1072
1074
1070
1075
1072
1076
1076
1076
1077
1078
1083
1080
1083
1082
1087
1086
1084
1087
1086
1088
1091
1089
1093
1094
1092
1095
1096
1098
1097
1100
1100
1099
1103
1102
1105
1104
1108
1109
1111
1110
1109
1114
1111
1111
1113
1116
1117
1117
1119
1117
1118
1120
1122
1121
1126
1127
1129
1129
1128
1131
1129
1134
1135
1133
1133
1138
1139
1136
1140
1141
1141
1142
1140
1144
1143
1143
1149
1148
1151
1150
1149
1152
1151
1155
1152
1153
1156
1158
1158
1160
1161
1162
1162
1162
1164
1164
1167
1170
1171
1167
1173
1171
1170
1171
1172
1174
1176
1180
1178
1177
1183
1179
1185
1184
1186
1185
1186
1189
1187
1190
1190
1190
1193
1193
1197
1197
1196
1198
1200
1199
1203
1200
1200
1205
1202
1207
1204
1210
1209
1209
1208
1214
1212
1212
1213
1213
1219
1219
1216
1221
1222
1223
1221
1221
1226
1228
1229
1230
1231
1229
1233
1230
1235
1232
1237
1237
1238
1238
1241
1237
1239
1242
1242
1245
1242
1247
1248
1246
1246
1251
1248
1254
1254
1253
1256
1256
1259
1260
1257
1260
1263
1264
1265
1264
1265
1267
1267
1267
1266
1270
1273
1272
1270
1273
1272
1278
1277
1275
1280
1282
1278
1280
1283
1282
1285
1286
1285
1290
1291
1288
1293
1294
1293
1292
1294
1296
1295
1298
1299
1301
1301
1300
1302
1305
1307
1303
1308
1308
1310
1312
1308
1314
1310
1316
1312
1317
1319
1317
1320
1317
1320
1323
1320
1321
1325
1325
1324
1328
1326
1332
1329
1329
1330
1333
1335
1337
1338
1339
1337
1342
1343
1342
1342
1341
1342
1344
1346
1349
1347
1352
1352
1353
1352
1354
1354
1358
1357
1358
1360
1357
1359
1359
1361
1364
1363
1366
1368
1369
1370
1370
1372
1373
1373
1376
1373
1374
1378
1376
1379
1378
1383
1383
1381
1384
1387
1383
1387
1389
1391
1392
1391
1392
1394
1391
1393
1396
1398
1397
1398
1399
1402
1399
1405
1405
1407
1403
1405
1410
1411
1412
1411
1411
1412
1415
1414
1417
1418
1415
1419
1419
1420
1424
1423
1423
1422
1423
1429
1430
1429
1428
1429
1433
1435
1433
1436
1438
1434
1435
1441
1438
1443
1444
1441
1445
1444
1447
1444
1449
1450
1451
1450
1449
1450
1455
1455
1457
1457
1458
1457
1462
1461
1464
1462
1461
1466
1464
1465
1465
1467
1470
1471
1471
1473
1475
1476
1476
1479
1480
1477
1481
1478
1480
1484
1482
1487
1485
1487
1485
1488
1488
1491
1492
1494
1493
1493
1496
1498
1495
1497
1500
1498
1502
