2
5
7
3
9
10
11
9
8
10
13
14
14
14
18
18
18
18
23
19
25
25
23
27
25
30
28
31
28
33
35
34
36
36
37
37
38
37
41
39
43
46
46
44
47
49
51
49
53
51
55
51
52
56
57
57
57
61
63
61
61
64
62
66
64
66
70
72
69
71
73
73
73
76
79
77
76
79
83
81
83
82
86
86
84
89
88
88
93
89
94
93
96
93
97
98
101
100
103
100
104
104
103
106
104
108
106
111
113
112
114
113
112
114
115
120
119
122
118
119
124
121
122
125
128
130
129
132
130
133
130
133
136
135
134
135
137
142
138
140
142
143
146
146
148
145
148
149
148
149
155
156
155
156
159
160
157
162
159
160
161
161
164
166
166
166
170
172
170
174
173
174
174
174
175
178
179
180
183
179
180
185
187
186
189
187
187
189
189
194
192
192
195
198
196
199
199
197
201
201
205
206
206
204
204
209
206
212
209
210
215
215
217
215
217
218
220
217
222
219
225
223
226
224
228
230
226
227
228
229
232
231
232
237
235
236
237
239
240
240
242
244
245
245
248
245
249
248
249
254
254
252
254
256
255
260
256
261
260
262
265
266
263
263
264
270
269
270
270
270
271
276
275
274
278
277
280
279
280
282
280
283
287
285
284
286
290
290
290
289
291
291
292
296
298
297
301
302
298
301
301
301
306
305
305
309
310
310
309
311
312
316
312
314
319
316
319
318
321
321
323
324
322
328
325
326
326
332
328
329
332
336
334
333
339
338
336
341
343
344
344
343
343
347
346
346
347
350
350
352
353
354
357
357
355
358
360
361
358
361
363
362
367
364
368
367
371
370
373
373
370
372
377
374
376
379
376
379
381
379
383
386
387
387
387
387
391
387
393
390
390
396
397
398
399
396
400
399
403
402
402
404
404
407
408
406
406
407
408
410
414
412
415
418
415
420
418
418
423
421
420
421
425
426
427
427
429
427
428
434
434
432
434
438
435
435
440
440
438
440
444
441
443
445
444
445
446
447
453
451
455
451
454
457
457
457
458
460
462
464
462
462
465
468
465
468
470
469
473
474
473
473
477
473
479
476
480
480
480
483
480
483
487
487
487
490
490
490
491
491
493
491
493
498
496
497
501
499
499
503
505
504
502
506
506
510
511
508
511
514
511
512
513
513
515
518
518
518
520
522
523
526
527
523
529
530
531
531
530
531
531
531
535
536
535
540
541
538
539
543
540
543
542
548
544
549
549
548
553
550
551
554
554
553
554
557
557
557
558
560
564
565
564
564
565
567
569
571
570
569
570
572
577
576
578
580
579
581
580
580
584
583
582
586
587
586
589
592
593
591
593
593
594
593
597
595
597
599
598
600
602
605
605
604
605
610
610
607
612
609
614
614
614
617
619
619
619
622
619
620
622
622
625
627
625
630
628
629
632
634
632
631
636
637
635
640
638
637
642
641
643
645
645
644
644
649
650
648
648
651
654
652
652
653
654
659
660
657
660
659
660
665
663
667
664
667
666
672
670
672
672
676
677
674
677
679
677
680
678
680
683
681
683
685
688
687
687
687
693
689
694
696
694
693
695
698
701
702
702
700
701
704
706
707
705
706
706
712
711
713
710
712
714
713
716
717
720
718
723
723
725
724
727
724
727
725
728
730
730
729
730
734
736
733
734
739
740
738
739
742
745
742
744
743
746
748
748
752
752
752
751
754
755
753
755
755
761
759
762
760
765
765
762
763
766
768
766
771
770
773
773
773
774
773
775
775
780
782
780
779
784
785
787
788
789
790
788
792
792
789
794
794
795
795
795
800
801
798
803
802
800
802
804
808
807
806
808
811
811
811
811
815
813
813
818
818
817
818
818
819
821
824
824
828
825
826
830
829
828
832
831
831
833
835
835
835
841
837
840
841
841
842
843
846
845
848
846
847
848
849
852
853
854
858
859
859
858
859
859
862
861
863
863
868
866
867
866
868
872
872
871
875
874
875
876
876
878
879
883
881
881
881
886
883
887
887
887
890
890
891
894
895
895
897
897
897
900
902
901
901
903
901
905
908
906
905
910
907
911
913
910
912
914
917
919
915
919
921
923
920
923
925
927
928
929
926
929
927
932
932
934
935
937
936
936
940
937
939
940
944
944
941
943
948
948
946
948
948
951
951
951
954
953
955
957
957
957
959
958
959
960
961
965
965
968
970
967
969
968
971
975
972
975
976
979
977
976
980
980
979
980
985
983
986
985
990
990
987
990
993
995
994
993
997
996
996
1000
998
1002
1003
1001
1001
1006
1008
1004
1010
1011
1009
1008
1014
1015
1014
1014
1013
1019
1019
1019
1021
1022
1021
1023
1026
1024
1023
1028
1028
1027
1027
1030
1029
1033
1036
1037
1033
1037
1037
1039
1041
1041
1040
1042
1045
1043
1047
1047
1047
1048
1050
1053
1053
1051
1056
1056
1054
1059
1059
1061
1057
1058
1063
1061
1063
1067
1068
1067
1066
1071
1071
1069
1072
1071
1075
1076
1078
1075
1078
1079
1080
1081
1082
1083
1084
1084
1087
1085
1088
1088
1088
1090
1092
1094
1095
1095
1095
1097
1096
1097
1097
1103
1099
1100
1106
1107
1106
1104
1109
1109
1109
1112
1113
1111
1111
1115
1114
1117
1118
1121
1120
1121
1123
1125
1124
1127
1124
1127
1125
1127
1132
1128
1131
1130
1133
1137
1133
1136
1138
1137
1138
1142
1144
1144
1146
1147
1145
1149
1150
1146
1149
1150
1151
1152
1151
1152
1156
1154
1157
1158
1159
1158
1163
1163
1166
1167
1163
1169
1169
1171
1168
1172
1171
1170
1175
1174
1177
1177
1175
1178
1177
1181
1182
1182
1181
1184
1185
1189
1185
1186
1190
1188
1194
1193
1196
1192
1195
1197
1199
1201
1198
1203
1202
1205
1201
1206
1205
1204
1209
1209
1212
1209
1210
1210
1212
1216
1218
1215
1215
1220
1218
1220
1224
1222
1224
1225
1227
1228
1228
1231
1232
1232
1230
1230
1232
1235
1234
1234
1235
1238
1237
1242
1243
1242
1244
1244
1244
1246
1248
1247
1248
1252
1254
1254
1255
1252
1258
1257
1258
1260
1260
1262
1263
1261
1262
1264
1266
1264
1267
1271
1269
1269
1274
1273
1273
1276
1275
1276
1277
1281
1277
1282
1282
1284
1284
1286
1285
1287
1289
1288
1292
1290
1290
1292
1293
1293
1294
1297
1296
1301
1299
1302
1300
1305
1301
1303
1307
1307
1308
1309
1309
1312
1312
1312
1311
1317
1315
1315
1317
1321
1322
1321
1324
1321
1321
1322
1323
1324
1327
1327
1331
1329
1331
1330
1335
1332
1333
1337
1337
1337
1340
1340
1343
1341
1344
1343
1343
1346
1346
1348
1351
1349
1349
1353
1354
1357
1355
1355
1358
1359
1360
1359
1362
1360
1363
1362
1364
1369
1370
1370
1369
1372
1369
1370
1373
1372
1374
1375
1375
1376
1377
1380
1381
1384
1382
1385
1388
1389
1390
1388
1391
1388
1392
1391
1396
1393
1395
1399
1395
1397
1399
1399
1403
1403
1403
1403
1405
1407
1410
1407
1412
1411
1410
1414
1412
1414
1417
1415
1417
1418
1420
1423
1422
1425
1426
1426
1425
1429
1429
1426
1429
1432
1429
1434
1433
1436
1433
1437
1438
1440
1441
1438
1441
1440
1445
1445
1444
1446
1450
1448
1452
1451
1454
1455
1453
1452
1456
1454
1459
1460
1461
1463
1464
1463
1466
1465
1464
1464
1466
1470
1469
1469
1474
1472
1472
1476
1476
1477
1478
1476
1479
1479
1483
1484
1484
1485
1483
1486
1490
1487
1488
1488
1492
1495
1495
1496
1493
1496
1495
1496
1497
1501
1502
