3
4
7
6
9
8
7
11
8
9
13
16
13
15
15
16
16
20
20
24
23
21
26
27
26
30
31
32
31
33
33
36
33
35
37
38
39
42
41
39
41
45
45
45
48
49
50
49
52
53
52
54
53
56
58
59
57
61
59
59
63
63
67
63
64
69
68
72
69
72
74
74
77
76
76
80
76
81
79
81
85
85
86
88
86
87
88
89
88
92
92
94
92
98
97
99
98
101
101
100
101
102
106
106
105
110
107
107
108
112
113
114
113
113
118
116
118
120
120
123
125
123
127
125
128
129
128
132
133
133
132
135
136
134
135
140
137
142
143
139
145
142
146
146
146
150
149
150
151
153
150
153
154
154
156
155
157
160
159
164
163
162
167
166
166
170
168
171
168
171
174
175
174
174
175
177
177
180
180
184
180
186
186
183
184
189
188
187
193
192
192
192
196
194
198
197
201
200
202
202
200
201
204
203
207
208
211
208
212
213
214
212
216
213
215
215
219
221
223
223
225
223
223
227
227
229
228
227
229
233
234
232
235
234
238
240
239
237
242
239
244
246
247
247
248
248
248
250
252
254
253
256
254
258
256
257
259
258
262
262
260
264
263
263
269
266
269
271
270
273
275
275
273
276
278
277
277
281
279
284
283
284
284
285
284
288
288
291
291
291
291
293
296
294
296
298
298
302
303
301
300
301
307
307
304
310
310
311
309
309
313
313
316
315
317
315
320
321
320
319
323
322
322
328
329
326
331
327
332
329
333
332
336
333
335
336
338
342
342
341
344
343
344
347
345
345
347
347
349
353
350
355
354
357
354
355
357
361
359
359
361
365
366
366
364
365
366
371
372
371
371
372
376
375
374
375
380
377
379
381
381
382
387
387
388
389
387
392
392
391
393
394
396
397
397
398
400
401
400
404
405
402
404
403
409
407
408
407
412
411
415
415
412
417
414
415
421
420
423
422
425
426
424
423
424
426
427
432
433
432
431
433
435
437
437
438
436
442
438
439
445
444
446
446
449
446
450
447
453
451
451
453
454
457
459
458
458
462
463
463
464
466
463
466
467
466
467
470
473
471
472
473
474
476
475
480
480
478
479
483
480
483
483
487
486
490
489
488
492
492
492
494
493
496
497
498
501
498
499
500
503
503
506
503
504
506
507
511
511
513
511
516
512
513
515
519
516
520
521
524
525
525
527
528
527
527
528
527
530
530
531
533
535
535
537
537
538
542
540
542
540
544
546
546
546
549
547
547
548
553
553
551
554
555
556
560
556
558
560
560
560
566
564
568
564
569
568
569
572
572
573
571
573
577
578
575
579
577
579
581
584
583
585
584
584
585
587
589
588
591
594
592
597
596
595
596
597
601
601
599
601
601
602
607
607
606
609
611
609
609
614
613
615
618
619
618
617
618
623
624
623
624
627
627
629
626
628
627
633
633
631
634
637
638
638
636
639
641
640
643
645
646
645
648
648
649
648
652
649
650
654
653
655
655
654
655
658
660
658
663
662
664
663
665
665
668
670
671
672
669
671
676
675
677
675
680
677
680
680
679
685
683
686
688
689
686
687
691
691
694
694
693
697
697
696
695
697
700
701
703
700
706
702
707
709
707
708
709
713
713
715
713
712
716
715
715
717
719
718
719
720
721
725
724
725
727
727
732
730
731
731
734
736
734
736
737
736
740
740
744
740
741
747
744
748
747
749
751
753
749
750
752
756
757
756
760
761
761
762
759
763
763
765
763
767
770
767
768
770
770
773
771
775
778
775
777
780
777
781
781
784
782
786
783
788
785
786
787
793
790
791
795
795
793
795
800
798
797
802
801
800
804
802
807
808
810
811
809
808
810
811
811
817
813
816
819
821
818
821
823
822
824
822
826
826
827
831
832
829
830
833
836
835
835
836
836
837
842
841
840
843
842
843
847
847
845
851
850
853
853
851
852
852
856
856
855
861
859
861
864
860
862
864
865
869
865
870
871
869
871
873
876
872
878
879
878
880
878
881
879
883
886
886
884
884
889
891
887
888
892
894
891
894
896
895
897
899
898
903
902
905
903
903
906
905
910
906
911
908
914
913
913
917
914
915
919
919
922
923
920
924
922
924
924
925
930
928
929
933
934
935
934
936
933
937
940
939
937
940
943
941
945
944
945
947
946
946
948
953
951
954
954
957
958
959
956
958
958
958
959
965
965
966
968
965
965
968
967
968
970
970
976
975
978
979
980
976
979
983
979
980
986
982
987
988
990
989
988
990
989
991
996
996
993
995
998
1000
999
1000
1004
1000
1002
1004
1006
1006
1007
1006
1010
1009
1010
1010
1014
1017
1016
1019
1015
1020
1017
1021
1020
1024
1021
1027
1024
1027
1029
1029
1028
1029
1032
1034
1031
1033
1036
1038
1035
1036
1041
1042
1044
1042
1043
1047
1045
1049
1048
1046
1050
1053
1053
1053
1056
1052
1055
1056
1055
1059
1059
1058
1062
1062
1062
1067
1064
1065
1068
1069
1069
1071
1074
1071
1076
1077
1076
1074
1076
1080
1080
1081
1080
1080
1084
1083
1083
1087
1086
1089
1091
1093
1089
1092
1095
1093
1094
1098
1096
1097
1100
1101
1100
1100
1106
1107
1105
1107
1110
1106
1110
1110
1111
1114
1116
1114
1113
1116
1116
1120
1122
1118
1122
1125
1122
1125
1128
1125
1126
1127
1128
1133
1134
1133
1134
1137
1133
1134
1135
1138
1139
1140
1142
1144
1141
1144
1145
1148
1149
1149
1150
1148
1153
1153
1153
1152
1157
1155
1155
1159
1160
1163
1159
1160
1164
1165
1164
1165
1167
1166
1171
1173
1171
1173
1173
1173
1176
1177
1175
1179
1180
1180
1182
1184
1183
1187
1187
1184
1185
1190
1187
1192
1190
1194
1196
1193
1197
1194
1199
1199
1200
1200
1201
1200
1203
1203
1207
1208
1205
1209
1209
1211
1214
1215
1214
1213
1213
1217
1217
1219
1221
1222
1222
1222
1222
1223
1223
1228
1229
1228
1229
1233
1229
1234
1232
1236
1234
1236
1239
1239
1241
1243
1240
1243
1245
1245
1243
1249
1247
1246
1248
1250
1252
1251
1256
1254
1255
1258
1255
1259
1259
1263
1262
1260
1264
1266
1264
1269
1267
1266
1269
1268
1270
1272
1274
1275
1273
1277
1278
1281
1282
1283
1280
1284
1281
1287
1284
1289
1285
1287
1290
1288
1292
1295
1295
1293
1298
1296
1296
1298
1300
1303
1302
1303
1302
1304
1303
1304
1307
1310
1311
1310
1313
1313
1312
1317
1318
1314
1319
1320
1322
1320
1320
1325
1324
1327
1328
1328
1330
1331
1328
1333
1331
1330
1331
1335
1335
1335
1336
1338
1341
1342
1341
1340
1346
1344
1345
1349
1345
1349
1350
1348
1353
1350
1355
1356
1357
1357
1356
1357
1360
1359
1364
1362
1361
1365
1368
1369
1366
1366
1368
1370
1370
1375
1375
1377
1375
1374
1376
1376
1381
1381
1384
1384
1385
1385
1385
1388
1386
1389
1390
1393
1393
1391
1396
1396
1398
1396
1398
1396
1401
1399
1401
1401
1402
1403
1406
1404
1409
1409
1409
1409
1412
1414
1415
1414
1414
1415
1420
1419
1422
1421
1419
1424
1421
1423
1427
1428
1427
1430
1431
1430
1430
1432
1432
1434
1435
1438
1440
1437
1438
1441
1441
1443
1444
1445
1446
1449
1449
1451
1452
1448
1454
1452
1456
1452
1458
1456
1460
1458
1457
1462
1464
1462
1464
1466
1467
1469
1470
1468
1469
1472
1471
1471
1474
1475
1475
1479
1477
1477
1479
1480
1481
1481
1484
1482
1488
1488
1486
1487
1492
1493
1494
1494
1496
1493
1494
1496
1497
1500
1497
1502
1503
