2
2
6
6
9
7
6
7
9
13
10
14
13
17
18
16
18
20
20
23
25
22
27
27
25
25
31
30
33
33
30
33
35
36
38
40
39
37
38
44
45
42
44
43
45
50
46
51
50
50
55
53
53
56
58
57
57
62
60
64
65
66
64
67
68
66
67
72
72
73
70
76
74
75
79
77
77
77
80
82
81
83
84
84
89
86
90
87
90
94
90
92
97
94
95
97
98
100
99
100
104
106
102
107
106
105
106
108
111
110
110
115
114
114
117
119
120
122
119
123
125
122
124
123
127
129
131
131
129
129
131
134
137
133
136
138
139
137
143
139
143
144
146
145
147
148
146
148
148
151
154
155
153
157
155
157
158
160
162
164
161
165
162
168
165
165
168
167
173
173
175
175
176
178
176
180
176
182
178
181
180
186
183
185
184
188
188
190
192
194
190
193
197
194
195
199
201
197
203
200
202
202
207
204
205
209
210
212
211
214
211
212
212
213
219
218
220
221
218
224
222
221
223
226
229
227
230
229
228
231
235
233
234
235
238
240
236
238
239
241
245
245
242
246
248
248
246
248
249
254
251
256
255
258
259
255
257
258
260
262
264
261
265
265
265
268
268
270
269
269
270
276
274
278
278
278
277
281
280
282
281
282
283
284
287
285
288
287
290
289
293
296
297
297
294
295
301
302
300
303
303
302
305
305
309
306
311
308
312
312
315
314
314
313
315
318
318
318
319
322
322
325
326
325
327
327
326
332
332
331
331
333
334
338
337
336
341
341
339
340
342
343
345
344
349
349
350
348
348
350
350
353
355
357
357
358
359
361
360
359
360
366
362
365
368
367
368
368
370
374
374
371
377
377
376
378
381
377
382
384
382
383
382
383
386
387
388
388
388
394
390
392
392
398
394
397
400
399
399
401
404
406
406
408
406
409
406
412
410
411
414
413
413
413
415
415
419
420
423
421
422
422
425
425
428
426
427
430
428
431
430
431
433
436
435
440
436
437
438
440
443
445
443
448
445
449
451
448
450
449
451
454
457
453
459
455
461
458
459
461
463
465
466
466
467
469
467
472
468
472
470
473
474
473
474
476
478
479
478
482
483
484
485
487
485
487
486
492
492
493
492
494
492
498
495
500
499
501
501
503
504
503
506
507
506
508
508
509
508
510
513
515
514
516
514
516
517
521
519
519
525
524
523
525
525
529
528
527
533
532
531
533
536
537
534
537
541
538
540
542
540
541
543
543
549
548
550
549
548
552
554
553
556
555
555
557
558
559
562
561
560
565
565
563
567
570
570
567
572
569
571
571
577
578
576
575
581
578
579
580
582
583
583
586
584
590
586
592
591
589
594
594
594
597
597
597
596
602
599
604
604
602
607
603
609
608
609
610
613
609
610
613
617
614
619
616
616
619
622
621
621
621
623
626
628
630
627
631
633
632
634
633
636
636
639
636
641
642
638
642
642
641
646
645
646
646
648
650
651
651
650
652
657
658
656
656
661
661
662
660
664
663
667
666
666
670
666
670
672
669
674
674
677
677
675
676
679
679
681
683
680
684
685
686
684
687
687
688
690
691
693
692
697
698
695
698
697
700
699
700
704
703
704
703
706
708
707
708
712
711
715
715
712
714
714
715
720
717
719
721
724
724
726
725
724
726
731
730
733
730
733
734
732
733
735
735
741
740
743
744
742
743
745
747
744
749
746
748
750
749
751
756
753
754
758
756
756
762
761
763
762
765
765
765
767
768
766
770
769
769
772
771
775
778
776
779
778
781
781
784
785
785
782
786
789
785
786
789
792
793
791
791
793
797
796
797
799
799
803
802
804
803
807
804
806
806
808
811
811
812
811
814
815
816
814
818
816
817
819
823
824
826
825
824
827
827
830
832
828
830
831
834
836
838
834
836
840
841
838
840
841
846
843
845
846
847
850
849
849
854
852
854
855
853
859
858
860
857
861
859
864
863
866
867
865
870
870
868
872
869
872
872
875
875
874
880
881
879
879
882
884
886
885
887
885
889
886
888
893
891
891
893
892
898
896
900
899
897
903
902
902
903
904
903
906
905
909
907
912
909
911
911
916
914
919
919
917
919
922
922
924
924
925
924
925
928
928
932
932
931
930
936
934
934
935
935
941
941
940
942
941
942
946
943
949
949
949
951
952
954
954
956
957
955
958
958
959
957
963
962
962
962
965
966
967
966
967
971
969
973
975
972
977
975
975
977
977
982
978
984
980
984
987
984
985
989
989
987
993
993
992
996
997
994
994
995
1001
1000
1001
1003
1002
1005
1007
1005
1005
1010
1008
1010
1011
1012
1012
1016
1016
1014
1015
1018
1020
1019
1023
1024
1020
1021
1025
1027
1027
1025
1028
1031
1031
1029
1032
1034
1032
1035
1036
1036
1040
1041
1042
1044
1041
1043
1046
1048
1045
1045
1047
1047
1051
1053
1052
1051
1055
1053
1055
1059
1056
1058
1063
1064
1061
1065
1062
1063
1069
1066
1069
1067
1072
1071
1073
1071
1077
1078
1075
1075
1077
1079
1078
1079
1083
1084
1082
1086
1084
1086
1089
1087
1091
1089
1095
1095
1096
1094
1098
1100
1100
1098
1100
1102
1104
1103
1103
1107
1107
1108
1108
1111
1111
1112
1110
1113
1117
1115
1118
1118
1119
1119
1122
1124
1124
1126
1123
1125
1125
1129
1129
1128
1132
1131
1133
1135
1136
1136
1137
1137
1138
1142
1143
1141
1141
1143
1145
1144
1146
1145
1151
1149
1148
1154
1151
1155
1154
1153
1155
1155
1156
1159
1159
1162
1161
1161
1166
1166
1167
1170
1167
1168
1169
1173
1175
1176
1174
1177
1177
1177
1178
1177
1183
1182
1184
1185
1184
1183
1185
1187
1191
1192
1191
1193
1195
1196
1192
1198
1197
1195
1201
1199
1202
1202
1201
1201
1205
1206
1209
1210
1208
1209
1208
1210
1214
1215
1215
1213
1217
1216
1221
1217
1218
1220
1224
1226
1222
1225
1227
1228
1229
1228
1232
1229
1232
1236
1236
1237
1235
1236
1237
1239
1240
1244
1241
1246
1243
1246
1247
1249
1247
1251
1249
1249
1254
1251
1257
1255
1254
1258
1256
1261
1262
1262
1261
1266
1265
1264
1266
1265
1267
1270
1273
1272
1274
1275
1277
1276
1279
1278
1277
1281
1278
1281
1282
1286
1282
1287
1287
1286
1290
1290
1293
1292
1292
1292
1292
1297
1295
1298
1298
1300
1300
1300
1303
1304
1306
1308
1305
1307
1311
1312
1312
1312
1311
1313
1314
1313
1315
1315
1316
1317
1321
1324
1325
1326
1324
1327
1329
1330
1331
1328
1332
1333
1334
1333
1334
1337
1339
1336
1338
1338
1339
1341
1344
1342
1345
1347
1349
1348
1349
1348
1349
1353
1352
1355
1356
1354
1359
1360
1360
1361
1359
1364
1365
1366
1366
1365
1369
1367
1371
1372
1373
1374
1375
1371
1372
1377
1374
1376
1376
1379
1379
1382
1381
1381
1385
1386
1388
1385
1386
1387
1392
1393
1394
1393
1395
1393
1396
1398
1399
1398
1401
1400
1404
1402
1402
1405
1404
1409
1406
1410
1413
1412
1413
1413
1416
1418
1418
1418
1421
1421
1419
1420
1423
1421
1422
1425
1426
1430
1429
1428
1432
1431
1430
1432
1433
1435
1439
1439
1436
1437
1439
1439
1443
1441
1447
1446
1444
1447
1446
1448
1450
1450
1454
1454
1456
1458
1458
1456
1460
1459
1463
1462
1462
1466
1467
1463
1464
1465
1466
1470
1469
1469
1471
1472
1473
1475
1479
1476
1481
1478
1479
1479
1480
1486
1487
1485
1486
1489
1488
1489
1489
1494
1492
1493
1493
1497
1499
1499
1496
1502
1500
1504
