1
1
5
6
4
6
7
9
11
13
11
15
15
17
15
19
21
21
19
22
22
23
27
26
25
30
30
27
31
32
34
32
35
37
37
35
41
38
40
39
43
42
45
48
45
46
47
49
49
51
53
55
52
57
59
55
61
57
61
59
64
66
64
65
65
70
71
70
69
74
74
75
72
75
76
80
81
82
83
84
84
85
82
83
84
86
90
90
88
93
90
93
94
94
97
96
101
99
99
100
103
102
104
105
104
108
109
111
108
110
115
112
112
114
118
115
119
119
120
122
123
126
127
128
124
126
130
132
128
133
131
132
133
135
138
138
137
142
143
140
144
144
146
145
149
145
146
147
149
149
154
152
157
156
156
155
156
159
161
160
163
161
162
168
164
165
166
169
171
171
170
172
172
175
176
179
179
182
178
180
185
186
183
185
187
188
191
187
188
191
190
191
197
195
196
198
197
200
202
202
204
205
207
207
206
210
210
208
213
212
211
212
216
215
214
216
220
221
223
224
222
221
224
224
224
229
227
227
229
229
233
235
232
236
236
238
238
238
242
244
242
246
247
248
248
245
249
251
251
253
254
254
253
256
257
255
259
258
262
260
264
263
266
267
265
270
271
272
268
274
272
276
272
273
278
278
278
280
283
284
281
285
284
286
289
285
289
291
290
292
293
293
294
298
294
297
296
297
302
302
303
302
305
308
305
309
311
307
311
309
315
315
315
317
318
315
319
319
318
320
322
326
323
326
325
329
326
330
331
332
332
335
334
335
337
340
337
339
340
344
343
342
346
343
347
345
350
350
351
354
355
354
354
355
355
355
356
360
361
364
364
366
366
367
364
370
366
370
369
370
370
376
377
375
374
375
380
382
383
383
384
381
385
386
387
386
386
391
388
392
392
392
393
393
397
398
400
397
400
401
403
401
405
406
407
408
410
410
409
414
413
414
412
415
415
416
421
421
421
419
421
423
422
428
426
428
431
431
431
433
434
434
437
433
436
438
436
441
438
444
440
443
446
444
444
445
449
447
450
453
453
451
452
453
456
459
460
461
460
460
463
465
464
467
468
465
471
469
471
472
472
471
476
476
479
480
481
479
483
483
483
485
486
483
484
487
489
487
488
490
493
492
497
498
499
497
498
502
498
499
503
504
503
504
507
507
507
511
511
510
512
514
512
517
515
519
521
518
519
521
521
521
525
525
526
525
527
529
531
532
534
531
537
538
537
536
540
540
542
542
541
542
547
545
545
550
549
549
552
551
553
556
556
557
557
557
557
558
559
559
562
563
565
568
567
565
571
568
570
570
575
575
575
578
577
577
576
581
583
583
584
582
585
586
584
586
587
592
591
591
594
595
596
598
598
595
600
597
603
603
604
605
604
606
608
608
611
612
609
612
610
612
612
618
618
616
616
619
619
621
620
626
626
626
625
630
629
630
630
632
635
635
633
633
636
635
637
642
639
643
641
646
644
645
648
648
650
651
648
650
651
652
654
654
658
655
659
658
658
664
663
665
667
667
669
667
666
672
672
669
670
671
676
676
678
676
676
678
681
683
680
685
685
683
684
686
690
687
691
690
690
694
695
694
694
697
701
699
703
704
702
704
707
703
709
706
708
710
709
710
714
712
714
713
715
718
720
720
720
719
720
722
722
726
729
725
727
730
730
732
734
736
734
737
736
740
740
739
741
741
741
746
747
743
749
747
751
747
751
753
754
753
752
755
754
755
758
759
760
759
763
762
767
765
768
768
770
772
773
773
771
772
776
777
777
779
780
780
782
779
782
786
783
788
787
788
790
787
793
793
792
792
797
798
795
796
799
800
799
804
801
805
807
806
807
808
810
810
808
809
810
815
816
815
814
819
821
822
823
821
821
824
824
828
829
830
830
832
833
830
831
832
832
835
836
839
840
840
843
841
844
841
846
845
847
849
850
850
850
852
853
855
853
856
859
858
859
860
859
863
864
862
863
865
868
866
869
868
868
872
871
876
876
873
874
877
876
880
880
880
881
884
884
885
884
888
890
888
893
890
893
892
892
897
897
896
900
897
903
900
905
906
906
906
904
907
908
907
908
910
915
912
915
918
917
916
921
922
922
921
923
922
927
926
929
926
931
927
931
934
932
931
933
936
936
935
940
938
939
943
943
946
944
946
948
945
950
949
950
951
952
955
952
958
955
959
956
962
962
963
961
963
965
967
967
967
968
970
970
973
972
976
973
978
978
977
976
982
982
983
981
983
986
986
989
990
986
992
989
994
991
995
995
997
997
997
999
998
1003
999
1005
1001
1002
1007
1009
1010
1009
1012
1009
1009
1010
1015
1012
1018
1018
1020
1019
1019
1018
1019
1025
1025
1023
1028
1024
1029
1028
1029
1031
1030
1030
1032
1036
1035
1034
1037
1036
1039
1040
1039
1040
1042
1046
1048
1046
1045
1051
1047
1048
1052
1054
1052
1055
1058
1055
1060
1059
1057
1060
1061
1061
1066
1063
1066
1069
1066
1067
1068
1068
1072
1073
1075
1076
1074
1076
1080
1077
1081
1080
1082
1085
1085
1085
1083
1088
1086
1089
1092
1090
1090
1091
1091
1096
1093
1096
1096
1099
1101
1099
1100
1102
1101
1103
1103
1106
1110
1111
1108
1110
1113
1115
1113
1115
1116
1116
1116
1117
1121
1121
1120
1123
1122
1125
1126
1127
1125
1131
1128
1131
1134
1133
1131
1133
1135
1139
1135
1137
1137
1138
1144
1142
1145
1143
1147
1149
1145
1148
1150
1153
1151
1152
1151
1156
1156
1157
1158
1159
1161
1160
1160
1165
1165
1167
1166
1165
1167
1170
1168
1170
1174
1174
1171
1174
1177
1178
1179
1176
1179
1182
1183
1180
1186
1182
1187
1188
1186
1188
1187
1192
1190
1193
1195
1194
1196
1195
1198
1196
1201
1199
1202
1204
1202
1203
1207
1209
1207
1208
1209
1213
1209
1214
1213
1215
1214
1214
1216
1220
1220
1221
1219
1225
1223
1227
1223
1225
1229
1231
1227
1229
1232
1234
1235
1237
1236
1234
1238
1240
1241
1243
1241
1244
1243
1242
1246
1249
1248
1247
1248
1251
1250
1252
1253
1255
1255
1258
1257
1256
1261
1262
1264
1262
1265
1263
1268
1269
1267
1268
1269
1269
1271
1271
1273
1275
1273
1277
1276
1278
1282
1282
1279
1285
1281
1283
1287
1288
1289
1290
1290
1288
1292
1293
1296
1296
1295
1299
1296
1300
1299
1303
1303
1300
1305
1306
1305
1306
1306
1309
1309
1310
1309
1310
1314
1315
1316
1316
1317
1317
1320
1323
1324
1325
1323
1327
1326
1329
1330
1328
1331
1332
1334
1331
1332
1335
1336
1335
1336
1341
1341
1342
1340
1341
1343
1344
1344
1345
1348
1349
1352
1353
1349
1351
1356
1355
1353
1355
1355
1359
1358
1362
1363
1363
1366
1366
1365
1368
1365
1368
1372
1373
1371
1371
1374
1377
1375
1377
1380
1378
1379
1380
1384
1382
1381
1385
1383
1388
1385
1387
1392
1391
1393
1392
1393
1395
1393
1394
1400
1397
1397
1402
1400
1405
1402
1405
1408
1409
1406
1408
1411
1411
1414
1411
1412
1414
1418
1414
1418
1416
1417
1423
1424
1423
1425
1427
1426
1424
1427
1431
1431
1433
1434
1431
1431
1433
1438
1436
1435
1440
1441
1443
1443
1444
1444
1443
1445
1444
1445
1449
1449
1453
1453
1452
1454
1454
1458
1457
1460
1458
1461
1463
1462
1461
1462
1466
1464
1464
1467
1468
1468
1470
1470
1472
1472
1472
1476
1477
1480
1476
1477
1481
1479
1483
1481
1483
1488
1486
1488
1491
1487
1493
1491
1494
1493
1492
1494
1497
1496
1497
1499
1502
1504
