4
2
4
3
4
8
9
12
9
11
13
16
15
16
15
15
16
17
20
22
23
26
24
27
25
29
26
30
30
29
30
31
34
34
35
39
38
37
40
40
45
46
43
46
49
48
50
49
51
51
50
52
57
54
59
56
57
58
62
64
63
64
66
67
68
68
69
71
70
73
71
71
73
74
75
78
76
77
82
84
84
85
86
88
85
89
91
87
92
91
94
92
94
96
95
97
99
98
101
99
100
104
106
107
104
108
106
111
110
109
110
114
116
116
117
120
120
117
118
121
125
124
123
127
125
125
127
129
129
129
134
136
135
135
136
140
138
139
138
143
145
143
144
145
146
145
150
149
150
151
152
156
156
157
158
160
156
159
160
163
165
163
164
165
168
167
169
167
171
169
173
175
172
175
175
180
180
177
180
182
184
184
186
184
184
188
190
187
191
189
195
193
196
193
197
195
198
201
201
203
202
201
206
205
207
207
211
207
213
210
211
211
212
215
216
215
218
221
222
222
220
222
226
225
229
225
227
227
233
229
230
233
235
235
234
235
238
240
239
244
240
242
246
246
244
245
251
250
253
254
255
253
257
256
258
259
256
257
259
264
264
266
267
266
264
267
269
270
271
270
274
274
275
273
275
277
280
278
279
280
285
281
285
285
284
286
288
289
290
293
294
295
292
294
298
299
300
299
299
304
302
306
306
307
309
306
306
309
308
314
310
315
314
317
315
319
318
317
322
324
323
322
325
326
324
326
329
328
331
330
333
333
335
335
339
336
338
339
338
339
340
341
347
348
344
348
350
349
348
353
354
353
357
356
358
357
358
360
363
361
364
364
363
368
365
367
369
372
373
373
372
374
374
378
379
380
379
377
380
382
381
385
387
383
385
389
388
387
391
390
394
395
392
398
395
400
398
398
399
400
405
405
402
404
404
409
407
411
413
411
412
416
415
415
416
415
418
418
422
421
424
423
427
424
429
430
426
432
429
433
432
434
434
437
434
438
438
437
443
444
444
442
444
447
446
446
447
447
453
452
451
451
457
455
456
456
457
462
458
464
460
464
462
463
464
469
470
470
471
469
470
475
472
475
479
475
480
481
478
483
483
483
485
487
487
486
486
488
492
493
492
494
493
498
495
499
497
502
502
500
502
504
505
506
504
505
506
511
511
513
513
512
513
514
516
518
517
522
519
521
523
523
527
528
527
528
531
532
533
529
532
533
534
533
538
538
538
540
540
541
544
546
542
545
547
546
548
547
548
549
550
552
553
557
559
558
559
561
560
559
565
562
565
563
565
566
570
568
571
569
571
573
575
575
575
575
577
578
580
580
581
584
584
585
589
587
587
588
590
592
594
595
592
598
595
595
596
597
601
599
605
606
604
606
608
605
609
610
610
614
612
616
612
617
619
617
619
622
621
621
625
625
626
626
629
629
629
629
630
629
634
632
634
633
638
635
641
640
642
640
644
646
644
648
644
648
646
648
649
654
655
654
655
658
656
659
657
662
663
662
664
664
662
663
667
668
666
667
668
674
675
676
676
677
679
676
679
680
681
683
683
683
686
688
687
686
690
691
688
692
690
692
693
697
699
697
696
698
701
701
704
705
702
708
704
705
710
709
710
712
714
714
717
716
714
720
717
717
721
719
722
723
722
723
724
725
729
727
728
733
730
733
735
733
738
739
738
741
741
740
745
745
747
743
744
746
750
752
752
753
753
751
755
755
759
760
757
762
759
760
763
762
763
767
766
768
771
768
771
773
772
776
773
776
779
778
781
782
779
784
784
784
786
786
785
786
790
791
788
793
793
795
792
797
794
798
796
799
800
801
805
805
803
806
809
806
808
808
810
812
813
815
815
816
817
817
818
821
819
822
822
822
827
823
824
826
828
828
828
831
830
832
837
834
838
839
836
837
838
840
844
842
843
846
844
847
848
852
853
854
855
852
855
856
859
858
857
857
863
864
862
861
867
863
866
868
869
870
869
870
871
873
875
875
877
879
879
878
882
880
883
882
882
887
887
887
890
887
891
894
893
894
895
895
895
895
899
898
901
904
905
904
904
908
904
910
908
910
910
914
915
911
913
918
918
916
920
921
920
922
925
925
925
925
929
927
927
931
931
932
931
932
934
934
939
940
940
938
938
940
940
942
947
945
944
949
950
947
948
950
954
955
955
955
954
960
957
961
960
963
961
965
962
966
968
966
967
968
970
972
972
971
974
973
977
975
979
978
982
981
982
986
984
984
987
990
990
992
991
992
991
996
997
997
996
998
1001
1002
998
1001
1002
1003
1004
1005
1004
1007
1008
1011
1011
1009
1013
1015
1014
1015
1019
1018
1017
1018
1022
1024
1023
1025
1023
1027
1027
1028
1028
1027
1030
1034
1035
1036
1032
1034
1036
1039
1036
1042
1038
1042
1042
1042
1042
1047
1049
1047
1050
1049
1052
1051
1051
1055
1055
1054
1058
1056
1056
1059
1061
1063
1060
1061
1062
1064
1064
1066
1066
1070
1069
1074
1075
1073
1076
1073
1079
1076
1077
1079
1079
1079
1083
1084
1083
1087
1086
1085
1088
1091
1091
1093
1093
1094
1096
1093
1097
1096
1096
1102
1098
1101
1105
1104
1107
1104
1105
1110
1107
1111
1110
1111
1110
1115
1115
1115
1119
1118
1118
1121
1119
1119
1120
1125
1122
1123
1125
1128
1130
1131
1132
1129
1134
1132
1134
1136
1136
1136
1138
1142
1139
1140
1142
1141
1145
1144
1145
1145
1151
1151
1153
1149
1150
1154
1153
1158
1158
1160
1156
1160
1161
1161
1163
1163
1162
1164
1166
1165
1170
1172
1168
1174
1175
1172
1175
1177
1177
1179
1176
1181
1179
1180
1180
1186
1183
1185
1187
1189
1188
1188
1189
1193
1195
1195
1197
1196
1198
1197
1199
1202
1203
1199
1204
1203
1205
1206
1208
1205
1210
1210
1212
1209
1213
1215
1217
1213
1215
1215
1217
1218
1223
1219
1220
1221
1223
1224
1226
1225
1229
1232
1233
1231
1234
1234
1233
1238
1237
1239
1241
1241
1243
1243
1242
1246
1245
1246
1247
1247
1248
1248
1253
1249
1252
1255
1252
1253
1257
1256
1260
1261
1258
1264
1262
1262
1266
1264
1268
1266
1267
1268
1273
1274
1270
1275
1273
1277
1275
1276
1278
1282
1279
1283
1281
1285
1284
1286
1285
1286
1290
1289
1293
1289
1294
1294
1294
1295
1298
1300
1299
1298
1300
1301
1303
1306
1307
1308
1305
1307
1307
1312
1313
1311
1315
1313
1313
1316
1316
1317
1318
1321
1320
1320
1320
1322
1325
1323
1326
1328
1330
1330
1330
1333
1333
1331
1334
1333
1334
1337
1336
1339
1340
1344
1344
1345
1342
1343
1349
1348
1350
1350
1350
1354
1353
1355
1352
1358
1357
1355
1361
1360
1362
1364
1365
1366
1366
1365
1364
1366
1366
1372
1369
1369
1375
1371
1373
1377
1378
1377
1379
1381
1382
1384
1381
1382
1383
1387
1386
1386
1389
1389
1393
1390
1394
1393
1396
1398
1397
1398
1398
1400
1401
1402
1403
1401
1407
1406
1409
1410
1407
1412
1408
1410
1413
1413
1416
1417
1419
1416
1418
1418
1422
1423
1422
1426
1424
1426
1425
1425
1426
1429
1431
1430
1433
1433
1434
1433
1439
1435
1441
1439
1439
1443
1443
1444
1442
1444
1448
1449
1447
1451
1452
1450
1451
1455
1454
1456
1458
1459
1458
1461
1458
1460
1464
1466
1463
1467
1469
1465
1468
1469
1470
1474
1471
1475
1477
1478
1475
1479
1476
1478
1482
1481
1483
1486
1487
1488
1487
1486
1490
1489
1491
1489
1492
1491
1496
1497
1499
1495
1498
1501
1499
1502
