5
5
3
7
6
5
9
10
13
10
12
13
14
13
16
17
20
19
22
19
24
26
24
27
25
27
28
31
30
34
33
31
35
38
39
38
36
40
42
44
42
45
43
43
48
48
50
48
48
52
50
52
55
54
54
57
60
62
61
63
62
61
63
67
69
69
68
68
69
70
73
72
72
78
77
76
79
78
80
82
83
84
82
88
89
86
89
92
92
91
91
95
96
95
95
99
99
102
101
99
104
102
103
104
104
105
106
112
108
110
112
116
116
113
116
118
117
117
122
122
123
121
122
124
125
129
128
130
128
130
133
134
136
137
135
138
137
140
141
139
145
142
142
147
147
149
151
152
153
152
153
154
153
158
154
155
161
162
162
163
160
165
167
166
169
166
166
171
171
174
175
173
173
174
178
176
179
181
181
182
180
186
184
183
187
188
187
188
192
193
193
194
195
196
195
200
201
198
199
202
204
203
206
204
205
208
207
207
208
213
213
211
213
218
216
216
220
218
223
219
222
221
226
225
228
226
230
229
228
232
230
231
232
238
237
238
239
241
243
239
242
241
242
244
248
248
248
248
251
252
255
251
254
255
256
259
261
258
258
263
264
261
264
265
268
268
268
272
273
271
273
274
277
278
276
278
276
278
278
280
281
282
282
286
285
288
288
287
293
291
295
294
293
297
299
296
298
300
301
304
302
302
306
305
308
306
307
311
309
314
311
315
312
313
317
315
318
320
321
324
324
325
324
328
326
327
327
328
331
330
332
334
336
336
335
338
339
339
340
340
340
342
343
343
344
350
349
351
351
351
355
351
355
354
359
360
358
360
360
361
365
361
363
363
367
370
369
370
372
373
372
371
377
374
378
377
380
382
380
379
380
382
382
386
388
385
388
389
391
393
390
396
396
397
397
397
399
397
401
399
402
406
405
405
408
408
411
412
412
414
410
415
414
414
418
418
418
417
421
421
420
423
426
426
428
425
427
428
432
429
433
436
436
436
436
435
438
441
440
442
440
442
442
443
449
450
447
450
451
454
451
454
454
455
455
459
461
462
462
459
462
466
462
466
466
467
469
468
469
474
471
474
477
478
476
480
481
479
480
479
481
483
485
488
485
488
486
487
488
489
494
495
497
496
494
498
499
499
500
504
502
505
507
503
507
508
509
511
513
513
514
513
512
514
518
520
518
518
520
519
523
526
523
527
529
525
531
532
528
534
531
534
534
534
539
540
536
538
538
543
542
541
543
545
548
550
548
552
552
554
554
555
557
555
558
556
561
557
559
559
565
563
562
566
569
569
569
572
569
570
575
574
574
574
579
578
577
578
583
581
585
581
582
583
589
589
586
590
590
593
590
596
594
596
598
596
596
602
601
602
602
604
602
603
609
605
610
608
610
611
613
614
616
616
615
616
621
620
620
619
622
622
626
625
629
625
631
632
629
631
634
634
635
636
637
638
640
639
640
639
642
643
644
648
649
645
650
650
653
649
654
656
652
657
658
659
661
661
662
659
662
663
663
667
666
666
670
667
668
673
671
675
674
677
676
679
678
679
683
679
682
681
683
688
688
687
691
692
689
692
692
694
695
695
694
700
698
697
700
703
704
703
703
705
704
708
708
712
711
712
712
716
716
714
719
715
718
718
720
722
720
725
727
726
724
727
726
731
728
734
730
734
734
733
739
736
737
738
741
742
744
745
746
747
747
750
747
747
748
751
754
755
752
754
758
758
757
758
760
759
764
766
764
765
767
765
768
770
769
774
770
773
774
776
776
780
776
780
778
782
781
786
786
788
786
790
790
788
792
790
791
796
794
798
797
797
797
801
803
801
804
803
804
807
805
805
809
807
808
810
815
813
812
813
815
815
820
819
820
823
822
826
824
828
826
827
826
829
831
833
832
834
833
836
836
838
839
842
838
841
841
845
847
845
848
848
851
849
848
853
853
856
857
855
856
860
857
859
861
862
864
866
862
865
867
869
868
867
869
869
875
876
873
875
878
876
876
878
882
882
882
885
887
887
887
888
887
887
890
892
891
896
895
895
899
900
900
899
900
903
904
906
904
905
908
910
907
910
913
913
910
914
916
918
918
918
919
919
921
921
923
925
926
928
924
929
928
932
928
934
932
934
932
933
937
936
940
938
942
944
945
946
944
948
947
948
951
950
951
953
954
952
953
955
959
960
960
958
963
962
961
962
962
964
968
968
970
970
971
970
971
973
975
975
975
977
980
981
978
983
985
984
987
984
986
985
991
989
990
993
992
995
992
993
999
995
998
998
1000
1000
1005
1004
1002
1008
1006
1007
1009
1011
1008
1012
1012
1011
1017
1014
1018
1018
1019
1017
1018
1020
1025
1023
1026
1024
1027
1028
1028
1028
1029
1032
1033
1034
1034
1033
1038
1035
1037
1041
1043
1041
1045
1044
1046
1046
1049
1048
1047
1049
1053
1049
1055
1053
1054
1058
1055
1057
1059
1060
1060
1059
1063
1061
1065
1067
1069
1070
1067
1072
1070
1070
1075
1074
1073
1077
1074
1077
1078
1077
1078
1083
1081
1083
1083
1083
1086
1087
1091
1090
1093
1091
1091
1095
1096
1097
1094
1100
1099
1098
1099
1099
1102
1101
1106
1103
1105
1110
1110
1109
1110
1112
1114
1113
1117
1115
1118
1116
1121
1121
1120
1124
1124
1125
1124
1128
1125
1129
1129
1128
1130
1133
1133
1135
1135
1133
1138
1137
1138
1140
1139
1143
1141
1145
1147
1144
1145
1145
1149
1151
1148
1149
1155
1153
1152
1155
1155
1155
1160
1159
1160
1163
1162
1164
1164
1166
1166
1168
1167
1172
1170
1170
1173
1173
1174
1178
1176
1177
1180
1181
1179
1183
1181
1186
1182
1183
1184
1185
1186
1189
1193
1193
1195
1194
1194
1196
1198
1199
1200
1201
1202
1201
1201
1204
1204
1206
1207
1205
1211
1212
1208
1210
1210
1213
1212
1218
1216
1216
1217
1221
1218
1224
1224
1223
1222
1228
1229
1228
1230
1231
1232
1230
1233
1233
1236
1234
1236
1239
1237
1242
1241
1242
1245
1245
1244
1246
1248
1247
1246
1251
1251
1253
1250
1251
1253
1253
1254
1260
1257
1262
1263
1260
1263
1263
1267
1265
1267
1268
1266
1269
1271
1272
1272
1272
1276
1273
1278
1279
1278
1278
1280
1280
1283
1282
1283
1286
1288
1285
1287
1290
1293
1289
1295
1296
1294
1293
1297
1295
1299
1299
1298
1301
1301
1303
1306
1304
1305
1309
1306
1309
1310
1313
1313
1313
1313
1313
1318
1319
1318
1319
1323
1321
1321
1326
1327
1324
1328
1326
1330
1330
1332
1333
1331
1336
1333
1333
1334
1339
1340
1340
1342
1342
1344
1344
1344
1344
1348
1349
1349
1347
1350
1354
1354
1352
1357
1358
1354
1357
1357
1358
1363
1364
1363
1361
1362
1364
1369
1366
1366
1371
1371
1370
1370
1374
1376
1373
1375
1376
1380
1380
1383
1379
1383
1386
1387
1388
1384
1390
1389
1392
1393
1393
1392
1392
1394
1396
1396
1396
1399
1400
1398
1404
1405
1405
1406
1407
1404
1405
1409
1407
1413
1414
1414
1412
1413
1415
1418
1420
1421
1417
1422
1422
1424
1424
1422
1423
1427
1428
1427
1429
1433
1434
1434
1431
1434
1436
1434
1437
1439
1437
1438
1442
1442
1443
1443
1448
1447
1447
1449
1450
1449
1449
1450
1451
1455
1455
1458
1455
1461
1462
1462
1463
1462
1465
1462
1468
1467
1468
1467
1467
1468
1469
1475
1473
1472
1474
1476
1478
1478
1477
1479
1480
1484
1485
1485
1485
1488
1485
1489
1489
1493
1494
1493
1494
1495
1493
1495
1496
1499
1499
1502
1502
