1
6
7
6
4
8
7
12
8
14
12
11
12
18
18
16
16
20
20
22
22
24
24
23
28
30
30
31
29
30
32
32
35
35
37
35
39
37
43
41
40
42
43
43
44
49
49
51
52
54
52
55
55
58
58
56
56
61
63
60
60
61
65
66
66
70
69
69
70
70
73
72
73
76
75
75
76
77
82
81
80
84
86
88
86
86
90
92
91
89
91
96
97
94
94
95
101
101
102
103
102
103
107
105
109
105
106
108
113
114
115
115
114
118
118
116
116
119
123
119
122
121
124
126
125
130
130
129
128
134
134
132
134
135
136
139
139
142
140
141
141
141
147
148
147
145
147
151
149
153
152
151
156
156
159
157
157
162
161
162
165
164
165
164
164
166
167
172
168
173
174
174
176
177
178
179
178
181
178
179
184
185
185
186
188
190
188
187
193
192
195
196
196
196
196
198
201
197
198
199
201
206
204
208
209
205
208
211
213
212
213
212
213
214
214
220
218
220
218
221
223
226
222
224
228
229
231
232
229
234
234
234
233
236
234
239
238
237
240
240
242
244
246
244
246
248
247
252
253
254
254
254
255
254
257
258
257
257
261
259
260
263
263
268
264
270
269
271
271
272
270
273
275
277
277
278
281
279
281
280
281
285
286
285
285
287
286
289
293
289
293
292
297
296
296
300
296
301
301
303
301
302
303
307
307
306
308
309
309
310
313
313
317
317
315
317
319
318
320
320
320
322
322
324
324
328
327
330
329
333
335
334
334
337
339
340
339
342
342
339
342
341
347
343
348
349
348
352
353
350
350
353
352
353
357
355
357
361
362
359
361
366
366
365
369
368
366
367
369
374
373
375
375
377
377
378
377
382
380
381
384
382
383
385
385
388
390
391
391
391
393
393
394
396
395
397
399
397
399
399
402
406
403
404
405
405
407
412
408
413
415
413
416
414
414
418
420
422
418
422
420
423
425
428
427
428
430
429
431
429
434
436
435
438
438
438
436
442
439
440
441
442
444
444
449
445
450
450
451
453
451
452
454
456
456
457
456
457
459
460
460
463
466
467
466
465
466
468
470
469
470
472
474
478
477
476
480
481
478
481
480
484
487
483
488
486
486
490
492
494
491
491
492
497
498
496
499
497
503
499
501
505
505
505
508
510
506
512
508
510
511
516
515
516
517
518
516
522
519
522
521
522
522
523
528
528
527
530
528
530
530
536
534
535
537
540
538
538
538
541
544
546
543
546
544
550
546
549
549
550
551
551
557
553
554
556
557
557
561
561
560
566
562
566
569
568
568
569
573
574
575
571
574
576
575
579
581
579
581
584
582
581
587
585
584
585
588
588
590
594
595
592
597
597
596
599
599
598
601
600
601
606
607
606
604
609
607
612
608
613
610
613
615
613
614
615
619
620
619
621
622
626
623
625
624
626
627
627
628
633
634
636
634
636
638
635
638
639
642
641
643
644
644
647
645
646
651
650
653
649
653
655
652
653
659
655
659
661
660
662
663
663
662
663
667
670
666
671
669
671
671
676
677
674
674
677
680
678
683
683
683
682
684
687
684
686
689
692
693
694
691
693
694
696
698
700
698
701
703
700
700
702
706
705
706
705
708
707
712
713
711
713
716
714
715
716
719
719
721
723
722
724
726
725
727
728
726
730
733
731
730
736
735
738
735
736
737
742
740
740
742
741
745
748
748
747
748
748
751
750
752
752
752
755
757
756
756
761
759
762
763
763
763
766
769
765
770
767
770
773
772
776
773
778
774
778
776
778
779
784
785
782
786
783
787
787
789
792
791
790
795
792
795
797
795
799
798
800
798
799
803
801
807
804
805
807
807
810
810
812
811
816
813
818
818
817
819
817
823
819
824
823
825
824
829
828
826
827
832
829
831
833
833
836
834
840
839
837
838
843
842
845
846
846
849
846
848
847
849
853
851
856
856
855
859
856
860
859
860
861
863
861
865
863
868
869
871
871
868
874
873
876
873
876
874
879
881
878
882
882
881
885
882
887
889
886
888
888
889
894
894
896
895
898
896
896
896
902
900
902
904
901
906
906
909
906
907
908
909
912
911
915
915
915
914
917
920
920
920
920
924
922
925
924
927
925
926
932
928
931
933
931
937
935
935
938
938
940
942
943
940
942
942
948
944
950
949
952
949
949
951
956
954
955
954
956
959
960
959
964
961
964
963
963
964
966
967
969
968
974
974
974
977
978
978
980
978
982
980
979
985
985
984
987
986
987
989
988
988
992
991
993
995
994
999
999
998
1002
998
1001
1002
1004
1002
1006
1005
1006
1011
1009
1008
1010
1014
1015
1017
1013
1015
1019
1016
1021
1023
1024
1023
1025
1025
1027
1026
1027
1031
1032
1030
1033
1035
1035
1035
1033
1035
1036
1040
1037
1040
1042
1044
1045
1046
1048
1044
1047
1046
1048
1051
1053
1054
1051
1056
1055
1054
1058
1058
1061
1058
1064
1061
1063
1062
1066
1065
1066
1066
1067
1073
1074
1071
1074
1077
1075
1077
1079
1079
1082
1083
1081
1081
1083
1082
1087
1087
1090
1090
1087
1093
1089
1091
1096
1097
1096
1096
1096
1099
1102
1102
1104
1100
1103
1107
1103
1109
1106
1109
1107
1110
1112
1111
1112
1114
1118
1117
1119
1121
1119
1123
1124
1122
1123
1127
1124
1125
1127
1131
1129
1129
1130
1133
1134
1135
1138
1135
1137
1139
1137
1140
1139
1141
1141
1146
1147
1149
1148
1151
1147
1148
1149
1155
1156
1152
1156
1159
1158
1156
1159
1162
1159
1162
1165
1167
1167
1164
1167
1166
1169
1169
1173
1173
1173
1174
1177
1178
1179
1178
1180
1181
1180
1181
1186
1183
1184
1184
1189
1188
1191
1192
1193
1192
1191
1193
1196
1194
1197
1196
1201
1201
1201
1203
1205
1204
1207
1207
1210
1210
1207
1213
1209
1215
1212
1212
1213
1214
1218
1221
1221
1223
1219
1225
1226
1224
1223
1225
1229
1229
1231
1230
1232
1232
1231
1234
1237
1234
1235
1240
1241
1239
1240
1243
1246
1243
1246
1248
1245
1247
1248
1249
1252
1252
1254
1253
1256
1258
1258
1259
1257
1259
1259
1263
1263
1262
1267
1267
1267
1270
1269
1269
1269
1270
1271
1273
1274
1277
1275
1279
1277
1282
1280
1281
1286
1284
1283
1288
1285
1286
1287
1293
1292
1295
1294
1295
1293
1295
1300
1300
1300
1298
1302
1305
1301
1303
1307
1309
1308
1307
1311
1311
1311
1311
1312
1312
1315
1314
1319
1320
1320
1323
1323
1322
1326
1326
1325
1329
1328
1327
1332
1332
1333
1334
1335
1335
1338
1334
1336
1338
1339
1340
1342
1342
1343
1343
1344
1344
1350
1348
1347
1349
1353
1353
1352
1352
1355
1358
1355
1360
1359
1361
1363
1362
1363
1363
1366
1369
1370
1366
1369
1373
1374
1374
1372
1376
1378
1376
1378
1379
1379
1381
1383
1380
1385
1387
1384
1388
1388
1390
1388
1390
1389
1393
1396
1393
1397
1398
1395
1397
1400
1398
1404
1405
1406
1407
1407
1407
1409
1408
1407
1409
1412
1412
1411
1412
1414
1414
1418
1420
1418
1419
1419
1420
1421
1426
1425
1429
1427
1427
1430
1432
1433
1434
1434
1432
1436
1438
1436
1437
1441
1438
1439
1440
1441
1445
1445
1449
1448
1447
1452
1453
1454
1451
1456
1453
1455
1459
1458
1459
1458
1460
1462
1463
1464
1463
1463
1469
1469
1466
1467
1471
1469
1470
1473
1474
1476
1475
1479
1476
1482
1483
1479
1480
1484
1486
1487
1484
1488
1486
1488
1492
1489
1491
1494
1494
1498
1494
1497
1498
1502
1500
1504
