4
1
6
6
6
10
9
9
9
14
12
15
12
17
14
19
19
22
19
21
23
21
23
28
25
29
27
30
33
31
31
34
33
37
37
35
40
38
42
39
45
43
45
44
45
46
50
47
52
52
51
55
52
53
55
56
59
61
58
63
63
65
67
68
67
70
69
70
73
74
72
75
77
74
76
79
80
82
78
84
81
85
87
83
85
86
89
90
91
89
93
93
95
98
96
95
98
99
103
103
100
103
105
106
109
106
107
111
113
114
115
112
112
115
116
120
118
117
119
121
120
123
123
127
127
129
130
132
130
130
132
135
134
138
134
140
140
141
142
144
143
144
143
143
144
147
146
150
150
153
150
155
153
157
159
157
158
161
159
160
165
161
162
168
165
170
169
170
170
171
172
171
177
177
178
179
178
179
183
179
184
185
185
185
189
190
187
191
188
189
193
193
196
195
199
196
199
197
202
203
205
201
207
203
208
205
207
211
211
210
212
213
217
213
218
216
216
218
221
220
224
223
223
226
227
229
227
229
229
231
234
235
232
238
234
235
241
238
239
244
244
243
242
246
248
246
246
251
248
254
255
253
256
258
259
256
256
258
260
263
264
262
266
267
268
270
266
269
268
271
275
274
277
277
274
280
276
282
283
283
284
281
287
287
288
286
286
288
289
289
291
295
296
295
294
298
296
302
301
299
305
306
304
308
308
309
308
307
311
309
315
316
317
318
315
319
321
319
318
320
324
325
325
324
326
328
328
331
332
334
332
333
334
336
335
335
341
341
338
340
345
342
344
344
347
349
347
349
353
353
350
354
354
353
356
360
360
360
360
359
364
364
367
366
365
370
366
368
370
373
371
374
377
374
375
380
378
377
379
382
383
381
387
386
385
387
390
388
388
393
394
392
392
393
396
395
398
402
402
402
404
406
407
405
404
405
410
412
413
413
410
414
413
415
416
418
421
417
422
423
424
421
425
424
428
429
431
427
433
432
434
436
437
434
438
436
439
437
443
444
445
442
443
445
447
449
446
447
453
450
450
451
455
456
455
459
458
460
462
463
463
461
467
467
468
465
466
471
473
470
471
476
477
476
479
475
478
477
480
480
484
485
487
484
487
485
487
488
491
490
490
494
497
495
499
498
500
500
500
502
500
501
503
507
505
505
509
509
510
511
511
513
517
517
518
516
518
520
523
523
523
522
527
526
524
527
530
531
532
530
534
535
532
535
536
535
539
537
539
541
540
546
546
544
544
550
551
547
548
551
551
553
553
555
557
557
560
559
560
562
561
564
567
563
569
570
568
567
573
570
573
575
573
574
579
580
580
582
583
579
581
582
584
583
589
587
587
590
591
593
590
595
592
595
595
600
599
598
602
601
602
602
607
607
604
606
610
607
609
611
610
615
613
616
618
615
616
618
622
619
624
623
622
627
629
628
628
632
628
633
634
636
637
635
634
639
640
642
642
639
640
643
645
643
644
649
649
652
650
650
651
656
655
654
655
656
660
662
662
664
660
664
665
663
669
670
668
671
672
674
674
673
675
678
677
677
681
679
681
679
682
683
687
683
685
685
689
690
692
690
694
694
696
694
696
699
700
699
701
704
701
704
702
707
705
708
709
708
708
714
713
714
715
717
717
720
720
717
718
720
722
724
726
727
729
727
727
729
731
733
732
731
735
736
735
740
736
741
742
744
744
744
744
743
747
750
751
747
749
753
751
751
752
754
758
759
757
760
762
763
764
761
764
764
765
767
768
772
773
772
774
774
777
776
775
775
777
781
782
779
781
784
782
783
787
788
789
787
789
794
794
795
795
795
794
800
796
802
802
804
801
806
806
807
806
805
811
812
813
813
814
811
813
814
817
820
816
818
823
819
823
826
824
825
829
830
828
828
833
833
835
835
835
838
837
835
841
837
841
841
845
845
844
848
846
849
846
848
848
849
854
854
854
855
855
857
856
862
863
859
862
862
865
863
869
868
870
872
868
869
870
876
872
877
878
875
877
882
881
879
885
883
885
886
887
888
890
890
891
894
893
894
894
893
895
896
897
899
902
902
900
906
907
906
909
909
909
911
908
911
915
914
917
915
919
918
921
917
920
919
921
921
923
927
928
930
930
927
933
934
931
933
936
938
938
940
941
937
940
939
940
946
943
943
948
948
949
948
948
953
952
956
957
953
957
959
959
959
958
960
961
964
962
967
964
969
966
967
972
974
974
975
975
973
977
975
976
977
978
979
981
986
985
985
989
989
989
991
993
993
990
996
995
997
996
995
1000
1001
998
1001
1001
1006
1007
1007
1005
1006
1008
1008
1012
1013
1010
1011
1016
1016
1015
1020
1016
1022
1020
1023
1020
1025
1026
1023
1029
1027
1027
1028
1029
1032
1033
1032
1032
1035
1039
1036
1038
1038
1038
1044
1040
1041
1047
1047
1049
1049
1047
1050
1051
1054
1050
1052
1056
1054
1056
1056
1058
1058
1062
1059
1060
1062
1065
1068
1065
1067
1071
1069
1070
1074
1070
1073
1073
1077
1077
1076
1077
1081
1083
1079
1080
1086
1082
1084
1089
1086
1088
1088
1088
1089
1095
1094
1097
1094
1098
1100
1099
1100
1103
1100
1100
1105
1104
1105
1108
1105
1109
1108
1113
1111
1112
1115
1113
1118
1116
1115
1117
1120
1123
1120
1120
1125
1122
1126
1127
1125
1127
1130
1132
1131
1134
1133
1134
1133
1137
1138
1141
1140
1139
1140
1144
1144
1142
1147
1147
1147
1147
1149
1149
1153
1155
1152
1157
1155
1154
1156
1159
1157
1158
1163
1160
1165
1162
1167
1164
1165
1169
1167
1168
1172
1170
1176
1176
1176
1177
1180
1179
1179
1178
1180
1181
1183
1187
1185
1184
1190
1189
1190
1189
1194
1192
1196
1193
1198
1199
1197
1197
1202
1200
1204
1200
1203
1206
1206
1207
1210
1207
1209
1211
1212
1210
1214
1217
1214
1215
1216
1217
1218
1223
1219
1222
1222
1222
1226
1229
1228
1227
1227
1233
1229
1230
1232
1235
1238
1239
1235
1236
1238
1242
1244
1243
1246
1244
1246
1244
1248
1250
1252
1251
1250
1253
1252
1253
1256
1254
1260
1258
1261
1258
1260
1260
1264
1267
1264
1266
1266
1268
1267
1272
1270
1270
1276
1277
1274
1276
1279
1276
1278
1280
1281
1284
1282
1284
1286
1286
1285
1287
1292
1289
1292
1294
1296
1296
1298
1296
1299
1299
1297
1302
1304
1302
1302
1302
1308
1309
1308
1311
1311
1309
1314
1313
1315
1313
1316
1316
1315
1316
1318
1319
1323
1324
1321
1325
1326
1326
1326
1331
1331
1328
1333
1334
1332
1336
1333
1339
1338
1339
1341
1342
1340
1343
1341
1342
1347
1348
1345
1350
1348
1351
1351
1353
1352
1353
1358
1356
1355
1360
1358
1362
1362
1363
1364
1367
1366
1369
1365
1367
1367
1368
1374
1373
1376
1375
1374
1377
1375
1377
1382
1381
1381
1383
1383
1383
1387
1384
1389
1390
1390
1393
1394
1394
1393
1397
1395
1399
1396
1399
1402
1398
1404
1402
1406
1406
1406
1408
1410
1409
1412
1408
1410
1410
1412
1415
1413
1417
1420
1420
1420
1420
1422
1421
1425
1427
1426
1426
1427
1430
1432
1433
1429
1430
1435
1435
1438
1436
1439
1439
1441
1443
1440
1445
1443
1444
1446
1447
1447
1446
1450
1451
1453
1450
1451
1452
1453
1456
1458
1459
1458
1458
1459
1461
1461
1465
1466
1469
1470
1470
1467
1471
1472
1475
1476
1476
1478
1476
1478
1479
1478
1481
1481
1481
1484
1482
1484
1486
1485
1487
1489
1492
1491
1493
1495
1492
1498
1494
1495
1496
1498
1503
1499
