1
5
6
5
8
7
8
10
12
9
13
12
13
18
18
15
18
17
22
24
20
22
26
27
25
29
27
29
28
29
30
33
37
38
35
35
36
39
40
43
42
46
44
44
48
48
51
47
52
53
54
56
57
56
56
58
57
58
63
61
61
61
63
68
68
70
67
72
69
72
75
72
74
76
74
80
77
81
78
83
82
83
82
85
86
90
87
92
92
93
95
96
92
94
95
99
97
100
102
101
102
104
102
107
105
108
108
107
108
112
114
112
116
118
117
119
118
117
118
124
121
121
125
124
129
129
126
130
132
129
135
136
135
133
138
136
138
141
138
141
141
145
147
144
146
149
151
149
152
152
155
154
157
154
154
159
156
160
163
159
161
164
162
166
165
165
167
168
173
173
172
176
172
173
179
179
176
180
181
183
180
186
187
187
189
187
186
192
192
191
194
193
192
196
196
198
200
202
201
199
203
201
206
204
206
205
206
209
213
214
210
215
217
217
219
220
217
219
220
219
222
226
224
228
229
229
230
231
232
230
230
235
234
238
236
236
239
239
239
241
241
243
244
245
245
250
246
252
253
254
252
252
253
253
259
259
261
260
260
260
263
263
265
266
265
270
267
270
273
272
273
276
277
278
279
280
280
277
278
282
283
284
284
284
285
289
287
289
291
293
290
296
294
298
299
300
301
299
302
304
300
302
305
307
305
308
307
308
312
309
315
314
312
316
316
318
317
318
320
324
321
322
322
328
327
325
328
330
330
331
334
332
337
333
335
335
336
337
342
341
343
346
343
344
346
349
351
351
349
354
353
352
355
354
357
357
360
361
358
361
364
362
362
366
368
368
371
372
373
371
371
376
373
374
374
378
380
379
383
384
382
386
382
385
386
385
388
390
388
390
391
391
394
394
396
400
399
397
401
401
405
402
404
407
409
405
408
409
413
413
410
412
412
418
415
417
421
418
422
422
421
424
422
427
426
430
429
431
432
433
435
435
437
438
436
438
438
442
441
441
441
443
442
445
449
445
446
450
451
450
455
451
455
457
459
455
461
457
462
462
463
463
464
467
468
470
471
468
473
472
471
471
477
473
477
477
480
478
483
480
482
482
484
487
487
488
488
491
488
494
495
496
495
495
494
500
499
501
498
504
502
501
506
507
505
510
508
507
508
509
512
516
517
518
518
516
516
521
521
519
521
521
523
527
527
528
530
532
533
530
531
534
536
536
539
539
537
541
540
540
541
545
542
543
548
546
551
549
551
551
551
556
557
554
554
557
556
557
559
563
560
563
563
565
567
565
570
572
569
571
570
573
573
574
574
576
578
582
583
583
581
584
587
587
589
589
590
589
588
591
592
594
597
598
599
598
597
598
600
600
601
603
603
607
604
605
607
608
608
610
613
615
617
616
615
619
619
622
620
621
623
625
624
625
626
630
630
631
632
634
632
635
633
635
635
635
639
639
640
641
644
643
643
645
647
647
646
650
650
649
652
651
652
653
658
659
659
661
662
664
665
662
664
667
669
669
670
667
672
673
672
676
672
678
678
676
678
678
679
683
684
684
682
686
687
687
690
687
691
693
695
694
694
695
698
695
698
702
698
702
705
705
706
703
708
710
710
709
709
713
710
712
717
715
719
715
720
721
721
722
723
726
723
724
724
725
729
728
732
734
730
732
735
735
734
735
740
737
739
744
743
743
744
747
749
750
747
748
749
751
750
753
753
753
759
756
761
757
762
764
760
762
762
763
764
765
770
770
771
773
775
773
773
778
777
779
780
782
779
783
781
785
784
784
788
787
788
791
789
789
794
791
795
796
795
799
798
799
803
802
800
804
805
804
807
807
809
807
810
809
811
814
813
816
814
818
820
822
819
820
824
824
827
828
829
825
827
831
830
831
835
834
836
835
837
839
840
840
840
840
840
841
842
843
844
847
848
852
852
854
852
853
853
855
856
860
856
860
859
863
863
861
864
865
868
867
867
871
872
872
874
873
876
878
879
878
877
882
882
880
880
882
885
886
887
886
891
891
888
890
890
891
897
894
896
900
900
901
902
902
902
905
907
903
908
909
908
911
913
911
915
913
915
917
914
915
917
919
921
921
922
926
924
923
924
927
928
931
929
930
932
936
936
936
936
937
941
938
943
940
944
943
942
943
949
949
948
949
948
951
955
953
953
957
958
956
960
962
960
963
963
965
963
965
968
967
966
972
969
970
975
971
977
973
977
976
980
978
983
979
984
983
982
983
988
990
988
992
989
993
992
994
993
996
998
999
1000
997
1003
1000
1001
1003
1007
1008
1009
1009
1009
1009
1010
1009
1015
1011
1014
1015
1016
1018
1021
1022
1022
1021
1025
1021
1022
1026
1026
1030
1026
1028
1033
1029
1035
1031
1032
1033
1039
1037
1038
1041
1038
1042
1041
1041
1044
1045
1047
1049
1047
1049
1048
1050
1054
1051
1055
1056
1058
1056
1060
1058
1061
1060
1061
1062
1062
1065
1064
1070
1068
1067
1071
1072
1070
1073
1075
1077
1077
1079
1081
1078
1082
1084
1083
1083
1084
1085
1084
1089
1086
1088
1089
1091
1090
1096
1093
1098
1095
1100
1099
1102
1101
1100
1101
1106
1103
1108
1105
1105
1106
1108
1111
1109
1115
1113
1115
1117
1119
1120
1118
1120
1118
1123
1120
1125
1124
1123
1129
1129
1126
1128
1131
1133
1131
1135
1134
1133
1134
1139
1136
1138
1142
1144
1143
1146
1142
1148
1145
1146
1147
1150
1153
1151
1151
1151
1157
1153
1158
1157
1156
1162
1159
1161
1160
1161
1166
1165
1166
1169
1166
1167
1168
1172
1172
1175
1176
1173
1177
1177
1180
1179
1183
1181
1184
1184
1187
1186
1185
1190
1188
1190
1191
1192
1191
1195
1194
1193
1194
1197
1197
1198
1202
1202
1202
1205
1203
1204
1204
1210
1209
1208
1210
1212
1210
1212
1213
1218
1219
1220
1219
1222
1219
1224
1225
1221
1227
1225
1228
1229
1229
1230
1231
1231
1231
1236
1237
1236
1234
1236
1241
1240
1241
1242
1244
1245
1246
1243
1244
1245
1251
1252
1248
1249
1255
1254
1253
1257
1257
1256
1258
1258
1262
1261
1260
1266
1262
1266
1267
1267
1266
1267
1272
1272
1274
1272
1277
1277
1274
1275
1277
1280
1281
1280
1283
1286
1282
1285
1287
1285
1291
1287
1292
1294
1294
1295
1293
1297
1299
1295
1298
1298
1299
1299
1301
1306
1302
1304
1307
1310
1307
1307
1308
1310
1312
1312
1317
1318
1314
1318
1319
1321
1320
1321
1322
1324
1323
1326
1327
1329
1331
1330
1333
1333
1333
1332
1336
1337
1338
1337
1340
1338
1340
1344
1341
1344
1343
1345
1344
1350
1347
1347
1353
1350
1353
1356
1355
1353
1355
1357
1356
1360
1361
1361
1360
1362
1362
1365
1364
1370
1366
1369
1368
1372
1374
1374
1376
1378
1375
1376
1380
1378
1383
1382
1382
1385
1385
1383
1387
1388
1389
1387
1391
1389
1391
1393
1394
1393
1398
1396
1397
1402
1399
1404
1401
1405
1406
1403
1404
1407
1411
1408
1409
1411
1410
1413
1414
1414
1419
1420
1419
1418
1422
1420
1422
1424
1425
1423
1427
1429
1429
1430
1433
1430
1430
1434
1434
1436
1437
1437
1440
1437
1442
1441
1445
1443
1444
1448
1447
1449
1446
1450
1450
1449
1455
1451
1454
1455
1458
1457
1460
1458
1461
1460
1461
1463
1464
1468
1466
1465
1468
1468
1468
1472
1472
1476
1477
1474
1477
1476
1481
1478
1481
1480
1480
1481
1487
1483
1487
1485
1490
1490
1491
1492
1494
1491
1494
1497
1495
1500
1499
1500
1500
1501
