2
5
7
7
7
8
6
11
10
12
10
16
13
17
14
15
17
18
21
23
22
26
22
24
29
30
30
27
33
32
31
31
37
33
37
39
39
38
40
43
43
44
46
43
48
50
50
51
52
50
53
54
54
55
57
55
59
62
60
62
61
61
66
68
65
65
70
69
69
69
71
76
74
78
76
78
78
80
81
81
84
82
82
84
87
85
86
90
90
91
92
94
96
98
95
97
99
98
98
99
105
102
107
105
104
107
106
111
112
113
110
112
117
118
115
118
118
117
119
119
125
125
122
124
127
129
131
132
132
131
130
131
136
138
136
137
137
140
141
143
142
144
143
148
146
145
150
151
153
151
152
152
155
156
154
158
157
160
162
160
163
164
166
163
166
170
170
172
171
172
171
173
175
175
176
180
181
182
179
182
185
184
184
184
186
187
189
192
188
194
192
192
192
196
194
198
200
200
203
202
203
201
202
207
209
208
208
210
211
213
213
215
212
218
218
219
220
218
220
224
225
222
225
228
227
230
227
229
230
233
232
235
233
237
235
237
240
238
242
244
243
243
247
245
248
249
247
252
250
252
252
254
253
257
254
260
256
262
263
261
265
265
265
265
265
266
270
272
269
274
273
276
275
275
277
278
276
277
281
284
282
281
285
285
285
288
288
290
288
293
291
293
297
295
295
295
296
302
300
300
300
304
307
304
306
310
309
307
310
310
311
315
315
316
317
318
319
320
318
319
325
325
324
325
327
329
329
328
333
333
333
335
335
334
338
335
337
341
338
339
342
345
347
345
345
348
351
350
350
353
355
352
353
357
356
360
360
358
359
364
365
366
362
363
364
369
366
370
370
369
372
373
373
376
374
380
376
377
380
381
384
382
382
383
387
385
387
390
393
391
390
392
397
396
398
400
399
397
399
403
404
403
405
403
404
407
408
409
413
411
411
413
415
414
415
418
417
417
423
422
423
422
424
425
428
429
426
427
433
430
431
432
435
434
439
436
439
439
441
441
441
445
443
446
448
445
450
452
450
452
453
454
456
456
459
460
457
461
463
464
462
465
467
465
467
468
468
469
473
469
474
476
473
478
477
480
481
481
482
483
485
484
485
483
488
488
486
492
492
491
493
492
492
496
494
500
497
500
498
502
500
503
505
508
508
506
510
512
508
510
510
512
514
518
515
519
520
522
518
519
520
526
524
524
524
526
530
529
529
531
531
535
537
533
537
539
540
538
543
543
543
542
546
546
546
545
551
548
553
549
552
553
554
558
557
558
558
560
558
561
565
565
565
563
564
565
567
569
573
569
570
575
576
574
574
575
579
579
580
583
583
581
584
583
585
590
587
588
593
590
593
596
594
598
596
599
597
602
602
601
600
602
606
608
606
610
608
610
610
613
614
616
612
616
618
620
616
618
622
619
623
624
625
626
629
627
626
628
633
630
635
635
632
637
638
637
641
638
643
641
641
645
644
644
648
649
646
647
653
651
653
653
655
655
654
655
661
658
660
659
663
665
666
666
664
666
669
668
670
670
671
676
673
677
679
677
681
681
681
683
681
682
686
688
684
685
689
690
689
689
690
694
693
697
697
700
698
698
698
701
703
702
704
703
707
706
708
712
710
714
711
716
717
718
717
717
719
720
718
722
722
725
724
726
724
727
729
729
728
730
732
736
735
735
736
740
739
737
743
740
744
743
746
747
746
745
749
747
749
753
750
751
755
753
759
759
756
762
761
762
762
764
766
766
766
765
770
772
769
774
771
774
772
778
777
776
779
782
781
783
785
786
783
784
784
788
787
790
792
794
790
793
792
796
797
798
800
802
803
803
802
805
807
808
806
805
809
812
808
811
812
815
812
814
815
816
821
819
822
820
822
826
822
825
826
825
831
829
829
832
832
836
836
833
838
839
838
842
840
844
844
844
844
847
846
846
848
850
849
850
854
851
856
858
857
856
857
858
863
861
862
862
864
864
868
869
866
871
872
872
872
873
875
876
878
876
881
877
883
879
883
882
884
884
885
887
886
891
889
892
892
892
896
895
897
898
896
898
900
901
900
901
902
903
909
908
909
909
909
909
915
914
917
913
918
916
918
921
923
920
924
921
924
926
927
927
930
930
928
934
934
931
937
937
935
937
937
937
940
942
940
945
942
947
949
945
949
951
949
952
952
955
955
955
957
957
960
957
959
962
962
962
967
963
967
967
966
967
968
973
973
973
976
976
975
979
980
980
983
981
982
981
983
986
985
987
990
991
988
991
992
995
992
996
998
1000
999
1000
998
1001
1004
1005
1005
1007
1005
1005
1007
1010
1012
1010
1014
1011
1014
1017
1016
1015
1017
1020
1019
1019
1023
1023
1024
1026
1028
1025
1028
1027
1030
1031
1032
1033
1036
1035
1039
1039
1036
1037
1043
1044
1040
1043
1042
1043
1048
1046
1047
1048
1048
1053
1051
1051
1052
1053
1055
1057
1056
1058
1061
1064
1065
1063
1066
1065
1064
1066
1070
1072
1072
1074
1074
1073
1075
1076
1075
1075
1076
1078
1082
1083
1080
1085
1085
1087
1089
1085
1087
1088
1093
1091
1093
1094
1095
1093
1096
1098
1096
1100
1102
1100
1105
1105
1102
1107
1105
1107
1109
1109
1109
1114
1114
1112
1115
1113
1119
1119
1121
1120
1123
1120
1120
1123
1123
1124
1127
1127
1126
1131
1133
1131
1134
1134
1132
1134
1137
1136
1137
1138
1140
1141
1141
1142
1144
1146
1149
1149
1151
1147
1153
1153
1153
1155
1157
1153
1154
1157
1157
1162
1160
1160
1162
1163
1165
1167
1165
1169
1170
1168
1171
1174
1174
1171
1177
1178
1177
1175
1179
1177
1180
1183
1183
1184
1184
1186
1184
1189
1186
1192
1192
1191
1195
1192
1194
1197
1195
1199
1198
1197
1200
1204
1204
1203
1204
1203
1204
1207
1210
1211
1210
1212
1215
1214
1217
1215
1217
1218
1217
1217
1218
1224
1220
1221
1225
1223
1226
1228
1231
1228
1228
1232
1231
1236
1237
1236
1239
1239
1236
1242
1240
1244
1245
1244
1243
1244
1248
1245
1249
1247
1251
1249
1250
1254
1252
1258
1256
1260
1257
1262
1262
1261
1260
1263
1267
1267
1266
1267
1269
1272
1271
1273
1273
1272
1272
1276
1279
1280
1279
1278
1278
1282
1283
1282
1287
1288
1287
1287
1287
1289
1292
1294
1291
1291
1294
1298
1295
1298
1296
1302
1301
1299
1305
1306
1306
1303
1304
1310
1307
1311
1308
1314
1315
1313
1313
1313
1319
1318
1317
1320
1320
1320
1322
1326
1325
1324
1326
1328
1328
1327
1330
1330
1333
1335
1336
1338
1334
1339
1339
1337
1341
1339
1344
1345
1342
1347
1349
1346
1347
1351
1349
1352
1350
1354
1352
1356
1359
1359
1361
1362
1361
1359
1363
1361
1365
1367
1368
1369
1367
1370
1371
1373
1370
1375
1373
1377
1378
1379
1380
1379
1381
1379
1382
1384
1383
1386
1388
1388
1389
1391
1389
1393
1391
1395
1392
1398
1399
1396
1396
1399
1399
1399
1401
1405
1404
1406
1405
1410
1408
1408
1411
1411
1411
1412
1415
1415
1416
1417
1418
1419
1422
1424
1422
1424
1426
1424
1428
1427
1427
1431
1430
1429
1431
1432
1436
1438
1439
1440
1441
1441
1442
1441
1444
1444
1446
1448
1447
1448
1447
1447
1452
1452
1452
1452
1453
1457
1457
1457
1461
1458
1462
1464
1463
1461
1463
1466
1464
1465
1466
1472
1468
1469
1473
1476
1477
1475
1478
1475
1478
1477
1480
1483
1483
1482
1484
1487
1489
1490
1486
1488
1488
1494
1493
1494
1495
1498
1494
1499
1496
1499
1501
1504
