4
6
2
7
4
5
10
8
13
9
10
15
13
14
14
16
21
17
19
20
25
26
26
23
26
27
27
30
31
34
32
35
35
36
36
40
37
39
40
41
40
45
45
46
47
45
47
47
51
49
51
53
54
53
57
59
60
58
61
64
61
63
63
65
69
67
68
67
69
69
71
71
77
77
74
79
76
82
81
83
81
86
86
83
88
90
86
91
89
90
95
95
96
97
96
95
101
100
102
101
104
102
103
105
104
107
109
111
112
112
110
114
117
114
119
118
119
117
119
124
120
122
127
126
127
129
130
130
130
130
134
131
136
134
134
139
136
141
138
143
140
141
146
146
148
148
149
148
152
152
154
154
154
158
156
157
157
162
160
162
163
166
167
167
166
167
169
169
168
170
171
175
176
176
177
180
178
180
179
182
181
183
182
187
185
189
186
190
189
190
192
192
193
193
196
195
196
202
198
203
200
201
205
204
205
207
206
211
208
209
211
214
212
215
215
220
218
219
222
223
221
223
224
226
226
228
227
227
230
230
235
235
237
238
239
239
237
241
239
243
241
246
244
247
246
245
250
247
248
249
255
256
252
254
257
259
260
258
259
259
264
264
262
265
265
266
267
270
273
274
273
276
272
278
275
277
277
282
281
281
285
281
285
288
287
290
288
292
289
290
292
296
297
293
294
295
298
301
299
303
302
306
302
303
308
309
308
308
310
310
314
315
313
316
314
319
319
318
320
321
320
321
325
323
328
325
329
330
329
330
334
331
333
336
339
340
336
341
339
344
342
341
343
345
346
346
349
350
351
351
351
352
352
358
356
357
358
359
358
362
365
363
363
366
364
365
367
367
368
373
370
372
377
377
378
376
378
380
381
383
382
385
386
385
388
388
386
389
392
390
391
391
395
398
394
395
401
401
402
399
401
406
405
403
407
407
409
409
409
410
414
415
417
413
415
419
418
417
418
423
423
422
427
427
426
425
431
432
428
431
433
431
436
435
436
435
441
439
440
442
441
443
445
448
446
446
447
452
449
452
455
454
452
456
454
458
457
462
463
463
463
462
464
464
466
468
471
468
469
472
472
475
476
473
477
476
481
477
482
483
480
485
483
488
488
488
491
488
490
493
495
491
497
494
494
499
496
499
500
500
504
501
506
506
505
509
506
512
508
512
510
512
515
518
519
516
517
521
522
523
523
521
526
528
526
527
530
531
533
534
533
531
532
534
535
535
537
542
542
541
543
542
543
547
547
546
547
549
553
554
550
553
555
555
556
560
559
560
563
559
561
562
566
565
569
566
567
569
573
572
570
574
572
576
577
580
576
582
582
584
583
582
583
586
589
590
590
588
588
592
590
591
596
593
599
599
600
597
599
602
604
606
606
603
609
610
610
612
612
610
615
612
615
614
616
619
620
617
619
619
620
623
626
626
624
626
628
629
630
634
634
635
633
633
638
637
640
639
640
641
641
644
647
644
644
649
647
652
650
651
651
652
653
656
654
657
661
657
658
663
665
666
664
668
664
668
670
668
671
670
673
671
672
674
677
676
676
679
683
680
681
682
682
684
686
685
691
689
689
690
693
691
692
697
694
699
699
698
702
700
705
706
705
705
708
707
710
711
712
711
713
715
712
713
718
718
721
717
721
723
723
721
724
727
727
728
729
727
731
729
732
734
736
734
738
739
736
740
742
741
743
741
742
743
745
745
750
747
749
751
752
751
753
754
757
755
760
759
762
761
763
761
765
767
768
767
769
769
771
770
773
771
774
776
776
779
779
777
779
783
782
784
787
784
789
785
790
789
792
790
792
796
794
795
795
800
798
799
798
803
801
802
805
808
809
810
808
807
809
812
812
813
812
817
817
820
817
817
821
820
821
826
827
824
825
826
828
827
829
834
830
833
834
833
838
836
836
839
838
840
845
842
846
847
846
850
851
848
849
850
851
851
853
858
859
856
856
858
860
864
863
865
865
866
869
867
866
872
872
869
875
872
875
876
878
879
880
881
883
882
883
882
887
886
886
888
888
887
890
889
891
894
893
898
895
900
897
900
900
903
901
904
906
907
905
905
907
909
912
910
914
915
916
915
917
918
916
922
919
924
922
924
926
926
927
926
931
932
933
934
932
935
937
938
937
940
937
941
943
940
940
946
944
947
947
945
950
947
951
950
953
953
952
957
958
955
960
958
959
964
961
964
963
963
964
968
966
969
969
972
973
972
975
978
975
977
979
978
978
984
985
984
985
984
984
986
991
988
989
992
991
995
992
993
994
1000
1001
998
998
999
1000
1003
1007
1007
1006
1007
1010
1010
1013
1013
1013
1016
1013
1013
1017
1015
1020
1022
1022
1022
1023
1022
1025
1026
1024
1028
1031
1027
1032
1030
1032
1034
1032
1035
1037
1040
1036
1042
1042
1040
1040
1041
1044
1047
1049
1046
1049
1050
1050
1052
1054
1056
1056
1053
1054
1056
1061
1059
1061
1061
1065
1064
1062
1068
1064
1065
1069
1067
1072
1070
1071
1072
1075
1077
1077
1079
1079
1080
1083
1081
1082
1086
1086
1083
1085
1089
1091
1089
1088
1093
1092
1091
1095
1093
1095
1096
1099
1102
1098
1102
1105
1101
1103
1104
1104
1107
1108
1107
1108
1114
1113
1114
1116
1116
1117
1115
1119
1120
1121
1122
1123
1123
1123
1124
1126
1127
1129
1129
1130
1134
1135
1132
1137
1134
1135
1135
1139
1142
1138
1144
1142
1144
1144
1147
1149
1149
1146
1150
1152
1153
1155
1153
1153
1158
1156
1157
1158
1160
1158
1164
1160
1161
1167
1163
1169
1168
1170
1168
1172
1173
1175
1175
1175
1175
1176
1176
1178
1177
1180
1184
1184
1186
1185
1187
1189
1188
1188
1191
1191
1194
1193
1192
1196
1198
1196
1195
1199
1197
1201
1203
1200
1201
1203
1203
1209
1209
1206
1208
1212
1211
1213
1213
1215
1215
1217
1215
1221
1218
1219
1224
1223
1226
1226
1224
1224
1230
1231
1230
1232
1229
1230
1235
1236
1233
1237
1240
1240
1240
1238
1241
1245
1241
1245
1246
1249
1247
1251
1249
1250
1250
1250
1256
1255
1258
1255
1257
1260
1260
1263
1261
1261
1266
1265
1267
1266
1265
1266
1271
1272
1270
1273
1271
1276
1275
1276
1275
1279
1278
1280
1284
1281
1282
1287
1283
1289
1289
1290
1287
1293
1294
1291
1291
1297
1296
1295
1296
1301
1300
1299
1302
1302
1306
1303
1306
1304
1307
1309
1308
1308
1314
1312
1316
1313
1318
1318
1316
1317
1319
1322
1322
1323
1326
1323
1327
1325
1328
1330
1329
1329
1331
1333
1331
1334
1335
1337
1337
1341
1338
1339
1339
1342
1342
1342
1348
1345
1346
1349
1349
1351
1354
1355
1351
1355
1353
1356
1360
1357
1359
1359
1359
1363
1366
1362
1364
1368
1366
1370
1372
1368
1373
1372
1374
1376
1378
1375
1377
1381
1379
1381
1379
1383
1383
1386
1384
1388
1387
1388
1390
1389
1392
1394
1391
1395
1395
1399
1398
1401
1400
1400
1401
1401
1401
1402
1406
1405
1405
1410
1411
1409
1412
1410
1413
1413
1415
1419
1415
1421
1422
1420
1420
1423
1423
1427
1424
1429
1425
1429
1432
1428
1433
1433
1431
1437
1433
1435
1435
1439
1442
1441
1439
1443
1445
1444
1444
1448
1448
1446
1449
1450
1451
1452
1453
1452
1457
1454
1459
1458
1462
1459
1461
1462
1465
1462
1465
1469
1468
1470
1469
1468
1474
1474
1473
1472
1477
1474
1477
1478
1480
1482
1484
1485
1486
1482
1483
1487
1485
1490
1489
1489
1489
1495
1496
1496
1496
1498
1499
1500
1497
1500
1499
