1
6
7
4
9
6
7
9
11
12
14
16
12
17
16
17
20
17
20
24
20
24
25
25
29
28
28
32
28
32
33
32
32
37
36
35
40
38
42
40
45
44
42
46
45
48
47
48
48
53
50
51
52
53
54
56
61
59
60
63
62
62
62
64
67
66
66
71
69
72
74
73
75
76
78
77
78
81
82
82
80
86
82
88
88
87
86
87
91
89
95
96
96
95
94
96
98
98
98
103
101
103
106
103
108
110
106
109
110
112
114
113
113
118
119
116
116
119
118
119
125
126
127
125
126
129
129
132
131
134
134
135
134
137
136
137
140
138
143
141
145
144
143
143
144
145
146
151
151
153
154
156
156
154
157
156
158
159
161
163
163
164
166
166
168
168
167
172
172
174
173
176
176
173
177
178
179
177
183
182
180
183
186
183
185
188
189
187
193
189
191
195
196
198
194
200
198
201
200
202
201
204
202
204
208
208
208
207
210
213
214
212
217
215
218
220
218
219
218
219
225
224
224
228
227
226
231
228
229
230
234
233
232
237
239
235
237
242
241
243
242
244
247
243
249
248
251
248
251
252
255
256
253
257
254
260
259
258
259
264
265
266
262
264
264
270
269
270
270
274
270
276
272
275
274
276
276
279
283
284
282
286
282
284
287
285
290
288
291
291
293
293
297
293
296
300
297
301
302
301
302
306
306
305
306
310
307
311
308
314
311
312
314
317
314
318
321
319
323
320
321
326
322
326
329
327
326
329
332
330
331
336
333
333
335
336
341
337
338
343
345
343
346
344
344
348
347
352
351
354
350
356
354
353
355
360
360
357
363
364
360
361
362
366
365
366
369
369
368
369
372
371
376
373
376
379
379
378
380
383
380
382
387
387
388
388
389
391
392
394
390
391
395
394
396
398
400
400
400
401
405
406
403
407
404
408
408
409
413
414
412
413
414
416
418
419
418
420
422
424
422
421
426
427
429
428
426
430
428
432
434
434
432
435
435
435
441
439
443
444
440
442
443
443
449
448
450
450
451
449
455
451
457
453
457
456
460
462
461
464
462
462
463
463
468
465
470
467
472
471
474
476
472
477
476
477
477
481
483
482
483
481
484
485
489
488
490
489
490
489
494
495
496
497
499
498
496
501
501
504
501
505
504
504
504
507
507
507
509
511
515
516
515
515
516
518
516
518
523
523
525
524
526
528
525
525
531
527
531
532
532
536
533
535
538
540
537
540
539
541
541
543
544
547
545
548
546
550
553
549
553
555
557
556
554
558
561
560
558
559
564
563
565
565
565
567
568
569
568
571
574
575
573
574
574
578
579
577
578
584
580
585
585
588
585
590
587
589
593
589
593
593
594
595
599
598
596
602
603
600
602
601
603
604
609
606
610
607
612
613
615
614
613
614
614
619
619
619
620
622
624
621
622
628
627
626
627
627
633
629
635
633
634
635
637
638
640
638
640
643
640
641
647
646
648
649
648
652
653
649
651
656
654
655
654
658
657
661
659
661
661
661
666
668
667
669
666
668
673
670
672
671
673
673
675
676
680
682
679
679
682
683
686
686
686
689
687
692
693
690
693
694
692
695
695
696
700
698
701
700
701
704
702
705
708
707
706
711
708
709
715
716
716
717
718
717
720
722
722
720
724
722
727
727
729
726
730
731
732
729
731
735
732
734
739
739
739
741
742
740
744
743
742
745
749
750
747
748
751
751
750
753
757
755
758
759
761
759
758
764
761
762
767
764
765
766
769
772
769
774
772
773
773
778
779
775
776
780
783
784
781
781
785
786
784
786
790
787
791
790
794
793
796
795
797
799
796
798
798
802
800
801
806
804
805
809
808
811
808
813
813
812
814
818
814
817
817
819
818
822
824
822
827
825
828
830
829
827
832
832
833
835
835
836
838
837
837
839
840
844
840
846
843
843
848
848
847
848
851
849
854
851
853
855
857
856
856
859
859
862
863
861
867
868
869
868
869
872
870
874
873
873
873
877
878
879
881
879
882
884
883
882
883
886
889
885
889
889
888
891
894
893
893
894
898
896
897
900
902
900
902
905
906
907
909
905
910
907
910
910
914
915
914
918
917
915
918
918
920
920
922
922
925
928
924
925
927
927
930
929
933
936
937
936
936
937
936
941
938
941
941
944
942
945
944
945
950
948
950
949
950
954
953
954
958
956
957
957
962
960
965
966
965
963
965
968
969
968
969
970
970
973
973
978
978
975
977
978
980
979
984
985
987
984
984
986
986
991
991
994
993
993
992
993
997
996
998
997
1002
1002
1000
1002
1005
1007
1007
1009
1011
1012
1013
1013
1015
1014
1015
1015
1015
1015
1018
1018
1021
1023
1022
1021
1024
1026
1028
1028
1026
1027
1028
1029
1034
1031
1033
1034
1038
1036
1040
1038
1043
1040
1040
1045
1047
1046
1049
1048
1050
1050
1050
1054
1054
1055
1054
1053
1056
1058
1061
1059
1059
1061
1061
1066
1062
1064
1064
1070
1067
1067
1070
1070
1070
1076
1077
1074
1077
1075
1081
1077
1080
1083
1080
1083
1086
1086
1084
1088
1091
1091
1088
1092
1092
1093
1094
1098
1096
1100
1097
1100
1100
1102
1103
1102
1104
1104
1109
1107
1109
1112
1113
1114
1111
1113
1114
1115
1115
1120
1119
1117
1120
1120
1120
1124
1124
1127
1128
1128
1129
1128
1132
1131
1134
1133
1136
1134
1138
1138
1139
1142
1142
1143
1144
1142
1147
1144
1146
1149
1147
1152
1152
1151
1154
1156
1156
1153
1158
1156
1157
1161
1163
1159
1164
1162
1162
1164
1168
1169
1168
1171
1168
1174
1175
1175
1175
1175
1177
1179
1180
1181
1182
1180
1181
1185
1184
1184
1188
1188
1190
1190
1193
1189
1195
1193
1196
1194
1196
1200
1197
1199
1199
1200
1205
1203
1205
1203
1208
1207
1206
1208
1212
1209
1213
1212
1213
1216
1217
1215
1217
1221
1218
1219
1225
1222
1227
1225
1229
1226
1231
1227
1231
1229
1230
1231
1236
1233
1238
1238
1239
1241
1241
1244
1241
1244
1243
1247
1246
1247
1247
1252
1250
1250
1253
1256
1254
1255
1254
1259
1260
1259
1258
1260
1260
1261
1265
1265
1266
1267
1271
1272
1271
1271
1271
1276
1273
1276
1276
1276
1276
1277
1278
1279
1283
1285
1286
1286
1284
1286
1290
1287
1289
1293
1295
1295
1296
1295
1297
1296
1298
1300
1298
1301
1301
1302
1304
1306
1306
1309
1307
1307
1309
1314
1313
1314
1317
1318
1314
1319
1317
1322
1319
1319
1324
1323
1324
1327
1324
1329
1330
1327
1331
1329
1332
1335
1337
1334
1339
1338
1341
1341
1339
1344
1344
1341
1345
1345
1345
1349
1347
1349
1348
1351
1353
1352
1355
1357
1358
1356
1358
1362
1362
1364
1365
1362
1363
1363
1365
1366
1367
1369
1369
1369
1375
1372
1377
1377
1374
1376
1379
1382
1380
1383
1381
1384
1384
1383
1388
1389
1390
1388
1391
1391
1392
1392
1393
1394
1394
1398
1397
1397
1402
1402
1403
1406
1407
1407
1404
1406
1409
1407
1409
1409
1415
1415
1414
1417
1415
1416
1418
1417
1419
1419
1420
1423
1422
1426
1427
1430
1430
1429
1428
1429
1430
1434
1434
1434
1435
1435
1440
1441
1441
1442
1445
1441
1443
1444
1448
1450
1447
1447
1451
1451
1452
1456
1454
1455
1454
1460
1461
1460
1462
1464
1465
1463
1466
1468
1464
1468
1466
1467
1473
1474
1472
1475
1473
1473
1477
1479
1479
1481
1483
1483
1482
1481
1487
1488
1488
1485
1489
1488
1493
1494
1492
1494
1497
1493
1498
1498
1500
1497
1500
1503
