0
5
2
7
9
9
11
10
8
12
14
14
12
16
17
19
21
22
19
24
22
26
26
28
27
26
31
29
29
32
33
35
36
37
34
40
39
42
43
41
40
42
47
46
47
48
49
49
53
53
53
56
54
57
57
59
60
60
62
59
62
61
65
64
68
69
70
69
68
72
70
72
73
77
79
79
76
79
80
79
85
83
85
85
87
88
86
88
88
90
92
91
92
93
96
96
97
99
99
99
102
102
105
105
108
109
111
111
113
111
114
114
117
114
115
115
120
121
119
122
122
125
124
124
129
130
127
127
131
131
135
133
134
133
135
138
141
138
142
139
141
144
142
148
148
150
151
151
153
152
155
152
156
153
158
158
156
159
163
162
160
163
164
163
164
169
171
168
170
171
174
175
173
175
175
179
181
182
181
179
183
186
186
187
184
188
188
190
191
190
192
193
192
193
198
200
200
198
202
203
200
206
203
204
208
205
211
207
213
210
212
211
215
216
217
220
219
222
218
221
221
222
222
225
225
228
231
227
229
233
233
231
236
234
239
240
240
237
239
244
245
244
244
245
247
248
251
248
248
252
253
256
252
254
259
258
257
261
261
262
260
265
266
263
269
266
271
267
270
272
270
272
274
275
274
275
280
277
281
284
280
282
285
288
285
287
290
291
288
289
291
295
295
297
294
298
300
302
300
300
303
301
307
303
307
310
309
311
308
312
311
312
315
318
319
320
318
318
318
319
321
325
327
327
326
327
329
328
330
331
331
336
335
336
337
336
336
340
342
343
344
341
346
344
345
348
348
350
352
354
353
353
353
357
357
358
359
361
363
359
362
361
367
365
368
370
371
372
370
369
370
371
373
375
376
378
376
379
380
383
384
382
384
385
387
387
389
391
392
392
395
396
395
397
394
396
401
401
399
401
404
401
404
407
408
410
409
407
408
411
414
414
417
414
417
420
418
422
418
424
424
421
426
427
427
429
426
428
431
431
430
434
437
438
436
438
437
439
443
443
440
445
443
443
447
449
450
451
449
453
452
453
453
454
459
456
458
462
458
462
463
464
467
464
469
467
466
471
473
470
471
475
473
477
477
476
476
481
482
484
484
484
487
487
487
487
486
492
488
492
494
492
494
495
499
495
501
502
503
502
502
501
505
504
508
510
506
508
508
513
513
514
512
518
516
516
518
519
519
521
522
521
524
526
525
530
527
529
531
533
535
534
537
535
535
535
537
542
543
544
545
542
546
546
547
548
550
551
552
549
552
555
557
556
556
558
558
562
559
563
565
562
566
567
564
565
568
570
573
573
573
574
576
577
577
578
581
579
578
584
582
584
584
587
587
588
587
587
591
592
593
596
595
593
596
600
599
597
602
602
600
604
605
605
604
610
606
608
611
614
612
615
617
616
615
616
619
618
623
623
625
625
623
624
629
629
630
630
628
629
632
631
634
636
638
639
639
641
642
643
640
644
646
645
648
648
648
651
648
650
650
654
656
654
657
657
656
662
659
664
663
661
666
668
666
666
671
672
671
673
675
671
674
676
679
676
677
678
678
684
684
685
685
683
685
687
688
688
689
692
692
696
696
698
699
698
699
700
699
704
703
705
705
708
705
706
711
707
712
712
714
711
713
716
715
717
718
722
719
722
720
726
722
724
728
730
730
729
732
733
732
736
732
733
735
740
740
738
740
740
740
745
745
743
745
746
747
751
750
750
754
754
754
758
756
757
761
758
760
760
761
765
766
766
768
766
770
772
770
771
773
776
777
773
775
780
776
781
782
781
783
781
785
787
785
790
786
792
788
793
795
794
795
793
795
799
801
798
802
803
803
801
804
807
808
810
808
807
811
812
810
811
815
817
815
815
818
817
821
822
820
823
824
828
828
830
829
832
830
831
833
836
834
837
836
839
838
841
839
841
842
846
842
843
847
846
847
851
852
852
855
851
856
855
857
857
858
857
862
863
861
863
864
866
866
869
871
867
871
872
872
875
874
877
878
877
880
880
881
882
883
886
886
885
885
890
888
890
889
891
895
895
896
896
896
899
900
897
899
903
903
906
903
904
908
908
910
911
909
910
914
911
915
918
915
920
916
920
922
920
921
924
925
924
926
926
927
931
931
934
932
935
936
938
935
936
938
940
939
944
944
942
942
945
948
948
949
947
949
949
951
956
957
957
957
960
961
957
958
959
965
961
966
967
964
968
969
967
971
969
971
976
976
978
976
976
976
977
980
979
981
983
983
986
985
990
990
988
993
990
992
995
992
995
995
999
1000
1000
1003
999
1002
1002
1005
1006
1005
1009
1010
1007
1010
1010
1014
1013
1015
1015
1017
1020
1019
1018
1023
1022
1022
1022
1027
1024
1025
1029
1031
1030
1029
1033
1034
1034
1035
1038
1036
1040
1040
1039
1041
1041
1040
1042
1044
1045
1049
1046
1046
1051
1051
1053
1051
1051
1052
1053
1057
1058
1057
1061
1060
1060
1065
1066
1067
1063
1065
1068
1070
1070
1070
1074
1073
1076
1075
1076
1075
1078
1080
1078
1080
1079
1084
1084
1084
1085
1084
1089
1086
1089
1088
1089
1091
1091
1097
1096
1095
1096
1097
1100
1102
1102
1100
1106
1102
1103
1107
1105
1110
1110
1111
1113
1110
1111
1114
1113
1117
1117
1117
1117
1121
1124
1121
1122
1125
1127
1126
1127
1129
1131
1128
1131
1134
1131
1135
1137
1135
1140
1136
1141
1143
1140
1142
1144
1142
1144
1146
1147
1151
1149
1149
1154
1152
1151
1156
1157
1157
1157
1160
1158
1158
1160
1162
1166
1165
1165
1169
1169
1167
1169
1172
1169
1172
1171
1177
1175
1179
1176
1180
1180
1179
1182
1182
1181
1186
1188
1184
1185
1186
1188
1189
1190
1191
1195
1192
1196
1199
1195
1200
1198
1203
1203
1200
1204
1203
1208
1208
1206
1211
1209
1209
1214
1215
1213
1217
1213
1214
1216
1218
1221
1220
1221
1223
1221
1223
1224
1224
1227
1227
1230
1231
1233
1235
1234
1236
1235
1235
1236
1237
1242
1238
1241
1241
1242
1244
1246
1249
1248
1249
1249
1248
1253
1254
1251
1253
1253
1257
1257
1261
1257
1262
1260
1264
1263
1264
1263
1266
1267
1270
1267
1273
1272
1271
1272
1275
1275
1279
1279
1276
1282
1278
1280
1281
1281
1282
1287
1284
1286
1286
1288
1289
1290
1290
1295
1294
1294
1296
1297
1300
1302
1303
1303
1301
1305
1306
1308
1306
1308
1307
1307
1311
1309
1314
1311
1315
1315
1317
1317
1317
1321
1319
1324
1322
1322
1326
1327
1326
1330
1328
1330
1333
1334
1331
1331
1335
1338
1334
1340
1338
1339
1340
1342
1344
1345
1347
1344
1349
1349
1350
1351
1349
1353
1354
1351
1357
1358
1359
1356
1356
1362
1360
1362
1365
1362
1365
1363
1367
1368
1370
1368
1370
1374
1375
1373
1372
1376
1376
1377
1381
1378
1380
1383
1383
1386
1387
1387
1385
1386
1387
1392
1392
1393
1391
1395
1392
1396
1397
1399
1399
1401
1399
1404
1404
1403
1402
1403
1408
1408
1407
1412
1413
1411
1415
1411
1413
1413
1414
1420
1420
1421
1418
1422
1421
1424
1427
1426
1424
1429
1428
1428
1428
1431
1431
1435
1437
1438
1439
1440
1440
1440
1438
1444
1442
1445
1445
1444
1445
1447
1450
1451
1448
1453
1455
1455
1456
1453
1458
1455
1456
1461
1463
1461
1461
1461
1464
1463
1467
1468
1466
1469
1470
1472
1472
1474
1472
1476
1478
1475
1479
1480
1483
1482
1485
1483
1487
1487
1487
1489
1487
1487
1490
1490
1490
1495
1496
1495
1498
1497
1501
1499
1498
1499
