4
5
3
5
6
10
11
10
13
10
10
16
15
18
15
20
18
17
22
21
20
22
25
28
29
29
31
27
28
34
30
31
35
35
34
35
40
40
42
39
43
44
46
43
44
46
51
50
50
49
55
53
52
57
56
55
61
59
61
61
60
65
63
66
67
65
67
70
71
70
74
74
75
78
78
77
78
77
83
84
82
83
87
83
85
87
89
91
89
93
95
91
94
94
95
98
101
98
101
102
103
106
102
106
109
106
108
112
111
109
115
114
114
118
114
116
121
122
119
119
122
122
125
128
128
125
127
129
133
130
133
135
132
138
138
137
141
137
141
142
144
146
142
144
144
148
151
149
150
151
153
155
155
153
158
160
157
157
161
162
161
161
162
166
166
169
168
171
168
174
173
176
177
177
179
178
179
180
180
182
181
185
186
183
187
187
190
192
190
190
195
194
192
193
199
196
196
197
200
202
201
206
206
207
208
206
209
207
211
212
211
211
214
217
214
215
218
219
222
222
223
225
224
227
228
229
231
232
229
233
233
234
233
238
235
240
239
241
241
240
244
242
242
246
244
249
246
252
253
252
251
251
253
253
257
256
256
261
258
263
263
265
263
263
269
270
266
267
271
271
272
273
277
277
279
275
278
279
279
281
284
285
287
285
287
288
290
292
292
290
294
292
297
298
298
298
299
299
300
303
304
304
305
305
308
308
308
307
312
313
312
312
315
315
314
317
316
320
318
322
324
323
323
328
325
327
329
328
331
329
331
336
337
337
337
336
337
342
342
339
342
341
345
343
349
348
349
348
350
352
352
351
355
358
359
358
358
359
358
361
365
361
367
367
365
367
369
372
371
370
372
371
372
373
374
