1
4
2
5
4
10
7
10
9
9
13
15
17
18
16
18
21
19
22
21
24
26
25
28
24
27
31
28
33
33
31
36
37
34
37
40
40
41
40
40
41
43
46
44
46
49
46
50
49
49
53
51
56
54
55
56
61
61
62
64
60
66
62
67
69
68
71
67
68
73
70
75
76
76
78
77
80
79
80
84
81
83
87
85
88
87
91
90
92
89
93
94
94
95
97
100
98
101
102
101
103
105
105
108
106
110
108
111
108
114
112
112
117
113
116
117
121
122
120
122
120
124
122
123
127
127
128
131
133
134
131
132
136
134
139
135
140
137
141
140
143
144
143
148
147
150
149
148
151
151
150
156
153
157
159
156
161
162
162
160
161
161
163
168
168
166
166
169
168
173
173
176
173
173
174
179
180
178
180
179
183
181
186
187
189
186
190
191
191
189
192
192
192
195
197
200
198
201
200
203
202
204
206
203
204
206
207
210
213
212
211
213
214
214
219
220
220
219
222
222
221
221
222
225
226
227
231
231
228
233
234
236
237
233
238
239
237
242
240
239
241
242
242
246
248
250
246
247
250
251
250
253
253
257
259
257
258
260
258
263
262
263
262
267
266
266
270
268
269
274
271
274
275
276
275
275
277
277
279
284
283
281
287
284
286
285
287
289
288
291
291
291
293
297
298
295
301
297
301
304
303
305
302
303
306
307
308
309
313
312
313
313
316
317
316
317
321
319
323
324
320
326
323
327
326
329
331
329
329
330
331
336
336
336
337
337
336
337
343
344
340
345
346
348
349
345
346
347
352
349
352
353
353
353
359
360
357
357
360
359
363
365
363
365
364
365
368
370
369
374
370
373
375
374
377
