2
5
2
6
5
10
9
11
13
11
13
12
13
13
15
17
20
18
20
24
22
25
22
25
27
29
29
28
31
32
34
35
32
36
37
38
41
38
40
42
42
42
45
48
45
49
48
49
52
50
53
52
57
56
57
56
56
60
60
61
60
66
63
65
65
69
68
72
72
70
71
73
73
75
75
78
76
81
82
82
84
81
86
84
89
90
86
92
90
93
90
94
96
93
96
98
100
101
100
102
100
106
107
106
106
107
110
107
108
109
115
116
113
118
117
120
116
119
121
124
122
121
126
126
125
128
127
129
130
133
130
133
134
137
135
140
137
140
143
142
143
142
145
145
146
145
146
151
150
154
154
154
153
157
158
157
161
161
160
161
163
166
165
163
168
167
166
168
168
169
173
171
176
173
178
179
180
181
179
182
182
181
184
184
188
185
190
187
188
189
191
196
197
194
195
196
201
199
201
203
205
204
204
203
208
207
207
209
210
211
214
213
213
215
216
219
218
219
222
219
221
226
225
227
226
226
231
228
231
234
234
236
236
234
234
240
236
242
240
244
240
244
242
246
248
250
247
248
252
252
255
253
253
256
255
256
259
259
259
262
261
265
262
268
269
269
270
271
273
272
274
275
276
277
278
276
280
282
283
279
282
281
285
284
286
288
289
290
289
294
293
294
296
293
295
300
296
302
302
301
304
305
303
308
305
308
311
311
308
311
311
314
314
314
319
318
319
318
320
324
323
326
326
323
325
330
326
328
329
330
334
336
336
335
337
335
337
338
341
340
341
343
342
345
344
347
349
347
353
351
355
352
357
355
354
358
356
358
363
364
360
361
365
366
365
369
366
367
369
373
374
371
376
378
379
