0
6
7
7
9
7
10
8
9
10
10
12
12
16
14
18
16
20
18
24
20
22
27
26
24
29
31
30
30
34
35
36
36
38
35
36
37
39
43
41
45
41
43
46
46
45
47
51
50
54
50
53
55
54
59
60
59
61
60
59
65
61
63
67
67
69
70
71
70
73
73
75
76
78
79
78
76
79
82
80
82
82
82
84
85
88
91
90
90
89
90
96
93
94
96
99
99
101
98
99
103
101
105
106
104
107
107
108
111
113
110
114
114
117
115
116
121
120
118
122
125
124
122
128
126
128
129
128
132
134
135
133
136
134
134
137
138
142
140
144
143
142
142
144
147
145
149
152
152
152
153
154
156
154
155
155
158
158
159
164
162
164
163
166
166
166
169
168
173
169
170
176
175
176
175
176
181
180
182
182
182
181
187
185
188
185
189
187
193
193
190
195
193
193
197
199
200
198
200
201
201
203
203
208
207
206
209
207
209
209
215
211
212
218
215
215
220
217
221
222
225
222
223
226
227
229
226
227
232
231
234
235
232
235
239
238
238
240
241
241
241
246
244
245
245
249
247
250
250
252
250
255
255
254
254
259
259
259
263
259
260
261
263
268
268
268
271
267
271
271
272
275
272
276
274
278
280
279
278
282
280
282
284
285
288
290
286
288
290
289
295
293
292
294
297
299
297
298
301
302
301
305
302
305
306
306
310
310
312
310
310
311
312
315
315
320
318
321
323
321
324
324
327
326
329
325
331
327
332
331
334
334
336
337
334
339
336
337
343
344
344
342
343
348
344
345
346
350
351
351
350
354
355
353
356
360
356
362
360
364
363
365
365
366
369
369
371
372
370
370
374
372
374
373
376
