3
5
7
5
4
9
9
12
8
14
10
11
17
13
14
19
18
21
18
22
22
22
25
27
26
30
31
29
29
34
35
31
35
37
34
37
40
42
41
44
43
45
42
44
49
45
48
51
53
53
50
54
57
56
56
59
61
60
61
64
61
62
67
65
64
67
67
68
72
73
72
72
77
77
75
76
80
77
78
81
85
85
82
86
87
87
86
90
88
93
91
96
93
98
95
96
98
102
99
99
100
105
103
107
105
109
106
110
108
113
111
113
114
114
116
116
120
122
123
121
124
122
126
124
125
128
129
129
133
131
131
132
134
137
134
138
140
141
140
140
142
141
145
146
146
146
147
150
150
153
154
155
156
156
154
158
156
160
162
159
162
165
167
166
167
170
166
172
172
171
175
171
176
175
174
176
179
181
179
181
180
182
187
183
189
186
187
189
190
190
195
195
194
194
197
196
199
199
201
204
200
206
202
207
209
210
206
212
208
212
212
216
215
215
219
220
216
217
221
222
225
221
226
223
224
230
231
229
233
230
234
235
235
237
239
237
237
240
239
240
245
245
245
244
247
249
247
252
248
250
252
256
254
256
258
256
256
258
262
263
261
263
265
263
269
268
270
269
272
273
275
273
272
278
276
280
279
278
278
280
283
284
284
283
286
289
286
287
292
294
295
295
295
295
297
297
297
298
301
300
305
302
304
306
305
310
310
310
311
314
313
314
313
316
315
318
321
320
322
322
321
323
323
327
324
327
327
327
332
334
334
335
332
334
336
338
340
337
340
341
341
344
345
346
345
350
346
352
351
354
351
352
352
354
357
359
358
360
363
364
362
365
366
364
367
370
371
367
372
371
375
374
372
378
378
