1
3
4
7
7
8
10
8
10
9
14
13
17
17
14
20
20
18
18
20
22
26
27
27
28
29
30
32
29
34
35
32
33
38
38
35
36
40
39
42
40
45
47
45
46
45
51
48
51
51
52
55
53
54
54
57
57
61
62
61
61
63
62
66
64
68
69
67
70
70
74
76
74
74
79
75
81
80
82
83
85
81
85
87
84
87
88
90
91
92
93
91
95
97
99
95
99
102
99
103
103
104
106
104
109
107
110
111
112
109
115
114
117
118
117
116
116
117
123
124
123
126
122
126
129
130
128
129
130
129
131
135
133
138
138
139
140
137
139
141
145
141
144
144
145
149
150
150
149
150
151
153
154
153
159
155
156
158
162
160
163
162
166
164
165
166
168
167
171
174
173
176
172
174
177
177
176
179
182
181
181
183
183
184
186
185
186
187
191
192
194
192
197
196
199
198
196
201
202
200
200
202
207
203
208
210
208
208
213
214
213
216
214
218
215
216
221
222
223
219
223
226
222
224
229
229
231
232
232
229
231
233
235
234
239
238
240
240
240
244
240
244
244
243
245
248
249
249
250
249
250
252
254
253
257
256
258
260
259
260
264
261
267
267
267
265
268
268
273
274
271
272
275
275
275
275
280
279
280
279
284
281
286
286
284
287
291
289
289
290
294
292
294
297
297
299
300
297
301
299
304
306
302
306
307
305
310
309
308
313
310
314
317
314
316
317
319
322
318
319
322
325
323
326
328
328
329
327
333
331
334
336
333
334
339
340
340
338
343
339
342
342
344
345
345
345
351
352
351
352
351
356
356
355
359
359
361
362
359
360
364
366
366
365
367
370
368
370
371
373
371
376
376
373
376
