2
5
2
4
5
10
6
11
12
12
15
14
13
15
19
17
18
20
20
22
22
23
25
24
24
28
27
32
32
30
34
35
32
35
37
38
38
37
40
44
44
42
42
47
45
46
49
51
51
52
54
52
56
55
54
56
60
58
62
59
64
63
63
64
69
70
66
70
70
72
70
75
73
75
74
76
77
78
82
83
81
83
83
85
86
86
90
90
92
94
93
92
92
94
99
100
101
98
101
100
101
104
106
103
106
105
111
110
110
110
113
114
112
115
117
115
117
117
123
120
125
122
122
127
127
128
130
127
133
129
131
134
133
134
138
139
141
142
141
143
142
146
144
143
144
150
147
152
152
151
155
156
156
157
157
155
161
159
159
164
163
161
164
163
168
165
166
171
168
172
171
174
172
173
177
176
180
182
183
183
185
185
182
186
184
188
190
188
188
189
192
191
194
196
194
197
201
201
199
203
204
201
206
204
206
210
208
207
208
211
212
216
216
213
219
219
218
218
220
223
222
224
222
227
228
227
229
232
233
232
230
236
237
236
235
235
239
242
239
240
244
243
247
246
245
245
250
250
251
249
250
252
253
256
254
255
257
258
263
259
262
263
264
267
267
268
266
268
269
269
270
271
276
274
279
275
277
280
281
281
281
281
287
286
289
289
288
287
288
294
293
294
297
294
294
297
300
299
298
301
304
306
302
306
309
308
308
312
309
313
311
316
312
314
319
316
316
317
319
320
321
326
322
328
327
329
327
332
329
331
332
335
332
338
338
336
340
337
341
342
344
342
342
343
345
347
348
351
350
350
353
355
357
353
355
356
356
357
358
361
365
366
365
364
365
368
366
372
372
374
374
374
377
373
377
