3
5
7
7
8
6
8
7
11
13
14
14
15
14
18
18
18
17
18
24
24
21
27
24
27
29
26
32
28
33
33
32
37
37
35
35
37
38
40
42
45
43
47
45
45
49
49
47
51
49
55
53
52
53
54
57
61
57
61
61
65
61
64
68
66
67
67
69
68
71
70
73
74
77
77
78
80
79
78
82
83
83
84
86
89
88
88
89
88
91
90
95
97
98
96
98
101
100
100
103
105
101
102
105
104
110
107
109
110
110
110
115
116
115
115
118
118
117
122
121
124
126
122
127
125
128
131
128
132
129
130
132
136
136
134
137
141
140
138
142
145
142
147
148
148
145
148
148
148
153
150
154
154
154
155
158
160
157
158
164
161
162
164
163
164
166
166
172
169
173
173
173
174
177
178
176
178
179
178
182
185
183
186
188
186
188
189
191
192
190
191
195
194
198
197
199
197
201
198
201
203
202
204
207
204
209
207
207
208
211
215
215
215
217
218
217
217
221
222
221
222
226
226
227
227
226
229
232
233
232
234
234
236
238
234
237
238
237
238
241
243
243
246
246
245
250
246
249
248
252
250
253
256
253
257
259
256
261
263
262
262
263
264
265
269
266
269
270
273
271
271
272
274
274
277
276
281
277
280
281
282
283
283
283
288
287
290
287
291
290
295
291
295
295
297
298
296
301
299
302
300
301
306
304
304
310
311
311
311
309
311
316
313
318
319
320
319
320
321
324
323
324
327
323
328
328
330
332
331
331
330
334
335
338
338
336
337
341
341
344
341
341
347
343
348
346
349
349
348
353
354
354
353
353
356
360
360
358
359
360
364
362
365
366
365
365
369
371
371
372
371
375
375
374
378
