3
2
6
7
7
5
8
9
10
10
13
12
14
18
14
18
18
21
23
21
25
25
25
23
24
26
30
27
29
34
31
33
35
35
35
40
40
42
42
42
42
45
42
47
46
46
49
47
52
54
53
51
52
55
58
56
59
58
63
60
61
63
64
63
68
67
71
69
70
72
72
75
76
77
78
75
77
78
78
83
83
86
83
88
89
89
86
88
91
89
93
91
92
96
95
99
101
99
101
100
103
102
104
105
104
106
111
109
110
113
114
112
117
113
119
120
118
119
120
124
123
124
123
125
128
125
128
129
132
132
132
133
133
138
138
135
137
137
138
141
142
144
145
144
148
148
146
149
151
152
150
151
155
158
158
158
160
158
161
161
165
166
164
165
169
165
171
168
170
171
173
175
173
173
176
180
180
178
178
182
181
183
184
185
186
189
190
187
193
191
195
192
195
196
199
198
199
202
199
203
204
205
204
208
207
210
209
209
208
209
215
212
217
218
215
217
217
217
223
222
222
223
227
226
228
230
230
230
231
231
232
234
236
237
235
240
240
238
242
243
245
241
245
248
244
250
246
249
250
251
250
251
256
258
257
257
261
262
263
259
263
266
266
263
265
269
269
268
271
273
270
276
277
277
274
277
281
278
279
279
283
281
282
286
287
285
289
289
289
294
290
293
296
298
296
297
299
300
303
299
304
305
305
308
307
306
307
312
309
310
315
316
313
318
319
318
318
321
321
321
325
322
322
327
324
327
327
331
332
332
331
336
334
336
338
340
341
340
339
340
340
344
344
346
345
348
347
351
351
353
353
353
352
356
355
360
361
360
358
363
361
366
366
368
367
365
366
367
372
372
372
376
373
376
379
