4
3
6
3
7
10
6
9
9
14
14
15
14
14
19
17
20
18
19
24
20
24
24
27
28
25
27
28
31
30
31
32
33
36
36
39
36
41
42
41
45
45
44
44
46
48
46
48
48
50
55
56
54
55
58
58
59
58
62
59
64
64
62
68
69
68
68
68
68
74
75
75
77
76
77
80
81
77
79
79
81
85
86
84
86
89
91
88
93
90
94
94
94
96
95
100
100
98
101
101
105
101
107
107
107
110
110
111
109
114
113
112
116
118
115
118
121
118
123
124
122
122
124
125
124
125
127
132
129
134
134
132
132
138
135
138
138
141
143
140
144
143
142
143
144
148
149
149
151
153
155
153
153
157
156
158
157
161
161
162
163
161
162
167
165
167
170
171
169
171
173
172
175
177
174
176
179
181
183
180
183
181
184
186
184
185
190
188
188
191
194
192
195
196
197
196
197
200
199
200
201
201
206
208
206
205
209
210
209
214
210
214
215
213
219
217
219
217
222
224
223
222
227
228
228
227
231
230
232
233
231
235
234
238
238
235
240
240
243
239
240
242
243
247
249
247
246
252
251
253
254
251
252
258
256
256
259
261
260
259
260
265
267
267
264
269
270
271
271
269
274
274
273
276
276
276
277
281
279
284
285
281
282
287
289
286
290
292
288
289
295
293
297
297
294
296
300
297
298
301
301
306
305
305
308
309
310
309
313
314
310
314
317
317
315
317
320
318
323
322
325
326
326
323
325
326
327
329
332
334
334
334
335
338
338
338
338
339
341
344
342
345
346
343
348
350
351
351
353
351
352
352
357
354
359
356
357
362
359
364
363
361
364
368
369
367
369
367
371
369
371
375
372
377
376
