1
6
4
5
5
8
8
10
11
14
14
16
13
14
17
17
21
17
18
19
21
22
25
25
28
27
30
29
29
33
35
33
37
33
36
39
36
38
42
39
45
45
46
43
48
49
51
52
49
53
53
56
57
58
54
60
58
58
62
63
61
61
65
66
64
69
66
71
68
69
75
76
73
76
78
77
81
81
78
79
82
85
86
84
86
89
86
90
88
90
95
96
92
95
94
100
98
99
100
101
105
106
104
108
107
106
106
110
110
110
113
111
112
117
119
120
118
122
123
122
120
126
127
127
124
129
128
131
132
133
133
135
133
137
137
138
136
142
138
144
144
146
146
144
149
145
148
149
149
151
153
151
155
154
156
157
158
162
160
164
162
161
164
168
167
168
171
172
168
171
170
172
177
175
178
180
180
180
183
181
185
181
185
188
186
188
191
188
190
191
194
191
194
196
194
200
199
202
201
200
200
202
204
206
207
209
210
211
209
214
215
215
214
218
217
216
220
217
219
223
223
225
222
227
226
230
227
227
233
231
235
232
235
237
234
240
236
240
240
242
240
242
246
247
247
248
249
252
252
251
255
252
255
255
257
258
260
259
260
259
261
265
266
264
268
265
266
268
268
270
275
276
274
277
276
278
281
280
283
281
285
285
284
286
288
288
288
288
290
290
294
293
292
294
299
300
296
301
299
302
305
302
306
304
307
306
308
310
311
314
313
313
316
317
315
316
317
320
322
319
322
324
327
326
324
325
326
329
333
332
331
331
333
334
334
338
338
337
338
344
344
341
343
346
348
350
351
348
349
350
350
355
352
356
354
356
357
358
358
359
363
362
367
365
366
366
368
368
370
373
373
371
376
373
374
