0
5
2
8
9
8
7
8
10
9
12
13
14
16
14
19
19
21
21
20
21
22
23
25
27
26
28
31
31
29
34
35
34
35
34
36
41
40
41
40
45
46
46
45
44
50
48
48
50
53
53
55
53
55
58
56
57
59
60
61
62
63
64
64
67
65
69
72
72
74
75
74
77
75
76
76
81
81
82
79
81
86
85
86
87
86
86
89
90
92
91
93
96
97
96
99
100
97
100
101
104
101
107
108
109
109
107
111
110
111
111
112
112
116
119
115
117
120
118
122
122
124
123
127
124
129
131
127
131
129
135
133
133
136
136
139
136
137
140
144
141
142
144
147
146
146
151
147
153
151
153
151
154
157
154
156
156
159
162
159
164
161
166
164
168
166
170
169
170
170
172
174
172
177
174
177
178
181
182
181
180
186
185
188
187
189
189
189
189
190
194
195
194
197
195
196
200
198
202
200
204
201
206
207
207
206
207
207
212
211
212
212
217
217
215
218
220
218
221
222
222
223
224
228
225
226
227
232
231
234
233
231
235
233
237
236
240
240
239
243
241
244
245
243
244
245
246
249
248
253
255
255
252
256
256
257
257
262
262
264
263
264
266
268
268
265
267
270
270
273
273
274
273
277
276
280
276
280
279
282
281
281
284
284
287
285
290
288
288
294
291
291
295
297
296
299
296
299
302
299
300
304
305
305
304
310
311
312
309
309
311
314
315
313
318
317
320
321
320
322
323
326
324
325
328
330
328
330
328
334
330
334
332
338
335
339
340
339
338
341
345
343
347
343
347
350
350
349
350
354
351
356
356
357
357
360
361
362
361
359
363
361
366
367
366
366
366
371
372
371
373
374
374
374
375
