0
3
3
6
4
10
6
8
13
14
12
15
12
17
17
17
20
18
21
21
20
23
23
26
26
29
31
27
31
33
33
33
35
36
38
38
38
41
40
40
45
41
42
48
49
48
48
47
51
52
53
52
52
55
56
57
61
57
59
64
63
62
64
65
65
69
66
72
70
74
74
73
77
74
77
76
77
82
79
82
82
81
83
86
85
85
88
88
90
90
93
94
92
93
95
99
98
100
102
104
104
106
107
105
106
109
111
110
112
110
114
115
115
118
119
116
119
119
122
122
120
126
125
123
124
125
130
129
128
133
132
133
137
135
139
135
137
138
143
140
142
144
146
147
147
150
148
151
150
150
155
152
154
156
154
160
156
160
163
159
160
163
164
165
167
170
167
170
170
170
172
172
174
178
175
179
179
179
178
179
183
181
184
184
186
190
186
188
193
190
191
196
195
195
194
197
199
200
200
199
204
201
207
206
209
207
206
208
212
210
213
211
217
213
218
217
216
219
220
220
221
221
223
224
228
227
227
230
230
230
235
231
233
233
234
235
236
239
240
239
240
243
244
243
248
248
249
250
251
250
255
252
252
258
257
257
259
262
262
261
264
263
265
266
269
267
269
269
273
269
274
275
274
278
277
280
280
278
279
281
283
284
285
286
287
285
288
287
289
289
290
293
296
297
295
297
298
302
303
299
300
305
304
306
309
308
309
310
309
314
311
313
316
313
319
316
321
320
323
322
323
322
325
324
326
329
327
331
328
329
335
332
334
337
335
339
341
338
342
344
342
346
347
343
349
348
350
349
349
351
355
352
353
358
359
355
356
361
360
361
360
362
363
365
364
366
366
372
368
371
371
376
376
378
377
