3
1
5
6
6
7
8
12
12
10
11
11
14
16
19
16
21
20
21
21
23
24
23
25
29
29
26
28
28
30
30
34
35
33
36
38
40
42
40
39
41
44
42
43
44
45
46
52
52
53
53
54
53
54
56
57
57
58
60
61
60
63
64
65
66
67
67
72
73
69
73
72
72
76
77
76
81
79
81
82
81
85
85
85
85
85
87
91
92
93
92
92
95
94
96
97
97
99
98
101
104
102
107
107
109
110
110
108
109
112
115
116
112
117
116
115
117
122
121
120
123
122
122
123
127
129
129
128
130
134
130
132
134
137
136
140
137
142
138
143
143
145
143
144
144
145
147
149
152
149
152
155
157
158
155
160
160
157
160
162
162
165
165
167
169
166
166
171
170
169
173
176
174
178
176
178
180
179
183
181
184
182
187
184
184
187
190
189
193
194
194
196
197
195
197
197
197
199
200
204
201
203
206
205
204
208
209
211
212
211
211
215
216
215
215
216
220
222
222
222
220
222
227
225
229
229
231
229
231
229
235
233
237
238
236
240
239
237
239
243
244
244
247
243
246
246
248
251
250
249
250
254
256
257
258
256
261
262
259
263
264
265
267
267
266
267
266
272
273
273
270
273
273
278
279
276
279
279
281
281
283
283
286
285
284
285
290
288
292
291
290
296
295
295
298
298
296
301
300
303
301
303
307
307
309
309
309
307
311
312
315
312
313
317
317
318
319
317
321
320
321
326
327
327
325
326
327
328
330
334
334
332
336
336
334
337
339
339
343
341
344
341
344
344
348
348
348
347
353
354
352
352
355
358
359
355
357
362
362
362
360
363
366
364
369
367
369
367
369
369
371
372
376
374
375
