4
5
7
8
5
5
9
10
13
11
15
14
17
15
18
20
19
21
20
24
24
22
23
27
27
25
29
31
30
34
31
34
37
36
38
38
39
41
41
39
45
46
45
44
47
49
47
48
52
49
51
55
53
53
59
59
60
57
59
60
61
63
67
63
69
69
69
67
72
70
73
74
74
76
75
80
81
81
78
83
80
84
86
88
87
86
87
87
92
89
91
92
97
96
97
97
101
100
103
99
102
106
104
106
107
107
110
110
109
110
112
111
114
117
116
120
118
122
118
122
125
126
126
128
126
130
130
131
129
131
132
134
136
134
135
135
140
142
142
142
144
143
145
147
149
146
147
150
149
150
152
152
155
157
155
157
159
159
160
163
162
165
162
166
164
166
166
170
170
170
175
176
175
175
174
179
181
179
181
181
182
181
185
184
187
190
187
191
188
189
192
191
195
194
199
196
199
201
203
204
200
201
203
208
208
207
209
211
213
210
210
212
217
213
216
220
217
222
221
222
220
221
223
228
228
225
230
230
232
229
234
236
237
235
237
239
236
238
242
244
244
244
245
245
244
247
250
252
250
254
252
256
257
256
258
257
258
260
263
263
263
261
267
264
266
266
268
267
272
271
271
273
273
276
274
277
278
282
282
279
280
285
285
283
286
286
289
290
289
290
291
291
293
297
295
300
300
300
299
301
300
305
303
305
308
310
306
311
311
314
315
311
315
315
319
318
320
318
320
324
322
324
323
323
327
328
329
328
333
334
331
335
334
334
339
340
340
338
339
341
342
342
343
348
346
347
348
349
353
351
350
354
355
354
355
355
361
361
362
359
361
363
365
366
365
368
370
370
369
369
374
376
377
376
377
