862
304
1630
309
1423
162
1354
1482
1500
1527
192
500
1262
405
344
224
1097
1257
323
773
329
688
1099
1329
871
353
698
867
772
1671
147
528
1554
1522
1689
1506
56
471
371
251
292
770
596
795
1199
313
141
1238
472
868
290
106
1228
696
1640
1613
1747
113
1455
1458
1164
539
1499
1364
1746
1204
1255
1176
37
844
1175
62
664
1148
102
1516
1566
1654
959
721
259
308
881
316
985
689
349
984
379
801
1093
48
799
1293
1592
1010
1329
1481
517
106
291
550
82
982
1428
316
1001
953
986
1722
687
3
1630
285
981
35
789
1172
1724
1688
30
586
1122
1680
1376
409
1601
979
1217
1644
1463
1601
636
772
736
913
635
1185
1272
1229
82
642
619
1481
1404
777
1104
896
775
883
922
1413
479
505
1226
315
777
452
1047
1628
378
364
65
1058
1323
154
1278
160
878
1366
627
474
679
1154
687
1492
1360
1662
28
808
1365
196
1141
1677
1227
1472
108
423
1634
1372
1253
1629
813
1577
435
1551
170
1628
845
514
470
1645
1082
1722
1321
1601
1435
653
1473
861
1062
1505
57
692
890
1326
1130
1045
590
350
140
1446
1732
895
1553
388
1318
246
1638
1456
1351
1173
260
1651
1607
740
763
811
1411
700
263
1005
1338
949
1600
387
652
659
1399
947
640
807
1313
1399
134
1332
1604
1288
720
633
807
257
837
674
483
927
1706
1709
497
851
716
1256
1372
1517
862
1622
788
597
1330
33
1000
233
812
232
1129
1084
469
1578
1157
935
1053
1298
943
389
1148
1273
1530
1195
283
1465
2
743
1750
1255
1607
1218
1444
644
766
1577
317
1396
1285
1336
1044
338
1079
692
856
797
406
1132
1288
237
497
570
169
536
285
986
63
312
977
757
1323
1605
457
1538
1434
681
213
1738
1551
687
1577
1523
1646
13
123
284
792
320
675
264
537
1722
1352
1055
776
207
1424
436
1656
1411
1497
1334
817
33
1602
1456
1327
735
1146
169
750
161
235
393
218
1039
1264
363
88
22
1447
1337
1725
457
990
11
750
119
65
1367
1027
1632
626
1692
512
300
316
637
750
1567
1220
1055
665
1540
865
576
1450
967
1451
8
1166
1041
898
781
1256
74
1359
899
1037
1043
1117
1703
101
411
1118
132
1742
840
37
330
911
879
1298
995
1318
292
369
1306
238
1241
1202
1427
571
878
1045
965
11
386
457
442
1452
312
1273
333
337
947
1076
1151
1409
922
1142
1339
1159
1292
173
191
1590
1395
55
1019
575
413
1435
724
311
562
1531
1366
1726
914
524
420
320
1507
720
393
1747
1498
1564
1574
863
525
958
28
1690
581
743
5
996
1737
202
1129
1578
1145
647
789
117
1024
831
625
1597
1426
1276
811
881
893
1284
792
1248
404
792
778
675
1283
650
181
826
1099
1229
1341
954
1103
419
1053
1457
1014
1417
159
1653
1451
720
121
700
73
284
613
1213
983
1290
859
1202
1294
1624
951
1212
1144
504
1433
54
1709
1159
1052
334
1405
422
1636
61
1173
1701
1168
125
538
736
856
1254
1341
44
1051
1297
1047
1234
962
659
987
22
1068
59
927
295
1359
1176
947
525
1668
218
1392
214
1498
526
838
1041
420
1047
635
289
120
482
1381
453
1260
1676
983
1360
320
988
1716
758
1309
509
704
1719
1182
78
222
282
461
1207
574
954
1052
1601
916
1600
1384
518
982
1223
1003
689
236
130
301
579
286
208
16
510
1666
951
513
643
1012
1010
591
1439
1530
711
424
494
1308
54
238
453
1218
1672
516
27
869
382
1132
260
143
1190
1714
935
71
235
189
294
284
1726
815
180
566
1472
377
1616
1523
87
120
1135
172
1127
1623
1569
720
1297
994
899
1161
1409
781
110
1397
1095
1424
1454
850
1609
419
607
622
832
1438
650
441
275
356
804
1197
435
1566
1025
666
128
778
1106
405
421
745
580
1157
60
701
898
779
582
12
1706
168
255
1020
896
616
110
348
691
1252
414
148
613
1473
1300
887
1007
691
718
1544
1672
360
83
297
512
851
894
1413
730
221
520
1080
1320
895
1586
1728
238
86
1451
171
1727
1403
508
98
102
1175
815
1137
1640
934
374
1319
1188
22
1106
891
1072
605
24
25
1151
1534
747
1029
16
21
579
1169
790
245
1011
1173
1470
1372
1532
1180
749
464
1191
333
389
22
141
1501
506
1697
106
813
1236
1402
21
1147
6
322
1256
233
1195
129
85
859
1718
1363
1583
84
373
1233
1250
331
1633
1347
1690
1521
1307
394
634
352
1018
740
527
482
156
739
1040
370
37
1623
1690
255
1470
1097
1169
783
93
879
1242
796
1710
270
1263
1143
36
789
790
736
178
1541
750
711
314
161
1463
1514
878
1149
73
891
1674
1449
308
1378
1151
974
1233
1127
66
193
1131
1589
111
1657
397
435
763
128
433
1337
1473
1276
1069
1109
1237
1300
169
318
1399
991
1688
1048
435
313
1395
920
509
1230
362
878
528
1143
83
1432
467
518
767
439
354
829
660
773
1025
476
1292
1244
391
1264
1338
500
43
1035
73
658
535
1314
475
694
1670
1480
1230
1064
798
466
70
1175
1492
1010
1023
1186
666
538
1154
1342
1315
937
1229
722
706
173
614
811
106
1645
1177
916
912
1202
955
1207
676
1501
379
971
60
1098
614
1258
1030
1547
172
1526
416
1605
810
888
1096
1040
805
963
334
382
1448
787
353
998
683
1098
739
1245
579
345
1329
1692
37
1529
580
212
699
890
585
927
326
667
1583
513
319
938
1179
761
775
1007
823
413
284
291
1435
131
887
889
454
326
1144
840
1698
118
1256
809
917
426
1177
1726
1336
438
1380
1421
858
1186
1750
1627
257
1315
554
575
118
1614
954
1620
1600
808
74
1741
613
1471
1107
1109
373
857
1237
1356
675
1205
489
481
1369
335
219
389
146
1681
71
1224
811
379
1597
447
29
1356
973
1034
148
541
1121
921
1705
568
1056
1181
71
1005
908
1004
544
166
810
542
428
793
1577
1120
25
725
1352
936
104
1621
348
1436
616
1472
1278
468
79
771
1579
200
286
270
1259
1578
594
338
1428
612
1640
1268
845
362
428
842
41
789
755
1103
1520
549
453
1051
639
1074
57
367
1129
1266
1614
429
554
127
579
246
912
769
1699
1198
587
125
24
417
539
1134
912
776
434
547
187
64
1344
1478
616
60
1271
431
831
76
428
1040
512
981
386
1134
315
649
414
415
1738
1001
1740
160
1485
1132
855
1391
1102
1165
223
1572
972
1596
229
1675
573
1235
335
12
1373
522
514
1175
845
1345
859
1003
557
1250
535
369
149
541
354
332
1620
1439
290
781
338
772
1734
319
1491
728
1146
76
1216
1536
783
1662
138
1679
1253
298
164
1080
947
1183
1440
1686
1459
1646
932
1325
1680
397
1273
311
103
331
1023
1432
777
955
880
151
400
584
1116
433
53
260
1296
1330
1184
1618
1210
1550
0
928
1426
1239
936
37
1058
1746
1454
284
156
1579
162
323
138
1356
1345
792
640
1383
1733
1656
474
228
680
1355
1283
1737
1205
670
1447
785
625
1135
194
1087
1460
1359
346
1750
1736
1498
710
1386
1655
1561
396
1089
40
1506
25
288
1371
895
28
250
775
1559
1117
496
802
428
398
1383
713
1311
1581
1214
73
1117
481
65
929
261
374
1204
457
1325
615
1435
304
772
109
1263
416
1636
1071
1644
568
1252
1095
407
902
877
1158
504
1728
1234
462
1666
887
218
1145
731
614
1482
1542
541
901
784
1591
1078
1089
1727
73
487
1586
1455
782
717
1392
1340
396
383
1119
497
75
1080
74
295
1168
548
340
700
419
336
913
223
1426
415
1229
1194
1020
7
1253
1146
135
634
325
884
1678
1416
1197
1458
1423
1028
512
1455
1112
1231
60
1145
93
229
1093
366
424
1055
344
719
232
554
759
158
693
1377
1637
900
601
22
264
1295
1525
719
570
1106
1707
367
1342
1118
1017
521
753
1423
992
1395
204
76
658
193
523
1039
91
1738
592
1705
55
1396
152
1631
1391
470
758
1107
893
20
745
732
1010
1411
250
842
39
1008
103
81
1507
1516
178
836
1089
656
1346
1318
117
1535
1488
1066
187
3
1695
216
1556
1495
17
105
225
177
626
544
983
954
1699
1492
1325
341
732
574
800
409
1077
1115
216
552
1336
522
1191
0
653
757
569
1742
785
308
764
443
490
46
1009
1309
692
733
161
1605
1059
1516
981
947
367
630
777
678
1305
1280
1638
673
1596
153
613
761
213
619
1671
1286
272
326
2
744
1107
1044
241
1461
673
1654
1110
1371
1714
685
991
1729
678
1069
1642
116
1083
648
734
705
1640
772
516
1579
532
839
989
1731
648
843
570
450
556
433
344
1684
141
879
1274
792
277
119
1608
598
531
1630
1695
128
1239
339
1049
1019
1157
1049
713
31
628
1720
478
24
1293
1679
215
108
727
1321
1150
1184
1008
1692
92
1090
28
670
354
1213
1679
89
1287
561
1419
327
948
97
697
763
1553
493
1539
560
1255
86
800
1029
1690
450
386
1117
816
1256
610
655
527
660
345
1283
1089
1355
1639
780
1459
650
375
1665
416
787
1656
1668
1404
752
981
1370
67
94
1252
852
1400
1476
1475
647
