977
349
86
889
549
1283
1511
623
1257
333
613
1109
1632
180
722
71
649
1033
349
1405
471
381
1010
605
1281
105
1582
728
128
198
176
1542
533
1084
1406
254
993
1502
50
1627
68
1695
1354
1061
11
174
1748
168
306
1588
913
818
1693
13
403
760
239
1532
604
157
782
588
1458
64
1061
1129
506
1043
670
1435
1463
296
800
1625
1308
767
189
1750
1452
63
1563
556
230
150
1107
1363
267
77
345
5
1286
1002
1622
468
1240
1190
1714
339
1042
1324
86
827
1066
915
84
383
1061
1286
722
341
1597
465
842
614
1278
907
1343
1190
1545
622
1604
1413
1594
143
1278
269
1494
503
894
745
261
533
1560
371
882
880
455
1462
1500
281
938
335
100
857
903
441
936
1641
1471
260
596
647
517
545
977
1531
246
547
1181
1281
145
1085
1664
948
31
70
1687
175
1069
939
107
120
1225
731
1390
551
785
248
1056
1660
149
417
1624
382
587
1276
661
1013
1704
354
747
1150
199
613
92
776
1423
1557
1495
198
1522
597
245
390
563
1063
549
1657
198
1168
480
508
1707
1398
1135
1113
63
748
773
1412
788
107
1325
162
362
1730
814
1063
504
1730
1269
892
547
1080
1074
1096
318
521
966
1020
773
1669
1725
1294
954
1714
261
1322
442
1280
936
1014
1515
962
242
564
816
699
1659
793
260
1542
1542
174
1262
1501
952
1152
1738
1588
12
365
1534
303
1119
223
1201
954
1710
432
535
194
277
1156
1597
1699
752
198
1217
1249
1010
1645
11
802
765
1595
782
573
211
1337
495
420
649
1018
1334
1056
1653
249
101
875
565
1484
840
1466
1269
947
1505
418
182
335
1390
590
1035
602
1501
469
1017
1243
249
1074
225
1484
1236
170
1734
515
1061
985
605
934
625
1099
913
56
621
1019
618
390
6
575
76
1166
104
1386
526
881
229
977
1032
725
890
97
32
754
466
281
1458
39
1503
511
626
1403
1407
964
1114
472
1152
532
675
322
274
1113
1028
1621
444
114
901
55
1710
816
1179
1715
1223
1385
698
540
753
1077
253
905
57
1636
1409
584
1727
400
814
1292
488
159
301
851
376
559
518
439
237
859
971
587
117
196
887
945
886
558
1209
352
1138
725
258
1287
1371
1387
551
1552
453
1279
1057
68
1032
764
1168
176
198
804
22
494
1425
43
1310
717
1387
1650
933
991
1219
884
1483
1290
1004
480
1457
1310
1156
73
144
3
1511
1085
954
1356
1114
191
329
750
404
1634
745
1139
299
1482
499
373
97
1089
942
1323
1739
111
673
769
120
1688
710
1532
650
622
1491
883
489
1585
1735
279
1106
88
664
637
1401
950
430
1132
1213
1601
586
957
1679
770
515
951
643
619
789
833
57
1500
201
399
917
1700
254
1133
1063
774
1645
394
628
1690
1541
411
412
190
867
1376
542
782
83
1622
1184
981
1279
652
774
449
745
1670
306
125
252
1293
1738
1242
494
455
185
664
597
741
845
1651
386
478
220
784
878
497
1058
704
1076
1666
1175
67
1132
1294
1127
158
316
656
864
457
501
1064
633
954
235
1421
799
41
765
1732
765
31
1307
1166
1219
560
303
590
262
1566
978
1430
764
562
988
1006
226
358
1337
1371
745
1402
945
1686
735
666
642
441
50
222
123
908
1416
1747
563
921
1269
556
271
1273
491
1407
1057
1713
9
1657
154
1747
168
173
1316
1275
1338
279
747
1382
944
522
1348
189
107
1618
1574
827
246
409
1649
1613
1108
9
735
173
825
76
1536
1555
1578
1226
654
845
1074
1144
374
1210
7
364
307
546
1117
442
1443
757
1239
1041
379
891
560
591
1368
368
1254
864
989
1420
754
26
1013
981
1463
124
237
1566
816
652
662
1138
19
1100
22
1340
818
1597
1022
958
434
1293
1431
713
755
1295
209
225
115
582
1571
552
1572
833
1638
90
438
1516
939
518
675
636
1519
979
570
1746
1319
482
1474
256
1466
1668
905
377
410
718
1112
620
1615
16
1724
585
300
1361
920
694
1273
716
1504
1407
343
965
293
1692
1613
1594
1635
313
1722
1591
951
1100
311
996
1401
1520
1527
1196
988
1151
1182
1340
482
793
1532
1292
1507
1722
566
1221
812
1286
1271
1737
826
1492
312
460
841
1359
204
504
516
1575
605
610
189
618
167
552
1296
229
1264
137
119
916
1255
372
238
1374
1665
949
653
1315
1406
1640
1229
1735
140
1184
1726
335
1290
1405
1480
778
714
1349
526
434
428
671
1742
266
345
425
661
1680
573
152
1076
1332
1119
884
688
207
1525
1298
587
204
1453
1126
910
588
701
111
793
1143
1651
399
1341
288
765
938
1181
1116
341
44
739
592
1399
933
574
373
479
1230
1176
1231
601
1440
1729
778
1063
631
1591
1534
455
210
1320
1245
74
1515
249
777
138
1573
168
447
1412
551
5
181
1676
406
1552
1135
1628
155
883
165
1219
850
295
367
1372
1027
463
619
762
1029
30
742
1327
934
1157
1152
346
906
1016
1571
867
1711
974
1026
641
560
1439
1015
429
1625
424
1604
1287
1324
33
1369
1120
1128
1523
1683
718
1555
814
1071
1456
1526
638
1181
1727
1022
249
1565
1457
1559
1644
544
1190
195
1573
716
1345
1682
249
1438
1267
450
1411
1516
495
1173
858
1561
1278
122
1354
713
14
658
193
1589
316
1725
1551
1184
1554
1225
553
1682
40
1648
1745
500
1159
552
135
598
133
766
477
83
225
1144
1729
365
948
955
1419
1162
870
227
909
1041
1492
359
946
717
887
225
602
1148
1501
1322
409
636
700
1345
1288
745
203
93
1732
734
1638
572
451
1586
274
244
1439
207
682
1569
1011
1304
907
1502
229
1433
356
1685
214
28
128
840
1218
980
511
814
1315
1477
1652
1369
1440
1691
870
4
46
271
510
681
1326
780
1440
1286
884
105
615
640
25
1408
89
1164
1005
1249
722
861
1386
750
1476
274
321
656
1620
1322
597
1179
1640
1638
817
220
889
1747
354
164
1018
518
1046
277
158
1591
1050
1039
1494
1269
287
286
744
625
1239
340
1354
1598
845
1515
361
772
667
1318
1069
57
651
395
718
872
244
1617
1434
1049
1254
1334
1019
1639
1250
1319
1310
778
289
27
1678
1257
242
961
791
1258
1534
825
471
848
62
1064
326
1638
48
37
996
1301
463
1749
939
748
474
507
1092
1153
1520
816
1486
1565
812
1436
232
976
1216
148
1402
553
424
964
660
743
1378
120
1303
1527
488
1495
820
267
320
706
1587
1681
1346
1538
951
1046
1121
10
879
916
1547
1433
108
593
1062
1606
1334
771
115
146
547
668
968
491
1326
942
337
1261
1069
541
681
1460
18
392
185
1676
582
959
1316
368
613
1165
925
654
1708
46
1702
806
1349
1526
416
487
1149
1016
1219
272
346
919
712
802
1586
1643
678
830
205
968
129
271
190
1271
853
608
1189
1164
921
671
738
657
914
1004
1750
89
1180
766
656
1493
1512
688
446
86
1535
939
363
806
743
994
800
760
456
211
1726
315
1708
595
1736
1478
1732
1458
208
1452
1164
175
544
1610
845
1613
1401
748
1507
892
779
304
284
69
385
1075
198
1667
1163
1289
222
1553
1171
1534
212
588
1646
1604
1747
861
224
1205
600
1057
668
1239
208
1216
405
1165
592
1570
535
1116
943
1414
809
1394
139
1163
1726
200
1022
501
1659
346
520
1550
513
1236
1707
1472
1632
257
546
798
1609
929
1351
449
647
89
773
160
1581
1392
5
414
386
799
1509
1414
1425
1166
13
1380
55
837
23
4
84
1732
1046
393
155
1024
1720
1243
1730
1678
781
1168
1168
1395
423
1154
1563
775
991
1512
798
1330
886
106
1592
116
1199
1586
577
614
1422
228
1319
1073
744
1003
285
1372
1729
1491
1303
1160
1086
1533
296
1133
1321
716
1063
1386
1459
1382
1312
1015
457
498
277
726
1594
518
1712
1204
1394
655
549
1271
1269
147
1102
1535
855
1299
929
618
521
1693
1596
1600
113
508
854
1304
1226
1206
562
296
1573
1241
1091
189
851
1366
1291
1454
652
1321
694
1180
169
1449
305
253
196
730
743
585
479
1152
1543
1663
94
1343
1718
342
1560
1176
1312
1312
968
683
938
251
785
1442
1079
486
1518
1231
634
356
1205
1110
1158
1408
554
314
197
545
372
751
50
314
213
987
1057
673
898
62
1084
799
956
353
875
631
1563
869
1036
739
893
979
1002
1454
1350
1580
473
100
1280
1747
669
412
10
789
1454
1601
1523
1445
1509
560
231
1182
26
243
315
731
1652
205
643
1110
1573
1707
780
1243
1439
1079
665
1443
327
798
1560
1259
1220
1236
39
736
325
10
16
105
30
1269
1707
1023
1023
1570
1288
1327
1435
306
1336
1191
783
683
626
1325
790
476
1110
1157
718
919
1095
257
1747
1074
256
549
3
1387
775
782
1
456
33
534
1710
955
1656
752
1569
769
1661
997
685
408
930
1439
178
1718
1421
1088
1411
90
63
1640
197
1274
727
684
616
770
913
931
620
1670
1325
1454
1603
18
1700
972
1320
1346
1271
1098
1179
327
384
483
1391
39
1310
1028
1033
272
373
1338
1415
1128
828
547
1019
1624
1695
864
1453
207
1229
2
1633
591
615
316
199
50
1
1299
