1485
1146
333
9
957
289
1109
1153
477
1654
176
383
987
1173
949
591
664
769
1147
1512
1571
955
1397
926
547
1072
1499
1415
354
875
720
299
1534
224
1367
269
66
522
562
269
12
872
68
296
58
1716
1323
955
32
1230
631
945
1690
922
1317
1045
17
553
1354
1473
790
548
1038
632
1440
1024
921
1702
166
1659
382
740
1567
494
870
956
1357
906
322
1478
744
397
918
1162
176
860
1086
1343
551
1413
971
442
148
870
286
1550
527
1453
1737
168
945
1667
539
1437
802
1365
1268
1363
599
1268
1216
1491
566
1408
180
857
1721
527
938
929
228
278
522
45
957
1438
410
623
1414
967
244
217
1548
129
284
1617
1537
797
994
915
185
1406
653
1618
460
336
1706
501
326
150
351
746
943
329
731
1371
856
1075
874
1708
707
386
824
1736
1452
684
1274
962
444
1099
1467
1126
261
394
1150
1044
454
546
1173
847
1692
460
754
964
1415
867
1342
153
842
145
1606
431
1554
1444
1597
1710
277
660
1397
1097
1336
1588
867
1227
1445
1195
1233
1054
390
96
1266
755
1331
1352
426
1413
1034
1539
285
654
1032
1025
162
136
45
322
926
297
1126
441
1419
696
1676
194
795
1050
905
1135
184
292
708
372
39
1368
51
1493
1624
114
1374
1000
1041
1590
66
876
195
1567
865
614
723
1461
1236
698
83
1406
46
1530
1490
260
272
782
1748
1710
1705
259
734
951
1182
839
1112
1211
904
354
1412
1156
790
102
129
700
1516
1286
582
1316
11
400
242
461
509
1296
1006
123
389
343
293
626
1640
188
1157
1641
1641
1742
61
1240
820
621
143
1422
1158
636
1192
1442
562
500
1750
632
644
1201
823
789
1649
271
1622
1282
698
1693
891
540
1698
842
1697
89
962
1190
1608
835
1621
676
394
1061
1540
1112
1180
626
694
591
538
617
1551
781
1576
1620
785
1240
614
616
483
1024
922
1673
1126
1634
965
1329
1514
931
238
267
1171
1576
444
1126
1169
481
1565
989
1464
98
1700
1660
1176
109
980
254
1492
771
726
923
309
1583
1652
579
1239
357
469
635
1484
667
1410
1557
141
408
1524
80
1275
1022
1654
1502
102
509
752
474
110
1188
1121
831
899
1114
1174
1410
305
321
1670
1159
327
480
344
326
212
1557
887
1686
1246
970
261
563
1168
677
759
705
1341
297
168
1283
1693
1545
185
1262
1418
1339
227
1325
1227
430
1515
1065
1685
842
2
1187
726
1599
1595
426
1296
199
743
1177
1107
163
874
694
1344
989
23
1138
116
439
1536
1392
792
1067
1319
1687
1011
28
94
797
995
961
1626
1078
813
936
37
489
476
383
29
1619
1454
627
805
877
184
1326
1109
1669
1080
1660
349
13
1334
1187
1420
459
1218
1634
1365
821
1294
1393
1029
1720
314
1428
935
947
1502
1423
1749
189
1220
1713
1355
1487
1300
698
1013
243
1682
303
1049
173
1399
1306
1700
1487
1701
1007
1282
909
613
950
1377
318
1178
1167
714
857
709
846
683
898
153
423
196
325
607
196
494
963
911
1516
559
1344
1315
1038
673
823
1735
1232
1112
934
677
422
286
1393
1683
736
132
1293
887
646
762
945
824
625
1105
374
507
576
164
1054
1
1704
913
308
739
647
33
278
1565
1514
302
555
763
773
559
1652
168
353
503
1354
1048
58
668
547
432
626
622
1180
1461
958
19
1638
1347
13
922
705
850
638
1602
325
391
636
1254
884
125
1066
1154
1
1077
1528
811
694
1515
1473
255
843
225
843
417
402
141
988
728
1240
675
1304
1467
412
1222
803
1164
185
446
1330
1323
50
907
1145
862
1259
1198
1347
530
1712
1484
930
1508
1384
1164
158
1553
1047
921
823
126
1662
1606
560
117
1365
1640
1633
1513
555
994
1426
1222
999
1627
1696
1634
1467
502
1135
405
1211
1442
1645
250
1011
293
579
396
292
745
1201
1681
805
550
1308
6
1128
328
1197
29
1102
1086
1194
1085
1610
1717
403
990
1055
1086
665
263
1052
263
1355
222
67
938
807
283
357
760
146
356
1678
906
473
1674
1348
1239
288
741
158
1048
1724
821
1335
871
948
1445
1727
313
448
976
813
1583
915
1671
1434
80
1607
518
954
1221
456
1050
1109
1259
1648
1708
510
1623
1701
137
1051
916
1637
27
609
1476
1484
1731
1438
365
1418
1197
957
1510
367
166
1463
681
332
977
555
643
67
702
658
1621
539
391
1197
888
818
82
184
1709
140
1236
1136
808
4
1473
360
731
1411
36
1266
512
907
995
1291
94
860
95
914
1718
789
1703
999
436
38
368
110
366
888
1749
79
1467
497
53
1722
484
708
1255
1163
732
803
985
1698
544
353
220
238
658
1483
210
275
1516
259
1314
858
1361
1441
1553
338
608
288
1301
1184
1301
1732
1163
285
568
694
628
1277
1618
178
1394
1721
1253
1059
1381
1739
1609
1573
933
1750
1114
426
363
787
608
1086
342
163
1254
475
974
899
1305
843
974
1738
1479
483
727
513
802
1170
1099
464
1059
446
811
793
16
551
1101
1253
936
998
430
1117
1693
0
560
1540
123
1597
1441
1699
1161
1655
555
958
1524
1459
1128
566
1551
648
1086
743
718
1298
91
217
897
1293
760
1399
506
625
194
739
711
75
278
576
953
1745
433
1217
1568
1109
904
956
922
1173
1140
1632
0
29
1552
908
0
1211
1405
1414
506
1079
1318
1404
307
70
1302
319
1295
211
85
571
267
47
794
1140
1424
887
1605
500
1121
680
1084
1126
1726
1317
180
684
445
230
1592
246
1291
1508
1126
287
73
974
939
975
1023
1630
1729
501
534
1199
332
367
1156
1666
486
6
1347
268
692
1005
107
1190
1280
1054
1422
1256
492
576
368
1493
1192
1076
341
384
922
324
546
1509
72
364
760
578
679
1054
995
606
1535
903
94
1418
800
1609
334
668
491
1393
85
69
241
1067
1546
288
1168
1149
1331
1624
694
1236
1705
1081
1191
873
1706
1110
1621
35
1722
97
1598
742
111
444
1711
1265
1376
504
6
1229
1178
751
642
1013
282
273
1247
618
388
105
126
1346
596
1106
222
926
1168
1510
716
380
1703
1145
839
793
357
1116
209
348
1552
252
1111
1075
1353
1744
644
446
506
1537
300
1262
945
849
29
1592
365
55
481
1018
689
1444
1674
1486
296
870
786
345
902
1567
179
1750
841
1067
952
215
581
23
438
279
1468
968
698
854
1679
1103
153
662
245
456
50
465
412
1135
1390
1298
322
697
369
865
629
308
1084
241
170
1332
1588
1
805
399
785
158
78
1667
1550
1032
1268
1663
1380
1364
1506
102
1
684
90
146
163
1605
1023
941
234
374
1672
350
1169
1568
1075
360
1424
1591
1500
583
1457
504
1568
348
868
127
400
790
1507
92
1504
719
264
980
503
1210
1190
36
358
228
625
558
870
536
384
137
50
1025
1513
1564
832
1322
1643
1745
76
953
1535
879
532
1006
324
361
433
477
1269
1414
937
1362
1461
127
1367
1248
1644
275
795
465
841
1115
1401
290
454
1656
665
1159
967
287
993
157
1290
1641
327
389
1035
960
275
34
866
597
1168
908
1091
720
1102
34
1746
1078
164
1422
654
1737
708
943
1562
878
267
1467
93
681
1179
857
307
543
1085
1321
241
811
1465
1452
332
700
1160
1347
1739
1237
508
297
1445
458
1278
1494
35
906
428
1036
873
945
741
1346
1269
1503
1470
824
86
452
233
957
1015
160
1605
755
863
1258
991
1224
763
410
948
1384
278
693
149
1145
353
114
1669
1469
530
295
991
461
1365
362
44
1142
1236
1081
1230
249
1740
766
1493
433
409
312
53
477
553
66
371
1661
664
157
536
1273
975
181
743
139
266
1134
768
1143
1690
1685
776
365
1182
976
1215
1111
162
640
487
225
1545
1386
121
842
1324
467
1635
312
697
697
1648
718
1213
1565
263
20
504
424
1197
83
1090
1652
1408
663
1072
68
1154
244
732
625
122
1702
314
172
450
1588
165
14
987
798
755
1542
1569
1167
541
1158
184
1664
1677
529
1146
562
731
354
1343
1455
1198
1641
1208
513
589
1384
1010
1604
1074
297
109
443
15
1224
195
316
1631
137
247
1441
1174
1054
208
494
746
174
436
1321
145
1131
746
1662
101
1710
1556
885
1165
1013
1532
751
1652
383
787
773
1069
1123
696
1435
448
434
1305
344
483
1286
1243
394
240
1162
1255
1149
185
218
1747
78
252
472
982
315
1667
937
924
783
1032
1501
924
813
623
38
1088
931
1516
398
603
1597
1568
37
1186
945
1686
1198
1052
211
1122
1565
1229
7
1196
997
924
647
1599
598
592
1117
33
1545
979
1582
1652
258
1466
472
624
429
286
995
149
1187
70
1478
904
468
619
539
662
551
1709
507
1569
1045
509
919
49
565
204
1122
1158
661
690
266
985
566
1679
902
1002
1476
441
1631
600
46
71
49
1284
666
131
406
685
1208
1643
629
308
493
484
1645
698
1383
782
787
946
135
176
1415
981
227
317
1040
665
400
876
1103
1412
1236
1118
817
1392
272
971
271
467
836
1681
1147
391
83
496
940
1614
1500
1490
1134
749
809
1299
362
46
1689
473
140
1470
1551
578
622
503
1270
1342
1747
