612
535
1713
144
1199
357
1169
1221
1181
972
818
350
804
1487
1683
94
1357
115
246
952
139
656
83
555
1125
210
329
471
382
36
106
710
1102
74
1632
855
1006
558
1688
571
408
1152
1745
1517
1632
1646
176
1529
1497
323
722
675
915
1391
15
174
238
1507
212
734
284
709
1261
652
458
66
846
969
375
206
1446
75
1304
1436
361
1156
963
1594
271
22
750
1368
502
1394
629
29
57
1018
603
955
679
389
1485
1064
1338
1551
1205
571
640
292
871
755
646
648
690
670
1582
1666
439
1445
1214
1611
568
1587
556
1353
1015
149
372
1712
1258
385
725
1319
1368
344
401
1442
1607
1501
96
1097
1509
1714
1744
1542
157
1429
237
1481
637
1097
924
1188
285
276
910
117
1190
615
792
1726
1704
1684
298
731
597
1217
173
815
1727
813
134
1234
1293
834
1215
1018
763
186
1461
179
1329
1616
631
1103
1059
1726
339
141
1169
1181
83
141
672
425
42
1077
131
168
1609
361
1105
1456
829
1740
650
628
493
595
1648
297
1300
1588
708
1139
1055
73
53
1079
164
114
353
1450
865
161
500
408
374
889
201
981
710
96
539
1320
1256
640
1742
1522
1139
705
778
896
810
1638
51
427
943
929
1117
95
971
771
1169
365
1386
1544
453
223
274
441
824
1215
1115
737
336
1167
1096
22
1585
709
156
474
707
39
761
1072
211
1601
463
140
407
1569
290
346
164
1667
571
339
943
989
1537
1094
1284
626
1722
1106
1604
575
1058
1748
96
1399
119
233
37
1605
1589
1464
1636
959
167
1340
1206
775
1720
267
1258
154
1666
521
1344
1208
753
984
242
897
229
88
1224
837
762
1728
112
813
1222
653
460
185
1150
1235
364
1664
1602
559
1336
371
176
851
180
1409
192
1288
183
984
289
362
566
162
43
486
877
395
1023
1144
703
576
1622
1206
917
1618
285
1077
99
1333
14
1031
49
1343
1415
86
659
291
1277
208
527
1226
748
5
204
834
1145
1259
810
177
585
671
859
1362
881
1729
841
1060
630
1308
1246
15
1305
360
1572
545
1027
1265
1018
872
998
618
425
697
921
1106
1718
942
467
65
879
1117
1170
10
1546
1253
153
327
851
290
194
515
1657
88
158
877
441
1240
160
607
991
1495
738
326
1172
1518
217
549
1642
180
1003
1598
597
812
844
229
147
1620
1268
1
191
870
1565
1483
832
1536
1335
260
804
841
327
1072
673
929
82
1272
733
1151
1076
99
1282
1359
289
1733
898
445
889
652
611
402
99
867
987
856
903
1033
1573
950
669
445
1610
369
366
123
1216
1631
1722
917
1650
933
1328
917
886
283
878
815
374
1148
1672
653
1418
653
203
964
1476
381
361
1077
1025
1689
840
1566
580
170
1358
1737
135
1717
40
1658
302
842
1465
1439
298
1669
1504
1408
243
249
1124
1212
416
1225
909
1705
1672
54
217
1325
1214
1161
1486
577
1317
971
40
941
935
406
1147
610
137
1003
1615
462
388
1543
480
1548
986
1424
749
1094
1220
915
1535
1724
409
1230
713
614
311
1606
1371
1540
988
878
1379
1561
255
277
1124
1435
81
869
129
1089
426
276
736
581
1744
1616
122
390
133
581
1679
1578
1450
215
924
731
457
602
334
396
977
1280
997
1088
885
577
1540
936
444
886
1304
706
120
341
232
91
289
1188
1671
783
187
1690
546
154
123
475
961
689
1201
1717
574
589
1211
1214
1022
1593
576
508
1707
407
272
609
300
1002
969
661
1629
1420
1649
1263
1170
967
1349
143
705
540
283
392
1209
1485
1544
889
437
1526
383
285
208
1506
388
1175
1339
1277
546
502
217
858
799
1533
1240
413
1164
297
177
1650
1173
1294
629
866
1278
865
105
1334
438
1510
1626
42
77
1459
313
101
1302
265
836
668
686
931
842
1149
1153
1213
1102
1149
353
69
78
467
1684
807
45
280
274
1429
362
551
1066
699
878
1630
39
1623
165
381
177
1643
603
1150
956
676
1411
1509
131
226
406
733
1354
1368
136
1083
1189
1319
1346
264
1067
704
1603
287
548
1042
453
881
1188
1191
639
593
1354
1629
876
525
1300
56
79
1502
114
1168
1649
734
1069
238
650
1531
1406
718
1123
797
1042
86
458
6
1307
643
763
1568
1635
1744
1511
139
895
945
528
393
576
214
1028
1261
1350
157
39
1339
484
521
1227
478
198
604
303
1497
856
1717
855
934
1172
720
1059
1655
315
900
337
174
1494
1060
1579
14
770
834
200
1246
448
1700
1452
41
1130
515
29
1036
826
1299
248
1289
512
940
626
907
279
848
1484
1553
246
1721
997
524
877
1604
414
1133
1633
1288
851
1612
595
47
1005
1347
592
1362
972
846
1126
80
224
284
798
1392
1433
318
1324
464
1030
560
1012
1288
169
1734
318
1343
1716
606
1096
1491
1160
1182
1541
1583
1447
818
88
1043
501
1013
1436
1159
621
910
922
985
1593
1481
860
204
1018
24
1396
1654
1631
83
973
412
1430
292
1444
875
1196
931
982
1384
40
176
13
513
1455
1425
738
772
602
844
846
738
609
1307
325
1625
26
995
1621
443
306
963
783
262
1329
743
64
826
155
989
210
250
1251
917
1655
1746
1487
411
615
54
626
1275
309
1139
691
662
399
646
703
1224
626
1512
1263
838
1729
401
1179
559
405
917
115
72
335
216
1212
1637
70
1569
505
1596
1705
1080
382
468
317
196
852
358
417
1135
467
147
1264
1122
389
1461
407
233
250
202
1658
865
141
927
673
458
1213
813
575
221
162
1624
1641
410
1488
344
1307
887
938
1361
830
1457
166
26
657
352
888
21
145
711
1132
666
1608
1055
1686
412
43
345
1530
1451
1090
1411
381
1381
558
1020
154
438
1255
1247
1553
487
1525
1132
955
1511
705
645
1719
434
288
488
634
419
842
24
1413
1615
252
241
926
843
947
1709
428
778
1616
1021
1592
925
1095
168
886
583
1298
521
276
1248
334
251
390
342
1283
787
411
73
501
716
1669
1634
938
235
615
1735
22
888
389
459
1259
549
1130
54
134
399
1136
577
715
1344
957
206
218
1682
735
648
1676
606
144
1399
613
1504
174
1149
958
1376
1714
1410
244
188
1749
1402
767
1738
1006
1506
361
1056
991
1653
849
1695
1346
1439
1340
137
653
200
571
1643
1502
998
1729
1343
482
386
983
1596
711
1573
342
902
1258
1177
298
1149
76
816
98
22
334
460
1006
640
753
1212
1174
952
897
988
1285
4
437
1080
1186
819
773
976
918
825
600
505
1484
1707
103
416
479
891
182
1029
118
865
194
1630
912
175
118
1278
738
597
329
861
892
1424
1371
1307
34
1624
805
434
619
292
39
941
404
796
160
1366
911
265
398
1733
1009
1406
1036
1487
1368
1239
1340
505
951
472
181
1244
1678
161
773
645
758
859
1640
846
1292
284
379
448
84
585
64
40
1651
844
1493
1281
221
1193
1693
1558
737
80
1735
993
562
509
445
142
1190
326
1683
570
164
1429
1466
1290
862
284
603
251
589
1082
683
1693
1562
666
198
1510
967
1210
1487
1538
886
884
1243
20
401
827
1610
1143
613
1642
978
1597
1598
1361
820
25
1227
991
40
997
572
1378
959
1626
1643
812
1288
1404
881
1303
1065
557
1727
94
1553
1292
1729
87
731
988
268
1086
192
782
669
995
1189
68
241
1542
1635
1441
546
453
1472
1638
176
591
1579
86
1594
1576
863
1157
756
1199
558
432
1038
371
56
879
450
1449
21
563
554
1732
840
212
1581
1234
276
701
75
1514
1248
1003
769
1185
1490
566
1583
406
1035
1462
1006
280
187
44
1048
837
1394
87
843
730
1724
262
1277
1249
1480
420
1417
81
512
421
368
15
1316
1613
1353
919
1168
625
1329
1605
966
1619
948
174
561
481
301
218
937
58
474
570
558
503
184
334
1209
123
518
73
715
111
1281
250
148
316
787
1380
661
1566
883
858
986
1611
485
633
379
14
951
1280
726
1530
580
1066
1182
1347
1396
16
1162
1138
978
580
919
976
905
1575
1377
627
609
1458
319
1108
645
348
1293
170
222
587
258
1310
550
547
1688
118
149
541
1479
1352
549
1659
40
1458
994
546
231
677
1435
1723
807
852
48
283
1198
1088
104
638
1386
1290
338
698
766
900
705
1211
576
1630
621
1097
87
53
1376
631
946
460
340
1175
128
312
167
917
65
1042
1221
1465
813
14
294
187
1264
1239
670
266
1146
1219
515
762
403
462
1187
866
1472
204
166
2
153
1349
1406
1720
914
327
1418
1179
1519
1066
1534
1227
1297
148
1394
1363
965
1012
296
1693
1637
1463
214
1459
1134
1343
45
1384
1079
1216
395
576
519
95
745
111
41
1446
959
1538
966
1131
780
828
1316
389
167
399
1749
1242
1661
435
1098
932
358
569
755
1346
23
48
1286
1658
1142
1188
1255
1365
541
368
1134
1235
53
326
1140
1431
1050
1095
365
1504
537
1130
1637
157
264
240
895
1194
1451
1341
1353
1067
824
1386
586
1324
319
733
104
1527
1390
841
1465
1475
1010
681
400
1200
1314
1053
583
1424
478
485
577
590
824
816
793
151
569
1120
361
281
1394
1746
