217
485
293
886
438
1078
547
1360
438
518
1421
388
1649
981
848
1451
1292
964
1003
651
280
647
1215
1176
416
1372
998
272
167
223
127
216
391
516
1503
93
673
2
678
30
322
433
808
721
1403
751
966
98
956
1560
1394
1441
163
286
1328
1273
34
117
813
1251
423
129
1151
646
1323
842
1037
639
439
564
190
1375
840
1282
918
1423
1401
25
255
1185
259
1677
1367
1008
921
1663
570
350
258
1210
114
454
440
1742
47
758
242
1404
1355
113
1320
1699
791
1090
497
718
912
1694
1539
685
1370
1672
1203
221
1505
1152
156
1202
1746
573
856
835
1054
796
802
1615
233
510
321
912
237
850
1624
1148
211
1436
782
442
974
468
418
1571
823
1367
1667
1713
479
732
1203
659
771
1440
1451
18
1427
832
1375
657
1013
1692
770
1438
813
890
890
1007
1731
984
919
1169
411
1278
278
853
1715
1480
1604
1504
1097
1498
1686
674
1602
1567
1660
925
1191
498
35
74
5
991
922
1201
88
187
719
1542
49
793
994
990
472
442
1694
1312
1137
1473
704
539
658
122
790
46
1297
635
923
338
1095
1454
1181
783
651
394
1065
135
415
1143
1679
1270
1306
580
1688
929
925
1091
903
1403
1740
568
1025
592
352
1183
1263
612
563
293
1719
715
1746
474
140
1454
539
253
699
101
562
849
190
263
1331
488
1082
785
1222
1104
1084
1208
1291
650
288
505
510
315
1354
360
49
988
1386
670
233
489
1202
1628
1684
1328
1088
1428
1503
967
229
1628
993
512
348
83
425
649
262
1201
638
828
195
424
788
1693
673
999
1423
1262
1000
1726
238
1429
430
1096
1541
798
1200
316
1593
321
1572
697
1411
1666
698
947
1093
341
1017
554
171
990
974
1697
695
850
1086
1592
1233
1402
1609
434
1191
489
1496
759
480
380
1046
815
704
562
1163
1657
1340
945
685
763
362
1437
907
1233
579
998
1155
1411
1285
651
751
1366
1209
644
1047
889
797
436
834
303
184
1679
286
1495
644
847
636
23
320
168
1449
1320
624
212
807
215
1748
1658
1355
936
833
1359
907
25
109
1161
1324
599
731
602
134
989
1703
1656
704
995
939
624
1261
313
571
1440
442
1255
1649
648
922
1554
1025
510
142
1373
1721
759
26
1683
1506
419
465
446
412
984
63
56
457
1080
981
1137
614
800
444
171
804
1171
700
1485
1402
1311
1656
1517
395
1191
1727
1059
1439
1333
770
791
186
1065
1551
16
1635
1709
1570
851
1354
1750
788
960
420
453
10
178
69
290
808
978
1113
1107
933
131
392
708
22
1441
702
1715
743
100
524
1742
1119
864
1667
1460
1113
725
174
15
1036
1082
1065
1346
1656
490
632
1260
33
121
993
609
510
617
608
652
167
227
1531
94
1285
843
1308
652
792
203
1417
857
308
1013
1192
917
1747
1191
1260
69
371
850
391
905
805
659
947
89
1447
527
1671
553
1047
1029
618
33
92
719
932
930
1305
242
253
892
842
1424
1683
479
1452
917
1322
895
1164
1318
1383
931
971
1112
1277
44
1680
271
1157
356
1022
881
1047
1198
169
1658
558
60
1591
744
1130
1104
1033
423
297
305
1370
1004
1176
57
524
1450
154
200
1454
1438
9
694
1623
277
831
981
1102
1710
612
766
138
1481
807
1596
1209
1182
1352
1406
1581
463
1177
961
183
125
1588
90
367
1603
1051
1733
590
66
1104
782
891
1484
1315
1020
667
1737
1275
174
1512
382
1670
1515
571
1521
83
204
641
1341
791
441
1572
507
758
1490
1548
114
715
992
404
366
1471
1396
315
1232
940
733
1695
1513
864
1111
689
1533
346
57
908
213
1404
1749
613
1525
1485
1047
485
359
842
1205
531
224
1277
374
684
1571
1287
77
1511
317
614
78
506
1461
1317
605
35
1132
31
729
489
225
1426
1713
943
320
1528
1394
418
912
839
318
1119
823
667
886
353
1023
632
838
1165
1298
1387
748
741
419
42
839
715
1054
844
632
472
1230
949
232
945
1448
206
1564
1749
1082
217
1602
1520
649
745
582
692
298
1703
1527
1600
542
1712
56
580
881
671
641
1728
1406
1458
893
1138
262
1699
705
908
232
567
1624
1060
489
1400
379
1237
37
741
1465
686
1743
1665
986
240
1309
996
1509
114
1298
682
1138
1747
1070
837
1446
829
1174
1019
585
1552
1116
953
550
659
1057
1164
73
1318
1524
358
40
897
555
503
1076
1455
1307
1596
266
319
81
733
372
347
484
906
1356
1287
1650
127
620
1525
1094
1510
850
1634
542
114
158
555
370
903
474
1691
1199
47
224
833
1119
1067
263
1621
24
137
1250
1572
1673
1056
1329
355
1730
1256
626
1356
803
1295
1690
804
608
758
1491
686
1172
796
1252
1253
996
760
881
62
1160
1119
1271
754
539
1606
280
949
134
342
375
244
1662
605
1261
1338
567
879
551
922
95
720
1597
847
1397
407
189
293
716
933
1455
89
538
490
1226
163
1022
1276
1542
642
737
259
493
1215
1191
322
343
873
72
1166
85
1154
1246
287
1698
1101
73
662
386
1380
86
174
1148
758
863
1576
560
1715
849
1572
1108
1599
430
1247
10
265
1302
731
1076
1070
1044
709
755
981
534
171
451
532
1599
101
1653
606
1210
1408
101
1387
675
1094
1562
1585
1480
1039
433
491
541
1227
1068
1480
370
1745
704
1162
583
442
1008
14
593
1103
1676
358
815
873
503
813
982
760
1097
136
792
405
1570
1366
469
135
582
1745
76
633
1013
28
4
1368
1596
541
1160
271
1109
845
0
1027
365
1634
727
1319
67
1525
539
111
1506
645
1292
824
1452
1238
716
688
1038
570
1068
185
1634
30
1518
810
943
167
416
819
660
794
195
934
1225
257
376
831
1209
577
1164
641
1388
1022
306
209
1235
988
1261
902
168
732
852
1417
1583
459
898
1589
335
540
581
1483
782
1745
179
541
346
1521
1488
754
1525
719
251
1323
231
235
1553
694
1154
608
258
614
1019
111
1059
115
118
917
1273
1628
1662
1601
1337
636
790
1511
160
1635
901
1481
269
678
889
1650
1202
172
469
216
160
999
197
177
111
1483
1540
908
824
306
130
1045
871
55
1362
1406
1298
505
558
583
686
1559
571
928
1060
1552
293
1388
791
1249
1437
249
576
750
370
1430
1489
1110
255
557
772
470
548
827
1105
427
330
247
1100
1667
257
607
1737
1609
663
750
1159
761
399
751
939
71
900
1620
582
707
1273
176
968
940
1141
853
1627
1473
93
1370
1083
1440
1309
736
1578
437
322
1436
1196
28
428
690
742
101
1524
26
806
1219
1410
1371
187
1096
1300
552
698
718
1277
1414
974
1654
1550
253
679
1188
234
241
61
1396
976
1471
787
860
177
1648
1339
649
790
584
1122
263
1277
1511
1022
931
26
723
1310
274
1041
716
651
604
1614
1739
925
1547
305
1227
176
1625
1618
893
1233
1299
25
570
238
631
1010
1145
651
340
705
1573
942
1590
126
1210
11
1201
106
1433
980
1694
248
498
1604
815
239
1567
1393
261
816
809
106
1485
202
714
320
1207
772
189
1071
1683
1432
505
1158
849
212
767
1125
604
1090
137
815
1203
786
1260
900
154
1094
1477
545
1297
1293
1713
1038
1409
288
1464
257
1272
519
1442
1283
868
1720
761
1108
1127
729
111
1585
935
955
1029
958
130
930
1152
294
1316
1135
1679
1065
1200
1238
261
1163
1198
531
1423
1460
33
1582
1094
1172
360
242
1285
1018
738
1729
813
1201
1528
516
277
265
1200
469
1030
1039
772
1493
700
1728
1639
1136
487
192
988
1711
727
1053
587
496
1292
1049
1165
1308
1176
1653
1447
986
501
1363
846
1185
175
714
1248
986
1168
1128
179
266
335
864
1654
146
1027
242
1237
317
1058
867
555
1442
1441
432
373
1308
1158
1609
1528
983
65
1615
562
1618
1220
290
1096
1575
1635
1688
301
1370
459
738
846
907
1706
1215
1119
1642
1495
276
886
81
318
193
1650
213
44
410
717
1380
527
173
397
69
417
246
508
277
1659
1656
1356
244
63
969
429
410
0
740
351
35
185
482
317
285
1455
431
503
295
1062
89
543
771
794
1201
567
504
1051
415
257
469
852
355
14
1054
1249
467
446
890
1354
174
1712
1235
387
736
506
755
386
1218
595
1051
808
1342
1056
596
298
1654
920
627
148
953
699
9
1430
660
528
728
614
160
694
578
695
98
27
666
168
1
1432
863
843
1078
1602
1059
707
667
491
1087
6
1408
1581
1739
873
1586
267
136
1662
785
932
1483
897
165
660
230
82
1472
1292
181
17
1482
1422
1460
21
1065
1009
1247
1256
1167
462
312
775
284
38
603
450
1330
976
485
342
766
805
113
900
1078
1363
1420
1433
532
941
385
44
649
1380
1478
188
222
1505
1440
1344
1221
1683
810
385
1
486
16
1129
311
237
1426
1303
1645
123
589
707
612
646
1671
55
996
1251
828
1271
899
473
1366
217
1103
1460
1319
847
595
1637
360
142
1181
871
1349
1322
1112
669
1218
1096
746
655
1300
868
1728
1257
697
246
1143
247
1553
218
27
1572
585
1003
721
1009
42
1170
1278
1211
794
1746
1174
1075
1099
333
701
