1559
863
546
1010
687
1372
372
1681
562
1112
1075
238
990
844
982
1540
565
1608
1579
1267
968
416
423
263
227
1550
1362
1462
754
1684
1015
755
1000
330
100
1096
406
415
159
830
155
335
1330
599
1014
1153
1228
960
217
1052
749
274
1515
1259
369
1708
745
1521
461
945
1448
556
1667
735
1600
625
710
733
114
126
683
267
989
436
285
491
1245
19
1442
1095
1329
1316
1192
293
129
1609
1066
797
1409
585
246
1536
1746
1226
1743
1524
1087
1459
1167
341
220
321
847
1288
418
1063
195
339
1401
792
201
182
385
361
199
1672
774
137
404
1156
1707
635
451
578
29
1556
1689
1712
1126
1169
530
1479
1656
174
347
717
1192
1508
927
399
1391
1640
798
395
1208
149
1260
1198
679
1091
1156
434
1660
1489
494
121
1027
346
281
5
1303
1299
1030
1523
1134
496
617
1715
15
1087
850
800
1642
518
407
1362
1221
1221
565
801
698
932
969
1142
672
1373
739
24
701
655
35
906
1744
1013
1424
267
965
440
1233
1503
966
1640
1630
1638
843
1
948
514
412
1201
286
135
223
111
584
1194
971
1713
907
710
321
989
382
1448
666
183
61
458
1177
138
1605
1307
1424
523
954
1512
201
1165
296
133
629
972
1246
1304
1641
260
1645
1539
372
1497
819
537
39
520
160
1033
1366
446
940
1731
191
147
1397
638
1453
1734
1673
1192
1672
1004
793
101
1371
252
926
723
1553
675
1396
386
1056
1546
736
1177
843
1649
708
1450
1660
358
934
119
1341
1551
1083
692
10
65
1068
1641
879
1536
886
1569
90
1262
317
246
850
1160
61
1068
1483
1149
375
1659
1412
301
514
748
1657
862
1587
1205
1185
805
117
171
628
208
114
1508
353
1339
600
1132
1262
696
400
1426
645
399
1368
1190
1031
85
29
973
544
1087
1285
119
347
1228
1059
464
420
183
1502
45
65
771
1712
676
499
10
468
1728
1342
1361
1650
1248
1385
919
114
885
655
442
1423
1181
1272
462
351
686
1069
1093
1369
345
1271
227
889
304
186
806
202
1120
18
393
636
595
1209
38
625
208
972
1212
585
1539
705
1207
1416
387
200
1233
891
956
277
462
1453
1000
1409
1419
286
1314
1102
1165
1640
1099
541
915
235
1583
394
1427
991
434
842
1189
1256
1215
428
802
1626
1454
450
1426
340
1020
591
854
723
1670
1667
1615
1684
1014
874
1196
656
697
240
1155
366
1111
755
532
1000
696
220
1683
1578
1321
768
53
832
1459
1396
1640
752
407
1076
409
1061
420
519
121
830
945
1060
1176
656
1207
967
1395
81
1194
716
429
134
1645
314
1401
1622
1643
179
206
724
865
312
690
719
1662
641
1558
1199
1046
733
1608
1527
819
1204
1084
897
1537
1415
51
313
1565
1244
1613
1051
72
1504
44
254
1407
993
690
1540
211
302
253
338
1311
1573
1550
180
1529
309
153
135
1067
757
702
102
1065
1253
67
708
1222
725
1042
1516
1267
625
240
1054
1442
630
870
643
1108
636
344
1610
1003
828
223
899
325
827
1567
1605
633
630
1708
233
1088
1203
1011
405
1578
856
401
1600
949
142
311
978
900
1546
1489
723
786
1202
1703
145
840
452
776
1100
1417
655
182
966
1309
900
68
824
1721
81
696
92
595
80
259
179
1445
295
418
745
996
485
322
377
948
1303
650
500
872
1443
245
156
1486
223
210
856
1503
1430
477
1498
768
605
939
825
86
1323
1063
580
1386
599
636
224
359
1239
1150
808
1296
1233
362
810
1149
183
907
1194
1211
310
1035
945
323
1196
293
710
636
890
630
59
910
944
1113
1626
110
322
740
1160
439
124
1477
832
1510
350
195
165
182
1584
1564
155
1133
140
1201
766
392
360
677
1337
130
830
1646
1052
515
1150
1213
570
83
1110
24
121
158
1620
861
240
461
332
115
970
1675
94
80
1452
1221
581
173
9
936
1356
1607
509
1056
26
337
1119
699
878
720
962
882
414
681
1607
1619
1125
791
439
181
393
1498
545
884
1214
996
1121
55
655
169
493
1376
1030
1193
840
138
687
1352
310
378
1610
660
236
869
100
1270
627
1010
811
1094
466
711
713
1152
1710
1363
1191
821
1140
102
120
786
1335
154
373
54
576
580
377
1502
330
349
1171
1465
126
989
279
85
1647
1717
1357
1087
1735
106
195
1438
235
978
99
216
989
616
1527
793
184
1514
1113
1068
999
400
344
1196
1730
1132
880
207
1660
532
1237
887
721
1629
615
188
451
247
932
746
690
82
324
721
74
1649
1517
307
379
1144
840
239
1633
350
405
1232
836
915
1202
809
910
1086
59
1245
1482
847
837
989
552
1509
1000
1610
605
932
1313
1240
1219
656
408
529
288
966
193
1299
487
589
640
920
1598
279
575
211
896
82
314
1084
601
467
100
1554
547
1604
1476
1533
342
87
1209
1652
85
831
101
405
611
960
1333
495
1040
1101
1230
303
504
369
792
571
269
1703
509
1642
1679
1185
1105
1397
1217
669
1269
1248
1146
816
1241
1386
653
980
378
1103
439
465
1142
30
559
375
1601
1485
659
769
1444
65
1318
238
78
272
957
1421
497
840
906
371
863
393
818
319
755
1102
28
1104
111
892
427
244
1488
717
1346
1511
660
1467
1103
1023
33
190
1465
1334
143
223
1702
1154
64
1049
621
1397
795
1675
963
1484
1550
383
1227
156
1159
1044
162
746
1456
1134
87
1609
922
1108
1295
518
1476
864
525
634
1060
313
1097
541
1562
12
530
125
617
1038
555
1174
1087
171
868
61
971
961
464
209
830
394
1620
216
177
867
320
352
1030
116
371
1004
1256
235
1033
1464
1519
299
837
763
252
1251
1135
1300
211
293
403
622
628
522
11
164
1556
925
1256
1731
766
1570
119
1255
964
1291
1460
1692
1231
778
181
770
95
1659
142
1740
125
1306
1272
1130
740
1242
1437
863
1486
649
1356
1554
996
944
595
1070
1305
169
1
877
806
898
0
423
678
333
1265
1440
1113
973
1419
231
1072
636
1692
138
1201
588
453
666
1166
470
842
899
1011
595
14
1195
1116
1603
620
389
986
1231
61
938
1007
858
1551
1422
1227
212
1342
1084
1309
189
427
28
60
445
902
1559
1246
152
517
1542
384
1135
199
1370
380
1108
514
775
1281
680
1510
560
401
717
308
1294
889
780
1689
531
1285
289
275
455
56
887
972
183
286
1363
828
119
1146
1000
779
1004
1001
696
255
450
1195
785
1288
1470
924
1668
233
287
870
1081
1730
578
823
251
3
792
499
1561
717
1454
696
1653
1432
254
1323
1019
288
925
1499
1568
1377
381
534
703
847
295
500
512
905
1242
1513
1286
152
306
1655
1064
1358
888
1483
831
498
394
24
1632
576
1103
1500
1364
776
1696
204
455
1224
1460
74
823
865
65
1541
1536
897
256
1491
1354
1707
601
1176
901
761
969
275
202
796
530
1522
662
552
336
1142
1422
266
1184
908
1130
778
1220
36
1473
38
696
1344
1103
339
271
736
1107
782
10
1395
189
1217
1609
234
1159
888
486
959
482
44
559
207
316
1361
1200
1655
437
245
1497
167
365
66
1225
853
246
598
1607
11
424
1563
264
959
1634
0
891
1259
1689
1657
1152
1017
945
334
27
740
1271
1082
239
1708
1510
952
752
1654
1489
1323
1477
886
1077
1563
1172
943
315
1581
217
1165
1327
1414
1422
1642
673
989
616
672
1073
1422
964
644
1684
1431
217
1196
1623
1274
632
1361
807
188
1658
542
569
303
1523
573
526
1340
866
934
35
623
1448
598
1514
1276
86
1084
855
1601
553
553
1529
1619
1184
563
1088
1595
1654
1183
1698
427
1328
1710
1142
951
232
1581
1369
805
1142
1373
1329
242
744
457
686
1376
1438
1402
302
1099
190
1529
1134
267
563
875
1037
1686
1463
1580
221
693
1265
695
308
117
1090
1235
51
1449
219
929
458
1469
428
119
1428
460
475
955
17
153
434
642
146
314
190
676
150
364
33
201
1015
1550
818
173
1525
795
859
410
1578
215
944
478
956
166
184
1265
1171
403
676
661
62
1542
1113
73
676
1309
1362
83
1496
503
1051
1307
1333
422
813
1520
1073
87
316
1446
490
1561
423
1186
691
722
520
543
1644
1034
1146
485
296
1746
1119
1016
468
523
1407
1373
1612
939
1422
1663
1328
1140
1331
1100
493
574
1652
748
1627
1280
687
835
1310
900
1684
1128
1477
510
305
988
27
1338
370
960
1536
1418
1139
206
3
1236
1610
774
61
1593
214
693
1421
1431
166
676
1725
724
664
347
541
995
1056
627
1461
582
1281
1585
1182
299
680
609
1342
405
1098
348
1384
106
395
349
1536
811
1518
1213
1626
86
321
1341
1598
307
1707
749
1486
261
955
305
1211
1095
1405
1586
270
878
1415
13
881
443
1557
1155
662
1163
674
995
598
101
1270
1152
820
66
1038
826
323
715
1509
327
1412
1240
540
1113
919
852
1699
208
1620
235
240
162
1686
1235
178
715
590
1074
1105
226
1189
774
939
1155
1278
1012
449
480
656
375
699
995
673
916
1366
936
1568
646
283
551
1238
209
1660
1087
551
19
979
382
674
590
51
372
1174
1589
545
497
488
