1685
1265
1176
697
336
113
1471
450
24
1185
1601
219
1211
1235
1108
73
237
218
551
871
1512
1179
1740
1700
45
745
1443
433
1061
22
1180
471
186
1248
1220
169
503
1284
37
1629
1067
753
196
192
460
1297
204
1690
403
1219
870
503
1456
86
588
1651
525
788
258
809
631
635
266
583
25
412
1298
259
917
245
1683
526
760
587
706
595
162
1489
443
1085
1331
351
1598
379
1424
1145
1283
1073
1286
1021
381
792
1470
1199
78
672
579
1174
38
1462
1321
999
1498
439
1134
1738
957
1359
1147
981
1664
617
1481
188
650
261
1363
67
40
1027
680
782
166
228
697
1372
1516
570
1710
1392
1285
254
356
1320
270
859
640
967
1322
1149
1407
377
204
1091
1355
1536
1574
1007
1568
336
15
489
549
879
354
1561
517
1070
1470
398
643
1319
637
1209
1470
1641
582
1047
567
1007
1659
323
98
1664
1123
336
736
1620
989
238
800
1259
957
1589
1379
207
1540
1491
783
933
398
1708
1037
576
1639
1155
899
1135
1260
356
1623
266
384
179
669
515
516
294
65
1372
1348
328
452
1534
459
1650
1138
1462
693
849
1243
1017
914
1750
499
543
1639
733
1744
1741
309
328
314
860
1261
352
160
427
671
1416
1736
1175
1039
1209
1163
1534
1063
1
339
1301
1454
85
123
1331
536
482
819
1512
547
739
200
274
1407
357
154
82
135
1122
371
854
1300
384
1407
152
610
1379
579
1735
791
305
920
449
584
1283
1502
963
453
275
2
931
1371
1336
1249
53
945
784
1638
1595
1178
800
758
1133
1630
166
1666
1214
30
156
921
680
879
1227
1280
142
787
1423
789
90
180
321
271
1302
9
318
1202
1343
762
1123
598
1467
271
1559
1499
755
1716
74
618
1471
478
136
1297
638
405
1087
377
469
1402
789
664
3
1074
275
455
383
1547
608
44
1201
188
799
1138
1228
614
304
1236
331
562
1498
1356
1318
1551
791
1309
621
1281
1201
1367
1525
221
585
963
989
1448
1430
722
205
1240
214
844
544
1258
5
877
339
865
1562
914
118
114
340
1098
1525
32
212
962
1184
813
183
299
1325
835
500
128
710
709
1446
86
84
1240
369
771
595
842
1621
245
95
247
576
1608
1449
921
394
1654
129
1271
21
1415
852
426
237
1082
1496
661
1669
1112
1208
288
868
646
343
1153
306
821
1349
1477
948
1458
140
1340
506
583
192
1241
1311
60
1271
1372
1244
227
330
1140
1350
1185
277
473
871
1644
817
1210
984
1045
1520
607
1475
1577
1369
1599
1700
584
579
769
102
125
1230
16
552
1579
719
653
249
647
1421
1501
677
565
1165
521
1132
1583
864
934
276
545
1055
116
1750
465
206
62
1049
1401
422
1235
1370
1587
662
1436
638
1146
85
975
1506
1535
1182
191
698
1144
623
1176
233
1670
1466
105
1603
861
500
193
440
695
860
211
1634
959
1553
1506
1627
746
1152
1427
1028
76
199
1557
91
1523
665
1321
1318
1586
474
337
1623
1651
1551
1131
369
1391
1567
68
500
234
822
1618
911
605
445
392
1576
1626
1619
1483
1478
212
541
22
942
3
773
117
383
1514
1326
515
946
34
1416
1287
1164
551
1454
187
680
937
821
1018
508
1218
286
555
1155
567
585
823
1369
1490
371
160
118
592
1261
419
621
1268
877
1326
1659
836
61
834
1102
293
98
945
1110
679
1609
981
1579
1699
413
155
1580
1631
211
1405
743
695
1136
437
994
546
1342
1123
560
122
1438
1446
620
1408
551
74
1743
739
766
567
466
662
1172
358
751
1262
801
982
1684
327
962
451
11
271
177
977
313
1365
966
149
1172
384
686
577
1332
389
41
493
1497
323
791
1422
573
754
1069
1062
1623
790
1597
1262
12
588
13
6
546
944
1324
524
1233
1234
1
703
899
529
762
1010
241
1665
545
764
295
407
31
1527
334
1083
124
1
994
345
1336
641
408
1238
1184
1669
1014
995
272
351
727
1631
1304
1525
809
1443
693
843
1559
1077
1494
1731
1282
492
1313
926
405
680
1655
178
351
1047
35
733
1700
9
1141
872
400
1178
1080
259
390
1699
722
1473
680
852
1269
1251
651
709
1257
1334
1360
610
1075
187
1089
838
1044
1340
833
604
1140
1129
852
235
1118
136
670
1395
350
1505
1580
560
201
718
1259
1550
188
283
1153
765
676
1498
1154
847
1193
848
285
1538
1682
138
1327
108
217
1626
1524
96
1149
1090
222
1668
529
1172
1129
1434
354
1102
1704
394
1240
312
833
1590
1054
660
449
1298
1714
792
441
909
372
1029
791
363
1275
652
1157
892
271
528
1080
251
1622
371
219
1690
1123
1653
860
943
1726
77
156
1148
1016
335
844
1656
1080
609
212
1498
729
111
886
0
377
862
63
1214
636
51
679
1676
1387
603
992
1591
346
1355
274
1606
661
26
1557
1539
594
1030
928
199
495
844
1633
771
1015
1149
216
325
1040
170
1234
871
1456
1449
75
110
1640
192
1122
995
834
1560
1570
231
247
480
674
39
846
742
475
1134
1119
1376
408
1416
778
891
449
334
159
705
841
589
456
522
282
933
807
1156
1022
1674
501
246
946
701
173
581
270
1347
283
466
1059
405
1195
785
1426
1049
930
1213
497
94
274
1190
852
139
544
1237
239
434
717
1224
1158
416
690
402
1441
813
1588
273
341
330
662
1339
725
1143
413
1039
160
796
1435
1614
491
501
474
848
633
882
475
714
1542
1350
459
1004
434
404
1042
1094
142
188
1727
363
258
1622
967
251
18
392
1388
1178
484
1251
1477
1615
1532
25
1061
994
1320
1442
1457
1369
1375
1209
960
1481
1486
1581
1064
1465
461
1162
1283
43
818
292
184
1442
1102
746
857
1637
779
1152
287
904
405
1433
1621
1429
365
1338
714
258
923
1235
1589
1687
30
208
149
709
1210
436
768
379
1031
616
583
973
779
767
141
1326
896
1024
1003
1135
1369
243
1069
1469
111
1392
786
1197
859
1214
443
356
286
164
782
554
389
1406
795
1376
1164
1636
258
1062
866
564
1649
1742
131
1277
1309
1086
780
1672
739
261
860
1660
173
1009
1214
587
691
345
135
52
1470
64
850
119
778
915
754
1003
1422
411
75
1256
700
180
173
1303
653
853
1308
1066
1248
1579
1579
540
791
885
1560
1386
1231
1014
470
457
338
1021
496
974
546
1521
685
757
1708
1411
595
1305
917
937
1224
559
1618
300
285
1096
337
118
856
378
167
1478
698
938
128
1458
1234
1102
461
939
1314
581
956
1141
467
1327
580
193
86
1081
412
358
703
1565
1188
1309
1566
717
1512
1649
1571
1315
22
36
669
135
189
1412
1607
547
25
1538
349
1054
585
995
1523
487
1687
127
1586
1216
1395
447
1613
1085
1660
984
454
1070
961
220
1078
615
880
1662
1230
851
987
466
1207
439
1433
665
1128
1216
93
797
966
1682
1304
1189
341
652
924
563
984
283
548
1556
495
753
605
694
874
1691
1323
1163
1319
1719
1563
1025
1482
346
1020
1739
797
800
839
1453
423
1271
4
1693
154
448
1134
203
1707
233
288
1121
245
732
363
1742
775
537
330
284
391
951
636
950
57
223
1004
336
672
1555
1563
1646
126
122
720
803
953
1642
105
255
1658
639
3
632
1263
1201
704
275
409
854
1142
169
1144
1349
1717
1408
1428
1162
1330
818
955
1029
1475
1024
1145
1599
205
808
1117
164
1613
372
1462
1384
1344
392
1668
1624
276
449
917
451
843
1583
19
503
758
30
691
262
585
481
1633
828
2
456
1713
736
331
296
616
1256
1260
1568
1725
1738
245
1690
867
403
986
1580
373
597
1487
610
435
57
1064
1093
163
1108
963
21
1062
1207
1058
179
15
1234
498
1450
1223
485
1289
212
1395
1579
1077
201
278
1574
1720
807
1078
238
930
336
80
687
265
702
19
227
482
1100
1651
1310
1588
744
420
432
110
920
1300
655
103
1074
1710
141
1126
1676
33
1732
140
1345
371
895
1523
1690
1189
155
383
1670
1628
301
864
652
1118
332
932
987
698
1258
343
1714
597
77
663
925
1614
371
904
990
1253
731
689
188
767
131
471
618
1733
1676
496
1085
792
1621
533
1300
451
386
1398
1523
1634
938
984
173
1659
490
1391
53
862
957
288
625
807
507
1356
1208
1085
504
1006
199
201
846
1711
257
843
1208
897
1266
191
1375
159
803
558
1365
618
1641
1122
746
1529
1237
1471
841
1502
939
615
64
1064
1277
1574
433
497
571
1524
1631
345
783
422
556
2
1407
335
536
1322
1530
211
622
337
1419
943
1543
151
1490
1251
1174
1584
171
836
434
1342
945
1562
664
1413
765
799
1586
514
1680
1306
1199
1743
1
242
1172
1525
271
445
1297
741
1675
1260
108
6
1637
1447
1648
1443
1436
1678
378
1698
825
1073
568
424
1718
15
1526
1567
657
882
1059
1072
1221
373
1619
933
65
182
1163
324
431
985
1146
494
1736
184
1343
308
632
1044
617
957
768
1084
861
523
493
944
1274
916
1528
1333
1311
389
932
72
1084
1125
151
1162
337
397
756
1684
1225
794
750
338
124
526
1055
127
1240
182
870
1065
1133
1608
1283
318
320
1179
1264
1433
1739
199
