910
291
1618
921
1156
970
1180
589
50
1117
871
1464
51
939
500
1313
1067
1695
1453
1163
1657
140
1422
1555
889
1015
1711
694
230
945
1449
271
292
634
790
831
1716
817
1444
1329
148
1431
626
247
997
1344
1074
1673
74
1607
633
1576
1539
401
1401
1256
882
544
321
466
221
810
1477
1192
270
855
520
1483
980
1621
1014
633
811
762
1512
801
1520
316
1386
1612
377
798
749
566
839
1378
1577
1111
1035
895
666
1420
775
1239
1512
54
1418
1070
230
1493
1497
1560
820
78
421
1022
162
1705
656
960
1226
986
1489
18
1382
730
1335
865
140
708
1736
1120
797
1637
1366
1300
661
1366
1377
1724
1323
407
1212
957
263
328
189
924
1732
475
1571
1562
631
220
21
960
1478
1491
273
1740
529
1719
1358
1156
851
1668
1337
176
736
456
990
264
218
1359
1703
967
1541
1445
967
1322
1029
1471
1199
604
1507
803
456
1688
1372
1558
1123
1677
129
627
300
1545
626
863
149
746
857
1563
1288
1453
1150
676
841
1578
1210
1327
1170
552
373
902
345
1556
930
648
1198
1083
292
515
27
1557
730
111
1559
839
342
99
1510
1135
1031
1024
1078
957
66
1158
601
1562
632
91
955
449
343
32
1357
196
1670
1189
510
861
1452
543
228
192
107
826
317
1253
34
381
1157
1305
254
781
468
42
1042
67
1622
440
1266
1692
1654
1620
798
1710
1620
1271
259
1632
311
215
457
172
412
1423
173
1140
132
1637
1164
791
718
124
1224
1192
314
1104
1142
428
656
1043
573
1427
956
333
1470
797
1101
744
867
1396
976
445
118
1495
1332
727
1366
360
949
1017
1140
923
317
1536
163
1476
75
911
1520
1676
365
672
1705
513
543
1151
959
1424
887
366
1651
1654
734
987
393
1290
138
1508
1596
145
1709
1193
1260
793
656
1398
1731
1205
1411
1317
826
794
185
854
628
701
837
821
102
1565
812
293
1124
357
1131
1232
424
540
58
407
956
849
966
1154
937
1712
1478
553
339
1200
971
1395
1291
1524
1379
430
1677
756
191
919
87
261
1103
1326
654
1336
1684
1391
58
809
505
861
1473
772
52
627
1358
1353
73
1098
1546
717
1464
948
1621
532
542
287
1625
1308
698
1425
1116
868
1527
953
1507
1225
1627
1056
1423
61
479
1339
1440
985
638
174
609
367
1103
391
490
1720
526
110
1360
1522
904
1447
1441
1256
276
994
55
1684
255
826
88
350
1377
1059
339
1287
782
599
1395
1566
1729
732
1396
891
602
719
1305
836
569
511
1704
422
623
572
382
1230
1244
1472
199
1159
193
555
827
899
1524
751
1745
1663
886
1683
1562
1090
1142
127
509
1490
374
1121
308
1243
430
505
654
288
443
1540
1299
848
665
51
1442
1261
742
1550
1042
1272
606
1320
512
1375
1187
1686
1124
824
883
1578
1036
1114
1060
1323
1427
1495
194
110
1471
239
899
912
1291
1332
1118
1188
364
970
500
140
961
1389
1710
1665
141
189
465
997
1396
640
588
369
438
1573
686
346
1167
1070
32
45
1514
604
1202
688
290
1580
1521
1678
36
421
252
1583
1010
1233
613
1073
39
515
1448
375
313
136
1429
443
702
1083
7
410
228
66
325
1601
575
515
1268
887
1628
469
508
1671
1668
1174
60
460
101
1122
1105
461
1566
678
1629
1498
1420
1366
932
1387
542
372
521
282
1045
767
947
1095
822
756
534
60
529
764
1001
1408
102
1466
1035
749
806
497
1158
1618
14
1083
1205
1560
73
1286
1040
58
1092
77
1307
479
645
1266
1706
1180
1435
1460
1386
623
993
1194
1481
255
1141
1612
645
433
1065
668
1524
677
331
624
1533
1370
1234
991
313
760
856
532
386
329
988
232
1064
609
1629
771
745
579
1690
897
1618
227
1321
1168
1079
1529
1124
1395
1323
1670
1681
440
163
1600
264
494
440
7
304
679
845
628
1226
1089
549
370
778
725
935
924
822
1177
1578
525
1530
1650
914
66
1435
591
975
1230
673
1323
1146
1198
1570
847
889
130
273
890
1338
1716
1094
812
769
1704
1586
103
1396
1029
1302
772
822
1449
636
1375
1630
808
395
759
1130
1379
1303
1227
758
1168
1706
1496
1402
837
1437
1069
436
468
320
792
404
755
488
934
54
794
87
1202
839
1527
1057
1547
713
925
213
651
1082
1723
230
1027
1315
842
883
905
557
992
101
1446
423
435
604
1131
89
1386
1563
1616
610
1064
1139
963
1074
1601
1134
372
834
226
140
205
1116
68
709
1392
1150
588
1626
1322
1504
209
366
81
92
1066
856
91
1023
809
1000
1149
785
856
1311
1481
523
1565
218
915
1054
394
546
1631
1630
20
845
240
733
571
356
1369
517
828
974
1049
992
667
1736
1231
1214
1553
644
630
1035
1441
1024
683
1202
350
445
508
532
1502
1169
415
134
1412
377
370
562
1377
564
1439
1703
541
941
221
1262
946
551
1563
590
517
985
352
1072
607
139
69
1291
1013
595
758
349
1121
1355
1132
1399
538
1041
250
52
704
158
292
77
1282
316
291
1406
1060
477
1264
359
1299
1660
1510
413
1462
116
279
942
1417
1736
180
658
350
1688
1422
1150
583
916
1296
1248
849
1374
844
1579
1656
897
503
254
747
493
412
1122
449
1068
1276
570
422
665
1630
957
1058
733
1616
1440
455
656
507
243
3
89
50
954
1745
940
437
226
269
474
66
356
141
94
1310
506
88
387
782
444
1244
1463
715
1476
1260
944
287
757
1609
1063
1293
261
790
1085
418
701
1093
321
1055
571
1470
1605
176
1465
661
1591
453
832
524
975
1102
931
1101
512
467
1204
918
571
201
1457
90
1280
711
244
1062
1246
430
1541
779
408
1199
1111
1449
380
900
1035
1461
1550
66
1228
678
1176
903
610
1286
1296
405
681
1002
964
261
1578
125
1536
9
376
825
819
1419
1282
531
757
1290
979
1351
1077
1125
1524
1065
198
1468
345
536
1309
822
1402
606
1630
1557
1370
1351
1503
704
748
605
1615
494
1336
999
1451
1250
1644
1503
1349
630
774
569
315
184
1511
893
1390
1389
1520
912
1108
81
1362
756
1333
1129
103
91
1350
801
381
1286
1019
1408
1624
588
16
1305
1521
1718
1678
7
1517
1228
114
389
1588
1023
51
1275
1294
1654
57
790
1566
801
568
502
419
1018
459
68
509
703
218
225
1378
426
462
623
759
1649
1154
1333
967
603
1292
1652
20
1153
1733
791
45
226
1103
288
192
755
1228
581
1282
1698
1587
1410
510
1529
803
38
1639
509
1452
1103
720
872
1392
804
1668
1706
524
1000
1176
627
287
794
604
1156
117
88
381
142
223
533
671
743
1450
636
776
1425
1036
1585
1119
1238
1474
253
837
1209
584
789
1325
1165
1103
1541
257
1145
931
1693
418
35
793
808
976
1422
1339
1241
1212
964
1116
124
1435
26
1335
1737
778
1417
312
315
1273
1126
383
1368
949
877
215
179
459
1580
1602
470
952
1297
380
1486
464
48
1564
837
542
533
401
1376
1212
776
499
1228
1091
623
291
201
810
865
816
1449
580
1642
1184
1413
996
42
1663
834
944
1402
913
757
556
817
457
141
473
1319
1595
1087
1560
766
1439
1189
1545
302
1303
1291
132
1739
1401
940
1379
312
827
311
14
434
1088
830
1226
900
819
1716
1733
561
1442
342
1
688
283
425
1666
209
1620
604
827
8
282
1379
700
112
1138
895
1174
849
765
791
838
143
1448
1132
71
1225
1661
381
793
1284
152
1628
1637
1659
1705
800
803
1642
952
1378
1056
1166
15
1500
752
446
731
372
1673
1244
180
1732
106
396
808
1445
1105
1586
161
1135
1255
1046
916
802
322
568
700
391
647
83
391
883
443
412
1361
1274
951
968
499
1007
990
1194
713
716
179
1105
1457
117
1359
1653
1336
1567
1674
903
1026
474
1099
154
1507
411
859
1587
456
1031
794
260
114
1108
15
531
932
598
242
104
196
1615
924
1275
143
1113
615
1165
277
884
790
1599
193
1620
259
478
1190
474
1224
1131
1000
552
926
806
735
1660
1680
103
1437
1079
1746
95
890
1285
838
367
1286
198
868
1070
1248
1670
1503
70
89
113
1523
690
932
1054
906
239
1419
791
368
104
1654
10
1266
278
9
74
368
1511
1019
286
534
1332
1184
431
540
1358
285
282
1401
701
698
233
107
19
1449
938
606
634
95
940
479
406
1102
548
1496
0
22
686
1393
926
429
1237
493
1396
1573
1279
336
616
413
1540
417
406
1281
739
910
1489
1417
1117
20
1485
49
441
1045
569
1084
1496
335
620
1290
1472
1730
1038
494
826
657
1098
1306
360
400
1709
1208
308
1153
1371
812
534
1026
1049
1337
1598
1020
692
1002
1574
416
1454
1189
202
930
41
967
1381
706
195
553
1113
1006
997
623
835
587
1140
124
96
1301
1214
495
397
1321
1106
958
1526
266
815
921
54
515
1079
930
1219
942
887
1010
444
659
1063
576
1501
411
1746
1687
739
1028
477
460
983
177
226
931
370
724
917
1407
1480
1416
307
1552
1691
647
991
921
1393
1147
63
727
245
1387
457
630
1567
288
408
1419
229
693
1364
1482
1710
187
1106
157
1
1000
53
987
93
1717
1090
853
458
498
916
479
1513
1460
1086
