519
1576
1660
1071
1746
873
148
558
1196
1023
801
7
1070
133
301
1051
1736
772
783
510
1525
59
480
1046
184
1734
1647
1741
457
583
661
394
1496
1363
1452
1265
965
1507
804
1414
493
1456
401
911
1731
1355
923
1458
1571
1435
907
467
1537
1564
34
668
1446
945
1159
461
1451
1338
991
1151
1676
1601
1600
51
1745
1000
584
602
920
1298
152
874
1083
1649
875
720
1
1369
223
1419
1420
1185
1603
1571
1586
1326
483
73
679
758
436
918
952
1715
310
914
1383
207
928
366
449
1039
1644
1625
1276
173
1001
1606
739
847
1555
542
250
1191
668
1414
907
1570
1433
1282
1678
1099
1722
324
1691
1564
8
245
680
1554
95
1544
626
369
1160
195
87
196
347
956
462
67
462
574
124
1481
35
924
768
1512
1738
400
1674
1374
529
790
1710
880
1418
1009
1663
332
55
216
499
1735
695
1244
70
568
1169
814
1617
157
1523
169
925
693
1650
1385
1063
625
1611
412
324
1018
1570
327
83
199
621
5
992
616
381
518
733
1278
1241
1141
888
966
375
927
1346
876
1610
381
1529
339
1465
1319
756
82
28
259
1472
578
697
1689
181
1055
1118
853
91
866
1584
559
1049
520
1247
1295
1699
768
474
1454
367
289
154
628
160
770
88
607
1169
795
1564
1159
1615
1188
481
159
527
865
302
72
637
1661
47
836
165
1428
104
1499
905
252
1732
217
1564
487
1335
291
904
1575
1544
1248
72
622
1481
271
1709
129
12
590
333
1262
1735
1689
522
1321
396
217
1330
1416
203
1533
1490
1059
1075
934
1271
1336
895
660
487
1544
778
962
533
19
138
341
819
554
744
1476
1245
614
591
592
1523
107
1322
271
1232
820
112
1240
1146
894
1693
1688
26
872
1419
1484
907
1662
659
1037
83
1349
328
1257
200
1631
877
525
1659
687
239
1388
929
511
1202
1207
1501
1318
106
1393
1367
986
1511
1282
60
1724
392
722
430
735
737
1269
231
550
188
847
1721
379
1165
1110
406
1655
26
143
1093
1582
278
1433
238
1203
22
1521
337
1049
656
1662
927
330
613
1543
429
1676
462
695
1674
1143
123
1561
675
1354
803
1024
1646
888
1468
1746
1239
528
349
53
1040
1243
597
1210
1439
294
36
561
639
842
226
1270
901
249
408
762
62
610
1477
544
914
989
151
1529
1023
797
1496
1338
1390
1603
1711
625
1456
1736
936
990
1042
889
1528
1154
1357
771
1321
552
1462
362
1496
819
1612
110
282
929
811
1313
1015
1304
1278
220
1466
1330
922
858
1413
1178
378
941
1512
385
353
982
1130
481
816
671
916
1238
1153
784
1267
281
1136
464
273
137
470
895
360
349
998
989
1004
550
1713
911
212
210
444
708
1187
697
338
1231
542
1652
690
137
1190
1054
634
278
1000
94
692
62
1305
1415
1746
750
908
1685
1603
977
1530
1550
1045
1661
411
239
1723
1465
227
299
14
1037
525
1183
1395
219
126
524
1516
816
556
322
1170
1488
1408
1321
1065
304
368
1293
1140
1124
880
1341
1628
1567
621
1592
1219
315
395
735
1283
110
1216
908
739
932
493
1555
1057
1676
1039
1535
1647
1684
444
1060
1529
193
1101
790
723
204
1040
1478
122
1466
801
1555
1557
496
1299
445
1458
152
185
1278
1426
250
177
694
832
875
1226
1333
297
1597
1082
579
270
1051
1168
1149
144
1425
1239
1480
520
1529
1375
1486
873
1445
1425
1474
1726
1404
1301
530
4
43
671
68
284
1333
1200
217
1656
1000
828
1624
1610
1145
346
314
1021
391
1030
279
1226
821
471
651
1285
582
1186
1290
33
200
258
1293
852
698
266
782
1599
890
1031
798
290
1325
297
218
1105
1407
187
1613
478
429
1027
1319
920
328
1428
813
516
214
756
1235
1673
1044
840
532
1520
35
545
890
350
1062
405
1506
252
1672
34
310
533
1465
1052
702
1518
1625
1145
1349
46
357
1403
84
1715
1408
1639
1216
54
680
1635
721
1066
375
109
89
1729
148
86
315
1570
150
502
637
1724
246
119
1269
728
636
580
191
476
571
400
1352
1362
1618
206
1646
58
32
1314
320
1376
913
912
785
1615
621
1149
810
797
1248
188
943
187
1703
1153
188
549
133
1153
209
761
935
331
1361
1100
1409
743
335
274
1646
837
674
1045
1411
1286
755
1710
32
1227
1239
454
86
31
184
969
1508
1272
1152
960
572
1490
1238
1416
1583
1139
1448
684
602
716
816
1308
380
620
1028
1443
611
736
436
1346
772
136
1714
1083
722
549
685
1570
993
1697
1545
1220
1239
422
1697
1490
780
1355
121
994
236
1202
874
510
1627
1
1200
25
1171
208
965
691
334
555
67
392
1493
732
516
1695
22
1321
335
1001
399
462
208
507
1166
510
51
1428
1109
1564
1326
573
491
144
1645
1713
271
891
583
926
1255
1113
414
291
1294
727
540
571
228
836
935
101
863
446
1033
954
975
575
257
359
1441
276
410
779
562
1698
834
1268
1499
1465
811
1176
1153
567
375
75
944
837
584
1237
1122
960
593
118
553
814
545
1089
1381
985
597
248
1405
459
185
1019
701
127
418
464
225
548
65
169
1438
1736
1317
234
908
1695
1277
729
321
564
1446
800
749
685
604
1079
594
236
42
1411
60
1389
1746
966
1607
611
384
684
1097
1281
879
1626
472
788
1336
851
583
749
13
794
146
9
730
824
1002
1107
1287
1200
1269
1126
1432
492
562
1322
1491
116
1475
994
651
1281
737
12
562
1335
1376
1004
1743
848
642
1160
1287
1507
911
237
274
427
624
296
1211
92
208
20
629
321
300
594
1159
782
1540
221
601
665
1217
537
1147
1512
1385
668
894
922
127
7
581
729
1601
1101
793
498
1659
1521
635
105
662
1398
1327
509
1655
1700
559
196
186
353
15
792
1533
614
1273
1073
1480
984
1081
1724
1364
1053
1454
290
631
269
926
1391
1056
1376
1295
1073
195
648
1182
1564
1462
951
301
1697
579
726
1034
231
182
1097
1434
932
414
1128
903
383
1024
1114
659
1393
1302
1262
622
62
1560
1130
1587
1699
918
744
586
1103
1730
265
75
312
1172
1153
1449
602
845
966
651
428
1279
774
154
1494
917
242
450
138
492
1451
1463
46
1136
665
181
497
179
780
332
241
1439
968
122
102
1028
666
1416
1277
667
867
727
855
113
997
229
128
1636
1558
1550
1489
1179
1708
1588
18
246
1407
597
98
62
1074
445
1385
1698
1475
249
887
277
1610
422
684
455
1502
127
974
1614
1156
684
1464
1724
1575
1413
668
1394
461
1386
1261
1235
91
68
128
1705
895
1647
875
1183
11
324
423
228
1132
27
1173
681
1575
208
737
465
1658
542
1615
1373
4
727
1166
1214
1561
438
860
1043
102
1353
1508
1013
165
486
26
697
4
704
399
1323
202
998
905
290
1650
1397
491
1304
1655
690
407
1206
731
1220
16
1167
1088
251
743
361
271
1404
1195
1719
649
1609
572
1712
300
630
1499
1137
926
1530
512
191
701
287
495
988
1352
43
1619
761
1597
495
737
1360
332
1309
736
675
225
1193
555
956
1268
1733
63
1615
652
1255
633
570
604
1013
1659
310
834
1092
1258
1002
1193
670
1425
1652
1423
416
29
1502
350
1616
1142
1178
741
1157
161
1434
1589
1081
1316
1677
93
965
1303
619
1482
1118
269
1673
948
752
1727
813
990
1542
965
448
517
1630
512
1439
1074
71
1591
254
1630
1566
1007
1641
527
851
1677
653
1706
566
228
876
891
893
1064
1724
1042
1538
1723
423
1568
779
1352
1695
1579
1505
570
370
1611
393
1351
1263
1399
627
307
142
1634
258
1735
995
419
610
242
1378
941
356
1270
1616
210
1341
1138
76
391
34
429
1498
431
358
1455
950
913
78
1366
1058
821
1408
751
794
1626
1090
310
164
1140
876
865
440
465
1693
1617
423
267
1024
1542
13
1389
1743
422
1696
1111
1099
863
414
534
782
601
978
764
1592
1064
190
465
1341
542
1697
580
233
1073
1470
921
689
759
1367
876
1551
480
1617
286
1529
1452
1363
1685
430
521
79
0
1290
685
1179
10
20
400
1345
299
536
35
1501
584
1455
700
532
140
308
731
408
948
370
393
605
292
167
159
661
468
479
869
684
1433
1589
1325
527
795
1038
1358
896
1570
674
1015
1727
1353
103
1208
152
561
1682
211
811
769
728
227
405
1258
565
859
362
1169
879
1363
829
1421
912
1121
1339
653
1275
557
75
454
366
320
682
1433
435
553
938
1191
788
324
641
685
1016
1012
283
809
1003
436
37
1592
402
511
233
1673
549
1104
1069
585
1074
828
1056
1524
416
1701
472
337
1608
80
1132
528
1342
1263
862
1643
655
562
687
839
1426
1343
934
873
1421
376
365
326
1050
501
74
593
496
284
1118
910
1611
298
1022
1656
1565
22
1634
1324
58
1019
182
1486
1672
885
1094
1648
1646
88
519
513
1031
1482
40
1660
233
1318
636
222
321
536
524
169
1269
1382
1067
572
81
211
1261
504
866
967
1383
351
217
1303
1066
1236
1417
737
4
116
1092
859
1174
1661
1431
1570
1533
127
941
812
295
633
462
757
171
7
586
1731
1319
1174
1085
1744
961
897
145
1516
26
