1396
1052
309
491
702
1451
501
1291
263
550
1426
1229
1013
405
912
1647
234
597
1572
965
1707
180
988
1084
188
1477
1262
1489
1177
1636
131
912
252
1520
1232
1439
1219
764
443
477
152
726
1578
1627
565
1321
13
207
14
707
299
978
1018
553
1557
1626
1503
1697
1573
234
327
1721
1230
636
888
618
1581
660
1496
644
1158
920
546
619
1444
136
624
138
291
75
1555
178
1479
1492
958
1672
1554
588
1477
605
1125
808
806
1288
568
1422
1299
565
1094
1205
1506
490
140
16
442
1550
95
1599
111
105
733
233
252
768
1076
1124
1589
1271
1113
433
849
1298
152
779
1138
1342
849
1440
1205
865
1117
1038
918
806
180
333
437
741
1459
790
686
646
12
706
982
154
1284
875
977
1375
1656
23
84
1538
361
1216
552
658
265
1504
881
808
1460
1680
108
357
564
1033
255
693
500
1154
955
453
1498
1067
1659
1153
6
1021
173
843
923
1013
1070
563
537
290
453
895
487
406
1165
159
226
722
713
572
794
750
1728
1003
244
161
1044
431
938
1294
54
1216
1250
1320
1077
375
1627
41
663
1027
1466
146
1568
1535
20
1561
1650
1349
151
941
827
1654
1410
862
555
648
1677
99
1240
1597
1038
832
1490
146
756
1291
1000
451
1672
567
1093
500
597
953
759
1735
181
1033
930
1743
1243
994
903
1408
784
539
1692
1685
1487
843
1150
458
378
184
523
249
590
1593
434
1115
138
987
572
458
1022
946
459
321
694
674
1107
715
619
932
1187
619
450
1226
1250
1478
1497
617
1121
378
825
188
814
858
1584
1034
388
400
460
131
782
497
1427
1564
1110
744
1445
231
767
834
75
1581
1201
249
288
202
366
1741
909
963
312
561
1627
1594
872
113
1628
1035
1270
981
1404
922
970
54
176
279
526
1023
1361
1349
1051
156
1730
547
980
586
1260
374
529
1436
168
187
36
763
1254
92
353
807
1375
971
750
706
790
3
304
1660
495
439
1579
290
1518
570
655
1305
1647
1629
1266
59
31
147
568
1265
377
1623
195
1417
486
1580
703
1060
1085
1112
330
1182
457
1732
752
422
97
154
240
82
1495
1371
1179
922
1387
1065
164
1337
158
527
1149
1722
534
864
1476
1684
424
1037
1697
292
1221
1626
1149
1183
85
1093
1058
1511
99
462
35
21
1030
980
632
1656
1006
304
312
1132
1431
1274
91
465
1179
234
757
1676
854
9
511
1400
1571
689
690
523
1056
135
828
1141
1443
1645
1055
1505
1650
1535
715
160
8
494
1683
1404
354
1179
430
1706
528
1508
1641
645
935
1026
1243
258
1305
414
1459
1265
389
201
526
275
801
551
567
517
874
1151
1473
765
1311
1172
1666
126
1155
1551
379
649
484
809
771
737
295
26
645
881
256
810
726
536
337
844
555
550
1159
37
818
475
403
330
261
1232
557
537
486
20
445
313
275
1449
1393
869
103
1044
703
1615
684
659
695
473
221
528
132
1331
1266
713
1386
341
869
1108
475
32
1171
1600
1144
1076
1232
632
510
1629
1199
1413
364
1582
967
239
1363
948
735
570
470
1598
1330
91
839
776
788
1643
707
718
1603
790
1636
990
840
807
985
866
909
1002
702
1092
667
1029
60
1517
1447
1132
20
1511
1213
1666
361
526
1109
817
172
114
1012
973
1290
492
1528
633
1470
1470
585
946
1616
364
163
276
1561
106
1475
1044
1003
703
546
1498
220
663
1474
1147
1112
1322
1199
1430
176
569
235
1476
311
1326
870
656
984
1372
1675
1276
1141
924
1512
429
561
1207
1340
150
1192
1324
1246
800
22
647
881
698
895
704
166
1582
204
1465
403
323
540
1473
1052
529
4
981
1006
328
1107
1145
1007
982
834
1543
202
79
1183
736
1151
1712
799
1399
1053
1619
45
1599
682
132
236
992
612
1158
314
928
1421
944
1471
982
620
200
770
1599
706
1244
1510
168
1279
1215
1497
428
1479
1265
14
1413
354
1680
463
882
644
1294
129
1204
1597
520
1165
694
111
1232
1247
706
1465
827
956
734
429
1248
391
1685
804
522
440
1643
960
1643
1624
1030
1084
1678
1059
1503
984
104
1629
388
1151
192
600
1161
252
1405
1329
1071
84
524
1519
1689
1170
825
12
481
1653
1247
1324
1435
738
524
621
1432
1515
927
123
731
1320
600
163
1631
1568
949
356
541
802
1709
1594
1220
798
1403
1106
1135
683
1178
545
1172
976
1419
939
1257
686
1181
448
1452
137
1583
19
1188
1423
843
400
1356
220
668
728
1443
724
574
749
799
438
1483
1296
848
547
595
1536
748
52
75
1207
548
625
397
1051
1033
1355
634
896
48
96
1139
448
1747
290
1375
998
1021
640
152
153
1091
1527
889
1074
181
1616
836
278
437
1436
1045
1320
1038
924
1401
573
1660
595
731
1018
527
118
1445
913
930
1188
402
743
481
595
1527
391
12
942
1641
773
1546
60
370
1076
514
714
834
902
978
744
161
1721
219
170
601
1368
1268
414
812
1369
186
682
1246
1429
133
937
328
1291
1120
579
868
1525
1007
575
797
1291
903
616
595
1203
1265
1327
564
130
119
1053
901
1685
48
520
1399
1037
955
1447
676
1216
1193
1146
1221
710
993
1039
1084
503
186
561
1619
1644
1454
9
1103
519
552
529
250
1212
1558
390
566
1376
409
1111
771
1596
1290
992
1008
1622
1589
1402
1452
368
662
323
495
1652
774
426
76
1233
1106
172
1395
76
1588
428
1630
1246
503
47
1318
1591
109
404
668
786
1356
854
1518
1226
1071
1161
974
1747
1124
1137
435
1515
1706
917
60
904
638
1612
1303
85
1095
48
1492
1608
1351
906
988
741
875
1290
1196
25
1167
1197
1049
639
1507
1030
931
1590
600
195
873
1175
884
463
1046
1334
1125
1421
510
686
901
730
752
1716
1565
1391
1576
1292
1117
721
333
689
1556
1260
867
784
783
1232
1164
507
858
271
1101
216
281
25
1269
1167
1696
1743
584
1449
1451
1601
1576
872
408
798
1405
1171
42
1159
1545
215
1070
92
197
1139
1577
747
291
611
127
222
779
1216
564
1365
1190
1349
1639
852
1554
118
1378
1000
177
1206
1631
966
115
1243
913
857
1317
1624
824
1247
632
1580
1725
47
1107
1670
235
450
88
1730
1234
1206
999
363
1106
388
102
999
1617
762
984
1275
1221
1325
698
1609
699
1625
1082
1477
1589
233
1199
1170
533
617
1077
495
918
1119
54
1548
662
719
325
1637
442
1700
50
161
1402
1340
1540
324
919
784
192
1458
557
736
820
389
358
1621
1503
1303
143
1632
1619
1553
1075
240
623
1132
781
1332
266
610
1670
1561
1136
1716
504
120
1612
1511
408
1137
1204
1276
695
1715
719
1122
634
185
1417
1096
12
1511
914
998
1008
911
1618
1083
274
1052
154
17
1542
240
1146
344
388
408
801
88
597
747
733
67
665
1094
1199
1552
413
804
491
23
164
1158
941
195
990
71
1236
1185
1128
1062
684
83
478
1017
395
691
1204
1669
64
337
1659
816
1674
1111
430
425
266
998
98
1700
1149
1202
1735
1565
68
1307
1196
506
193
89
1528
616
884
1007
596
1148
749
1086
734
1000
857
1121
1374
1742
1088
1337
815
1353
620
699
96
1089
1161
1475
607
1424
718
429
1290
479
166
630
929
1193
74
130
1375
1329
960
1467
516
1091
350
509
323
1532
1420
95
861
195
188
351
392
216
1422
36
1355
1561
1030
493
409
1460
1238
738
86
903
1072
1104
1168
990
653
647
885
946
203
318
1499
1186
477
101
662
179
903
498
37
1093
236
483
1338
392
453
1180
9
961
1732
1242
123
1271
1171
1689
1215
929
848
142
1091
774
822
1105
497
1153
1211
1566
161
1561
516
1305
425
345
952
1739
1605
1315
989
188
577
294
1667
1715
1565
1254
151
865
370
212
1615
994
1212
308
1744
1152
1700
467
1058
765
1329
1303
1206
1159
210
1495
143
125
543
214
187
1740
282
1614
872
397
1246
1699
1582
63
22
1701
49
1019
1555
1719
1087
20
1626
490
1229
562
1382
206
786
38
303
831
720
1708
955
795
1557
143
244
140
48
679
48
1066
626
1562
1188
523
973
427
1580
533
723
724
209
1576
1679
372
259
622
229
88
1448
955
877
251
1694
420
1635
239
330
1239
36
70
1591
1739
910
975
1382
421
834
403
156
920
1559
169
1209
1082
522
878
1497
1549
1372
1577
822
54
1311
447
1519
736
517
667
621
1131
1683
17
714
114
746
888
821
1573
222
50
762
1191
1093
1018
323
560
1340
979
711
14
872
1402
3
292
1380
1587
1391
618
383
830
250
1051
1493
942
412
170
854
1334
944
1555
616
597
275
1656
122
1062
1604
1208
1690
240
973
1256
1655
648
79
1313
1673
248
713
783
1317
558
179
256
1137
664
684
1521
1648
237
1078
605
1328
1111
1599
87
1361
388
138
1185
1385
1410
708
1226
1413
540
683
1376
1545
1322
1724
170
1319
989
1272
1033
22
128
337
867
792
1242
1040
343
111
1397
1171
60
1421
1017
1532
769
880
1076
247
1288
1455
1295
612
558
1473
1376
129
371
589
1509
62
1603
633
1503
89
1686
332
169
825
450
631
853
1226
1218
1501
1025
551
1284
1285
675
1115
597
1140
