1294
1624
537
1619
1462
576
601
889
1640
289
1118
1214
114
1443
412
1297
1356
1064
1258
584
1669
326
450
1082
73
1611
1179
969
109
71
822
1516
709
1023
1624
257
508
1650
956
1368
913
1749
1234
474
99
1106
1059
1263
1307
913
1033
744
1399
1550
188
639
831
965
1568
148
367
1089
1452
1527
288
660
625
1472
927
1079
238
1615
1391
1551
564
1537
69
1565
1011
278
1555
547
325
1538
1571
154
1178
920
149
493
1724
862
1029
897
369
353
1649
1468
1548
1727
1700
450
1055
1201
576
1391
1474
576
455
1000
1438
693
26
1185
1003
834
368
1231
176
1407
1263
1418
797
1532
1058
1577
890
974
900
18
1147
172
435
732
1109
1134
690
1291
195
1468
1307
430
707
99
1007
538
1487
1542
95
1237
370
732
1006
386
1312
1156
1606
94
593
644
685
1071
684
434
1073
961
1483
1701
519
1626
1136
1674
316
145
706
940
55
1314
1387
412
880
388
373
1334
1640
1434
984
833
700
1632
1565
649
1443
1642
220
818
344
796
1664
392
1371
1063
1618
76
1312
257
433
945
292
120
1460
1257
160
771
1534
207
1098
198
1481
1534
936
1738
1298
1351
462
1162
1060
1420
1602
939
1471
243
992
411
1113
638
1277
160
97
47
1639
781
1306
505
1066
449
875
87
454
1610
1459
517
774
1532
1571
1514
262
1516
1644
418
990
1713
143
130
1347
482
362
90
529
1210
1135
1495
1714
21
439
682
1037
911
1207
1324
182
23
1266
842
1683
544
986
386
259
340
610
1695
1317
566
211
1688
910
1354
80
1537
1093
991
1436
1121
867
106
473
221
726
679
1456
1677
74
1509
1416
960
541
1018
854
22
56
133
1292
1306
872
1017
1669
1604
309
247
914
1251
1144
784
980
887
1009
256
600
282
439
675
254
1000
1178
1466
1335
1017
431
111
1114
192
8
61
1506
763
1607
1541
1050
916
1511
712
287
1196
161
731
1695
1522
363
971
1559
308
1327
1095
1481
870
472
1740
690
1274
173
1126
945
1710
1293
1411
1652
91
427
788
301
896
1404
1159
1077
757
1458
1234
904
861
1716
1134
1526
888
705
590
1512
1681
532
985
1669
483
514
287
938
368
485
72
1357
285
1359
1051
443
285
470
829
1255
1541
733
167
1372
1703
1495
221
451
12
1466
1519
30
680
1118
349
318
1427
1058
107
1689
109
660
1665
713
1656
215
164
899
101
544
993
74
1538
522
480
966
1288
167
305
818
850
243
1117
1539
1589
1283
1194
575
761
330
866
259
1580
1273
189
1440
156
1365
301
1576
1434
1130
433
892
378
901
1200
1528
886
963
272
691
783
1435
1634
827
1308
1264
562
702
1082
697
1655
889
1266
1608
450
1271
629
726
38
1512
188
1132
903
1118
395
1433
1724
1501
1447
763
484
240
1130
967
941
788
1288
1397
1527
3
519
1249
77
939
1289
1313
1329
342
1069
873
1556
545
409
296
383
351
71
659
1551
563
673
515
21
51
1513
1364
287
1396
1113
367
815
208
1573
995
957
1262
1275
6
1748
1010
1322
373
911
1515
709
1101
1272
737
1134
878
161
298
1479
1272
272
953
238
140
1689
1092
1030
252
1230
1545
1038
840
166
269
309
1540
1478
1543
234
1509
709
1508
710
24
1260
146
1274
633
693
79
684
1667
1731
989
833
993
1492
898
1226
1626
1327
587
1641
1019
1357
34
527
1381
128
1272
188
368
153
180
1621
454
191
1001
87
732
207
325
1411
648
707
1052
1541
41
1740
171
1404
1208
317
425
1326
1096
227
539
1044
975
288
1567
1017
600
59
676
667
1324
1437
1297
314
469
1056
595
1133
240
9
1739
1441
1203
614
1662
460
1001
903
1385
1020
475
1440
764
1536
438
406
204
733
540
1140
1592
1522
333
921
255
353
943
920
271
1540
1219
1560
879
1149
96
455
1575
885
1371
621
162
248
773
484
830
1203
102
153
1204
1361
971
520
1277
310
1687
634
301
1052
557
1373
90
316
1268
420
1120
1741
1686
393
974
719
665
49
1560
444
1321
1501
958
489
27
327
842
754
1139
1385
1629
289
1601
229
959
501
548
1545
162
352
1704
633
194
1028
1548
1524
1188
1408
696
376
1747
626
152
1129
1075
1426
594
1148
1357
617
1713
1555
1071
1612
314
762
185
1656
211
969
1134
1262
214
690
44
525
116
692
1085
479
42
1557
586
11
462
1744
1410
278
1045
985
718
991
967
1679
1174
617
560
915
781
470
1082
1421
1650
1177
562
1210
458
93
1209
1557
1217
855
68
1544
1334
913
160
888
23
1001
1211
1270
1481
202
843
1710
1480
56
1259
1368
346
89
618
204
986
956
1525
1556
322
479
852
882
1669
422
1487
1656
1688
1228
59
1713
495
1517
1085
269
1475
500
578
960
433
1699
1044
69
94
533
472
415
200
678
1455
1206
640
432
480
1181
1466
331
273
524
30
614
917
165
1396
1571
135
1087
1039
634
990
899
1544
1412
9
1065
1147
1010
794
1081
1461
1176
736
1165
544
964
1235
183
431
77
309
1037
370
973
326
1081
1064
148
476
822
1076
1636
479
1604
1391
1102
1448
492
1282
693
1676
707
1642
202
1523
707
243
1016
1393
1485
1333
918
598
402
1530
1068
302
1572
836
694
650
1729
305
123
194
1599
706
402
1024
979
937
1037
235
662
268
1140
1617
698
1569
1545
57
1719
1721
247
214
124
389
391
676
1356
1430
459
346
1243
270
498
1685
1352
192
691
388
1574
1746
275
10
1415
1421
159
846
1051
285
1078
727
1239
910
1566
63
1663
1298
1584
185
603
1115
1368
513
284
469
1662
810
1563
401
179
1708
1648
762
1035
463
72
445
1022
1438
673
36
1066
603
1135
59
87
1121
197
1039
1642
774
1457
200
1271
130
1709
1611
1656
785
1233
471
1522
1694
1124
1673
545
1452
293
145
906
683
1556
1697
27
1098
464
1289
1387
716
951
116
1259
601
186
780
260
665
227
1329
1485
481
806
1033
611
1528
715
652
57
760
1334
747
125
1636
496
962
1577
239
260
441
410
566
184
1116
1366
225
700
1460
1677
283
308
500
582
810
40
823
1251
1217
148
1180
830
1192
1350
922
1415
785
752
1607
857
1001
75
555
564
862
542
1611
998
397
827
1175
343
116
654
490
1006
1285
1568
228
848
246
779
424
1401
1448
1261
451
38
1123
722
712
1660
1545
362
1587
1266
11
808
1575
446
1114
415
400
1278
1088
1603
403
99
952
947
1372
110
1477
1597
192
902
823
990
1278
418
741
1516
480
424
1326
1100
835
1047
1048
1225
849
426
1456
1235
1275
243
715
1210
962
1684
1027
1159
1003
1623
1539
1227
289
680
242
1185
789
1393
1048
429
210
532
1442
421
336
722
765
1542
1139
884
733
855
1484
1524
557
549
1106
1239
123
1031
1032
1131
1565
1668
1303
727
862
1280
712
1346
678
1431
133
890
783
861
182
329
908
1691
814
20
317
252
177
512
652
964
1256
694
1015
104
547
1269
1606
674
674
1363
250
1238
1574
1110
750
1228
410
771
197
484
641
1094
1650
1378
129
1577
886
223
277
24
888
715
1234
1411
538
948
1608
905
771
1668
399
43
1006
693
1414
1216
299
1638
255
408
1651
307
846
1052
449
708
974
1439
1475
850
496
1503
1534
832
114
669
1370
1188
491
94
1683
1139
603
367
547
1477
429
706
330
1584
849
756
1319
1313
211
1596
1724
966
977
1678
724
566
1180
15
987
1425
136
520
772
427
993
503
361
1517
707
1224
257
230
1285
1574
772
1059
826
793
1295
1487
181
898
852
1161
218
1032
1714
1721
832
525
1503
1387
881
258
649
555
703
1537
220
1128
1282
390
1709
1405
1609
765
752
1711
421
1547
1379
1181
424
37
1542
715
1433
719
1436
846
1171
895
512
618
1632
32
387
965
1518
1494
597
1082
1298
1642
16
1568
53
801
1497
858
1720
1240
432
65
136
1668
475
598
656
697
1558
324
1050
1140
1598
338
1267
1616
985
44
518
70
1491
533
903
728
1162
698
396
477
842
1245
18
1262
97
920
859
1408
1368
955
1010
1362
96
1056
349
124
504
284
257
1218
1622
813
413
1436
1737
1437
695
1647
743
296
1171
1482
1636
1285
556
35
333
43
1241
665
762
370
664
285
1174
1419
1516
1557
1426
729
1114
414
969
265
739
740
366
57
959
1659
927
351
108
120
769
174
1645
558
1105
518
447
678
135
957
255
554
496
1196
664
337
37
1031
1588
1484
39
66
1290
1113
55
1117
1722
118
281
1418
1649
462
546
1094
1184
302
1437
1252
910
1543
1466
770
1210
1152
72
281
759
405
1141
1687
1049
1729
960
1011
1692
849
853
497
1109
987
319
993
691
1724
446
1484
155
1656
111
1405
1255
533
432
367
1708
526
1600
1429
496
1223
177
76
1558
157
299
108
1741
731
277
1324
1353
611
416
237
550
708
494
583
423
1460
721
1279
1353
1398
428
789
1304
374
8
1395
1051
1454
345
1405
89
1169
401
207
300
1651
435
1329
919
106
1506
738
1305
352
602
171
848
526
1423
1006
1045
113
109
1043
157
527
1715
671
1477
1489
1324
1228
972
312
394
922
344
236
1552
729
357
1340
1390
905
464
1277
776
142
1647
1175
627
1167
