1581
1602
330
1639
617
559
749
89
1638
47
337
1151
1734
625
83
1442
830
1500
528
262
1728
707
853
1469
1737
174
294
1031
386
1469
1275
340
296
371
1095
769
1048
267
1308
1205
811
477
721
55
1091
265
240
1212
1466
130
921
859
132
1083
720
1355
1403
344
1701
664
380
233
1211
884
617
541
98
92
289
647
408
1347
1714
1032
686
8
1110
1371
681
763
1557
989
17
713
249
653
766
406
136
109
1185
1691
995
582
249
183
1093
1017
202
905
672
878
633
848
195
765
1319
128
957
41
713
924
142
171
937
1123
887
727
1185
266
1357
298
226
161
1564
1091
844
1572
1180
253
25
1355
501
1513
1632
1456
547
687
1451
89
160
1448
184
1314
1107
1224
292
541
546
568
282
1505
1487
75
1466
37
953
1334
281
1736
1500
1417
1135
99
148
1245
1196
1359
1654
1042
355
354
440
887
985
1695
1587
545
137
1038
1128
1147
148
1573
460
999
299
1532
149
606
667
981
1657
921
1122
1326
1118
727
1552
793
713
325
138
1467
1395
1673
83
1582
1364
857
1178
635
51
1467
761
1190
1621
1287
1385
1191
189
1549
554
139
875
470
1176
453
243
547
1524
506
1730
1625
1479
297
1195
206
512
678
1703
1292
976
887
157
1358
1664
454
789
1119
847
616
74
789
1223
1566
641
402
136
267
1334
720
1730
1550
462
657
312
742
1426
138
416
1525
1515
654
106
1390
454
1639
57
1161
1264
402
1594
743
1640
246
980
13
1475
756
845
414
1610
289
772
1737
1294
641
1086
1570
1749
1622
735
415
161
218
1176
685
1292
1237
244
422
1020
398
133
550
1347
208
762
396
1728
601
727
87
645
168
1458
123
1128
88
318
1548
1507
670
1116
27
51
1053
1274
1163
787
871
1440
0
1566
1350
897
1562
363
317
1261
1160
772
910
463
289
1416
612
743
847
146
621
1206
875
1686
1259
134
1423
237
227
1325
532
1563
599
85
1417
1152
1334
1371
544
544
743
671
1316
1202
985
173
984
1656
1333
1216
70
763
1329
234
987
1145
1001
1001
657
507
98
255
555
921
23
231
1492
166
1390
1205
583
660
252
1349
1206
326
1437
217
422
1329
63
793
592
642
485
302
1318
862
1389
1691
1361
640
534
1640
1292
1541
448
533
58
638
1281
317
238
1465
1655
682
861
1180
60
1358
359
1580
1454
1100
607
773
42
908
131
1205
672
1333
0
954
1478
624
1421
598
892
901
1389
1510
1191
770
570
770
438
520
1076
644
1669
832
1284
272
879
992
718
805
1131
945
114
1419
749
349
206
457
427
855
161
422
601
827
100
1656
815
1688
687
271
1694
1096
1655
149
1340
11
605
407
1084
799
639
1581
1355
725
578
1654
337
240
1210
1092
791
150
1266
1503
1195
1092
514
1728
259
1555
1636
194
571
1557
1384
867
90
1434
707
955
90
193
1394
1603
1546
1621
1230
67
656
1098
1573
1565
4
51
657
374
898
614
984
1329
1185
1684
462
293
1211
242
1432
868
309
666
1697
959
883
510
844
1283
1103
235
1616
1662
1400
444
4
27
110
326
706
241
1498
370
610
733
765
1258
19
405
229
478
144
29
1357
353
707
436
1185
666
1404
370
160
325
1121
1236
1364
1247
1468
1735
646
1617
1463
1525
380
1717
287
126
1236
965
978
379
914
1686
1593
455
242
449
1208
1042
1469
865
655
119
206
1307
1087
823
141
1722
1256
1488
829
200
1006
108
609
493
765
744
708
197
1243
1674
708
1627
513
1493
1642
307
1593
842
1666
700
1279
682
1446
1169
417
254
1028
1413
774
1270
488
243
961
1337
1624
634
1231
307
1263
1453
1658
264
586
784
1431
321
537
79
317
785
1671
26
1192
815
314
768
214
1033
1581
518
241
209
1023
386
153
819
1738
361
1113
347
1408
709
5
187
1484
1678
610
1430
1046
349
1129
1638
748
701
346
1497
1359
774
1479
542
949
451
1129
94
527
33
1332
96
212
898
2
1664
405
57
29
142
612
590
79
800
501
758
555
8
46
1431
73
250
1039
371
239
1445
1181
1680
990
474
1215
1002
176
1614
333
286
600
178
316
702
1426
638
994
609
432
1468
943
866
871
1415
1579
1676
260
1085
1013
1357
349
1621
1719
461
25
1740
240
31
444
1101
1098
1749
1579
809
192
952
1490
871
758
682
1493
13
1501
708
1059
272
837
809
1176
671
1189
738
1212
793
1051
1151
229
356
589
692
707
312
896
193
45
770
596
1540
1363
715
1515
389
841
1366
1740
856
898
745
830
967
1474
656
461
644
1315
1695
685
1670
1114
1198
1434
807
1540
244
758
420
904
1211
1281
276
804
1388
1415
816
344
1061
959
130
1531
1217
365
310
261
276
1253
1697
1116
458
305
1371
551
96
528
1098
1557
1397
635
1401
407
1053
928
1620
580
267
1028
934
132
1450
1650
1128
871
325
989
1742
439
542
281
1639
1105
162
1693
1281
841
803
1607
182
648
400
1171
293
662
60
113
892
762
602
848
1138
1241
1706
31
1705
126
894
1018
1215
1489
1735
1024
1191
1653
378
947
551
84
325
308
521
1009
1124
1673
811
192
1553
1019
1128
1331
768
928
759
476
458
503
383
1441
1361
1217
1335
376
1395
988
542
1155
1545
1709
895
1412
150
279
1003
463
792
34
1075
582
1369
137
804
1061
386
1169
354
527
1110
29
412
681
905
1066
1402
728
47
1112
1323
942
93
1741
44
906
706
453
1681
1457
1390
139
1674
1010
441
648
534
1343
1639
402
93
415
1013
928
623
305
1319
1080
639
205
921
888
806
296
1195
882
749
1036
1019
1217
1396
1734
1632
250
120
423
112
338
1406
1066
271
1071
1025
174
1507
1630
339
506
1081
1298
226
166
505
977
44
464
1086
1635
336
939
1339
314
1093
832
227
975
591
1118
692
1340
1176
1647
977
1492
889
1654
1714
684
546
1734
518
268
334
233
1517
1565
971
268
959
278
220
336
628
1365
355
1729
1649
1338
337
473
989
187
991
658
565
1236
1265
190
872
1725
974
1402
1053
540
267
1274
810
1385
467
1215
1484
981
249
239
1136
951
1179
575
1448
141
651
555
1333
351
8
559
1132
1658
1551
945
1652
667
1664
883
1372
608
1575
298
1378
230
1279
227
796
941
1215
1238
617
1071
1471
192
760
1246
502
835
653
310
1731
61
1423
1715
755
159
362
1711
387
1012
1415
1604
1095
779
76
704
1379
1037
665
1627
1526
930
1222
337
950
1610
1378
454
460
702
128
454
819
809
247
328
1376
844
365
1352
906
152
735
323
1489
1058
1119
1380
723
97
47
650
735
939
1129
352
1482
1113
711
176
205
1234
1338
797
1595
748
147
255
1686
1483
183
390
1610
1168
337
10
647
1275
1582
294
296
288
504
1430
1493
1221
720
826
1032
1566
1563
1327
842
356
115
1483
1747
1485
141
322
0
465
131
438
1103
1138
596
697
51
757
357
169
692
943
89
1339
647
201
199
1218
1337
577
855
1052
373
1475
332
1582
681
817
136
1388
1743
484
381
58
1159
225
650
932
676
1284
1695
12
1138
1046
337
524
12
276
1689
105
960
1409
150
1460
880
964
1478
457
57
374
1068
984
835
1567
937
1510
274
692
477
208
505
1280
733
22
6
590
367
432
1234
353
714
765
837
1420
1533
1238
596
599
1644
1375
903
1478
707
1644
668
212
143
594
853
693
1739
1125
1530
336
1320
1410
351
844
998
693
1326
446
1273
347
1146
166
232
1713
1747
771
540
659
80
1719
724
306
1250
1030
393
251
1191
1233
531
156
1104
1228
342
1367
619
1604
1104
564
1325
756
1680
1598
182
562
953
420
135
781
1206
1267
1627
814
895
224
1363
1630
1447
225
817
490
1230
1407
292
908
1163
159
1175
497
762
1574
1301
1639
190
493
307
616
441
1247
606
14
1192
1349
231
111
79
271
1106
960
253
48
520
743
438
1653
1685
617
997
731
1724
455
108
1661
66
178
856
1685
310
1602
688
338
793
1674
1028
315
58
1436
675
719
10
738
1721
1402
738
1227
1402
457
1681
1660
156
919
213
1216
1024
810
773
562
286
562
89
566
149
873
1515
1309
1462
710
27
1638
1403
1747
1277
59
330
1205
503
592
29
1665
1719
55
457
1403
283
1506
636
237
1619
1746
1355
59
1437
1235
1573
296
453
1258
1746
705
324
91
393
1106
716
1292
122
1354
316
714
890
556
1049
747
1375
249
1067
920
1589
610
336
284
1660
1097
922
454
677
1127
265
154
380
1039
236
916
955
1195
1294
527
767
1121
1611
1698
116
135
266
273
411
398
324
396
188
297
1354
827
1624
348
130
909
334
569
475
1150
1741
1731
173
599
666
348
883
840
603
527
239
239
947
1730
1252
1431
605
1549
1373
1283
423
663
183
1358
1727
179
676
1301
118
4
1244
209
1533
51
1137
39
449
1633
1278
1499
570
955
414
221
187
918
1477
1534
1739
928
1620
683
301
1001
1559
958
146
1259
1202
468
399
1311
1510
16
758
966
204
604
326
1100
1678
475
194
1258
1593
1645
1191
265
1387
1645
1049
1507
1060
170
262
439
355
1163
205
955
1481
763
139
794
