1137
745
301
1696
1405
1076
1396
260
747
194
1280
874
783
254
919
145
1588
898
804
378
933
462
1162
587
185
269
435
1376
296
1527
424
1163
1007
656
41
337
1201
857
1069
1707
941
590
94
430
124
701
470
1179
1670
1302
553
1316
1247
562
1055
1321
1135
1430
934
1115
1205
839
176
682
1643
184
829
988
1337
37
510
302
1667
324
1493
764
1149
1612
1568
62
223
816
1080
1427
51
521
3
628
1412
1510
1658
887
1308
485
311
317
1732
1038
433
3
1557
994
1721
1388
490
358
958
564
1202
869
792
497
1306
1667
1152
726
964
1135
1304
457
507
136
642
1406
1198
568
142
1030
605
899
776
997
1364
1633
722
909
941
1243
328
1673
149
922
95
1242
1386
383
286
496
96
1217
232
487
656
647
24
945
845
820
1711
1017
660
636
176
29
629
302
1304
1196
720
333
1208
1044
920
654
846
280
593
312
1562
691
194
813
57
1670
906
1745
352
813
1549
1560
916
1363
1633
1134
838
1219
170
721
1287
32
1143
582
802
437
1611
1170
935
1154
103
1485
1577
1509
516
113
1544
632
481
498
1394
1397
176
317
295
708
52
63
63
1094
528
1241
204
744
482
578
361
430
674
1441
1136
95
1458
917
196
1062
1184
215
936
844
916
278
1440
1312
1068
1253
1036
593
1103
1236
325
187
172
401
829
765
495
635
1586
1155
345
1665
967
1556
527
1273
700
1634
178
643
802
1703
1437
972
63
943
1292
1229
721
252
1710
93
462
60
132
1271
1442
1721
716
408
536
143
576
1223
339
702
875
1122
837
1182
1475
701
1098
90
1539
107
1058
850
124
31
678
1023
1029
1723
1486
923
335
723
1746
717
438
1485
409
907
1166
1095
1394
414
711
1234
1262
799
1643
551
1172
634
220
1711
899
10
105
325
124
1090
1392
1558
1419
1053
1570
1332
1515
1221
1224
301
1730
1606
637
1577
1399
228
206
1659
463
1432
782
1085
1706
704
610
779
242
1608
101
1403
1040
718
1117
274
1442
322
1628
645
1130
757
1279
1183
1312
645
1222
23
498
871
87
736
1605
579
301
984
140
502
833
1465
141
1723
5
1632
1098
294
197
1383
263
186
1259
693
357
1607
1270
1670
1434
849
846
879
1673
692
1082
350
872
1230
1411
1290
1591
118
1107
354
1565
346
1081
299
870
1126
1601
1720
617
856
1
1287
917
1122
1560
155
645
432
713
1091
1142
255
1689
1025
1127
1352
997
564
362
792
974
1410
1601
495
1307
796
40
857
1578
1481
1554
107
1722
917
1413
931
408
1566
1320
1311
1274
1570
744
1589
1290
4
858
856
90
1692
0
637
1582
893
1639
1575
688
1347
909
942
574
612
1235
16
1333
889
270
1103
1715
1585
935
1715
1624
146
1227
1652
211
428
229
123
839
863
1012
14
907
1702
980
112
138
750
1080
1387
1498
1485
1662
373
1425
916
141
296
369
976
639
1168
101
1431
1139
102
1459
1540
16
105
569
1098
241
1628
802
557
1456
1102
185
782
1657
705
1504
146
1099
635
1049
388
741
1409
94
712
700
930
1156
1740
1588
1699
1537
1083
331
288
101
729
85
1511
1598
373
914
1750
695
1603
55
1112
1623
1538
1658
1207
1007
261
1725
137
902
32
651
535
15
998
76
1569
588
36
254
243
90
873
190
1246
1731
213
245
737
613
84
1421
580
1293
1307
81
1638
147
303
474
1656
1075
500
1360
1292
1456
684
945
1405
1228
970
1604
296
506
850
297
1476
811
1312
1424
1265
912
1463
1444
1308
973
587
1179
273
1306
718
695
467
1037
558
675
730
1098
171
919
959
329
821
926
173
630
1436
1073
1103
1310
1508
1667
657
592
1473
385
649
739
148
108
1617
1230
29
1732
575
1090
14
1155
1294
885
1066
1691
1568
577
1611
1414
1518
886
1126
298
1383
1725
1411
1336
443
1097
1115
1014
1517
826
341
1270
348
1505
835
291
175
959
1061
55
14
436
95
1111
284
977
1709
356
1377
1451
237
1241
1371
1392
1622
1210
1140
47
60
333
1558
349
739
792
203
1646
821
320
1389
1013
1341
1087
282
960
902
911
431
129
466
1527
1424
1623
73
1104
436
985
1659
1457
1169
1108
1494
1653
577
1125
1697
558
237
898
669
1727
423
42
51
7
176
1187
1346
1463
275
1344
1328
1535
138
1297
465
1241
1520
1043
572
700
466
412
1374
707
582
134
442
1482
189
488
275
370
1463
1350
843
1170
1017
498
516
598
1270
1640
925
158
362
1545
1558
322
52
1501
1657
753
1117
1126
1486
1188
888
1136
802
88
484
1480
1679
1000
585
1414
763
983
363
1685
1486
897
884
1313
83
667
280
934
1439
494
1353
761
164
705
322
1266
95
676
1397
1361
1416
1643
989
1432
1500
141
1169
1391
926
506
1728
1122
430
1523
1663
19
1560
1245
1112
464
929
1097
335
983
524
1479
423
728
1255
376
1121
307
341
523
616
1379
814
1493
834
835
638
906
1519
24
941
811
316
660
1326
926
1005
1749
1620
1293
825
390
361
332
1591
1265
257
1556
850
1075
40
748
561
350
1264
160
64
652
1207
1673
505
1719
1155
642
1454
1023
744
106
1509
51
966
628
819
334
855
1565
63
1469
897
3
1200
207
434
1567
1470
1537
623
697
848
938
1271
475
1716
1377
39
916
1511
1124
272
1538
26
1502
556
1259
1242
840
663
201
1725
192
530
1151
361
810
1662
238
646
542
1045
645
809
705
787
168
95
569
703
1065
903
1628
1642
291
544
1481
456
1182
837
1055
83
499
781
1655
1046
94
682
1235
1359
1676
688
1124
1110
438
45
459
1483
251
1376
1512
1009
1568
1534
1517
597
563
131
268
718
643
1047
1031
1143
509
191
298
868
1489
602
1104
130
54
1740
788
402
679
830
1475
1070
926
929
1306
1572
921
900
322
659
1573
884
1557
401
710
596
91
208
932
766
346
818
766
1638
833
597
1461
1361
655
1403
1463
525
1242
106
1370
342
895
1301
1585
1497
30
215
1078
907
1166
141
1527
1151
1594
665
748
1631
469
1576
776
1001
1484
103
1364
1068
1301
270
1537
741
938
952
1251
1669
839
573
683
236
1210
301
1189
330
814
174
382
694
982
1598
172
1567
795
955
572
686
1710
946
379
1195
1743
484
1382
926
1161
1382
808
1638
493
1619
1241
725
474
1712
1069
753
1220
918
854
943
334
766
144
812
1179
105
953
1175
1402
1508
551
1628
1091
1323
893
1608
789
1724
137
53
417
646
675
1657
496
459
1593
860
1125
389
761
1359
134
836
1721
1201
864
1551
313
352
1406
1613
647
1258
409
1480
1576
601
558
31
590
27
971
43
562
1432
61
44
1009
841
626
761
977
247
534
205
490
659
1032
1090
532
1609
1061
1114
959
1672
1180
1202
1548
1725
539
1696
105
330
423
229
853
297
1001
298
1349
932
346
294
315
1733
900
991
1722
1083
279
495
1276
414
1608
986
1298
1124
434
17
88
640
980
516
223
162
1081
269
1488
69
650
1383
1055
896
843
1537
908
1180
858
198
1686
1581
933
1713
1682
561
275
788
1485
502
855
1347
1732
1650
1129
1017
741
323
474
209
1055
1658
225
414
1623
761
938
509
935
1351
865
1238
1479
364
980
1249
299
1183
265
434
1167
215
1128
522
1175
1310
117
1352
694
1018
473
1314
116
1051
966
1221
1415
140
1361
154
1468
1526
1250
1518
1380
1345
859
101
1252
390
240
626
1339
217
665
572
741
75
37
1632
1245
568
1321
871
967
1144
969
917
890
553
848
134
75
825
1056
819
106
554
998
1329
87
1702
1597
1572
665
363
1247
872
1251
182
47
336
1210
918
1135
1487
936
1470
297
1333
326
401
281
1554
1493
1137
1044
466
965
997
1377
870
1132
1085
1547
1448
635
493
515
781
266
1605
227
484
1177
348
1675
1187
1631
76
334
75
717
1477
1738
1634
814
1591
1508
513
628
1085
1648
183
20
1424
1144
983
1251
1637
1145
576
800
282
1187
702
1081
453
1656
103
1281
1652
211
50
1595
1450
895
1176
1626
1276
1448
1062
1686
1242
1300
1516
538
960
198
1160
768
251
441
1146
556
1130
542
335
746
269
1235
695
1490
1493
258
1323
462
1095
209
570
270
809
474
1261
786
970
162
1714
1698
579
1590
1229
1477
282
1193
639
784
753
765
1406
475
1100
1222
872
1103
257
1712
946
563
1547
1430
1445
601
64
1143
182
1637
136
723
1647
741
340
1647
927
769
243
953
545
804
995
1371
1023
426
834
554
1698
947
424
1580
1333
70
1682
72
598
358
638
1616
93
436
794
1063
600
275
88
1201
398
707
301
1642
1262
699
1130
1370
422
1448
584
540
25
1597
542
27
793
995
1690
1684
1308
1723
935
596
1430
444
1714
1293
1532
1660
692
503
276
1310
354
1025
247
878
1650
1266
871
997
223
406
957
1362
1670
834
613
956
679
524
1112
953
1457
318
123
914
241
730
328
211
1023
1340
980
1449
606
1223
1656
3
950
1640
1527
1061
51
127
393
153
1726
1407
17
1503
1702
758
971
1698
1709
466
1520
376
115
570
402
1458
355
911
1157
1545
1276
1593
1394
386
1495
1318
1685
235
1576
1511
1323
1621
1139
458
252
417
266
227
506
