954
665
1313
169
203
1377
202
426
1133
1382
270
798
1668
98
613
1399
1123
1580
956
683
100
1017
1255
1698
878
212
1653
1675
971
1166
185
1356
588
1603
87
1635
1297
1292
994
1088
1185
1375
609
179
1003
619
1731
533
1012
1532
826
1270
138
312
525
958
653
419
34
1195
986
1452
421
216
1216
254
1323
535
719
691
1179
1350
1308
575
450
784
425
486
1701
1003
235
1450
801
349
636
91
1228
408
608
640
670
1598
1046
1228
1122
1211
80
32
432
259
1504
1646
1643
1175
1283
485
1290
531
1270
1586
1459
631
17
1212
446
1398
912
933
1681
790
141
848
586
64
1267
1186
984
1399
799
828
1238
590
65
1567
492
1295
1330
1086
1079
161
237
433
1653
942
1351
118
1544
137
783
984
1550
133
438
941
857
600
790
1741
1553
720
801
730
1731
1741
1375
1380
675
480
892
1035
709
55
1616
934
752
28
71
1365
293
1600
1512
1480
349
1735
54
74
662
1167
1642
1458
1
1695
181
837
574
1279
4
285
696
1232
750
1661
288
654
1541
1641
972
1535
807
1028
1387
210
1419
214
1270
603
1065
755
727
1393
905
563
1011
1045
713
777
301
1337
614
914
645
1140
327
229
453
0
748
1216
1162
41
1560
1420
141
972
24
764
1566
214
601
1570
823
954
1037
1677
591
1251
646
1710
430
510
1395
1443
796
501
1016
71
1299
985
453
1354
538
942
1456
938
714
260
257
793
88
1059
33
967
338
1475
577
161
754
950
1583
742
451
1576
518
37
27
996
1081
465
1377
1223
1356
1038
198
1225
973
146
859
739
391
1511
238
713
707
195
706
1560
49
1346
247
684
1658
1094
123
703
695
1750
42
412
703
599
821
1182
1220
1262
821
1024
69
1544
577
1331
1139
1046
847
193
1594
983
1347
1101
1138
800
1451
307
324
402
361
1224
1325
764
809
102
780
117
764
1559
1379
1259
1253
1666
1283
1149
115
1589
75
883
1731
807
0
543
527
1561
284
363
917
863
1679
1047
1478
1006
1401
1140
170
402
1019
1169
1540
1093
1594
1597
1263
225
480
1374
1718
941
290
1543
1172
107
1628
1195
475
1641
193
1402
1084
1139
464
1042
1355
1511
914
1088
337
1687
308
1232
1462
1552
121
933
1568
183
962
261
1627
1017
1103
332
958
1180
611
758
1662
131
1025
394
1251
1100
288
657
1244
119
1140
1452
604
1012
404
1605
603
1368
424
1477
1190
9
1373
216
767
545
1566
1086
1208
663
97
742
729
925
23
1397
113
894
1216
586
434
508
12
1288
161
407
283
588
370
485
1212
1671
1405
1713
1093
1169
1017
650
1706
1307
1501
113
216
804
539
1538
913
937
1161
1321
954
400
1099
1030
1021
127
123
553
728
734
942
64
688
1073
594
1100
209
544
472
856
582
133
1258
653
774
48
166
1453
927
824
675
1170
530
143
1730
1577
400
424
428
1391
608
801
1349
648
1306
936
1329
192
265
1299
726
472
767
1523
924
1622
17
1309
700
868
1100
140
360
316
1692
1408
522
20
253
233
1234
1739
210
1189
437
37
348
1750
1118
451
297
122
459
1704
1226
1403
920
907
155
210
1134
1730
705
485
1659
511
959
942
341
230
211
864
330
957
118
1299
1402
148
581
561
209
478
1617
1448
1084
1725
897
1072
1217
1747
453
275
1309
216
1567
412
1680
628
571
1136
762
815
406
169
856
511
1248
1416
544
634
907
1517
369
139
1020
1383
441
852
715
535
976
522
1614
438
229
1157
1054
851
570
1706
941
348
383
660
462
121
1524
1083
536
1590
233
177
178
30
1259
17
1075
412
155
1420
271
1278
1486
528
1250
1363
1658
471
157
1692
1093
1066
1502
917
788
901
351
963
430
965
1415
1295
729
390
1482
1313
1312
145
738
404
879
1584
139
490
1124
1047
1506
22
1489
401
515
953
1028
328
1096
248
613
534
888
672
1007
50
1656
71
1582
1403
400
973
1313
649
937
90
468
796
1053
280
307
105
679
65
1472
664
1112
1742
250
1370
1547
1502
1176
1577
1696
1333
638
787
1687
1071
424
1291
1750
394
1750
210
1372
1260
1351
190
1013
1548
983
50
1204
1729
1544
1675
1028
1022
920
924
1641
633
1601
626
1119
1680
783
93
78
1029
1351
1554
1631
1547
1243
1476
938
816
327
721
109
515
1205
1442
565
1008
953
867
1177
1579
897
1481
1736
711
1697
1080
1205
1423
619
759
1212
1069
1177
345
698
362
909
1716
1499
903
273
460
1151
1589
1341
1168
1325
862
1604
1403
466
829
749
1103
975
1009
1671
703
639
1053
961
1151
447
53
1648
1543
1605
481
1217
1593
1493
631
1034
1650
457
1346
1724
40
437
1162
53
684
1623
292
1183
1020
1673
1387
409
287
633
324
1212
653
1041
538
1310
13
1224
1701
979
1699
720
126
758
218
1191
303
852
1553
813
1357
1514
1252
1031
983
44
1652
1463
378
920
11
1260
240
1068
1707
280
406
1018
1057
1322
581
1031
82
1428
1396
1201
1026
443
1144
1632
90
596
1019
1221
1032
737
1591
658
389
1639
991
239
1063
261
580
430
22
465
1702
1481
309
122
991
606
631
1423
1729
425
1494
1268
125
743
587
1415
46
1638
383
471
341
251
199
1567
724
1496
1420
932
913
885
838
1427
1688
829
1651
1331
686
1356
160
158
343
1610
446
455
210
1323
1589
11
1388
548
1094
1521
1256
1054
1415
292
753
335
457
36
52
515
638
287
1634
799
756
1286
1330
666
189
754
839
1293
782
1396
811
1184
907
1321
859
1007
1612
764
1089
246
551
69
51
1231
1456
1062
1324
1597
41
1305
1168
1232
561
868
885
886
115
1278
784
785
1325
1618
970
1308
347
1720
1106
1279
1503
642
795
52
58
216
1643
1040
139
1452
973
257
492
605
1585
897
59
78
1042
13
492
1731
366
866
736
444
1061
384
1585
578
468
1557
329
1593
170
111
852
1620
787
77
135
1495
719
539
842
1743
199
1529
1447
1396
496
1245
305
156
1326
1421
514
1574
926
1107
1067
924
1078
790
1610
997
218
890
31
578
944
1698
979
1208
1094
370
28
1421
1516
1653
1098
324
1545
1458
304
1693
987
476
657
1238
139
328
730
1424
1742
856
1328
683
374
567
1498
640
973
1376
363
1484
548
1079
1527
1562
1113
775
1483
331
1214
1671
1669
1423
978
1674
844
283
265
682
897
1144
390
168
644
458
1566
668
119
619
723
1213
631
938
115
881
173
640
384
589
809
1297
1739
1519
1315
498
82
282
1625
1718
196
149
287
969
606
349
575
1729
663
1574
1427
923
117
1375
818
1217
555
711
821
1301
447
316
1075
435
987
1468
923
788
1439
1714
891
664
1221
703
1032
835
1015
176
997
1236
1375
1298
1355
1648
30
1528
1143
1221
1551
376
1274
1552
1182
1554
1722
226
1715
571
1487
363
1370
629
649
307
1260
1208
1304
25
551
176
46
370
354
257
1518
1632
1671
683
122
80
1015
867
667
819
1189
1341
895
1502
1337
115
290
1515
1494
148
917
1070
1655
30
280
1436
151
1024
455
278
1036
1488
965
955
198
227
618
874
1425
1515
1458
738
1404
1695
1650
1086
538
554
787
1408
1529
940
1378
553
895
755
1320
346
1425
1415
1420
1658
355
1258
1519
1496
634
1424
759
703
1031
1560
1591
100
529
706
1397
278
927
949
1577
583
1711
500
571
1044
929
1506
903
5
1325
40
1506
988
1188
1029
776
943
1280
435
85
45
510
849
1750
185
1559
1728
1323
1361
1534
1167
833
1512
43
1282
253
1313
833
1603
1175
1670
112
1268
782
190
513
1490
95
1018
527
718
548
805
777
751
244
1717
1614
1223
103
1225
337
1390
1433
335
1367
1367
856
11
1254
1527
1284
982
815
149
746
898
437
524
1621
759
1583
947
718
237
289
863
116
231
995
1307
1706
1570
997
1134
1331
1485
205
571
865
89
764
1156
414
1660
204
208
1293
326
493
1726
1365
1471
1442
57
98
488
820
1527
1677
521
1145
1104
293
911
1085
676
252
722
855
908
1103
404
799
864
512
127
1065
199
821
1735
787
639
638
356
1576
999
136
722
1356
1153
900
27
1586
507
609
347
80
856
1685
1163
1331
411
703
993
485
1108
296
983
778
869
283
188
106
1007
1167
1190
1248
176
855
949
17
1347
369
1435
1163
572
849
589
1168
887
1719
14
554
253
731
1193
1502
452
1052
1105
1232
391
1232
1037
706
1470
1436
391
126
1116
998
21
1170
125
591
1170
859
1410
1055
298
220
257
1327
569
88
1630
334
1589
1408
106
1254
1353
1217
846
1453
77
870
1053
132
72
516
643
1482
339
274
1529
485
27
1106
1577
1047
846
167
632
1704
1218
95
224
885
797
966
1267
1337
1032
140
135
340
492
559
223
1407
1224
1465
612
1179
35
288
125
528
1193
1178
615
656
1189
96
1135
522
872
972
36
1648
1520
1230
343
1480
733
810
391
770
645
618
1029
1064
928
144
1378
1724
124
618
1068
1071
1213
45
449
720
159
55
358
298
584
481
613
338
1133
223
1080
1607
1478
786
1151
1181
1555
724
1344
1619
293
1245
1734
1514
1740
257
111
1731
92
1044
830
1258
773
882
1657
281
82
392
254
1191
1028
1633
