475
612
1071
99
1370
1285
1209
143
690
75
918
1276
1480
1304
1437
738
1625
1104
113
1140
1256
199
1046
266
1225
574
79
580
570
1005
673
850
656
1665
1523
1683
626
276
939
667
1678
923
1165
1625
260
81
294
847
94
1078
1382
869
238
433
1642
93
1732
242
639
1171
901
709
389
1058
632
1295
1077
632
1083
1710
330
971
1267
216
246
855
1209
1646
794
513
583
1659
707
259
388
731
876
1290
1258
1550
1080
955
494
1134
23
367
547
294
324
1384
1672
533
267
635
808
926
791
251
356
1069
297
1029
1129
659
673
1412
648
1386
1569
1472
6
1660
893
553
934
1012
1141
170
972
77
824
1335
739
598
585
1409
822
473
1482
1635
1205
1085
1219
1703
1620
1686
982
1595
1493
1608
1274
615
1494
522
1088
447
870
125
1441
169
1350
1387
1495
1535
1421
174
122
572
15
1328
1478
309
530
891
13
57
1296
1668
717
1591
547
1033
887
1072
1733
888
886
827
494
1020
714
435
543
327
805
558
673
921
916
1474
412
328
1231
1705
841
997
1328
1222
1370
742
873
517
895
384
1553
991
1005
249
688
1076
1192
228
59
1533
570
63
1354
64
1292
948
1440
1735
746
272
762
740
1656
1457
1674
1442
1183
40
1199
1577
1444
996
587
486
1172
638
1401
512
790
1014
1347
513
117
680
637
150
158
1094
227
1324
167
778
941
647
1264
400
548
1733
43
1635
1154
1452
1548
411
1410
438
1551
166
935
489
276
1538
152
1207
806
1585
849
104
621
1613
1616
1111
1725
1007
598
299
1328
58
1500
1545
1274
855
645
1103
739
392
1524
1047
1117
1446
1332
1553
33
1297
228
229
128
76
1113
153
115
254
263
1032
992
1707
1132
1689
1275
198
1723
1114
1667
881
1019
1109
1658
218
1662
549
1116
331
623
1189
1215
1029
407
843
167
1262
359
1708
1004
1231
428
45
1392
498
1309
862
335
1497
1433
555
353
825
874
1680
189
172
451
507
31
518
95
685
1747
1656
1002
1083
33
899
1447
553
138
1484
937
1538
1440
396
1616
961
1392
1316
480
352
773
266
1084
221
1232
1447
1725
790
721
1348
586
128
1702
1118
692
1042
23
674
1571
1140
1594
802
1582
903
554
1626
1246
794
1453
239
839
85
9
969
932
1055
1255
507
134
1661
454
178
1204
830
1220
263
1253
791
1155
1190
1416
1331
246
1539
1588
1278
859
1532
999
1496
1474
630
488
482
1563
266
1391
558
414
184
1521
840
1353
853
456
700
1306
269
586
1317
1169
1309
111
966
360
1151
666
1561
1353
179
1052
85
538
723
499
1740
383
630
1214
859
1480
1394
878
214
310
1279
452
1033
569
269
341
119
1558
1711
888
1115
1206
1499
705
1349
41
905
1710
363
1320
820
789
132
1189
587
198
1294
914
1611
687
1339
145
1695
1452
875
1107
513
1169
764
1342
1131
1051
505
942
381
361
351
1218
497
1346
1385
779
1051
1702
287
731
1204
1186
1736
1229
481
285
312
1542
1434
1667
921
120
25
1015
1104
703
532
120
621
1240
526
1577
425
1463
635
1517
1103
766
1629
1596
1265
1692
1741
1177
680
4
1606
567
1708
395
782
893
970
293
1748
1453
1097
1742
195
1137
1215
1023
487
1603
1074
350
990
1439
17
697
1432
582
517
1202
791
1306
1080
880
664
1432
974
943
280
1414
1442
650
1339
1401
426
857
233
1502
1747
1594
1065
62
908
1371
1220
1105
134
414
1601
547
1732
1556
1525
94
654
1642
714
1527
345
1389
263
926
710
393
1711
319
434
814
869
290
1640
1597
1266
930
664
1716
329
1255
1536
1119
1138
549
256
919
754
1302
237
1548
803
1016
1691
877
1425
275
380
1009
1229
1531
569
1350
847
1429
495
312
1499
790
659
847
1546
541
554
733
908
1199
250
1072
407
1545
155
283
878
1348
271
17
615
1180
763
644
548
791
334
625
290
447
606
914
283
703
1252
412
739
976
91
1723
717
1348
1702
1408
540
334
615
1231
686
862
72
526
1306
1350
543
54
281
1670
99
815
1096
432
666
82
1696
1167
840
946
37
356
690
839
1083
946
1302
900
554
575
1568
231
1668
497
1250
1480
1469
1289
669
511
158
944
118
1308
62
469
685
415
814
78
84
425
1479
1148
1481
940
291
31
1716
50
1585
1614
336
35
256
1604
878
1135
838
104
781
153
1623
696
1177
1333
1264
280
725
949
943
688
494
732
787
25
1537
478
905
482
1031
104
1716
1273
68
714
299
923
491
1590
1427
701
1490
189
922
297
1111
468
192
1466
933
436
296
192
505
765
777
799
722
1207
1570
825
1027
892
1625
26
1478
1540
345
1337
1375
1092
1013
1292
871
1435
348
2
321
1446
1123
957
228
1141
1039
1287
1079
1266
405
22
987
1260
1254
1602
1350
842
1248
916
357
1749
678
390
494
1469
1383
967
1611
941
367
1419
1376
1381
856
39
483
1726
1615
523
325
825
896
1300
1612
1587
1300
1084
813
954
246
1706
73
612
1145
663
238
739
1230
978
189
597
390
172
1069
831
1655
700
1394
772
1336
1713
12
651
230
1560
727
958
1518
1747
1136
1033
1257
787
422
347
1342
15
743
11
1452
1513
244
86
826
192
984
1321
1538
487
517
1020
406
162
1274
380
818
766
770
903
1090
1278
1489
459
765
530
457
137
1660
1689
582
1400
746
1037
1712
1511
1305
1732
1625
690
1059
882
1170
951
847
1593
461
1084
553
1415
1069
548
540
299
109
740
841
1708
974
1284
1054
1107
761
545
410
948
1098
75
571
1533
1749
1289
23
304
1208
1502
374
495
1562
472
1747
929
1478
1311
1253
795
774
731
909
1185
437
1641
748
636
1033
729
46
351
1562
1138
29
1158
285
461
1421
1626
249
1623
502
1123
1599
1454
649
766
1071
941
1153
1162
156
712
1204
348
1686
641
1621
296
417
1534
762
574
1401
865
1209
116
1454
1151
1246
799
313
566
1528
682
345
324
1010
1492
381
1152
1312
302
477
854
315
1347
1090
1315
1149
4
545
709
1154
1657
21
487
239
404
1427
1067
349
1494
1481
516
957
104
111
285
394
26
1507
431
524
975
1210
357
1047
1060
472
1316
291
1303
1638
40
100
630
869
1545
472
267
911
675
153
984
993
1623
1505
627
731
237
109
1093
313
925
1283
350
1725
61
1546
1080
1555
276
740
588
1101
543
207
1533
1466
1546
431
706
541
29
1065
1585
782
14
1105
1150
1092
1503
630
1591
305
1644
178
1519
1561
1082
1669
606
124
1658
93
1511
825
604
648
789
233
1685
1359
259
1258
1372
978
1193
724
1614
71
228
1470
374
1366
389
1539
1358
1017
1090
421
618
1462
239
860
1601
1689
1677
1434
837
7
72
950
310
633
202
1067
981
252
891
1739
678
1404
420
985
1507
716
763
785
1603
1554
1203
890
434
1425
874
1451
49
365
1249
1263
147
1461
558
495
1707
1502
1149
788
1673
1043
1245
1463
1288
1474
500
833
1149
1619
314
589
1502
496
1428
1306
803
1639
934
1093
47
1357
867
937
620
587
448
266
993
9
453
1608
198
1361
1500
782
1575
1175
22
1537
1089
1052
1589
207
1427
1294
788
1121
1678
284
1632
79
635
1643
521
891
470
178
1253
437
1175
924
1194
1358
1493
192
1007
977
477
499
865
1317
82
1234
866
770
635
1389
1467
760
1626
1390
107
598
578
482
1542
371
48
491
846
1549
67
1111
1432
1021
303
863
725
1296
1660
318
1575
705
208
1280
1504
1355
366
1607
302
1497
529
548
1548
645
46
1125
602
618
761
1539
192
1437
816
305
1595
1336
174
1726
813
964
121
984
935
880
1185
336
546
158
787
481
600
1579
79
568
1381
972
544
61
286
1183
1236
979
1357
428
765
1738
957
580
734
654
1721
1077
902
1350
1293
328
1462
991
1298
376
610
1361
1179
899
1263
236
335
160
1438
262
921
556
283
553
502
249
1112
1467
1228
1740
1653
155
1291
1248
954
1347
1314
49
537
1475
11
1507
1602
1381
1601
1634
1532
1173
669
60
518
1743
164
640
1007
1579
1383
500
1645
964
577
1501
1610
791
1129
1256
107
1647
1635
444
88
1187
3
623
698
1694
1471
1722
977
1286
731
254
747
545
1035
865
655
835
109
1528
1398
1154
670
120
33
393
334
525
1205
401
578
586
549
1497
223
1540
383
1132
1017
1286
1442
1096
752
524
1426
1650
1578
988
1689
801
162
1548
275
1750
197
571
645
570
1336
988
1628
1581
213
789
1007
120
1428
1433
355
139
320
1235
961
1495
412
711
308
1168
1559
1625
391
655
368
221
894
199
773
60
512
530
1122
1426
1366
1357
1696
1602
460
1720
1105
844
1504
548
39
878
542
823
830
37
327
80
511
399
1661
986
251
774
619
1202
1687
125
1286
578
1483
917
1410
178
542
836
33
57
1285
283
1591
199
1552
359
503
27
907
19
1436
1559
1119
1084
316
1576
1747
978
143
460
1211
1592
749
1230
1707
943
1315
849
1679
573
541
582
1488
169
1250
981
971
1325
1590
137
534
1714
425
1376
487
791
555
686
1049
274
1432
1468
1648
500
490
1210
606
1446
531
910
238
1062
1016
1696
788
1114
847
632
335
458
1493
1535
81
1477
648
1486
