0
2
7
5
6
8
11
7
9
11
12
14
14
16
16
19
16
18
21
24
21
24
22
26
26
25
26
29
32
34
33
33
33
34
38
36
39
39
38
40
41
42
47
48
46
45
51
48
51
50
55
53
54
53
57
56
58
57
58
60
63
66
66
66
65
65
70
72
68
70
70
72
75
77
78
76
80
78
80
81
83
86
85
87
85
85
88
88
93
94
93
95
94
98
97
95
96
99
101
101
104
101
106
105
108
106
111
107
109
114
114
111
113
115
119
119
119
117
118
122
124
124
126
128
127
127
127
127
131
133
131
132
133
135
138
138
136
137
139
139
144
143
142
147
145
148
149
148
148
149
155
152
154
153
158
159
158
161
162
160
160
161
164
168
167
166
169
169
173
173
175
171
174
175
175
178
180
178
181
180
184
186
185
186
189
185
189
192
192
191
194
192
197
197
194
200
201
202
200
199
200
205
207
208
209
207
206
212
212
210
212
213
212
217
217
216
221
218
218
224
220
223
226
227
228
226
227
227
232
230
235
235
234
237
235
240
237
241
240
242
245
241
242
245
249
250
246
250
253
253
250
254
254
255
258
260
260
257
260
260
260
262
265
264
266
269
269
269
268
272
270
271
275
273
276
275
281
277
282
281
284
282
287
288
288
287
288
292
288
290
294
291
293
297
295
300
300
302
301
299
304
306
306
305
307
310
309
311
311
312
314
311
315
316
316
320
317
318
321
324
325
324
326
328
327
326
326
332
330
334
331
334
335
335
338
336
340
339
339
343
345
344
342
345
345
346
349
351
348
353
353
352
353
355
354
358
356
357
358
359
363
362
364
364
364
367
366
368
371
369
371
372
376
373
374
377
379
382
381
379
381
385
385
387
387
389
391
388
393
393
392
394
397
394
395
399
401
399
400
402
405
405
405
405
404
405
409
412
412
411
414
416
417
415
414
419
416
418
421
420
420
424
423
423
428
426
428
429
429
431
433
433
432
433
437
438
437
437
442
440
440
445
447
444
446
450
449
451
451
453
450
453
454
458
459
455
458
459
462
462
462
462
466
465
469
468
469
467
471
474
471
475
473
474
479
476
476
479
479
482
483
484
483
486
486
488
487
492
489
492
490
493
494
496
497
497
500
498
499
500
501
503
505
503
507
506
509
507
510
514
511
515
513
513
519
516
516
517
518
519
520
526
524
527
524
525
529
528
531
529
532
535
533
538
539
540
539
540
543
541
543
543
542
543
549
545
550
552
553
553
555
555
553
554
557
558
556
559
560
564
562
563
566
565
565
567
570
569
573
570
571
573
575
576
576
575
580
581
580
579
580
583
586
584
585
590
589
592
590
592
593
591
593
595
599
600
596
599
600
602
605
605
607
605
607
608
606
607
609
614
615
613
616
615
615
616
616
619
623
621
624
624
624
624
629
629
629
628
630
629
634
631
635
636
634
639
641
637
640
641
641
645
646
643
644
647
646
651
649
654
651
653
655
657
655
655
660
657
658
663
664
664
662
668
669
670
668
668
669
670
671
674
676
677
674
675
681
682
683
680
682
684
683
683
689
688
689
691
690
693
693
692
692
695
694
695
701
701
699
703
703
706
707
706
704
707
710
709
708
713
713
713
713
718
718
715
720
720
723
721
721
725
724
726
724
726
726
729
728
733
731
736
737
736
737
736
741
739
743
741
744
744
746
744
747
749
746
748
750
752
754
755
754
758
757
759
760
758
763
759
762
766
765
764
767
770
766
767
769
769
771
772
774
773
774
777
780
778
781
782
782
786
782
787
785
786
790
788
790
789
794
795
797
797
798
800
799
797
800
803
801
802
805
803
806
806
807
810
808
809
812
815
816
817
816
818
820
821
820
819
825
826
826
824
827
825
829
828
830
829
833
834
836
834
838
837
840
837
843
841
842
842
843
843
846
848
848
850
853
851
852
852
855
856
855
856
859
859
862
864
865
863
866
865
865
866
866
871
869
869
873
871
873
878
877
