4
2
2
4
9
9
7
12
11
12
10
12
13
13
17
17
21
17
20
24
24
26
26
23
25
30
29
31
29
31
34
32
37
34
35
38
39
39
41
40
43
41
44
43
45
45
49
49
51
52
54
53
57
54
56
60
59
57
59
60
62
64
67
66
68
65
66
71
70
74
70
75
77
74
77
79
80
77
83
80
84
81
85
85
89
88
90
92
89
89
93
93
94
97
95
99
98
102
103
99
103
103
102
108
106
105
106
111
113
110
113
113
112
113
117
118
120
118
120
119
122
124
123
125
124
130
131
127
130
132
133
134
137
136
139
135
136
139
139
139
140
144
146
147
147
145
148
147
150
150
150
153
157
154
159
155
156
158
163
160
162
164
163
168
165
165
166
169
169
172
171
174
176
178
179
176
181
182
179
179
183
183
183
186
185
185
191
189
189
193
190
194
192
195
196
197
196
198
199
204
200
206
205
205
205
210
211
210
212
214
210
211
214
216
218
218
219
219
222
220
224
225
224
227
226
226
226
230
231
232
231
236
237
238
236
240
236
240
238
242
240
246
244
245
245
245
250
247
252
251
250
256
255
256
258
256
259
257
258
260
265
261
263
268
265
267
271
268
269
274
275
271
277
278
279
278
280
278
278
283
285
286
286
284
288
287
288
288
292
293
290
293
296
293
299
298
297
301
300
300
303
302
304
305
306
310
310
311
311
311
315
315
313
317
317
315
321
322
320
324
322
321
326
326
325
328
328
330
331
332
330
333
333
333
337
339
340
342
338
344
343
344
347
345
345
347
351
350
350
350
353
354
353
354
357
360
358
361
362
364
365
366
364
366
365
365
370
370
368
373
375
375
373
375
378
380
379
378
379
382
380
381
385
383
388
388
389
392
389
393
394
396
393
396
398
395
400
398
401
403
402
401
403
405
408
408
407
411
408
410
412
413
416
417
417
415
417
417
422
419
424
423
425
423
424
425
427
432
430
432
431
433
435
438
434
436
441
441
442
442
444
442
444
444
449
449
449
452
453
453
454
454
457
458
458
459
456
459
458
460
460
462
466
468
465
470
470
471
471
471
473
471
476
476
479
475
476
480
478
483
482
484
482
483
486
490
487
491
490
491
494
492
493
493
498
496
498
500
501
504
504
502
503
506
508
507
508
508
509
511
514
514
513
517
519
517
520
518
518
524
523
521
526
525
527
529
527
530
533
534
532
536
536
538
534
539
537
541
540
539
541
545
546
544
545
550
548
549
553
554
551
551
555
553
559
558
556
562
561
561
562
561
567
565
566
570
570
568
568
571
571
575
573
576
579
580
577
580
578
583
580
586
584
584
584
586
590
592
588
590
594
593
595
597
594
596
599
597
601
600
601
602
606
604
607
607
609
611
612
612
612
615
613
615
615
618
620
618
620
619
625
625
625
624
625
627
631
630
633
634
635
633
634
633
638
639
639
638
642
643
643
645
647
644
648
648
651
647
653
652
652
653
654
655
658
656
658
662
662
661
663
664
664
666
668
670
671
668
669
671
674
676
673
674
677
679
676
677
681
682
684
683
687
687
686
687
689
689
693
693
690
693
696
697
699
700
701
698
698
700
703
701
706
706
707
708
707
707
712
711
710
713
714
717
719
715
721
719
723
724
723
721
722
727
728
726
731
729
732
732
731
732
735
737
735
739
737
740
739
742
741
742
746
744
747
746
746
750
750
749
754
752
757
758
758
756
761
757
759
761
764
763
763
768
766
768
766
772
768
773
773
772
773
773
776
778
777
779
778
780
780
785
786
787
788
785
791
787
790
791
794
792
797
798
795
796
801
802
803
802
804
806
805
804
808
806
810
812
810
814
815
812
814
813
818
818
819
817
823
821
822
821
822
828
828
825
831
832
828
830
832
831
837
838
839
837
836
837
842
839
845
843
844
844
848
848
847
849
851
854
852
856
853
858
854
859
859
861
861
860
863
863
867
868
866
869
867
872
873
871
871
876
872
873
876
