4
2
2
3
7
8
6
10
9
9
15
15
12
15
14
15
16
19
19
19
25
23
23
26
27
30
26
29
32
34
34
35
34
37
38
35
38
42
42
44
43
44
46
45
45
49
47
51
52
51
55
55
54
56
59
59
57
61
59
62
61
62
63
67
68
70
67
67
72
73
75
73
72
75
75
80
78
79
82
84
81
84
84
86
84
88
88
91
89
93
91
92
97
96
97
99
97
101
101
100
101
104
103
104
104
106
111
109
111
112
113
116
113
117
116
118
119
118
122
120
122
125
122
128
125
129
130
132
131
133
133
131
132
133
135
138
138
137
143
140
143
145
146
143
145
149
148
148
153
151
154
156
156
157
156
159
157
157
159
159
160
165
164
166
169
165
166
168
169
171
174
174
172
178
178
177
179
178
181
183
180
182
183
186
189
186
190
191
190
194
191
193
194
195
194
200
197
198
201
203
201
205
202
206
204
209
206
208
208
212
213
214
214
218
217
216
217
221
222
222
224
225
226
224
224
227
231
228
228
233
233
234
234
234
238
235
241
238
240
240
240
242
242
247
248
247
250
247
249
251
254
251
254
258
259
257
261
258
263
262
264
264
264
264
267
266
270
270
269
273
271
274
275
277
279
277
278
279
280
281
281
285
283
286
286
286
291
288
293
293
291
291
294
293
295
295
298
298
298
304
305
304
305
306
307
307
310
309
311
311
312
312
314
315
319
315
317
321
319
321
321
321
323
323
328
327
330
332
332
334
330
336
334
333
335
338
339
341
338
341
341
343
343
347
347
345
346
352
351
354
351
355
357
358
355
356
356
360
362
362
360
365
366
364
364
366
367
367
372
374
373
372
373
376
377
376
376
377
378
381
381
383
384
385
389
389
386
392
392
393
395
395
394
395
396
396
399
398
399
402
403
406
404
404
404
410
406
408
413
414
410
414
413
418
417
420
419
418
420
419
425
421
422
424
426
426
428
430
432
429
430
433
436
434
438
435
440
441
439
440
441
442
446
447
448
447
450
447
453
454
455
452
457
457
457
460
460
460
461
463
462
461
463
466
469
466
470
467
469
474
474
471
477
475
474
479
477
482
480
481
485
485
484
483
485
488
486
490
491
492
495
492
496
497
497
500
501
497
500
501
501
505
507
503
507
508
510
509
508
512
515
513
512
515
517
520
521
522
519
521
524
525
526
525
526
526
530
528
533
533
531
532
532
535
537
537
541
541
540
542
540
543
544
547
545
547
548
550
552
552
551
556
557
553
559
555
559
558
562
561
564
563
564
568
566
569
566
570
573
569
575
571
574
578
577
576
580
577
583
581
581
586
585
585
588
588
591
589
593
591
595
593
593
593
594
595
598
601
598
601
604
604
604
608
605
608
608
610
612
613
613
616
613
616
617
619
617
617
622
623
622
626
627
624
629
628
627
627
628
631
631
631
635
633
638
640
641
642
640
643
640
642
644
648
646
648
651
652
653
650
652
656
657
655
659
657
660
658
662
659
663
662
663
665
665
667
668
672
670
670
675
671
673
673
674
675
680
680
679
682
685
682
682
686
688
687
690
690
689
691
692
695
696
697
696
696
698
700
700
700
702
702
703
703
707
709
706
712
712
709
711
716
713
718
714
717
721
719
718
719
724
726
725
727
725
728
730
729
730
731
733
731
737
737
738
736
736
740
738
742
740
743
742
745
748
745
746
750
750
754
751
756
752
756
754
756
756
759
759
760
760
765
767
766
767
767
766
771
772
772
773
772
772
777
775
776
779
777
783
784
784
784
782
787
789
787
788
792
790
793
795
795
796
798
794
800
800
800
801
802
800
803
803
807
804
806
811
808
812
809
810
812
814
813
818
820
821
821
823
824
823
823
827
826
824
830
826
827
830
829
831
831
836
837
834
840
841
842
839
844
845
842
843
846
845
848
851
848
853
851
855
856
854
858
855
860
858
858
858
861
865
866
865
868
866
869
871
868
872
872
872
873
875
878
877
