1
5
3
5
6
10
7
9
9
11
11
12
16
14
17
15
20
20
19
19
22
26
27
24
24
30
26
30
28
29
32
31
36
36
39
35
38
38
43
43
44
44
45
45
48
48
50
52
53
50
55
55
52
54
59
58
59
59
62
60
64
64
66
64
67
66
71
67
71
72
72
76
76
75
77
80
78
80
81
84
84
86
86
85
84
88
90
92
90
90
90
91
95
95
94
97
97
97
103
100
101
102
105
103
106
109
106
112
112
110
112
111
116
117
115
118
119
120
122
122
125
126
125
126
128
130
126
128
133
133
133
135
132
136
137
139
140
139
139
141
140
145
142
145
145
148
147
152
148
150
153
153
156
158
159
157
156
160
160
164
163
163
167
165
169
170
169
172
172
174
170
171
173
176
176
178
178
180
180
179
184
182
183
187
186
185
186
190
189
194
191
191
193
195
199
198
198
198
202
200
204
202
202
204
206
210
206
207
212
214
210
214
214
217
219
219
221
222
218
223
224
226
223
228
225
227
226
228
229
229
235
235
235
233
237
239
238
238
239
243
240
245
243
247
246
247
251
248
252
253
251
252
252
256
257
255
259
261
260
262
263
262
265
267
267
268
268
271
272
272
271
276
277
277
278
275
280
281
280
284
283
286
284
285
286
290
288
289
291
292
294
294
296
293
298
295
298
300
298
302
304
304
302
304
308
305
307
312
311
311
312
316
315
317
319
317
321
319
323
319
325
325
326
326
326
325
330
327
331
331
334
331
336
333
335
336
341
342
339
344
340
346
347
347
347
348
346
350
353
350
355
354
355
358
358
360
361
360
363
359
365
364
365
363
364
368
366
368
368
371
373
373
373
375
376
376
376
378
380
383
381
382
387
388
384
386
390
389
393
391
394
393
392
396
399
400
399
402
399
403
405
405
403
407
404
406
410
408
409
410
411
414
415
413
418
418
418
419
419
423
422
425
426
428
427
426
428
428
431
434
434
435
434
433
435
438
436
440
443
444
441
443
442
448
449
450
449
448
449
453
453
454
453
454
457
460
459
462
460
460
463
464
465
464
468
469
470
467
471
471
472
473
477
477
479
480
479
482
483
484
482
485
485
487
487
485
490
492
492
491
494
494
496
496
499
496
497
499
502
504
502
505
506
506
506
507
507
511
510
513
512
514
515
514
516
516
521
520
522
522
523
523
522
525
524
527
527
527
531
529
533
533
533
535
534
535
539
539
542
541
543
542
545
546
547
545
551
551
551
550
550
551
554
556
554
558
556
557
563
561
560
561
565
568
566
568
570
572
573
574
571
574
573
578
575
575
581
580
578
580
580
584
586
584
584
585
591
590
588
593
590
595
595
594
594
600
597
597
601
599
601
605
602
608
609
609
607
612
610
611
611
611
614
613
615
615
617
617
623
621
625
621
622
625
626
627
628
629
628
633
635
634
632
635
639
639
637
641
643
640
642
643
647
645
647
645
648
650
650
650
652
654
654
656
659
657
660
662
661
664
663
664
665
666
668
667
671
669
669
669
670
673
672
673
677
679
676
682
682
684
682
685
687
685
684
688
689
692
693
689
694
695
697
698
695
700
701
699
701
703
700
701
705
707
707
707
707
712
713
714
714
714
717
715
717
715
720
719
719
721
722
722
724
725
727
729
730
728
731
731
735
733
733
733
739
740
740
741
739
742
745
742
747
745
748
746
750
752
748
753
755
751
752
758
759
758
760
761
758
762
761
766
762
765
766
766
767
767
770
769
770
776
776
777
776
778
779
780
783
782
781
784
785
783
786
788
786
792
790
789
795
793
792
793
795
796
797
801
803
804
801
805
804
805
806
806
806
807
811
814
811
816
814
815
815
819
816
821
822
824
824
822
822
823
825
828
828
831
829
832
832
834
835
838
839
840
839
842
840
843
843
843
845
844
847
847
846
851
850
851
850
854
853
856
856
856
857
858
858
859
861
862
863
867
867
870
871
872
869
871
870
874
873
875
879
