0
3
4
6
7
5
7
8
10
14
14
15
16
15
18
15
21
20
22
19
25
23
25
28
29
30
31
28
29
32
35
32
36
36
39
36
38
37
43
41
41
42
47
48
47
46
47
48
52
51
52
56
53
57
57
56
57
61
58
63
63
62
62
63
68
68
68
71
70
74
70
73
75
77
77
76
81
80
83
84
85
81
82
88
85
88
91
88
92
93
92
95
95
97
99
99
96
101
98
101
100
101
105
107
104
108
109
110
111
110
112
111
116
114
118
119
119
119
122
120
120
122
122
123
128
126
128
132
130
132
135
132
133
133
134
140
141
141
143
144
143
144
142
146
146
150
149
150
152
154
152
155
154
154
157
160
161
161
160
161
165
166
167
165
164
165
168
167
171
170
170
172
173
178
177
175
180
178
183
181
185
186
184
187
186
188
186
189
190
191
190
191
197
198
194
196
199
200
199
203
205
204
207
204
207
209
209
212
213
213
214
213
213
218
218
217
221
217
219
222
221
223
222
224
227
228
226
228
232
229
231
232
234
235
234
237
240
237
238
243
240
246
244
243
248
249
247
250
251
249
250
255
254
254
254
256
261
260
258
263
264
266
264
267
265
265
269
267
269
272
271
274
275
278
278
275
281
279
279
284
282
285
287
283
288
288
290
289
289
293
295
294
294
298
294
297
301
298
298
300
301
301
304
307
308
310
308
311
308
311
313
314
316
315
318
315
320
321
318
323
322
323
326
326
329
328
326
327
333
330
335
334
336
334
335
336
339
340
339
341
344
345
345
347
344
350
349
351
349
350
353
353
352
353
358
356
361
360
363
362
365
361
364
365
365
367
370
367
373
370
374
376
376
376
379
380
381
382
379
382
380
382
383
387
389
390
389
388
392
393
392
394
392
396
399
396
396
400
399
401
405
402
402
403
409
406
408
412
409
413
410
412
416
413
415
416
417
421
422
421
420
421
424
428
424
425
428
428
429
434
435
436
433
435
438
438
441
437
443
441
444
445
445
445
447
447
446
448
450
453
451
453
452
454
455
459
458
461
459
461
464
466
466
464
465
466
470
472
471
471
473
471
473
473
475
479
476
477
480
480
484
482
484
483
487
486
489
489
492
492
494
495
495
496
497
500
498
502
502
499
503
506
502
506
506
505
510
511
513
513
513
512
512
516
518
516
519
521
523
519
525
521
522
528
526
530
527
530
528
531
531
531
537
536
534
536
538
541
539
540
543
542
546
545
545
548
547
550
549
549
553
555
557
556
557
557
557
557
558
563
563
561
567
564
566
566
568
572
572
571
573
572
576
575
576
580
576
579
583
579
585
584
585
587
586
590
588
592
591
592
594
592
594
596
595
600
597
597
601
599
602
603
606
607
606
605
607
610
613
611
614
613
614
618
617
618
621
621
623
619
624
625
626
626
625
630
631
629
629
629
631
633
633
638
637
640
636
640
641
641
642
644
647
648
648
650
646
647
650
649
653
654
657
657
654
660
660
661
661
662
660
665
662
665
664
668
666
670
668
673
675
673
676
674
678
677
677
679
680
682
681
683
682
687
684
689
686
691
689
689
692
692
693
696
695
699
699
699
698
704
702
703
704
705
704
705
706
708
712
710
715
715
714
714
716
718
717
720
721
719
723
724
726
724
724
729
731
728
728
730
731
732
736
736
738
738
736
739
739
742
741
743
744
745
749
747
746
749
749
749
755
756
755
758
755
758
759
757
763
763
761
762
764
767
768
765
771
768
770
771
772
773
775
777
775
778
778
782
779
781
783
784
784
783
784
786
787
787
788
792
795
792
793
793
798
797
798
801
801
802
805
804
805
806
807
806
808
809
811
811
815
811
815
818
814
816
817
822
821
824
823
822
826
824
826
827
831
832
832
830
831
833
837
834
838
835
840
840
842
840
843
842
845
845
844
847
850
852
853
854
852
854
853
854
857
858
856
857
860
864
862
862
866
863
865
869
869
867
873
873
871
875
876
874
875
