0
3
5
8
8
10
7
7
10
9
15
11
17
15
18
18
19
20
20
24
21
21
25
23
27
29
27
31
29
30
32
33
35
37
38
36
37
40
39
44
45
43
42
45
47
46
48
51
51
54
55
55
56
55
54
58
60
62
60
60
60
64
66
65
64
69
70
69
68
72
70
75
72
73
79
78
80
80
83
79
82
85
82
84
86
86
87
91
90
94
94
96
93
96
97
95
96
97
99
101
102
101
103
106
108
107
108
111
111
113
110
115
117
116
117
116
116
117
123
123
125
122
123
127
124
129
126
128
129
132
134
134
137
137
136
140
139
142
139
140
141
143
146
148
145
148
151
152
152
149
151
154
157
157
156
155
159
162
159
163
162
163
167
168
166
169
171
170
168
171
173
171
176
175
179
176
176
177
178
183
185
184
184
186
187
189
190
189
191
190
193
195
196
198
196
199
199
200
199
200
200
204
207
204
207
206
208
207
209
214
211
216
217
218
217
215
219
220
223
219
224
223
224
227
229
228
229
227
230
230
235
236
236
233
235
235
239
237
242
243
242
241
247
245
246
247
249
249
250
251
250
252
257
254
256
256
257
259
263
259
263
266
267
267
267
267
271
271
273
269
273
276
274
278
276
280
279
280
278
279
284
286
286
283
289
285
288
290
288
290
294
293
294
293
295
295
298
299
300
299
301
303
304
307
306
308
310
311
309
312
311
316
314
318
314
319
317
322
320
322
322
323
327
328
324
327
326
328
333
333
330
333
334
335
335
339
341
339
338
343
342
343
347
344
345
346
349
350
349
349
350
352
352
356
354
355
358
357
361
360
361
364
367
368
367
369
370
370
373
370
373
372
375
374
375
380
377
381
379
381
382
382
386
388
387
388
386
387
389
393
390
396
396
397
396
396
397
402
398
404
404
405
405
404
406
408
406
409
410
414
411
416
414
417
415
416
421
421
418
419
421
424
425
425
426
429
430
429
430
430
434
436
432
434
436
438
440
440
441
442
440
442
442
447
444
450
450
451
451
452
454
452
452
457
456
456
460
458
461
462
460
461
463
464
467
466
470
471
468
471
473
471
474
478
474
475
481
479
478
479
485
484
483
484
489
485
486
487
491
491
492
492
494
494
494
495
498
499
499
502
505
501
504
506
509
510
510
507
509
513
514
514
516
515
516
518
516
517
523
522
524
525
523
526
527
528
531
530
532
532
533
534
536
533
538
540
541
539
542
539
541
541
545
548
544
545
548
549
551
549
555
555
555
558
554
556
558
560
559
564
565
562
562
565
564
567
571
569
572
572
571
574
573
576
578
575
581
582
581
580
584
586
586
588
584
586
591
589
588
589
593
592
592
593
595
598
598
602
599
601
601
603
607
606
605
608
611
610
610
611
610
611
614
617
614
619
619
620
621
623
623
626
624
623
627
625
628
629
631
632
632
636
634
637
639
638
638
642
642
644
643
642
647
643
645
650
646
651
649
649
655
655
654
657
657
660
656
659
659
659
661
663
663
663
666
665
666
671
672
674
674
673
676
676
678
676
676
681
682
683
685
682
683
686
689
687
691
690
693
691
695
696
692
695
699
696
698
701
702
704
702
703
702
706
707
707
707
710
713
713
714
712
717
716
717
718
720
722
720
724
723
723
726
726
729
727
730
731
730
730
732
733
733
738
737
737
741
739
738
743
741
743
745
743
745
749
749
752
750
753
750
754
753
756
758
755
761
757
759
760
764
761
763
765
769
766
768
768
773
771
772
774
776
776
778
780
781
781
783
779
782
786
784
786
785
786
791
791
789
789
790
796
793
794
796
799
798
797
798
800
803
802
804
807
809
809
809
807
808
809
814
815
813
817
816
820
816
817
818
821
820
824
823
826
829
828
826
828
829
834
831
836
833
838
834
837
841
840
838
839
841
843
846
843
847
848
850
849
852
851
851
856
857
857
857
856
861
859
863
863
865
861
863
868
868
867
869
870
871
870
873
871
876
874
874
