4
6
7
7
8
8
8
8
9
10
10
11
12
16
16
15
18
17
19
23
21
22
22
25
27
30
26
29
28
31
33
36
32
34
34
36
36
37
38
40
44
44
43
46
49
48
50
47
52
51
51
52
54
57
55
57
56
61
61
61
63
63
63
63
69
65
67
72
72
71
71
76
72
73
78
75
78
77
82
81
85
86
82
83
88
87
89
87
92
92
94
94
92
96
96
97
100
98
101
104
103
103
106
103
107
106
109
107
110
114
111
115
117
115
116
118
118
122
120
121
122
124
123
127
127
129
126
127
131
134
131
132
132
134
138
137
141
141
141
143
142
143
142
145
144
146
148
151
151
154
153
153
155
158
158
158
156
159
163
164
164
165
167
166
169
165
168
167
169
169
172
175
172
174
175
177
176
181
182
183
184
182
182
187
184
188
191
189
193
193
193
192
194
193
197
196
199
202
200
204
201
206
202
204
207
209
207
208
213
210
213
216
213
213
215
218
221
222
222
222
221
221
226
225
228
225
228
227
232
233
233
231
234
238
237
239
239
240
241
243
245
246
243
243
245
247
246
247
249
249
251
254
257
256
257
258
259
262
262
264
263
262
266
268
266
267
267
269
272
271
271
271
275
277
276
275
277
277
283
282
283
284
287
285
284
287
289
292
288
293
290
294
296
298
297
298
297
301
303
299
302
305
307
306
309
309
309
311
308
313
311
311
316
313
314
318
318
320
320
322
320
326
325
328
328
325
328
330
331
331
333
334
332
337
337
340
339
341
343
342
342
346
345
345
349
348
347
349
348
354
354
355
355
356
354
359
361
362
358
361
364
361
364
363
367
370
371
369
368
372
375
374
374
374
377
375
380
379
382
382
385
382
383
388
384
389
388
390
391
394
390
393
395
397
399
397
400
397
399
404
404
404
406
407
409
408
406
409
408
413
413
413
417
413
418
418
418
421
422
420
425
425
424
428
427
425
429
430
428
429
433
435
434
438
439
436
439
442
441
442
445
443
445
448
446
449
451
447
452
454
450
451
455
455
457
456
460
462
462
464
463
466
463
464
465
468
468
469
468
474
473
475
475
475
476
477
481
478
480
480
484
486
482
485
485
485
491
490
488
490
490
493
495
493
497
498
497
500
498
500
501
503
502
506
506
509
506
510
511
509
511
516
513
515
517
517
521
520
522
519
520
521
527
523
529
527
529
531
528
529
535
536
533
533
534
535
538
541
539
543
543
542
547
545
548
546
547
549
549
552
550
552
554
553
555
555
558
560
561
564
563
562
564
566
565
565
571
567
568
571
570
572
574
578
576
576
580
581
580
584
584
583
582
587
585
586
587
587
592
593
590
594
593
598
597
595
597
602
599
603
601
602
604
606
609
608
611
612
610
611
611
613
616
614
614
616
617
621
619
619
620
625
626
623
627
625
626
632
630
632
633
631
632
638
634
638
636
641
642
640
645
642
644
647
646
648
648
650
649
651
650
655
657
656
657
655
659
657
661
660
663
662
667
666
664
669
670
669
673
670
673
672
677
676
675
676
678
682
682
682
685
684
682
684
685
688
686
692
691
691
691
694
695
695
699
697
696
702
700
702
703
705
703
707
704
708
711
709
708
712
712
713
714
718
714
718
718
721
723
724
724
726
724
727
727
727
728
727
730
731
735
731
736
733
735
736
737
742
743
742
743
743
743
743
749
745
749
752
752
752
753
756
757
758
759
760
761
757
760
764
762
766
763
768
766
770
770
767
768
772
774
771
772
777
774
776
779
779
783
784
781
785
782
786
786
790
787
789
791
791
794
795
793
796
796
796
797
797
803
803
802
805
807
805
805
809
811
808
810
809
811
812
815
817
819
818
818
820
823
823
821
824
824
824
828
826
828
827
833
832
834
831
835
838
834
840
838
841
839
841
840
843
842
845
844
849
847
849
852
854
851
853
856
853
855
855
859
862
861
859
865
862
866
868
865
869
866
871
872
874
874
875
872
873
879
