3
1
6
5
8
10
9
9
11
12
10
14
13
14
15
15
18
18
19
22
21
23
24
28
25
29
26
27
28
32
33
32
35
38
38
37
36
40
40
43
45
43
43
45
44
49
50
51
48
54
50
56
56
54
59
55
57
61
62
64
64
64
63
65
69
67
66
70
68
71
71
71
72
75
76
76
80
80
79
81
82
86
85
87
89
90
88
89
92
90
92
96
93
98
97
97
97
100
103
102
105
102
107
105
105
106
111
111
111
111
115
115
112
116
116
120
120
117
121
122
124
122
122
126
127
126
129
128
133
134
134
133
136
136
137
137
141
140
139
141
145
144
145
148
147
146
148
149
153
153
152
154
153
157
158
159
160
160
161
159
163
161
164
167
167
168
168
172
170
173
170
171
172
177
176
180
177
182
181
179
180
181
184
187
184
189
188
189
193
190
194
193
197
195
196
196
200
197
201
204
202
205
207
203
205
207
211
209
210
212
213
214
215
214
215
220
218
220
218
221
223
225
223
224
225
228
229
230
233
233
230
231
233
236
238
235
236
239
241
242
240
243
247
248
248
248
250
248
250
252
254
256
253
258
259
259
258
257
263
259
264
266
266
267
264
268
268
268
268
272
272
271
272
278
275
279
281
278
280
283
285
281
284
288
289
290
287
288
291
292
295
291
297
295
299
297
298
300
299
304
300
303
306
306
307
307
308
307
308
309
312
312
314
316
314
320
316
318
323
324
325
325
327
323
329
327
327
331
330
334
335
336
333
333
335
336
341
340
343
341
342
345
344
346
345
350
347
349
351
352
353
351
355
358
356
355
361
362
363
363
363
365
363
363
365
370
366
371
370
372
373
371
373
377
376
379
377
378
382
381
385
382
387
384
385
388
388
388
390
393
395
395
397
393
398
396
400
400
401
403
400
404
403
405
404
407
410
408
410
414
411
413
415
417
419
418
419
420
421
421
421
426
425
423
424
425
428
427
430
434
435
431
433
438
437
440
436
439
439
440
444
446
443
448
447
448
448
448
449
453
453
455
456
457
455
460
460
461
462
462
465
461
466
463
469
469
469
467
469
474
470
473
476
478
478
476
479
479
481
483
483
483
482
486
487
489
488
489
489
494
491
494
492
497
496
499
499
499
498
503
501
506
502
506
508
508
509
512
508
512
515
514
514
518
514
515
520
520
518
520
521
522
522
523
528
526
529
530
529
534
530
536
534
538
535
540
541
540
541
540
542
546
545
546
547
547
548
552
548
550
552
551
555
554
559
557
556
559
561
561
561
561
562
565
567
567
566
569
568
574
575
574
572
576
577
575
578
581
580
580
584
583
582
585
588
588
591
587
590
592
590
595
596
595
595
595
601
598
603
600
601
601
602
606
609
608
611
611
610
613
610
613
614
615
617
618
618
617
622
623
623
624
625
628
627
630
628
628
628
631
632
632
632
634
637
635
640
638
640
644
643
646
644
645
644
646
649
650
648
654
655
653
652
655
656
660
657
661
663
661
661
664
663
664
669
669
666
672
668
669
675
674
672
674
677
679
678
678
681
680
685
683
682
684
688
690
687
687
691
693
693
691
696
698
698
699
698
702
703
703
705
702
707
708
707
708
707
709
709
709
712
711
715
714
716
718
718
722
721
720
722
723
724
727
728
726
730
729
729
732
735
732
735
736
737
740
738
737
738
744
741
741
747
747
748
749
750
749
748
750
753
756
756
758
754
759
761
759
761
763
765
764
763
766
769
770
768
767
771
770
773
773
772
777
777
777
776
777
782
781
782
784
783
786
786
788
787
789
791
792
790
793
796
795
798
798
798
800
801
799
803
801
803
806
806
807
808
807
812
814
812
813
817
817
815
818
818
817
823
824
823
822
823
826
824
828
830
832
833
829
830
832
833
836
837
839
841
837
843
844
845
844
845
848
849
849
848
848
850
852
854
856
854
854
858
857
856
858
861
861
865
864
863
864
869
866
868
868
868
873
870
872
875
873
876
