4
5
6
8
5
8
10
8
10
13
12
11
15
17
16
18
19
19
22
19
21
26
24
24
28
29
27
29
31
32
34
31
33
34
37
39
37
38
43
43
41
42
44
45
44
48
46
48
49
53
52
53
54
57
56
55
60
62
62
62
61
63
66
66
66
70
70
68
73
74
72
76
74
77
75
77
76
82
78
84
81
82
82
88
85
90
87
87
93
93
90
92
95
98
97
97
99
102
103
104
105
106
106
104
108
105
106
109
110
113
113
112
116
114
118
117
116
117
119
121
125
125
126
127
125
126
129
127
130
132
131
135
136
134
134
135
138
137
138
140
143
144
147
144
145
150
149
152
150
154
151
153
154
157
159
157
160
159
161
159
160
164
166
168
168
166
171
172
169
173
170
172
175
175
177
180
178
182
179
180
180
183
182
186
184
188
188
187
188
191
193
196
196
197
196
198
201
201
202
202
203
204
205
203
207
206
210
209
213
214
215
215
212
214
214
220
218
218
222
219
222
221
227
228
224
227
231
230
230
234
230
236
234
238
234
236
239
241
238
239
242
243
244
244
246
248
248
250
251
253
252
251
252
253
254
259
261
260
261
264
264
264
262
266
265
269
270
269
270
273
275
273
274
278
274
276
281
277
279
281
284
283
282
287
289
287
286
291
293
292
291
294
293
295
295
297
300
297
301
302
304
302
305
308
306
308
307
307
309
309
315
313
316
317
316
316
319
317
318
322
322
321
323
323
329
328
329
331
331
333
331
331
332
334
335
338
336
341
338
339
342
344
343
343
347
345
351
350
351
350
351
352
356
356
359
360
356
360
362
360
364
363
365
364
366
368
369
369
368
370
374
376
372
375
376
379
379
380
382
383
381
385
383
388
388
386
387
390
390
394
392
394
397
396
396
396
399
398
402
399
400
404
404
404
409
409
409
412
408
411
414
414
413
413
417
416
416
417
421
422
421
421
425
427
428
425
431
431
433
434
433
434
433
437
437
438
439
440
443
440
444
442
447
445
445
450
449
449
452
449
451
455
452
458
455
458
457
462
462
464
462
463
465
466
465
468
470
471
468
471
475
475
472
475
477
476
480
478
483
481
481
482
487
483
485
489
489
488
492
490
491
496
495
498
497
495
500
497
501
499
503
505
505
505
507
509
510
507
512
509
510
511
514
516
516
517
518
522
518
519
525
523
522
524
525
527
527
527
529
533
532
534
534
537
537
538
537
541
539
543
541
542
546
548
548
548
551
552
551
549
551
553
553
553
556
557
559
561
563
560
564
566
562
565
564
567
571
570
569
573
575
571
572
577
574
580
580
577
580
583
582
584
582
587
588
588
589
588
593
592
594
591
592
595
595
595
597
599
598
602
604
606
604
608
607
610
609
610
613
614
612
615
616
613
615
615
617
620
623
619
624
623
622
624
627
627
626
629
633
631
634
635
637
634
638
639
639
637
639
643
645
646
647
645
644
649
648
650
649
651
655
655
652
653
656
660
661
662
659
664
663
662
664
663
667
665
666
668
671
674
671
676
672
673
679
680
678
681
681
679
680
684
686
686
687
685
691
691
693
693
695
692
697
694
695
695
700
699
700
704
704
702
706
706
705
708
707
710
712
711
715
716
716
713
719
720
716
717
719
720
724
722
727
728
727
730
726
731
732
729
735
735
732
735
735
739
736
740
740
740
742
744
743
743
748
746
747
750
748
753
750
755
754
757
758
760
757
760
761
763
761
764
767
768
765
770
769
770
769
769
775
773
775
776
778
775
779
781
778
784
785
786
783
785
787
789
789
791
788
789
793
796
792
797
797
798
801
802
801
800
805
806
804
806
806
807
806
807
810
809
812
815
813
814
816
817
818
817
820
823
820
821
824
827
829
827
827
831
829
833
831
833
837
838
838
838
840
838
838
841
844
846
845
845
847
849
847
847
850
850
853
855
856
855
858
858
861
860
858
863
862
865
866
866
864
865
869
868
870
869
870
876
872
874
879
