2
4
2
3
8
10
9
11
9
11
13
14
14
16
18
18
17
21
22
22
22
22
23
26
25
26
28
32
33
32
33
31
33
37
35
38
40
38
42
40
41
42
42
48
45
48
48
50
53
51
50
55
52
53
56
58
58
60
63
61
65
61
62
63
66
65
67
67
71
71
72
72
73
75
76
77
79
78
79
79
82
81
86
87
88
89
91
90
88
89
94
92
96
98
94
98
100
100
103
99
104
106
103
106
105
106
107
111
113
109
112
112
113
117
118
120
116
119
122
121
120
122
122
124
125
128
126
131
132
133
132
133
137
137
137
138
141
140
140
142
140
143
143
146
149
150
147
151
150
149
151
155
157
156
155
158
156
159
161
160
165
166
165
168
167
169
169
170
169
169
171
173
172
174
175
175
181
181
183
182
185
185
183
185
185
190
186
192
192
192
191
196
192
196
199
197
201
201
202
200
204
203
204
206
208
209
207
212
210
210
211
214
213
218
218
216
217
219
220
221
225
224
226
228
224
226
229
230
230
233
234
231
236
237
238
237
240
241
238
242
244
243
244
243
247
248
251
250
249
250
250
255
252
257
255
259
260
260
261
264
260
265
262
267
268
269
268
270
269
272
270
275
272
275
278
280
278
277
282
279
285
282
284
283
288
288
287
288
292
294
290
296
294
297
297
299
301
300
302
301
305
301
305
305
306
306
311
308
313
312
313
313
316
316
318
315
316
320
321
320
323
324
322
323
328
328
329
328
328
329
330
335
334
336
336
335
341
342
342
342
344
346
346
345
346
350
350
347
351
353
350
355
354
353
354
357
356
357
359
359
360
364
367
368
365
365
369
369
370
372
374
371
373
373
376
378
381
379
379
379
381
383
386
384
386
389
391
392
389
392
393
393
395
397
395
396
401
400
403
401
400
404
404
407
405
409
406
409
413
409
411
416
413
414
414
416
418
422
420
424
421
424
424
426
426
425
429
431
433
432
433
433
433
435
436
440
437
437
439
444
440
446
442
447
446
446
448
447
448
452
454
453
454
453
459
457
461
458
460
461
463
466
466
467
466
470
469
467
472
473
473
471
474
474
474
480
481
481
480
479
485
481
485
487
487
490
491
492
491
490
493
492
493
497
498
500
499
501
503
500
503
501
506
508
507
508
509
508
510
510
511
516
512
513
515
520
518
520
521
519
520
523
523
524
526
525
529
531
529
531
533
531
537
538
534
537
541
539
539
540
540
545
544
547
547
548
549
552
552
552
551
554
553
554
558
556
557
562
561
562
562
562
565
567
569
566
568
572
569
571
571
573
576
575
575
580
578
581
578
582
580
583
583
583
589
586
586
588
588
590
590
596
595
595
599
595
599
598
599
604
601
606
606
603
604
608
611
612
608
610
610
613
617
616
617
620
616
618
618
619
621
626
624
624
628
627
627
630
633
629
633
634
635
634
634
639
636
641
642
643
643
645
642
646
645
646
650
651
653
653
653
655
656
658
655
660
660
659
662
659
665
662
663
663
669
666
670
667
673
674
674
674
672
674
676
678
681
677
679
683
680
682
687
686
689
690
691
692
689
690
691
694
697
693
694
695
701
700
703
702
701
704
707
707
708
708
709
707
708
709
715
716
714
716
715
716
717
721
718
720
721
725
726
725
725
728
727
727
733
729
735
732
733
735
737
735
739
741
742
741
740
742
742
744
746
746
749
749
750
753
755
756
757
756
758
756
761
758
763
762
760
764
766
765
766
765
770
769
768
774
774
776
775
775
777
775
781
782
778
781
782
781
787
784
786
787
786
789
788
790
795
794
794
793
797
795
799
802
803
804
803
806
802
808
809
806
806
809
810
813
811
812
816
816
816
815
817
822
822
819
820
821
827
825
829
830
830
832
829
831
833
835
833
836
835
835
839
840
843
839
844
841
846
846
844
846
851
849
851
853
855
851
852
857
855
857
859
857
860
863
863
862
862
864
864
866
866
872
868
870
872
874
874
873
874
