4
2
5
5
7
6
8
11
8
11
13
12
14
15
19
20
16
22
18
24
24
26
26
24
24
28
27
32
31
32
35
36
33
36
37
37
37
41
40
44
45
41
42
45
46
45
49
50
52
53
53
55
52
54
54
60
59
59
61
59
64
61
65
63
64
67
69
68
68
73
71
73
72
78
79
75
78
79
78
81
82
84
86
86
89
90
87
90
91
90
91
93
92
97
96
99
97
98
99
103
105
106
104
105
104
105
107
110
110
111
114
116
113
115
115
117
120
122
120
122
123
124
127
128
126
128
130
127
132
134
131
134
133
133
134
140
138
140
141
141
144
142
145
143
144
148
149
147
151
152
150
151
153
156
159
160
157
160
163
159
165
166
165
163
168
169
167
167
171
172
172
172
172
178
177
179
176
179
179
184
180
185
187
188
187
185
188
191
188
194
191
192
193
196
198
197
198
199
202
201
204
202
204
204
208
207
211
211
212
209
210
213
215
217
219
219
220
220
221
222
221
224
226
224
229
226
228
232
230
229
234
231
232
235
237
237
238
242
239
242
240
246
247
247
249
249
251
252
250
250
252
253
254
258
254
257
258
261
261
261
263
261
267
266
266
270
268
272
270
273
272
274
276
273
279
275
279
279
280
283
281
281
285
287
289
286
290
288
288
289
290
294
296
295
299
297
297
301
300
304
300
304
302
304
305
306
310
312
308
311
314
315
316
315
316
319
316
322
318
324
324
323
323
327
324
330
331
329
333
333
332
335
333
333
339
335
338
341
338
340
340
341
347
348
349
348
346
348
351
351
351
355
352
358
356
357
359
362
361
360
361
366
367
363
365
370
367
369
369
370
375
376
375
377
375
376
377
382
381
380
383
382
383
383
385
388
389
389
392
391
394
393
392
397
397
397
401
402
399
403
402
401
406
403
407
406
409
409
409
411
412
411
417
418
417
416
418
420
423
423
424
422
424
427
428
430
430
431
433
434
431
433
437
437
438
438
440
439
440
440
442
446
442
448
446
447
448
451
448
452
452
455
454
454
458
459
461
458
460
462
460
462
462
465
465
466
468
472
471
473
472
475
475
476
478
480
478
481
483
481
480
481
483
485
484
490
488
491
488
491
490
491
497
493
498
498
500
498
499
501
500
505
503
504
507
506
510
507
513
514
513
512
517
517
514
517
519
518
519
519
522
522
522
525
528
526
527
528
529
530
532
536
536
538
537
540
537
540
543
539
545
546
542
548
544
549
546
547
549
549
551
555
555
558
556
556
558
562
560
561
564
563
562
564
565
568
567
570
569
574
571
572
572
576
577
575
579
578
582
581
584
581
585
586
585
585
586
589
592
594
594
593
595
596
599
596
601
597
600
599
602
606
607
608
604
609
611
612
608
614
614
614
612
613
619
616
621
617
622
623
622
623
624
628
626
628
630
630
628
634
635
632
632
636
637
640
637
639
639
639
644
646
642
647
645
650
646
652
653
654
651
654
654
656
654
656
658
657
658
664
661
666
665
663
666
669
670
672
669
674
671
676
676
673
679
679
676
682
683
679
684
685
686
688
688
685
686
687
692
694
695
695
695
693
697
699
699
700
702
701
700
701
705
704
709
705
710
707
710
709
715
713
714
715
715
718
716
721
721
720
721
724
726
728
725
730
727
729
729
734
732
734
732
735
737
738
736
739
739
744
741
745
747
748
744
748
746
752
752
752
754
753
755
753
754
755
757
758
761
762
763
762
766
764
766
766
766
772
773
774
774
774
772
776
779
780
781
781
781
782
784
784
784
784
789
787
791
789
789
794
794
792
796
794
796
800
796
798
803
799
802
801
806
806
808
806
808
809
813
809
814
814
815
815
818
815
817
822
818
824
822
821
826
827
829
829
828
831
831
833
832
831
836
837
838
840
841
840
841
842
840
845
844
846
849
849
847
852
849
854
853
853
856
856
859
857
860
860
863
859
861
865
865
868
868
869
867
871
873
873
872
875
872
874
878
