5
2
7
7
8
10
8
9
9
13
10
14
16
18
16
20
16
19
18
24
24
25
23
27
26
26
27
32
30
29
32
35
35
33
35
36
36
37
38
41
45
44
44
43
44
47
46
48
51
54
51
52
52
58
54
57
59
62
60
64
60
65
67
68
69
69
68
67
68
73
71
71
72
77
78
80
80
81
83
83
81
84
82
85
85
85
90
89
89
94
93
94
95
93
96
98
100
99
103
101
103
105
104
107
104
106
110
112
110
114
110
116
117
116
114
116
119
122
118
122
120
125
123
123
124
130
126
132
132
129
135
132
135
137
135
139
141
141
141
139
144
146
145
143
146
148
146
151
153
153
152
153
153
156
159
160
159
162
158
164
164
164
164
164
169
169
167
169
172
173
172
174
176
174
175
180
180
178
183
182
182
185
185
183
188
185
187
188
188
189
191
192
197
194
199
198
198
201
198
203
205
201
206
206
205
209
210
208
211
209
214
216
213
214
217
220
218
219
219
224
224
225
227
224
226
225
227
227
228
230
230
232
232
234
238
238
238
238
238
240
242
241
247
245
245
250
246
249
253
250
250
253
254
257
256
258
257
260
259
259
261
261
265
265
269
266
269
272
272
269
272
274
275
273
274
277
280
278
281
280
285
286
284
288
289
290
288
287
292
293
292
294
294
294
294
297
296
300
300
302
303
306
306
303
305
305
307
307
308
313
313
316
317
316
316
315
320
321
321
321
320
321
327
328
326
326
330
327
330
330
333
335
333
335
335
340
337
339
343
343
345
344
347
343
349
347
346
349
350
351
354
352
354
358
356
360
356
359
361
363
364
365
363
363
366
368
368
368
368
372
370
372
376
375
376
376
379
379
382
381
385
381
387
383
388
385
391
390
388
393
393
395
396
395
399
399
401
402
398
400
401
406
406
403
404
405
407
412
408
409
412
413
412
417
417
417
421
420
420
423
421
422
427
423
425
426
427
429
431
432
433
432
432
435
436
438
438
437
442
443
442
442
444
444
449
450
451
449
448
453
455
455
455
456
458
459
459
460
458
461
463
463
465
466
465
470
470
468
472
471
470
473
475
476
479
477
481
477
478
484
481
486
486
485
487
487
491
490
488
494
492
496
492
495
499
495
500
500
498
504
501
505
502
506
504
508
508
508
510
514
511
512
513
518
519
516
519
521
523
521
523
524
527
524
529
527
531
529
532
534
531
531
532
534
537
537
540
542
541
543
545
541
545
546
546
549
549
552
551
554
554
551
556
557
557
560
557
561
561
559
564
563
567
567
569
569
569
568
570
574
573
575
574
578
577
578
580
577
578
583
580
582
583
583
585
586
591
588
593
589
590
594
597
598
597
600
596
597
598
604
600
605
606
607
605
610
606
609
612
610
611
614
613
616
619
615
617
619
618
622
621
624
622
627
626
629
629
629
632
632
633
633
634
634
635
639
636
641
642
643
644
646
644
648
644
650
650
651
652
651
654
655
654
658
655
660
661
660
662
661
660
663
667
665
666
670
668
669
669
673
674
673
673
674
679
676
676
682
680
682
683
684
682
686
687
686
690
687
689
691
695
694
697
694
698
695
701
702
702
699
703
702
705
706
709
706
707
710
711
712
711
713
716
715
717
718
717
720
721
719
725
721
727
725
726
728
728
729
733
732
732
736
737
736
736
735
741
739
739
742
741
742
742
748
746
748
746
750
750
752
754
753
757
758
756
760
757
759
760
762
763
764
766
767
765
765
770
772
771
774
775
772
777
774
774
779
781
777
781
782
780
782
785
784
785
788
786
787
788
791
793
791
797
796
798
798
799
802
803
801
803
805
806
805
809
810
810
812
812
814
812
811
815
817
817
816
818
819
818
821
822
826
825
824
827
830
827
828
832
834
834
831
832
834
838
839
837
838
838
841
840
841
846
846
845
845
849
850
852
849
851
855
856
856
859
856
861
858
860
860
864
866
864
865
864
870
866
869
873
870
875
873
872
875
879
