3
2
2
8
8
10
7
8
10
11
14
14
15
13
19
15
20
19
22
21
24
26
27
27
26
25
27
32
28
29
32
35
35
38
39
36
36
41
41
39
43
41
46
43
46
46
49
52
49
51
50
51
54
57
57
57
57
62
63
62
65
62
66
67
69
70
67
70
69
71
73
75
76
75
74
80
78
79
79
80
84
82
83
86
88
88
87
87
90
90
93
93
92
94
99
98
98
102
98
100
105
103
103
106
109
105
111
111
113
109
111
111
113
116
118
119
119
121
119
124
124
124
126
123
129
130
131
132
130
133
130
132
134
133
137
139
141
139
141
140
144
146
147
146
145
148
147
150
150
152
151
156
156
156
159
158
158
159
160
160
162
163
167
163
164
165
168
170
169
169
173
176
174
173
178
175
181
177
178
179
184
184
186
183
184
188
186
190
189
194
190
191
197
193
194
199
199
201
198
199
201
206
203
206
207
208
207
210
213
212
214
215
212
213
218
216
220
220
218
220
221
222
223
228
228
228
229
232
233
233
230
232
234
238
239
237
236
239
240
241
242
244
243
244
248
246
247
249
251
253
252
254
253
254
254
256
261
258
260
262
263
265
264
264
264
267
270
267
269
269
273
275
273
278
278
277
276
277
283
281
282
283
285
283
286
285
288
289
289
292
293
291
296
294
295
295
301
299
300
302
305
302
304
303
308
308
307
309
308
311
315
311
314
317
317
319
320
317
319
319
325
325
324
324
324
328
327
331
333
333
330
334
335
336
334
338
336
340
343
342
345
344
344
348
349
345
347
347
351
353
353
355
355
353
354
355
359
359
359
361
363
366
363
365
369
367
366
369
369
371
371
375
376
374
377
380
377
378
379
380
384
386
386
385
388
388
387
392
390
392
393
392
395
393
397
395
399
402
399
402
404
406
405
405
404
410
409
407
408
414
411
414
413
413
415
417
416
420
419
422
423
424
424
424
426
429
427
430
432
431
431
432
435
434
437
438
441
438
440
441
441
445
447
444
444
448
451
450
453
451
452
456
456
456
454
460
456
462
459
462
461
466
463
466
467
466
470
471
473
471
474
475
475
478
477
479
480
480
481
479
483
482
482
486
488
486
487
491
491
492
494
496
497
495
494
496
498
500
503
502
500
501
505
504
507
507
508
510
510
511
510
515
516
516
519
516
519
521
523
523
522
524
526
523
528
526
527
529
532
531
534
534
536
535
538
536
536
538
541
543
540
541
544
545
548
547
548
548
552
554
551
551
552
553
555
557
557
557
558
561
562
565
564
563
569
568
571
569
568
573
572
574
574
575
578
579
580
580
582
580
583
586
587
588
586
585
588
592
593
590
590
591
597
598
598
599
599
600
601
602
601
605
602
607
604
607
607
608
612
610
613
614
617
618
619
619
621
622
619
622
622
625
625
625
626
629
628
627
630
631
635
634
637
637
637
638
637
639
643
644
645
643
645
644
645
645
651
650
648
652
655
656
653
657
657
658
658
657
660
662
661
665
662
664
667
666
666
669
671
671
671
673
676
677
674
679
680
682
682
679
681
683
683
686
687
690
686
691
690
690
695
691
692
695
694
695
698
701
698
702
704
704
705
706
704
708
709
712
711
711
711
713
713
713
719
715
720
717
718
724
724
722
727
725
724
729
730
730
731
730
735
731
732
735
735
739
738
741
741
742
740
743
744
747
748
747
750
747
750
753
750
754
755
757
756
755
759
760
763
763
761
765
764
766
769
765
771
767
768
774
771
774
776
775
777
775
781
777
781
779
783
785
782
786
789
786
789
790
791
791
794
791
796
795
798
798
800
802
801
799
804
804
807
807
804
808
808
809
811
809
811
811
816
815
814
820
818
817
821
820
825
824
822
828
825
830
826
831
833
829
830
832
837
835
838
837
836
839
838
843
844
844
843
847
848
850
850
848
852
852
852
856
854
857
856
856
861
860
863
862
862
863
865
867
865
866
867
869
868
869
875
875
873
875
879
