2
5
5
7
9
7
8
7
9
11
15
14
16
18
15
20
17
18
19
22
24
21
24
23
27
28
31
32
33
29
31
33
37
37
39
40
39
39
38
39
44
46
42
47
46
46
49
50
52
49
52
51
57
55
55
55
56
58
62
62
60
62
62
65
68
65
71
68
71
73
70
75
75
76
75
79
80
82
78
81
84
81
86
87
87
85
91
89
92
89
90
93
93
95
94
99
101
102
101
99
102
106
107
105
106
110
110
111
112
109
110
115
113
116
119
116
118
122
119
124
124
121
126
128
127
128
129
128
131
133
130
133
136
133
139
140
137
139
139
142
145
144
145
146
147
145
151
152
149
150
155
155
155
154
159
160
158
162
161
159
160
165
164
166
165
168
167
171
168
173
173
172
177
178
176
177
178
182
179
181
181
183
182
188
188
188
186
188
193
189
192
195
197
198
197
199
199
199
198
202
200
206
203
203
209
205
210
207
208
213
212
215
216
217
219
216
218
221
222
220
225
225
222
225
228
229
230
232
233
234
234
236
235
235
239
237
238
240
239
241
240
242
246
245
249
247
251
250
249
251
250
253
254
258
258
256
256
261
260
259
264
265
267
268
266
267
271
268
272
271
270
272
276
277
276
279
279
278
278
280
284
281
285
285
288
289
288
292
290
289
295
291
294
294
299
297
300
298
298
301
301
304
303
305
307
310
306
311
309
309
310
315
317
315
314
320
321
317
321
321
322
326
326
323
325
326
328
332
331
334
335
334
334
335
335
340
338
340
342
342
340
342
345
344
344
349
347
348
352
354
353
354
352
358
359
356
358
358
360
361
362
363
366
363
368
367
371
372
373
369
371
375
374
374
374
376
377
381
378
383
385
384
384
383
385
385
387
388
393
394
393
395
394
393
394
400
397
398
402
399
400
403
407
407
406
406
410
411
409
411
411
411
417
413
414
418
421
419
421
423
425
424
422
425
426
427
429
429
428
434
431
431
433
437
435
436
438
440
441
441
444
445
446
443
446
445
447
449
452
450
454
455
456
453
457
458
457
459
463
459
461
463
466
465
465
470
466
469
469
470
471
474
472
474
477
478
477
479
478
482
485
485
483
484
488
489
488
491
493
493
493
495
494
495
494
500
498
497
499
504
502
501
502
506
506
506
508
507
508
514
515
514
516
518
519
515
521
517
520
521
524
526
526
527
524
528
526
530
529
530
532
535
534
533
538
535
541
542
538
540
541
542
542
543
544
550
549
550
551
549
552
553
552
556
557
560
558
557
563
563
565
561
562
563
566
568
571
568
570
573
575
572
573
574
577
579
576
579
579
581
581
586
584
588
588
589
591
589
591
593
591
594
592
596
595
595
596
602
603
602
600
606
603
605
609
606
607
609
612
614
610
615
615
617
617
618
619
621
621
619
623
621
622
627
625
626
629
628
633
631
633
631
632
636
636
636
636
641
638
641
644
645
644
644
645
645
646
652
651
649
651
654
652
654
656
659
656
657
658
661
662
664
663
663
667
668
670
670
670
669
675
676
677
677
677
680
677
678
678
681
682
682
684
685
685
690
689
688
691
694
693
696
693
695
694
700
699
697
702
699
704
705
704
708
706
708
709
709
713
714
712
712
712
713
717
720
718
719
722
720
725
723
722
723
726
725
727
727
730
734
730
733
734
734
737
739
740
739
738
739
744
746
742
748
744
748
751
751
749
751
753
755
757
754
757
760
756
761
758
761
761
763
763
768
766
767
770
769
770
773
770
775
775
774
775
779
781
780
780
782
782
786
785
783
784
789
786
787
793
789
791
791
796
794
798
797
799
801
798
802
801
803
802
804
806
805
811
807
809
814
813
815
817
817
819
816
819
820
818
824
820
824
825
823
825
827
826
827
832
830
831
831
833
836
834
838
841
841
841
842
841
844
844
843
844
847
850
848
852
850
855
851
853
855
854
860
857
860
859
860
865
861
862
863
866
868
867
871
871
869
870
874
875
877
874
