0
2
6
4
7
10
11
7
11
11
12
15
14
16
15
20
18
22
19
20
24
21
26
24
25
30
27
30
32
33
33
34
37
35
35
38
37
41
41
41
44
42
42
43
46
48
51
49
52
53
52
53
55
56
56
59
60
57
58
62
61
66
62
68
69
70
69
70
73
74
75
71
74
74
79
76
76
77
78
79
82
83
84
86
88
88
91
90
90
93
90
92
92
95
99
95
96
98
100
99
102
104
103
104
107
108
110
111
110
111
111
115
117
116
116
115
116
119
120
119
120
125
124
125
128
128
126
130
132
132
133
136
134
137
138
138
136
138
138
143
142
143
146
144
145
147
150
147
149
151
153
152
154
156
155
157
157
159
160
164
162
163
165
168
169
166
167
171
171
174
174
176
174
173
179
176
178
177
183
183
184
182
184
184
184
188
189
188
190
193
195
196
197
193
198
195
196
197
199
201
201
205
205
204
205
206
206
211
208
211
211
213
213
214
216
220
216
218
221
224
223
222
224
223
224
228
230
229
233
232
231
235
237
235
234
237
237
241
240
243
240
245
244
246
245
250
246
248
253
253
252
254
253
256
259
256
256
262
261
261
260
264
262
266
266
267
271
271
269
274
273
275
273
276
274
278
277
280
280
283
285
281
282
284
287
288
290
287
288
289
294
296
296
297
294
298
296
299
301
304
300
301
302
306
309
305
310
309
309
310
312
314
316
316
314
320
318
320
322
321
322
322
326
327
325
328
328
328
332
333
332
333
334
334
338
336
337
338
340
342
344
344
345
346
349
350
351
350
348
354
350
352
356
357
359
358
357
357
359
361
364
364
366
367
366
366
371
371
369
372
372
376
376
377
375
380
379
380
381
384
382
386
385
383
387
387
389
387
390
394
391
393
395
395
394
397
400
402
402
400
401
405
405
407
404
408
411
409
412
412
412
416
415
418
419
418
419
420
423
423
422
425
422
428
428
425
430
432
433
431
432
431
434
438
437
435
436
439
440
440
442
445
443
447
449
447
450
452
452
450
451
453
456
456
458
457
456
458
461
463
461
463
466
463
464
468
470
468
471
474
475
472
473
473
478
477
481
480
479
479
480
486
487
486
484
485
487
490
492
493
492
491
496
495
498
500
496
498
499
503
500
503
502
507
504
505
508
508
513
514
515
514
515
513
514
520
516
517
520
521
520
524
527
524
525
530
527
529
529
532
534
532
532
534
539
537
538
537
542
543
543
541
542
547
546
548
549
551
551
551
551
551
554
553
557
555
558
562
561
560
564
561
562
568
567
565
568
570
571
569
571
574
575
574
575
576
580
579
582
583
580
582
586
587
584
587
589
589
591
589
590
594
593
595
599
597
601
602
602
600
602
603
603
603
607
610
611
607
612
612
615
611
613
615
616
618
618
617
622
622
621
622
626
626
625
630
631
629
632
631
634
632
632
637
636
640
639
641
640
639
644
644
646
646
645
650
650
647
652
650
650
652
657
655
657
657
656
661
661
661
661
665
667
667
664
670
671
668
668
671
672
672
675
677
674
679
676
682
680
682
683
686
685
686
687
685
691
690
691
694
695
693
697
697
694
697
700
697
701
702
705
704
703
703
704
710
711
708
709
710
711
711
713
713
718
719
720
719
723
723
721
724
723
723
727
729
729
731
729
732
734
733
737
733
735
738
741
741
743
744
742
745
745
746
744
749
751
749
753
751
754
752
753
753
754
756
757
761
762
761
763
764
765
767
766
770
771
767
769
770
771
776
772
773
776
780
777
779
780
784
780
781
785
785
785
786
791
787
790
793
795
795
793
793
794
797
801
797
798
803
802
803
806
804
808
810
809
812
809
813
814
813
817
814
819
816
821
820
823
824
824
825
823
826
824
827
831
831
832
833
831
834
837
837
835
836
837
841
840
844
844
842
845
848
848
849
846
847
848
854
850
854
857
855
857
859
860
860
860
864
861
864
865
868
867
869
866
868
872
874
871
873
875
878
879
