1625
1629
1627
1627
1625
1620
1623
1619
1617
1617
1617
1616
1614
1617
1615
1614
1611
1611
1610
1607
1607
1606
1608
1607
1602
1603
1599
1601
1600
1597
1595
1596
1596
1597
1593
1594
1593
1591
1591
1587
1585
1589
1585
1587
1584
1580
1581
1578
1580
1578
1579
1578
1574
1573
1571
1571
1569
1570
1570
1571
1565
1567
1564
1564
1563
1563
1562
1560
1558
1557
1560
1556
1558
1556
1556
1551
1553
1548
1551
1550
1549
1546
1546
1544
1542
1544
1541
1543
1538
1538
1535
1539
1538
1532
1532
1533
1531
1529
1527
1528
1529
1527
1528
1525
1526
1520
1523
1522
1521
1516
1515
1519
1515
1514
1515
1510
1510
1508
1512
1511
1509
1504
1503
1502
1502
1503
1503
1503
1498
1499
1496
1496
1493
1497
1494
1494
1492
1490
1491
1488
1485
1485
1486
1487
1482
1481
1479
1482
1482
1477
1479
1475
1475
1476
1471
1471
1469
1469
1470
1466
1468
1464
1463
1467
1466
1463
1464
1458
1462
1459
1455
1457
1454
1453
1454
1455
1452
1453
1448
1447
1449
1449
1446
1447
1443
1444
1440
1441
1439
1440
1438
1439
1433
1434
1434
1433
1429
1431
1429
1431
1430
1426
1424
1426
1421
1422
1419
1420
1417
1418
1416
1414
1414
1414
1414
1412
1412
1412
1408
1411
1406
1407
1403
1407
1404
1404
1399
1402
1400
1400
1396
1396
1394
1397
1396
1392
1390
1388
1392
1386
1388
1387
1387
1382
1381
1382
1380
1383
1378
1379
1377
1378
1378
1372
1376
1370
1374
1370
1372
1367
1370
1367
1367
1364
1362
1364
1363
1362
1359
1359
1359
1359
1354
1354
1354
1350
1349
1351
1350
1350
1349
1347
1345
1344
1343
1341
1341
1343
1341
1341
1337
1334
1335
1334
1332
1335
1330
1332
1332
1327
1325
1328
1323
1327
1324
1324
1322
1318
1317
1316
1318
1318
1313
1317
1313
1311
1309
1308
1307
1306
1306
1308
1304
1306
1306
1303
1302
1303
1298
1296
1296
1294
1298
1297
1291
1293
1294
1288
1291
1291
1290
1289
1284
1287
1282
1282
1282
1278
1278
1281
1275
1277
1277
1273
1274
1270
1269
1271
1270
1270
1269
1267
1265
1267
1261
1262
1259
1261
1258
1256
1259
1255
1257
1254
1254
1253
1252
1250
1248
1251
1247
1245
1246
1243
1242
1243
1243
1243
1239
1236
1235
1238
1235
1236
1235
1231
1230
1233
1232
1230
1230
1229
1227
1225
1221
1225
1221
1219
1219
1217
1220
1215
1216
1216
1211
1210
1211
1209
1211
1209
1209
1208
1204
1203
1205
1201
1202
1199
1199
1196
1196
1197
1196
1192
1191
1193
1189
1192
1190
1190
1190
1189
1186
1187
1186
1185
1179
1183
1177
1176
1179
1174
1176
1177
1172
1171
1171
1172
1167
1170
1166
1169
1165
1165
1165
1165
1159
1160
1161
1160
1156
1156
1158
1155
1154
1151
1149
1151
1150
1150
1148
1145
1148
1144
1141
1144
1143
1143
1141
1139
1137
1136
1133
1137
1136
1134
1129
1129
1130
1131
1127
1126
1128
1127
1121
1120
1123
1119
1119
1121
1117
1114
1118
1113
1112
1110
1110
1108
1110
1106
1105
1107
1108
1104
1101
1102
1104
1102
1102
1098
1096
1098
1098
1094
1091
1090
1093
1091
1087
1086
1087
1088
1084
1086
1082
1081
1080
1081
1079
1079
1079
1077
1077
1077
1076
1073
1071
1070
1067
1067
1065
1067
1068
1064
1065
1064
1061
1062
1061
1061
1055
1054
1053
1052
1053
1053
1054
1049
1050
1047
1045
1044
1048
1045
1046
1044
1040
1041
1042
1039
1036
1034
1038
1037
1032
1034
1032
1028
1032
1030
1025
1025
1026
1024
1022
1020
1020
1020
1017
1019
1017
1017
1017
1013
1016
1011
1011
1010
1007
1009
1010
1006
1003
1006
1003
1003
1002
1001
999
997
1000
997
994
992
991
991
991
988
989
988
987
987
988
986
982
984
981
982
978
976
980
974
974
974
976
975
973
971
969
966
965
964
963
963
965
965
960
963
959
959
959
954
958
956
952
954
951
953
950
949
947
945
947
947
943
944
939
943
939
937
937
938
934
935
935
933
933
929
930
928
927
928
923
927
921
921
923
922
917
920
918
916
915
916
915
910
912
909
908
911
905
908
903
905
903
904
899
902
901
901
897
895
898
894
896
894
890
891
890
887
887
887
888
885
884
884
882
878
877
876
877
874
876
874
871
870
872
871
869
866
867
867
866
866
864
862
863
862
860
858
860
857
855
856
854
851
850
850
852
848
848
847
843
847
845
843
844
838
842
837
836
835
837
834
831
831
831
832
828
827
826
826
826
826
821
823
824
822
819
820
816
818
818
812
812
811
810
813
810
811
806
808
808
807
804
801
804
798
801
798
795
797
796
792
792
793
789
790
788
790
786
789
788
783
784
782
784
782
781
780
775
777
776
773
776
775
773
768
771
769
769
765
765
763
765
761
764
761
760
761
756
754
753
757
753
754
753
753
747
751
748
745
747
747
744
742
739
740
739
737
735
735
735
735
736
734
730
730
729
731
725
727
726
723
723
724
724
720
722
718
719
715
714
713
715
714
710
708
709
708
705
709
703
707
705
701
700
701
702
699
698
696
693
694
691
693
691
691
692
689
689
688
687
684
686
682
680
681
682
681
678
676
676
676
672
673
669
671
672
666
667
667
668
665
662
661
662
660
659
660
659
654
653
656
652
653
654
649
649
648
649
644
643
647
641
644
639
640
637
639
635
638
635
637
635
634
630
630
627
628
630
627
625
627
622
624
623
622
622
618
619
618
616
614
614
613
614
612
608
607
608
606
603
602
601
601
599
599
598
601
595
597
598
594
596
591
593
588
592
589
585
586
586
586
584
583
580
580
579
580
578
576
575
572
576
570
572
570
567
567
568
568
567
565
566
565
562
559
557
559
555
556
554
555
555
553
554
553
547
551
547
549
543
546
543
543
541
542
540
541
540
535
534
534
531
531
530
533
530
531
526
528
525
522
522
523
520
519
521
521
517
514
513
514
513
510
511
510
511
506
510
506
504
502
502
504
501
499
498
500
497
497
498
492
491
491
492
492
489
486
486
489
486
487
483
484
483
482
480
480
477
477
476
475
472
471
472
473
469
471
467
465
463
462
465
461
459
463
462
460
460
458
454
455
456
455
451
450
449
450
446
445
447
445
441
442
443
439
441
437
439
437
438
435
434
434
433
430
429
428
427
425
425
425
422
420
419
423
421
417
417
416
416
413
415
415
412
411
409
410
409
406
407
406
406
404
404
398
402
397
398
398
398
393
393
392
391
393
390
388
389
384
384
383
384
380
381
383
380
380
377
379
377
376
374
372
372
369
370
367
368
368
366
366
364
361
360
358
362
360
355
355
356
357
355
354
350
350
351
346
349
346
348
342
341
345
341
340
342
337
339
339
338
337
333
330
331
330
332
329
326
328
327
325
324
322
321
318
317
320
316
319
317
317
311
313
309
313
312
308
305
306
307
303
301
302
304
301
297
297
296
294
293
292
295
293
291
293
288
287
286
285
288
284
286
282
283
279
277
276
275
275
278
272
271
272
272
269
272
269
265
265
263
262
263
264
263
258
257
260
256
255
255
256
252
251
252
250
248
251
250
246
248
243
244
245
241
238
238
238
237
236
234
234
232
230
234
230
228
226
229
224
227
226
224
225
221
218
220
216
219
216
218
212
216
210
211
208
212
210
206
207
205
203
205
204
204
203
199
199
200
194
197
193
195
190
190
189
189
189
187
187
186
182
185
185
180
182
182
180
176
177
173
174
173
174
170
169
169
168
168
168
165
163
162
165
160
159
158
161
156
159
157
156
153
153
154
152
152
147
147
149
145
145
143
142
140
139
142
137
135
137
135
132
134
131
132
131
128
126
126
128
127
124
121
125
124
120
118
118
120
117
113
115
115
111
109
109
107
109
110
108
108
105
105
103
99
103
97
101
96
99
93
97
92
93
90
91
89
88
85
88
86
83
84
82
84
79
79
80
77
76
73
75
75
71
74
68
68
71
67
68
63
67
62
64
63
60
60
58
58
54
56
55
52
55
53
48
47
50
49
46
48
43
43
43
39
41
37
37
38
38
37
33
36
32
31
33
32
30
28
29
23
24
24
22
24
21
19
16
19
17
18
13
13
14
11
8
9
6
10
5
4
7
2
