1626
1626
1626
1624
1626
1625
1623
1623
1621
1621
1618
1618
1618
1614
1615
1612
1611
1609
1607
1609
1609
1608
1605
1606
1606
1605
1599
1601
1598
1600
1595
1599
1596
1596
1595
1595
1594
1592
1589
1589
1590
1586
1588
1587
1585
1580
1584
1579
1579
1576
1577
1575
1574
1574
1575
1575
1571
1568
1567
1568
1570
1568
1565
1566
1561
1565
1564
1561
1560
1560
1555
1558
1555
1553
1553
1552
1554
1552
1547
1549
1545
1548
1543
1544
1542
1540
1544
1539
1538
1539
1539
1535
1533
1534
1536
1533
1531
1529
1528
1528
1528
1525
1525
1527
1522
1523
1524
1522
1517
1517
1518
1514
1515
1515
1512
1514
1510
1512
1509
1507
1508
1509
1507
1504
1502
1503
1501
1501
1497
1497
1499
1496
1494
1493
1493
1495
1489
1490
1487
1491
1489
1488
1487
1482
1484
1485
1482
1482
1478
1480
1478
1478
1478
1473
1475
1470
1471
1473
1468
1466
1468
1468
1465
1466
1464
1463
1459
1460
1457
1461
1459
1458
1457
1455
1453
1452
1451
1451
1449
1448
1448
1444
1446
1443
1444
1442
1442
1438
1442
1437
1439
1439
1433
1434
1435
1433
1430
1431
1432
1426
1428
1426
1423
1426
1426
1423
1420
1419
1421
1421
1415
1419
1413
1414
1412
1414
1411
1411
1407
1409
1407
1408
1403
1403
1404
1400
1401
1398
1400
1398
1398
1396
1398
1394
1395
1390
1389
1389
1387
1386
1388
1384
1388
1382
1383
1381
1383
1383
1381
1377
1379
1374
1374
1375
1374
1371
1370
1370
1372
1368
1367
1367
1365
1363
1365
1361
1363
1363
1361
1357
1360
1355
1357
1353
1354
1354
1349
1351
1349
1350
1348
1349
1346
1347
1345
1343
1343
1341
1337
1337
1335
1338
1334
1332
1335
1333
1329
1332
1332
1327
1326
1324
1325
1322
1326
1325
1322
1321
1320
1316
1318
1316
1316
1312
1315
1312
1314
1313
1310
1308
1306
1305
1304
1304
1306
1300
1302
1298
1298
1298
1299
1295
1293
1292
1292
1294
1290
1292
1292
1287
1285
1284
1285
1286
1282
1280
1282
1283
1278
1281
1278
1279
1275
1272
1276
1272
1269
1272
1271
1271
1267
1268
1268
1264
1264
1264
1259
1258
1262
1259
1256
1259
1254
1257
1255
1252
1253
1248
1250
1246
1245
1244
1248
1244
1243
1242
1241
1240
1239
1238
1235
1238
1237
1234
1231
1231
1232
1229
1227
1227
1225
1227
1227
1224
1224
1224
1220
1219
1219
1216
1218
1218
1214
1216
1211
1215
1211
1208
1207
1209
1210
1205
1206
1205
1202
1200
1200
1200
1200
1198
1199
1199
1195
1194
1192
1191
1192
1189
1190
1190
1190
1188
1183
1184
1185
1181
1183
1183
1182
1176
1180
1175
1173
1175
1176
1171
1170
1171
1171
1168
1167
1165
1165
1165
1166
1162
1160
1161
1160
1158
1160
1157
1155
1153
1152
1154
1154
1148
1148
1149
1149
1146
1147
1143
1142
1140
1142
1141
1142
1141
1135
1138
1137
1132
1136
1130
1134
1130
1130
1129
1129
1128
1123
1125
1125
1123
1124
1120
1117
1119
1119
1118
1117
1112
1114
1111
1113
1109
1109
1110
1108
1108
1104
1102
1105
1100
1104
1100
1099
1100
1098
1098
1095
1096
1096
1093
1090
1090
1088
1091
1088
1086
1084
1083
1085
1080
1081
1082
1078
1081
1077
1076
1073
1073
1071
1071
1073
1073
1070
1070
1068
1067
1065
1064
1062
1061
1062
1063
1059
1057
1059
1057
1057
1056
1052
1055
1053
1049
1047
1049
1046
1048
1045
1042
1043
1043
1041
1039
1038
1038
1035
1036
1034
1035
1031
1030
1034
1029
1029
1031
1025
1026
1025
1022
1021
1025
1019
1022
1022
1020
1016
1015
1013
1014
1016
1011
1010
1008
1011
1008
1006
1005
1008
1006
1003
1003
1002
1000
1001
998
998
994
994
993
996
990
993
991
989
987
986
985
987
987
984
984
979
978
980
979
977
975
975
974
975
970
972
970
970
966
969
965
964
965
964
964
959
959
962
957
957
959
956
955
956
951
953
952
948
949
948
945
944
943
942
944
944
940
942
939
938
935
937
932
932
935
930
930
932
926
926
926
927
926
921
922
921
920
917
921
920
919
917
917
911
912
912
913
911
908
907
907
906
907
905
901
904
902
897
900
896
895
897
896
893
891
891
890
888
891
890
886
884
885
885
881
879
881
877
879
878
878
875
873
873
875
869
869
872
870
865
867
864
865
866
865
862
858
857
856
855
858
858
853
856
855
849
853
852
850
850
847
846
845
841
842
840
841
837
838
836
838
834
833
832
831
829
829
828
831
827
827
826
825
825
824
822
819
820
816
820
817
816
812
812
812
809
812
808
811
809
809
806
803
804
804
799
801
802
801
796
796
794
797
791
795
789
788
791
789
788
784
786
782
785
782
781
779
782
781
775
778
776
777
775
773
770
770
772
771
766
765
766
766
765
764
760
763
759
756
758
759
756
755
754
750
754
750
750
751
746
744
748
743
743
742
742
739
737
736
739
734
734
736
735
734
734
732
731
727
727
725
728
723
724
724
719
718
720
718
716
718
715
712
715
714
709
709
709
710
706
704
703
704
701
704
703
701
700
698
697
697
695
694
696
691
689
689
692
689
690
688
687
683
685
683
684
678
679
676
680
676
674
676
672
672
669
673
672
669
666
668
663
666
665
664
659
661
661
660
657
658
656
652
652
651
651
651
649
646
648
645
643
646
644
644
643
640
638
641
638
637
634
635
632
635
631
633
628
631
625
627
628
622
621
622
624
623
618
619
616
619
616
613
614
611
614
613
607
608
605
609
603
607
606
602
601
602
598
597
598
597
594
597
594
592
591
593
592
586
585
586
587
585
586
585
582
580
581
576
578
579
574
576
575
570
572
572
567
569
566
566
568
564
566
561
564
560
559
556
560
557
558
554
555
553
554
553
551
549
549
544
544
547
544
541
544
538
537
540
537
536
537
537
531
535
531
533
528
526
530
527
523
522
526
522
519
521
519
516
517
516
518
516
516
512
514
510
510
509
510
508
504
503
501
502
503
498
498
499
496
498
498
496
492
494
491
488
488
487
486
488
483
483
481
481
481
482
482
481
480
476
475
472
475
475
473
473
470
466
470
465
466
466
465
461
463
458
457
457
460
457
455
454
455
451
454
451
451
446
447
447
447
447
444
441
444
438
438
439
435
438
437
435
435
435
431
429
428
430
425
426
425
423
425
422
421
420
418
420
415
417
413
413
411
410
413
408
407
410
405
408
404
406
406
403
401
400
402
401
397
395
393
397
394
390
394
390
391
389
387
386
384
386
384
384
382
378
379
381
376
378
378
377
371
374
374
368
370
369
368
365
363
364
364
363
364
362
362
360
355
357
356
355
353
354
349
350
347
348
345
345
344
346
343
340
343
340
337
338
339
335
336
332
333
334
331
329
332
326
326
326
327
322
323
320
324
319
319
320
320
317
317
317
316
313
314
310
307
310
305
307
308
306
306
305
302
299
299
297
297
299
294
295
291
294
292
291
289
289
288
285
283
287
283
280
283
278
278
280
278
277
276
277
272
271
270
269
268
271
267
268
267
262
264
260
264
259
261
261
255
259
258
257
251
251
249
253
252
246
247
245
246
242
246
243
240
242
239
237
235
238
233
235
233
234
234
230
228
226
230
228
227
226
223
225
223
223
222
218
218
217
217
212
213
212
211
212
209
208
206
207
204
202
202
202
202
202
202
198
198
194
197
193
196
195
193
191
191
190
188
189
186
185
182
183
183
182
181
179
175
178
174
175
172
170
169
169
172
171
167
167
166
164
166
163
162
159
158
159
159
158
155
152
154
154
153
148
152
149
145
149
144
146
144
140
139
138
140
141
139
139
133
133
134
130
130
131
131
127
129
124
128
127
122
120
120
120
120
121
118
114
117
113
112
115
113
109
110
110
106
108
108
107
103
105
103
100
102
101
100
96
96
95
94
91
92
92
90
90
86
88
83
87
86
85
84
83
82
81
78
74
77
73
72
74
73
71
67
67
68
69
65
67
63
63
62
60
59
60
57
54
58
53
55
52
49
48
51
47
50
45
47
42
44
44
44
42
40
37
36
35
33
33
31
32
33
33
32
27
26
28
25
27
24
20
21
22
22
16
19
16
15
13
11
15
14
11
12
10
8
8
3
6
2
