1625
1624
1625
1623
1623
1625
1623
1619
1622
1619
1620
1619
1613
1613
1613
1614
1612
1610
1607
1609
1610
1606
1607
1606
1603
1600
1601
1603
1599
1601
1598
1594
1597
1593
1595
1592
1594
1590
1592
1588
1590
1589
1585
1583
1585
1583
1583
1578
1581
1578
1579
1575
1574
1575
1576
1574
1569
1570
1567
1568
1568
1566
1568
1563
1561
1560
1564
1562
1558
1560
1557
1556
1555
1554
1555
1550
1553
1553
1549
1549
1548
1547
1544
1545
1542
1541
1542
1543
1541
1540
1535
1536
1534
1533
1531
1531
1533
1529
1527
1528
1526
1525
1525
1525
1522
1523
1522
1522
1517
1521
1520
1515
1513
1516
1513
1511
1513
1512
1512
1509
1508
1506
1508
1502
1503
1502
1501
1501
1498
1497
1497
1495
1498
1492
1493
1495
1491
1492
1489
1490
1490
1489
1486
1484
1484
1482
1484
1481
1482
1481
1475
1479
1474
1472
1472
1475
1470
1470
1469
1466
1466
1464
1463
1465
1463
1461
1460
1462
1459
1458
1460
1458
1458
1455
1455
1455
1452
1453
1450
1449
1446
1445
1447
1443
1446
1441
1439
1439
1442
1440
1435
1435
1435
1432
1431
1431
1432
1432
1427
1426
1430
1425
1424
1422
1422
1425
1419
1418
1418
1420
1416
1415
1415
1413
1415
1413
1409
1409
1410
1411
1408
1407
1405
1402
1404
1404
1401
1401
1402
1398
1397
1397
1395
1395
1392
1392
1391
1392
1390
1391
1389
1386
1384
1384
1382
1380
1384
1378
1380
1378
1376
1378
1377
1377
1376
1372
1372
1373
1371
1370
1370
1367
1363
1362
1363
1361
1364
1361
1359
1359
1355
1357
1353
1352
1354
1352
1351
1353
1349
1350
1349
1349
1343
1345
1345
1344
1344
1339
1341
1341
1337
1335
1333
1333
1335
1333
1333
1330
1328
1326
1329
1327
1323
1324
1324
1323
1319
1323
1322
1321
1315
1315
1315
1313
1311
1312
1313
1308
1310
1310
1307
1304
1305
1306
1304
1304
1300
1298
1300
1301
1297
1294
1298
1293
1296
1295
1294
1293
1291
1286
1288
1289
1288
1283
1281
1284
1280
1278
1279
1280
1275
1277
1275
1273
1275
1270
1274
1270
1270
1266
1267
1264
1266
1264
1262
1263
1260
1258
1262
1257
1258
1255
1258
1255
1252
1250
1250
1251
1249
1247
1245
1246
1247
1243
1242
1243
1240
1239
1239
1240
1240
1234
1235
1237
1236
1231
1229
1228
1227
1230
1229
1227
1228
1224
1226
1224
1220
1223
1222
1217
1220
1218
1214
1214
1212
1210
1214
1209
1209
1209
1210
1207
1204
1207
1204
1205
1203
1199
1201
1198
1198
1197
1194
1194
1194
1195
1190
1189
1187
1191
1185
1187
1184
1186
1186
1184
1181
1179
1179
1179
1179
1174
1178
1177
1172
1175
1173
1171
1169
1167
1165
1164
1164
1164
1165
1162
1162
1163
1160
1161
1158
1155
1156
1152
1152
1154
1152
1148
1147
1151
1150
1145
1145
1143
1145
1141
1139
1140
1137
1137
1140
1136
1133
1133
1136
1134
1130
1132
1128
1126
1126
1127
1125
1126
1121
1125
1122
1118
1121
1117
1119
1115
1117
1115
1113
1115
1110
1112
1110
1106
1106
1109
1105
1103
1102
1105
1103
1098
1100
1101
1095
1099
1093
1094
1093
1091
1090
1091
1092
1086
1087
1087
1084
1086
1082
1083
1081
1080
1079
1077
1079
1076
1076
1074
1072
1070
1071
1070
1068
1068
1069
1066
1063
1062
1062
1062
1061
1059
1059
1058
1056
1058
1053
1054
1055
1055
1051
1053
1049
1048
1048
1046
1047
1046
1041
1045
1040
1038
1041
1036
1040
1038
1036
1033
1034
1031
1033
1030
1027
1030
1029
1025
1024
1022
1025
1020
1023
1023
1021
1019
1018
1018
1018
1014
1015
1010
1014
1013
1007
1008
1009
1008
1007
1003
1004
1003
1003
1002
1002
997
996
997
997
993
996
995
991
988
988
987
986
984
984
985
983
984
981
978
982
976
977
979
977
974
972
973
974
968
971
971
969
964
966
967
965
960
963
960
960
959
957
959
958
954
951
955
950
948
950
948
945
946
943
942
942
941
940
942
940
937
940
937
936
932
935
931
933
930
929
928
928
925
926
923
923
921
921
920
922
921
920
918
918
912
912
913
909
912
909
911
908
908
908
905
904
903
901
900
899
899
898
899
895
897
896
894
893
890
891
887
889
885
886
887
881
880
880
878
880
878
875
875
878
873
876
871
870
870
872
868
866
864
864
866
861
863
863
859
862
856
855
857
853
852
854
852
853
851
849
849
845
848
845
843
841
841
842
839
837
841
840
835
837
833
832
832
829
830
829
828
827
824
827
825
823
821
821
818
821
818
818
815
814
815
816
812
814
810
808
807
806
809
804
806
804
802
803
803
801
798
798
799
795
792
793
790
790
792
788
791
785
784
787
785
785
780
783
779
782
779
778
776
777
775
771
772
772
771
769
770
765
769
764
763
761
760
762
762
760
757
760
757
757
754
753
750
754
753
748
750
747
748
745
744
745
740
741
740
737
739
738
736
737
732
732
733
734
731
727
726
726
724
723
724
723
720
721
721
720
718
717
718
715
712
711
712
712
713
708
710
705
704
706
707
702
700
704
701
698
699
696
696
693
693
691
690
691
689
688
686
685
687
683
686
684
684
682
678
681
680
675
675
677
672
674
670
669
670
669
671
670
667
668
662
661
665
663
658
661
660
658
657
655
656
651
650
649
648
650
649
645
644
646
643
645
640
641
638
641
639
639
635
634
634
632
630
634
633
632
630
629
627
625
625
626
624
623
618
621
617
615
618
614
616
611
615
609
608
608
610
610
608
608
604
601
602
604
600
601
599
595
598
597
592
594
593
593
591
589
590
586
585
588
586
584
581
579
583
579
580
577
577
573
574
572
574
570
571
570
570
570
566
566
566
566
561
561
559
559
560
559
557
554
556
552
552
553
550
548
546
545
546
543
545
546
540
540
538
540
541
539
534
537
533
534
534
531
529
527
530
528
524
525
522
521
520
521
518
518
519
519
515
514
514
516
512
513
509
507
508
505
505
505
502
501
503
501
500
502
496
495
495
498
492
495
492
491
489
487
486
486
488
486
487
485
483
482
480
477
478
478
478
474
476
476
474
473
473
471
469
468
465
467
466
466
463
463
461
460
461
457
455
455
457
453
453
451
452
450
446
445
448
444
445
446
444
444
439
438
438
437
434
438
432
433
435
431
433
432
429
425
429
424
427
425
421
424
418
420
418
420
414
413
415
411
415
409
408
407
410
408
405
407
407
403
405
404
398
398
396
399
397
396
396
394
391
391
390
387
390
390
388
383
387
382
385
384
380
381
378
380
378
374
377
374
370
369
371
369
371
365
369
367
365
364
365
362
363
361
358
356
355
355
356
352
355
350
352
351
347
346
349
346
347
345
342
343
342
339
336
339
336
338
337
334
333
332
330
330
327
329
326
327
324
326
323
321
322
320
320
319
319
318
312
312
311
310
312
308
309
307
304
304
303
301
304
304
299
302
298
300
299
295
295
294
294
294
288
287
288
289
284
283
285
282
285
284
283
280
281
279
277
275
275
276
275
274
273
270
267
270
265
267
266
266
262
263
263
258
261
256
255
255
252
256
252
254
250
251
251
247
249
248
244
244
243
241
240
239
237
238
239
238
233
234
230
232
232
231
231
230
227
223
226
225
225
223
221
217
217
220
215
217
214
214
214
214
209
208
206
207
206
208
203
202
201
200
202
200
201
196
194
198
197
192
192
190
190
192
189
185
188
186
184
185
184
180
178
177
180
180
177
174
172
173
172
169
170
170
166
170
168
168
164
165
163
159
161
160
158
155
155
153
154
153
152
150
153
149
151
146
144
145
144
142
140
140
143
138
140
139
134
138
136
132
134
131
133
127
131
125
126
127
124
122
125
120
119
121
118
119
114
115
112
114
111
113
110
112
111
110
108
104
105
105
101
104
102
98
100
95
96
98
96
96
91
94
92
90
91
88
85
83
85
84
83
82
80
80
79
79
77
77
76
72
70
74
72
72
70
68
67
66
65
66
60
64
58
62
59
57
54
58
55
53
55
54
49
49
47
45
45
45
42
43
40
40
41
42
39
40
36
35
34
32
31
34
30
30
31
26
24
27
25
26
22
24
23
22
16
16
16
18
17
16
10
14
12
8
8
9
5
4
4
4
