1629
1627
1624
1626
1622
1623
1620
1620
1618
1617
1615
1615
1615
1614
1612
1613
1612
1613
1607
1611
1605
1605
1604
1603
1606
1605
1603
1599
1599
1598
1599
1594
1597
1595
1591
1595
1589
1588
1590
1589
1589
1585
1583
1582
1581
1582
1580
1582
1578
1579
1579
1576
1575
1576
1571
1570
1573
1569
1570
1569
1566
1566
1565
1563
1563
1560
1560
1562
1558
1559
1558
1559
1555
1556
1552
1551
1549
1550
1550
1549
1550
1548
1548
1544
1544
1542
1543
1543
1539
1538
1540
1537
1538
1532
1532
1530
1533
1533
1527
1531
1528
1529
1524
1524
1526
1524
1524
1523
1520
1521
1517
1515
1515
1512
1516
1512
1512
1513
1510
1509
1510
1504
1504
1502
1505
1502
1503
1499
1502
1501
1498
1498
1494
1497
1494
1494
1492
1492
1491
1491
1487
1484
1488
1486
1481
1481
1480
1480
1482
1476
1479
1476
1476
1472
1476
1475
1474
1473
1471
1466
1468
1464
1463
1467
1461
1465
1462
1462
1457
1456
1459
1456
1457
1457
1454
1452
1452
1449
1449
1450
1450
1445
1444
1446
1446
1443
1442
1440
1442
1437
1440
1435
1434
1432
1436
1434
1434
1433
1428
1428
1427
1428
1428
1425
1422
1421
1423
1423
1418
1418
1418
1415
1413
1416
1413
1412
1412
1409
1411
1411
1410
1405
1406
1405
1405
1402
1401
1399
1398
1400
1398
1397
1394
1395
1391
1392
1389
1390
1392
1387
1388
1384
1386
1382
1382
1383
1383
1379
1379
1377
1379
1377
1373
1377
1371
1375
1373
1373
1368
1369
1365
1365
1366
1364
1363
1360
1359
1359
1359
1356
1356
1355
1358
1357
1356
1352
1350
1348
1348
1349
1350
1349
1345
1345
1345
1344
1341
1341
1340
1340
1337
1339
1336
1337
1333
1333
1330
1330
1331
1329
1330
1329
1327
1324
1324
1320
1319
1322
1322
1320
1315
1319
1316
1313
1313
1310
1312
1312
1312
1308
1306
1309
1306
1303
1301
1301
1299
1300
1301
1296
1296
1299
1298
1292
1293
1290
1289
1290
1290
1286
1285
1286
1285
1284
1285
1284
1283
1281
1281
1276
1277
1277
1274
1276
1272
1273
1273
1269
1270
1270
1267
1265
1266
1264
1261
1262
1263
1258
1261
1259
1256
1255
1256
1252
1254
1252
1250
1250
1249
1250
1245
1245
1244
1246
1245
1245
1243
1243
1242
1237
1240
1235
1237
1237
1233
1234
1232
1229
1230
1226
1229
1227
1223
1225
1224
1221
1222
1220
1220
1218
1218
1216
1214
1214
1211
1210
1213
1212
1211
1208
1210
1208
1208
1203
1201
1204
1204
1200
1200
1196
1199
1199
1194
1197
1192
1194
1191
1189
1190
1186
1186
1189
1185
1186
1185
1182
1179
1183
1178
1178
1175
1174
1176
1174
1176
1174
1169
1169
1169
1166
1167
1168
1165
1164
1163
1163
1163
1161
1162
1160
1159
1154
1155
1157
1153
1151
1153
1150
1151
1149
1146
1145
1145
1147
1141
1143
1143
1141
1142
1138
1139
1138
1138
1132
1136
1131
1130
1130
1128
1131
1127
1124
1127
1126
1121
1125
1120
1118
1117
1119
1120
1114
1117
1115
1116
1111
1109
1109
1108
1107
1109
1107
1104
1107
1102
1103
1099
1098
1102
1100
1099
1099
1098
1097
1094
1091
1089
1091
1090
1091
1085
1089
1084
1084
1086
1080
1079
1083
1077
1078
1078
1077
1074
1075
1075
1071
1071
1071
1070
1070
1070
1069
1068
1066
1065
1060
1059
1058
1059
1059
1060
1059
1053
1053
1052
1051
1050
1050
1049
1050
1047
1045
1047
1046
1042
1042
1044
1039
1040
1036
1035
1036
1038
1036
1036
1031
1031
1032
1027
1031
1026
1026
1025
1024
1026
1020
1019
1020
1021
1018
1016
1015
1014
1013
1013
1013
1009
1008
1009
1008
1005
1009
1004
1003
1004
1002
1003
1000
1002
1001
998
998
996
993
996
995
992
992
991
991
985
986
988
987
986
983
983
978
981
980
976
978
974
977
971
974
971
970
972
966
968
969
965
967
961
960
963
959
958
956
955
954
955
955
954
953
954
948
948
950
945
948
948
944
941
942
943
942
940
941
938
938
934
937
936
930
929
929
927
930
927
925
928
923
924
920
919
918
921
919
919
916
914
915
915
914
912
911
910
908
908
905
905
906
905
904
904
903
898
896
895
897
897
893
895
893
894
893
887
888
888
886
888
887
882
884
883
878
881
878
875
878
876
874
875
872
874
873
867
871
870
869
867
867
861
863
859
858
862
856
860
859
855
856
854
850
849
851
849
851
845
847
845
845
843
845
843
838
841
839
835
839
833
834
831
832
833
831
828
827
825
825
827
826
823
822
822
823
819
816
815
814
818
813
815
813
809
812
808
806
810
806
805
802
805
801
802
798
798
796
796
797
793
797
793
793
791
792
792
788
788
787
785
784
785
785
782
779
781
779
776
779
773
775
775
772
774
773
769
767
765
766
768
763
763
763
759
760
762
757
755
759
758
752
753
752
752
752
748
749
750
746
743
742
744
744
741
741
739
736
735
735
736
734
732
731
734
731
729
731
728
727
728
723
724
725
724
723
719
717
718
717
717
712
716
712
709
713
709
707
706
704
704
705
703
703
704
699
702
700
695
699
693
694
695
690
690
693
692
688
687
687
686
686
682
684
680
682
682
677
677
676
673
672
675
674
674
673
667
666
666
664
668
662
662
665
661
658
661
657
660
658
654
655
655
650
653
649
652
647
645
644
646
647
645
645
641
638
638
636
635
639
634
634
631
635
633
631
628
628
629
627
627
624
626
621
622
618
617
620
620
618
617
615
615
612
612
609
607
609
610
605
605
606
605
601
604
601
599
597
597
597
597
596
596
595
594
593
588
589
588
589
585
582
581
580
584
580
578
576
578
579
576
576
574
573
573
572
568
568
566
566
568
563
563
564
560
559
558
561
558
554
557
552
553
550
553
553
550
550
549
547
545
543
544
542
544
543
537
538
535
535
538
532
534
534
534
529
527
527
525
529
526
525
526
522
521
521
518
516
515
514
515
512
512
515
514
511
508
508
507
507
507
505
501
500
501
499
500
501
499
496
496
495
496
490
493
492
489
487
486
487
488
484
485
480
481
480
482
481
480
475
476
472
474
473
474
473
472
470
465
466
465
464
464
464
461
461
460
457
460
455
455
453
452
453
454
448
447
448
445
449
443
447
441
443
443
443
439
440
440
437
437
437
436
432
434
428
428
431
430
429
425
422
425
425
420
421
420
418
416
419
415
415
412
410
410
411
407
411
405
407
405
407
403
405
401
401
399
397
400
398
398
397
395
394
390
388
387
390
390
387
385
382
381
384
382
380
381
381
380
376
377
375
376
375
370
370
367
367
369
367
365
363
364
361
360
360
361
360
355
355
355
357
351
355
350
349
352
349
350
347
347
342
345
344
339
343
338
339
339
336
338
335
332
331
333
332
327
331
327
328
327
326
322
321
320
323
317
321
317
317
315
316
315
313
314
310
310
311
309
306
303
303
302
304
303
302
298
296
296
294
294
293
291
294
292
291
291
287
286
284
288
283
285
284
282
282
279
277
275
275
273
275
271
275
273
271
272
271
267
266
265
263
263
261
263
261
261
260
255
254
254
257
252
255
252
248
251
251
247
244
248
242
242
242
241
238
240
236
237
239
237
234
232
230
234
233
231
226
226
225
226
224
226
220
224
218
219
217
216
217
215
215
214
213
209
209
212
208
206
207
207
206
202
201
204
199
202
199
199
196
197
195
196
194
191
189
192
190
189
188
187
183
184
181
182
180
177
180
178
174
177
174
175
173
172
170
169
169
169
169
165
162
162
165
164
163
162
159
155
157
157
157
153
155
151
150
149
147
149
144
144
147
142
142
144
138
139
138
139
134
137
137
135
134
131
130
127
126
130
126
126
125
121
121
121
118
122
120
117
115
118
116
112
115
110
109
112
111
109
108
108
102
104
104
102
103
97
99
96
96
97
97
93
92
91
90
87
89
88
86
86
84
81
80
79
79
79
79
76
79
78
73
74
74
69
69
72
70
69
68
67
63
64
60
61
59
61
56
55
56
56
56
52
55
54
48
52
47
50
45
44
45
45
45
42
41
37
36
36
37
34
33
33
31
33
29
30
31
28
25
28
25
26
24
21
20
17
20
18
18
17
14
13
12
14
9
8
6
5
9
7
2
4
