1627
1629
1627
1625
1622
1621
1624
1622
1617
1616
1617
1618
1616
1616
1613
1611
1611
1608
1607
1609
1609
1609
1603
1604
1602
1603
1604
1598
1599
1596
1599
1594
1597
1595
1594
1591
1594
1592
1587
1591
1585
1588
1588
1587
1586
1585
1582
1583
1582
1579
1580
1579
1574
1576
1575
1571
1569
1572
1572
1570
1566
1568
1567
1566
1563
1561
1562
1563
1557
1560
1555
1556
1554
1555
1553
1554
1551
1553
1549
1548
1548
1544
1548
1542
1546
1541
1540
1542
1542
1537
1539
1535
1535
1532
1535
1531
1532
1532
1532
1531
1525
1525
1526
1527
1526
1520
1520
1520
1521
1517
1520
1516
1515
1517
1513
1511
1510
1510
1509
1510
1507
1506
1506
1505
1502
1501
1501
1499
1501
1499
1498
1498
1493
1496
1496
1495
1492
1489
1490
1491
1487
1488
1487
1484
1485
1482
1482
1480
1482
1479
1476
1474
1474
1476
1476
1471
1474
1471
1468
1470
1469
1464
1467
1467
1462
1460
1461
1461
1460
1461
1460
1459
1454
1453
1454
1451
1450
1452
1451
1446
1445
1446
1443
1447
1443
1442
1443
1438
1439
1437
1435
1434
1437
1433
1436
1433
1433
1430
1428
1427
1428
1429
1424
1424
1425
1420
1419
1420
1421
1417
1418
1419
1413
1415
1416
1412
1411
1408
1411
1408
1409
1408
1408
1404
1404
1402
1401
1398
1400
1400
1395
1394
1395
1396
1393
1391
1391
1391
1388
1389
1387
1386
1384
1385
1385
1383
1379
1380
1382
1377
1376
1379
1375
1372
1372
1372
1374
1373
1372
1367
1368
1364
1368
1364
1363
1363
1363
1359
1360
1356
1360
1358
1358
1352
1352
1352
1352
1348
1352
1349
1348
1349
1345
1344
1341
1343
1343
1341
1337
1338
1338
1334
1335
1336
1333
1333
1332
1329
1331
1328
1326
1324
1326
1326
1324
1323
1324
1318
1320
1319
1315
1315
1315
1313
1314
1312
1314
1311
1310
1309
1310
1305
1306
1306
1301
1300
1303
1299
1300
1298
1296
1296
1293
1294
1295
1293
1294
1289
1290
1287
1287
1285
1283
1284
1285
1283
1284
1278
1279
1276
1276
1276
1274
1276
1273
1270
1272
1271
1268
1271
1265
1265
1264
1267
1261
1264
1263
1263
1259
1257
1257
1255
1258
1255
1252
1250
1251
1253
1251
1248
1245
1246
1248
1247
1246
1245
1242
1238
1238
1238
1240
1239
1233
1235
1234
1234
1229
1229
1232
1230
1227
1225
1224
1227
1224
1222
1223
1221
1217
1220
1220
1215
1217
1213
1212
1210
1211
1209
1207
1206
1208
1207
1207
1203
1201
1203
1202
1200
1197
1201
1196
1194
1196
1194
1193
1191
1189
1188
1188
1188
1189
1186
1185
1187
1183
1181
1180
1181
1182
1181
1178
1177
1174
1177
1175
1170
1172
1172
1168
1166
1168
1168
1163
1166
1165
1161
1163
1160
1159
1158
1159
1154
1156
1154
1152
1155
1149
1150
1151
1151
1150
1148
1144
1142
1146
1142
1143
1138
1140
1140
1135
1138
1134
1137
1135
1134
1134
1131
1130
1130
1125
1124
1124
1123
1121
1124
1121
1121
1118
1120
1117
1117
1114
1116
1113
1114
1111
1110
1107
1109
1107
1109
1104
1106
1106
1100
1099
1099
1100
1101
1098
1096
1093
1093
1091
1091
1091
1089
1087
1090
1089
1087
1083
1082
1082
1081
1080
1078
1077
1076
1079
1077
1073
1077
1076
1070
1073
1068
1072
1071
1070
1065
1065
1065
1065
1060
1059
1060
1057
1056
1055
1059
1057
1052
1056
1050
1053
1051
1048
1048
1048
1045
1047
1042
1044
1043
1043
1041
1038
1036
1037
1039
1034
1032
1036
1033
1031
1029
1032
1026
1028
1028
1023
1027
1024
1023
1021
1023
1017
1021
1017
1019
1015
1015
1013
1012
1011
1008
1010
1011
1007
1004
1008
1003
1006
1000
1003
1001
997
998
996
995
993
995
996
994
989
991
990
987
985
986
988
987
983
980
979
983
982
980
979
976
978
975
973
971
969
970
970
971
966
964
963
963
964
963
963
963
961
956
956
955
958
952
956
955
951
948
952
949
945
946
946
943
943
940
943
943
940
936
939
936
935
937
932
934
930
931
928
927
926
924
926
925
925
923
920
922
920
918
917
915
916
914
916
913
909
909
912
909
909
909
903
906
902
902
899
902
897
898
896
896
898
895
892
890
894
888
890
889
887
886
883
884
881
880
880
880
882
879
878
874
874
872
872
873
870
868
872
869
865
866
865
863
864
864
862
862
862
860
858
854
856
852
851
851
853
852
849
848
848
845
848
843
846
842
842
842
838
839
838
837
834
834
833
830
832
832
830
829
829
829
826
824
821
825
823
819
821
820
816
815
817
817
811
811
810
810
812
808
806
808
808
805
803
800
801
800
801
798
798
799
798
795
795
792
790
792
787
787
790
785
787
785
782
785
783
780
778
776
779
775
776
772
775
771
773
771
772
767
769
764
765
764
766
764
759
760
760
756
758
758
756
755
756
752
754
753
751
751
748
744
743
745
741
743
741
743
738
737
739
734
736
736
735
733
731
733
731
731
730
727
725
723
724
725
721
721
722
719
717
714
717
714
714
711
712
713
707
709
707
705
703
704
704
700
701
701
699
696
700
694
695
695
694
693
689
690
690
691
690
685
687
687
686
684
680
682
678
676
677
678
675
673
676
672
674
668
669
668
668
666
667
667
665
660
662
662
659
661
657
654
653
654
652
654
651
651
647
650
650
645
647
646
646
640
640
641
642
637
640
635
634
632
632
635
629
631
628
626
626
629
625
626
621
620
622
623
621
619
619
619
615
614
613
613
610
608
607
608
605
607
608
604
604
602
603
598
600
600
599
594
598
597
592
593
594
592
590
586
590
585
584
583
582
584
579
580
579
577
577
577
577
574
576
574
573
572
567
568
569
566
566
564
564
565
561
563
558
560
557
557
554
557
554
550
550
553
548
550
547
548
543
542
543
540
542
542
539
540
537
535
538
536
536
532
530
533
531
531
527
526
523
523
526
520
520
518
521
518
519
516
514
516
514
512
510
509
508
509
505
508
504
507
505
504
503
500
497
497
496
494
494
492
493
494
490
488
488
489
489
484
487
482
485
483
479
479
479
476
480
479
475
475
476
473
473
468
470
468
466
469
467
466
464
461
463
463
457
461
457
455
454
453
454
452
454
448
451
447
450
449
444
444
442
443
439
443
438
441
437
438
436
437
434
430
430
432
428
426
427
428
425
425
424
420
421
422
422
418
417
415
415
413
416
411
412
413
409
411
408
404
404
407
403
405
399
400
400
401
399
394
398
394
393
394
389
388
389
387
390
386
388
387
381
385
384
380
378
378
378
379
377
374
371
375
369
370
367
371
365
367
363
363
364
363
360
359
362
359
356
357
357
357
353
353
352
353
347
349
348
348
343
343
342
345
343
343
337
339
336
339
333
332
334
334
334
328
332
331
330
326
327
322
324
323
320
321
319
317
316
316
316
313
313
310
310
310
307
310
309
307
307
307
305
302
301
299
298
296
298
299
294
292
291
292
291
290
291
288
287
287
286
282
285
283
282
278
281
281
275
276
273
272
275
271
271
272
272
267
269
269
265
267
262
262
261
262
258
258
258
259
258
253
252
250
251
248
251
246
249
248
244
244
241
242
244
238
239
241
239
236
238
232
235
235
231
228
229
228
227
229
226
225
223
225
219
222
219
221
218
215
213
212
211
210
213
209
212
207
205
208
204
204
202
204
203
199
200
200
199
197
194
197
191
191
192
192
190
189
186
187
188
182
181
181
179
180
178
181
180
175
173
174
174
171
170
168
168
171
167
165
163
162
166
160
164
162
158
161
156
155
154
156
151
153
152
153
151
146
148
144
144
144
146
141
142
143
139
140
138
138
135
133
134
134
131
130
132
130
126
128
127
126
124
120
124
122
122
116
119
117
114
113
115
111
114
111
109
108
110
104
108
106
106
104
100
101
101
97
100
94
96
96
93
91
90
92
90
91
85
84
86
87
81
81
82
78
77
78
78
78
74
75
72
70
72
71
67
68
65
69
67
66
66
64
60
59
62
59
58
58
58
55
52
55
52
53
48
51
46
45
44
45
46
43
43
43
39
37
35
36
38
32
34
34
32
33
28
26
29
28
25
27
22
21
22
20
21
21
16
15
15
16
15
14
13
12
10
9
5
5
5
7
6
