1629
1627
1626
1622
1626
1625
1621
1622
1619
1617
1617
1616
1615
1613
1616
1610
1612
1611
1609
1609
1608
1608
1603
1607
1603
1603
1599
1599
1597
1601
1597
1595
1597
1593
1591
1592
1592
1592
1589
1589
1587
1589
1586
1585
1583
1585
1583
1580
1582
1577
1576
1578
1574
1577
1574
1570
1573
1568
1570
1566
1567
1567
1566
1565
1565
1563
1559
1558
1557
1560
1560
1558
1555
1554
1555
1552
1554
1548
1552
1549
1548
1544
1545
1544
1541
1541
1544
1541
1539
1538
1540
1534
1534
1536
1535
1533
1529
1531
1529
1529
1525
1529
1525
1523
1523
1521
1521
1519
1521
1517
1519
1515
1514
1516
1513
1515
1511
1511
1511
1509
1506
1507
1505
1506
1504
1504
1500
1498
1497
1497
1496
1499
1494
1497
1496
1491
1490
1493
1492
1488
1486
1486
1487
1484
1483
1484
1483
1482
1478
1481
1479
1479
1477
1472
1475
1470
1469
1470
1468
1469
1465
1467
1468
1462
1462
1465
1462
1463
1459
1460
1458
1455
1454
1456
1455
1450
1452
1452
1448
1447
1449
1445
1446
1447
1442
1443
1442
1443
1438
1437
1440
1437
1433
1434
1434
1432
1432
1431
1430
1431
1429
1426
1424
1424
1423
1424
1424
1420
1417
1418
1416
1414
1413
1416
1416
1414
1409
1413
1409
1406
1410
1406
1405
1406
1402
1404
1403
1400
1397
1400
1398
1397
1398
1397
1393
1392
1392
1393
1388
1389
1386
1389
1385
1385
1381
1380
1379
1382
1377
1376
1380
1379
1377
1376
1374
1375
1371
1368
1369
1367
1365
1369
1363
1366
1365
1363
1359
1359
1359
1360
1356
1359
1353
1357
1355
1355
1351
1351
1351
1347
1345
1348
1348
1347
1342
1343
1339
1338
1339
1341
1337
1334
1334
1334
1331
1334
1329
1330
1332
1327
1329
1324
1326
1326
1326
1324
1320
1318
1317
1318
1316
1317
1317
1314
1311
1312
1310
1309
1311
1310
1305
1308
1308
1307
1306
1305
1304
1299
1302
1299
1296
1296
1296
1293
1291
1290
1290
1293
1291
1290
1286
1285
1288
1286
1286
1281
1284
1280
1277
1278
1275
1277
1278
1274
1274
1275
1269
1269
1267
1267
1265
1266
1263
1262
1263
1260
1264
1262
1261
1261
1257
1255
1254
1255
1253
1255
1249
1250
1250
1251
1248
1248
1245
1245
1245
1241
1240
1242
1242
1238
1237
1238
1237
1233
1236
1231
1234
1230
1231
1231
1226
1228
1225
1226
1224
1225
1220
1223
1220
1219
1215
1219
1217
1217
1216
1215
1210
1209
1211
1209
1206
1208
1208
1204
1206
1202
1199
1203
1200
1198
1199
1198
1193
1194
1194
1190
1192
1193
1192
1189
1185
1189
1183
1185
1182
1183
1179
1178
1182
1181
1179
1179
1174
1175
1175
1171
1169
1172
1168
1167
1166
1168
1163
1163
1162
1162
1162
1159
1157
1156
1156
1154
1156
1155
1152
1154
1150
1151
1148
1148
1148
1149
1148
1142
1146
1143
1140
1141
1137
1138
1136
1134
1134
1137
1131
1131
1134
1133
1131
1129
1126
1129
1123
1125
1123
1123
1122
1119
1122
1117
1119
1114
1116
1112
1115
1111
1111
1110
1111
1111
1105
1109
1107
1104
1104
1104
1099
1099
1101
1099
1099
1097
1094
1092
1094
1095
1093
1090
1090
1091
1090
1088
1085
1087
1085
1085
1081
1082
1078
1081
1079
1075
1077
1072
1071
1075
1072
1072
1070
1071
1068
1069
1067
1063
1065
1062
1060
1063
1059
1056
1060
1054
1053
1052
1056
1054
1051
1050
1051
1046
1049
1048
1044
1047
1043
1044
1041
1038
1042
1037
1037
1035
1038
1033
1036
1031
1032
1031
1031
1028
1025
1026
1028
1025
1025
1022
1024
1019
1017
1020
1015
1014
1013
1017
1014
1010
1009
1012
1011
1011
1007
1009
1008
1007
1004
1002
1002
1000
998
1001
998
997
994
993
991
992
991
989
988
991
989
986
988
985
982
981
981
978
978
977
976
979
973
977
972
974
970
973
967
967
969
965
965
966
964
961
963
959
961
961
956
959
957
957
956
954
951
948
950
949
945
947
944
945
943
945
943
938
937
937
936
939
936
935
932
933
933
929
929
930
928
927
928
926
922
923
922
918
922
920
917
914
915
917
913
911
909
910
907
908
907
909
905
905
904
904
900
898
900
899
895
895
893
896
896
891
890
890
892
891
889
887
888
884
884
881
882
880
880
879
879
875
875
877
873
873
874
871
871
870
870
867
867
865
866
860
862
861
857
858
856
856
856
854
852
852
851
848
850
850
845
847
846
843
841
843
843
841
838
841
836
837
837
833
832
834
833
832
828
827
825
829
825
823
822
821
822
823
817
817
820
817
815
814
815
813
812
809
809
808
808
804
806
805
804
801
802
800
799
798
796
799
793
793
793
790
789
792
788
790
789
786
783
784
786
785
784
783
780
780
779
777
774
773
772
770
771
768
768
771
766
766
767
764
761
761
761
758
759
760
755
758
758
753
756
750
752
753
749
747
750
744
747
746
742
743
742
742
738
738
736
737
735
732
733
731
733
730
727
728
727
728
727
727
724
724
724
718
720
717
717
715
718
713
713
711
714
711
709
711
707
704
707
705
701
703
704
698
698
697
700
699
697
695
695
691
693
689
688
686
690
687
687
686
685
684
679
682
681
679
676
679
677
676
672
671
672
669
669
669
670
667
664
662
665
664
659
658
661
661
660
657
654
652
652
655
649
650
652
646
646
646
648
646
645
643
640
638
641
637
636
636
633
637
631
631
631
628
627
628
626
625
624
625
622
620
623
620
622
619
617
619
617
612
613
611
610
612
607
609
608
608
603
604
605
600
603
603
602
597
599
598
596
597
596
592
593
593
589
587
590
589
588
582
582
581
581
578
578
578
579
578
577
577
573
570
573
570
568
570
566
566
565
564
562
560
559
561
562
561
559
558
556
556
554
552
554
549
551
547
545
549
545
547
543
541
543
541
538
539
537
537
534
535
535
531
533
528
528
529
527
525
523
525
525
523
523
523
520
521
516
515
513
512
514
512
512
510
509
508
510
504
508
506
505
501
500
499
497
500
500
495
493
497
496
494
494
492
491
490
485
485
488
485
482
480
483
481
480
476
477
479
476
472
475
470
471
470
469
468
470
466
466
467
462
462
461
459
459
457
455
458
455
455
451
450
453
449
449
448
449
446
444
446
441
441
440
439
439
440
438
434
438
434
434
435
433
432
430
426
429
426
426
423
421
420
421
419
417
417
419
415
418
415
413
413
412
409
409
411
410
407
405
405
404
401
400
398
400
401
396
397
395
392
392
395
391
391
392
386
385
384
384
386
382
380
380
379
381
380
376
376
373
375
371
371
371
368
368
370
368
364
365
363
361
361
361
360
360
361
360
357
354
356
351
352
354
348
347
348
349
346
347
342
346
341
343
340
342
338
335
336
333
335
332
331
330
332
331
327
325
328
327
325
326
324
321
320
320
320
320
314
317
313
312
312
312
310
307
309
310
306
305
306
301
301
304
298
300
296
298
299
293
296
292
293
291
291
292
290
288
288
283
282
282
283
284
278
281
280
278
276
274
275
276
271
272
270
272
266
270
268
266
266
263
262
262
261
259
258
260
254
253
255
252
253
250
249
247
247
249
244
244
245
241
241
241
243
242
240
237
239
237
233
232
230
230
230
232
231
227
224
227
227
224
223
223
222
221
217
220
217
215
213
211
211
210
213
212
206
208
206
204
203
204
200
201
198
197
198
199
196
194
193
195
191
189
193
189
190
187
184
184
182
186
185
182
181
182
177
178
178
176
175
176
175
174
171
172
170
167
165
168
165
166
162
159
158
158
159
159
158
154
152
154
153
150
152
147
150
147
148
145
142
143
140
139
140
138
138
137
134
136
134
134
134
131
132
127
129
125
124
127
124
122
122
124
120
119
116
118
115
114
112
113
110
111
109
112
107
110
108
108
102
103
100
104
98
100
97
97
97
93
96
94
93
89
93
89
88
87
87
86
86
81
81
80
80
78
77
77
74
78
74
76
75
70
70
67
70
67
64
65
65
64
65
60
58
59
56
58
55
56
52
54
50
54
53
47
47
48
48
45
46
42
42
39
39
37
39
37
37
38
33
36
34
32
28
27
30
28
24
27
22
25
24
19
18
20
16
20
15
13
17
14
13
12
13
9
9
9
6
3
7
4
