1629
1626
1625
1624
1626
1625
1624
1623
1620
1619
1617
1616
1614
1615
1611
1610
1609
1609
1609
1610
1609
1606
1608
1605
1605
1600
1601
1603
1598
1598
1600
1595
1595
1594
1596
1590
1591
1590
1588
1591
1589
1587
1585
1582
1583
1585
1580
1581
1580
1576
1580
1574
1573
1574
1576
1572
1571
1568
1568
1568
1565
1565
1568
1567
1561
1560
1561
1562
1561
1559
1559
1555
1554
1556
1552
1551
1549
1549
1548
1551
1547
1546
1545
1543
1544
1543
1540
1538
1537
1538
1540
1535
1534
1535
1531
1531
1529
1532
1532
1528
1528
1527
1524
1522
1523
1524
1520
1520
1519
1518
1515
1516
1516
1512
1515
1515
1511
1510
1509
1506
1507
1504
1508
1506
1501
1505
1502
1502
1500
1499
1497
1497
1497
1495
1491
1492
1491
1492
1488
1488
1487
1485
1486
1484
1483
1484
1484
1478
1479
1478
1478
1476
1474
1473
1472
1474
1471
1473
1468
1468
1470
1469
1463
1463
1464
1465
1462
1461
1461
1457
1457
1459
1453
1453
1451
1454
1449
1453
1449
1446
1446
1449
1446
1442
1445
1443
1439
1442
1437
1436
1439
1434
1433
1437
1436
1434
1430
1431
1432
1428
1427
1425
1427
1425
1426
1421
1423
1419
1422
1416
1420
1418
1413
1414
1414
1414
1410
1411
1412
1409
1408
1404
1406
1404
1401
1401
1401
1403
1400
1398
1399
1398
1393
1392
1392
1390
1390
1392
1388
1390
1387
1384
1387
1386
1381
1385
1379
1382
1382
1378
1377
1379
1378
1374
1374
1372
1372
1369
1371
1367
1367
1365
1364
1366
1363
1360
1364
1358
1361
1356
1357
1359
1354
1353
1355
1351
1353
1352
1348
1349
1346
1347
1343
1347
1344
1345
1343
1338
1340
1336
1336
1337
1338
1337
1336
1335
1334
1329
1327
1330
1329
1328
1327
1326
1324
1324
1323
1318
1320
1320
1319
1318
1313
1312
1311
1311
1313
1312
1312
1311
1306
1308
1305
1304
1306
1301
1304
1299
1299
1297
1297
1296
1296
1294
1296
1292
1293
1292
1292
1287
1285
1286
1287
1286
1283
1281
1282
1280
1279
1281
1280
1276
1273
1273
1273
1270
1273
1268
1272
1267
1268
1264
1268
1262
1265
1264
1264
1260
1260
1261
1260
1257
1257
1253
1255
1251
1250
1249
1249
1246
1249
1249
1248
1244
1244
1243
1239
1242
1241
1240
1235
1236
1234
1232
1236
1232
1234
1232
1229
1228
1230
1224
1225
1224
1224
1222
1221
1222
1217
1221
1220
1219
1217
1213
1211
1213
1214
1211
1212
1208
1210
1205
1205
1202
1204
1201
1199
1198
1200
1199
1198
1194
1198
1197
1195
1194
1189
1191
1188
1190
1188
1188
1183
1187
1183
1182
1179
1179
1177
1177
1177
1176
1174
1177
1172
1171
1174
1169
1172
1168
1170
1166
1164
1163
1165
1160
1159
1158
1159
1159
1159
1157
1155
1152
1155
1154
1152
1149
1152
1147
1149
1147
1144
1144
1145
1141
1143
1143
1138
1137
1137
1139
1133
1137
1133
1130
1133
1130
1132
1130
1127
1125
1123
1127
1122
1121
1119
1121
1121
1121
1116
1114
1117
1112
1114
1113
1109
1111
1112
1111
1105
1104
1107
1102
1102
1105
1101
1098
1101
1098
1096
1096
1094
1095
1093
1093
1093
1092
1091
1087
1087
1088
1087
1082
1086
1083
1079
1079
1082
1077
1076
1079
1076
1074
1072
1070
1070
1069
1070
1069
1070
1067
1065
1065
1065
1063
1062
1060
1058
1059
1060
1056
1056
1057
1052
1050
1054
1051
1051
1048
1045
1049
1048
1046
1045
1043
1042
1041
1038
1040
1035
1035
1035
1035
1032
1034
1033
1032
1032
1030
1027
1029
1023
1023
1023
1022
1019
1023
1022
1019
1019
1015
1015
1016
1014
1010
1014
1008
1011
1010
1006
1009
1003
1007
1006
1000
1004
999
1001
996
999
994
996
997
995
995
990
989
990
986
986
986
983
983
983
983
983
982
981
981
977
979
976
973
976
972
970
971
970
966
969
967
966
967
964
962
961
961
959
960
956
954
955
952
953
954
949
948
951
950
950
947
948
946
944
944
942
940
940
939
940
936
934
937
931
930
934
929
932
931
928
928
927
926
922
923
920
919
920
919
916
916
914
915
914
914
913
913
907
906
908
906
906
907
901
903
902
900
902
896
898
898
894
894
893
895
890
888
890
887
889
887
888
883
884
882
883
879
877
881
877
877
878
872
871
874
871
868
867
868
869
867
868
865
863
865
859
862
857
858
858
858
855
855
853
855
854
851
851
849
847
844
848
842
846
843
843
841
837
836
837
838
835
832
832
831
829
832
831
827
825
826
826
824
825
822
824
819
822
817
820
815
817
812
814
814
814
811
811
811
806
804
804
803
802
802
803
802
801
800
795
796
793
796
796
792
794
793
788
791
785
786
788
785
786
780
784
782
777
781
780
775
777
775
776
771
771
769
772
769
766
766
768
762
762
764
761
760
759
757
759
759
754
752
752
752
753
748
752
750
745
746
746
743
743
740
741
740
739
741
740
738
734
732
733
734
731
730
731
727
728
729
727
725
723
720
720
720
720
718
715
714
713
716
714
713
709
709
708
711
709
707
706
706
706
703
701
703
701
696
696
695
693
697
694
695
690
689
688
691
690
687
687
683
683
683
682
680
679
680
679
674
677
672
674
673
670
670
672
669
669
669
664
667
662
660
664
660
658
658
659
657
653
655
652
652
653
649
650
646
649
646
647
645
642
645
640
638
642
636
636
637
638
636
634
630
629
628
630
626
629
626
626
625
622
625
619
620
621
618
618
619
615
614
615
614
609
610
607
611
609
605
603
602
605
601
599
603
597
597
595
599
594
592
596
595
593
593
589
589
588
587
584
584
585
580
579
580
579
576
580
575
573
572
576
575
572
573
567
569
567
567
566
567
565
562
564
561
561
561
560
556
558
557
554
552
552
549
548
546
550
548
544
545
541
545
544
543
537
537
539
537
537
534
531
533
532
531
532
527
526
525
526
523
521
522
520
523
517
516
519
517
514
516
516
511
510
508
510
509
506
504
506
503
502
504
499
499
502
496
498
498
496
497
494
495
492
488
489
487
485
485
487
484
486
481
481
480
481
480
477
478
473
475
473
474
473
470
467
466
466
468
467
467
463
461
459
461
462
461
458
456
455
452
453
450
450
453
448
448
450
446
446
447
445
442
443
440
437
439
438
437
433
434
435
435
429
428
431
428
425
428
426
427
423
423
423
423
417
420
415
415
417
417
412
413
411
411
408
410
407
406
403
406
401
402
401
399
400
398
400
394
394
396
396
394
392
391
387
389
385
387
386
385
382
382
381
379
378
381
377
375
374
373
371
374
371
369
368
369
367
368
368
363
361
360
361
361
362
358
357
356
357
354
353
353
352
351
349
346
349
344
344
344
341
341
342
340
342
340
336
338
337
335
336
331
333
329
329
331
326
328
323
325
322
321
324
319
319
317
317
319
318
317
316
312
312
309
312
309
308
304
306
303
306
305
304
299
298
296
298
299
295
296
293
295
293
288
290
286
288
287
286
282
284
281
279
281
278
279
277
274
278
275
274
274
273
272
269
271
265
268
263
262
266
262
264
263
261
260
257
258
257
255
251
253
249
249
251
250
248
247
244
244
242
240
241
243
239
237
240
236
233
234
234
235
230
232
230
230
227
225
224
226
223
225
222
218
221
220
218
215
213
216
211
211
210
209
210
206
208
204
205
204
201
200
200
202
202
198
195
199
195
195
192
190
190
188
187
189
188
188
185
187
185
180
182
183
182
178
176
176
176
175
171
173
171
170
172
169
170
166
167
163
164
164
162
163
161
159
156
159
158
155
154
155
149
151
147
150
145
149
147
147
143
144
142
138
137
141
136
138
134
136
134
135
133
130
131
130
129
129
127
124
122
121
124
122
117
120
119
118
114
112
116
113
111
108
109
108
106
104
104
106
106
105
99
103
102
98
97
95
96
95
93
92
90
93
90
91
87
87
85
83
86
81
79
81
80
76
78
78
75
75
71
71
74
73
72
66
67
65
67
63
62
62
59
59
60
59
58
58
54
54
53
52
53
50
49
51
46
49
48
42
41
40
43
39
39
41
35
38
38
35
32
32
34
29
28
26
29
28
24
26
22
20
20
23
22
20
17
17
15
15
13
11
10
9
9
9
9
7
6
3
2
