1626
1626
1626
1626
1626
1620
1620
1621
1617
1617
1617
1614
1614
1614
1614
1614
1610
1610
1607
1609
1605
1607
1603
1604
1605
1601
1601
1600
1599
1600
1595
1596
1595
1594
1591
1593
1589
1592
1590
1587
1585
1585
1583
1587
1584
1581
1581
1581
1582
1581
1580
1577
1576
1573
1576
1571
1572
1569
1567
1567
1565
1565
1568
1564
1566
1565
1563
1560
1557
1561
1555
1558
1554
1554
1553
1553
1552
1549
1549
1550
1545
1546
1548
1545
1541
1544
1542
1543
1537
1536
1537
1538
1533
1534
1535
1533
1531
1530
1531
1531
1525
1529
1523
1523
1524
1520
1524
1520
1522
1520
1515
1519
1515
1516
1514
1510
1513
1512
1512
1507
1509
1509
1505
1507
1506
1500
1503
1502
1502
1501
1495
1497
1493
1493
1491
1494
1491
1491
1491
1489
1485
1487
1484
1484
1484
1481
1484
1478
1482
1480
1478
1476
1477
1472
1474
1473
1470
1468
1469
1468
1466
1469
1467
1465
1462
1462
1461
1460
1462
1456
1460
1458
1454
1452
1456
1452
1453
1449
1448
1451
1449
1446
1445
1446
1443
1441
1440
1441
1439
1437
1437
1434
1437
1435
1433
1431
1430
1428
1428
1431
1427
1424
1426
1427
1422
1425
1421
1420
1418
1418
1420
1415
1415
1414
1412
1415
1409
1413
1407
1407
1410
1404
1403
1402
1405
1403
1403
1403
1398
1400
1397
1398
1398
1393
1391
1394
1390
1391
1391
1387
1387
1385
1383
1384
1386
1380
1382
1379
1381
1381
1375
1374
1375
1373
1371
1374
1369
1372
1369
1369
1370
1365
1364
1362
1361
1363
1361
1358
1357
1357
1360
1355
1358
1356
1353
1354
1353
1352
1352
1348
1350
1346
1348
1346
1343
1343
1341
1340
1338
1339
1340
1338
1337
1335
1335
1331
1334
1329
1328
1330
1328
1328
1324
1327
1324
1325
1322
1321
1318
1316
1318
1318
1318
1312
1312
1314
1310
1309
1308
1308
1305
1308
1307
1306
1304
1303
1300
1301
1297
1296
1295
1294
1296
1292
1295
1290
1293
1291
1288
1287
1289
1284
1285
1283
1285
1283
1282
1278
1277
1277
1278
1278
1278
1277
1271
1270
1269
1273
1272
1269
1265
1267
1264
1262
1261
1265
1262
1259
1258
1256
1258
1255
1256
1255
1252
1252
1252
1250
1247
1250
1248
1247
1247
1246
1245
1241
1244
1242
1242
1237
1235
1236
1234
1233
1236
1233
1231
1231
1231
1228
1229
1224
1223
1226
1223
1223
1220
1223
1219
1221
1220
1216
1214
1213
1214
1212
1210
1213
1207
1210
1210
1209
1203
1203
1205
1204
1199
1198
1202
1201
1196
1194
1195
1195
1192
1193
1191
1191
1188
1188
1189
1188
1188
1182
1181
1180
1181
1179
1179
1177
1179
1176
1176
1175
1171
1171
1169
1169
1170
1171
1166
1164
1164
1167
1162
1162
1162
1159
1159
1161
1159
1158
1157
1157
1152
1151
1150
1151
1152
1147
1148
1146
1145
1144
1141
1140
1143
1141
1137
1140
1137
1134
1138
1133
1131
1135
1130
1128
1132
1126
1126
1129
1127
1127
1124
1123
1121
1120
1121
1121
1120
1117
1115
1112
1112
1111
1114
1108
1111
1110
1106
1104
1107
1104
1106
1105
1101
1101
1097
1096
1096
1095
1093
1093
1096
1090
1090
1088
1087
1089
1088
1085
1087
1082
1086
1081
1083
1080
1077
1079
1076
1075
1077
1073
1075
1075
1069
1069
1067
1067
1065
1067
1067
1065
1062
1064
1059
1063
1057
1059
1057
1057
1055
1052
1051
1055
1051
1049
1049
1049
1049
1048
1043
1042
1043
1043
1041
1042
1039
1036
1039
1034
1035
1035
1031
1035
1034
1033
1031
1030
1029
1025
1023
1024
1022
1020
1022
1022
1018
1021
1020
1014
1015
1012
1014
1015
1012
1008
1007
1006
1007
1009
1006
1003
1001
1003
1001
1003
998
1001
1000
997
998
996
993
990
991
991
988
990
987
985
983
985
986
983
982
981
981
977
978
979
975
975
973
973
974
970
969
969
970
967
965
964
961
964
964
958
957
961
956
959
956
956
955
954
951
952
949
947
945
948
944
946
945
943
943
938
940
937
938
935
935
936
931
933
932
932
928
927
928
929
923
924
925
925
919
920
919
921
919
919
918
915
916
914
911
910
912
908
905
904
908
905
902
901
900
902
900
898
897
898
897
896
895
892
890
888
887
891
885
884
883
884
881
882
881
881
877
876
878
877
876
876
875
873
873
868
869
871
868
869
863
864
865
865
862
860
860
856
860
858
855
855
856
854
853
849
847
849
846
848
848
844
844
841
843
840
837
841
838
838
836
835
833
835
830
833
830
830
830
827
828
826
825
822
824
820
819
819
818
814
814
812
814
814
809
812
809
809
806
806
806
804
806
805
804
799
801
801
799
796
798
797
793
793
793
789
789
787
786
787
787
784
784
782
783
779
780
776
780
778
778
773
775
771
773
771
767
769
767
764
766
766
761
761
762
761
761
756
759
754
756
754
755
752
749
749
747
750
748
747
748
742
746
741
740
742
741
737
736
736
737
732
732
735
732
732
731
727
728
729
725
725
721
722
720
719
721
720
717
717
716
714
716
713
709
713
712
707
705
708
707
707
702
700
701
700
701
698
697
694
694
696
694
692
692
688
692
691
688
684
686
684
684
682
684
680
681
680
676
678
678
675
671
670
674
671
669
668
665
667
664
664
666
665
663
659
657
658
660
658
655
654
652
651
649
651
652
651
645
647
646
642
646
640
643
638
639
636
637
634
635
637
632
634
634
629
631
626
630
624
624
622
624
623
622
623
620
619
618
616
617
614
615
615
611
608
611
608
605
607
603
605
601
601
604
598
602
600
597
595
596
593
595
593
593
593
587
587
585
587
588
587
582
582
584
580
578
578
579
579
578
575
572
574
572
573
572
571
565
564
568
567
566
564
559
559
560
559
559
557
557
557
556
550
553
552
550
547
550
549
545
546
542
543
540
539
537
537
537
535
533
537
536
530
529
533
528
529
525
529
526
526
521
521
521
523
518
521
518
516
517
515
513
513
510
510
512
509
508
508
508
503
505
504
499
501
499
498
500
498
493
496
492
493
492
492
489
487
490
484
484
486
485
480
483
482
478
477
480
478
476
474
473
475
471
470
469
468
468
466
467
465
461
460
462
458
460
457
455
455
457
455
456
453
451
453
450
450
447
447
443
447
443
445
442
438
442
441
435
438
434
433
432
432
433
431
429
427
428
424
428
426
425
425
419
422
419
420
418
414
415
415
413
410
411
409
412
407
406
408
406
405
402
400
403
403
401
401
395
399
396
393
393
394
391
393
392
391
390
387
387
383
382
380
379
382
382
377
376
379
377
376
376
375
372
371
369
366
365
368
366
364
361
362
361
363
358
358
356
355
354
352
355
354
349
348
349
348
348
344
346
345
346
341
342
341
342
339
340
338
337
337
331
334
333
330
331
327
330
324
324
327
326
320
319
320
318
321
318
319
315
317
314
314
309
310
312
306
307
306
305
302
303
303
300
298
300
299
299
298
298
296
292
294
291
291
291
288
287
289
286
283
283
280
279
278
282
279
279
276
278
276
274
275
269
272
267
268
265
268
267
266
265
263
261
262
260
261
257
254
253
255
253
255
252
253
252
249
249
245
246
246
242
245
239
239
242
238
239
234
238
237
231
234
232
230
228
230
229
228
226
224
221
222
220
222
218
220
218
214
213
216
216
210
211
210
208
209
206
207
205
205
204
205
201
200
198
200
197
199
197
196
194
194
192
191
190
191
187
187
186
185
184
184
180
178
181
179
175
177
174
177
173
174
174
170
170
169
166
165
165
164
163
163
162
163
157
157
160
155
157
154
151
153
154
152
149
151
145
144
145
145
146
141
143
141
138
140
140
138
138
132
132
133
133
133
127
131
128
126
123
122
126
122
121
119
120
120
120
119
115
117
116
112
111
112
110
111
106
104
107
104
102
102
99
103
102
99
98
98
94
93
93
95
89
91
87
86
89
87
85
86
86
80
83
78
79
81
76
77
75
75
74
70
69
69
68
69
68
64
68
63
65
63
63
62
58
58
58
54
53
54
54
55
52
51
50
47
47
47
43
47
43
42
42
42
39
39
35
39
37
33
36
35
34
31
31
28
26
27
27
22
22
23
21
23
20
16
19
18
13
17
13
15
13
11
10
8
8
7
5
4
3
