1630
1625
1628
1623
1623
1620
1621
1622
1621
1616
1619
1616
1616
1617
1615
1611
1613
1613
1611
1609
1606
1607
1605
1604
1601
1603
1604
1599
1601
1600
1597
1596
1598
1595
1596
1595
1589
1589
1588
1588
1587
1588
1588
1582
1584
1585
1583
1581
1578
1579
1578
1575
1573
1576
1572
1572
1569
1572
1570
1568
1566
1569
1568
1563
1566
1562
1564
1561
1557
1559
1556
1558
1553
1553
1552
1553
1551
1552
1550
1550
1550
1549
1544
1545
1543
1544
1540
1538
1541
1538
1538
1536
1538
1534
1531
1531
1534
1531
1528
1527
1528
1529
1525
1522
1523
1525
1520
1519
1517
1521
1517
1514
1516
1517
1513
1510
1514
1509
1507
1509
1510
1509
1504
1506
1504
1505
1501
1502
1497
1496
1499
1496
1493
1493
1494
1495
1492
1489
1492
1487
1488
1487
1488
1484
1481
1481
1479
1480
1479
1477
1480
1476
1476
1476
1472
1472
1471
1473
1468
1467
1468
1469
1467
1466
1463
1460
1460
1461
1462
1459
1459
1454
1453
1454
1452
1455
1449
1450
1449
1449
1449
1446
1446
1444
1442
1441
1444
1440
1438
1437
1438
1439
1438
1435
1435
1432
1429
1429
1427
1431
1429
1424
1428
1423
1423
1420
1422
1422
1421
1419
1419
1415
1416
1412
1416
1412
1409
1408
1408
1406
1408
1404
1403
1403
1406
1405
1400
1402
1402
1401
1399
1399
1393
1396
1393
1393
1393
1389
1392
1391
1390
1389
1386
1384
1382
1385
1380
1378
1380
1380
1378
1376
1378
1374
1374
1370
1370
1373
1368
1369
1367
1367
1366
1367
1363
1364
1363
1360
1358
1358
1355
1354
1356
1357
1351
1353
1349
1349
1348
1349
1349
1349
1345
1346
1346
1340
1341
1341
1337
1339
1339
1338
1338
1333
1332
1331
1332
1329
1330
1331
1329
1328
1323
1326
1323
1325
1324
1320
1317
1320
1319
1314
1315
1312
1311
1312
1311
1309
1310
1310
1309
1308
1306
1307
1302
1303
1300
1299
1301
1298
1295
1294
1298
1294
1294
1292
1290
1293
1290
1290
1287
1288
1283
1287
1283
1282
1279
1283
1280
1280
1275
1277
1276
1273
1275
1275
1269
1272
1268
1268
1269
1267
1266
1267
1261
1265
1261
1262
1262
1257
1257
1258
1256
1255
1252
1253
1251
1253
1252
1248
1250
1249
1243
1245
1246
1244
1240
1241
1241
1236
1239
1238
1237
1235
1236
1233
1233
1230
1229
1227
1226
1224
1225
1224
1226
1225
1224
1218
1219
1221
1218
1218
1215
1214
1216
1210
1212
1212
1210
1211
1205
1204
1208
1207
1202
1203
1199
1199
1202
1200
1196
1194
1196
1192
1192
1190
1189
1193
1191
1189
1186
1189
1186
1184
1185
1180
1181
1179
1179
1179
1176
1174
1174
1174
1173
1170
1169
1168
1172
1168
1167
1167
1164
1166
1164
1160
1159
1163
1161
1157
1159
1154
1157
1157
1154
1150
1151
1150
1152
1148
1149
1146
1148
1142
1146
1145
1143
1138
1141
1137
1136
1137
1137
1133
1134
1135
1130
1129
1129
1130
1126
1126
1127
1122
1124
1122
1121
1121
1121
1120
1120
1118
1118
1113
1112
1110
1114
1109
1112
1110
1106
1105
1108
1103
1105
1105
1103
1098
1099
1098
1098
1095
1095
1092
1096
1092
1094
1092
1088
1087
1090
1084
1086
1084
1083
1084
1082
1080
1080
1081
1078
1074
1075
1073
1073
1074
1074
1072
1069
1068
1070
1066
1068
1065
1062
1061
1062
1063
1058
1058
1056
1058
1058
1055
1055
1050
1053
1050
1049
1047
1050
1049
1048
1046
1046
1041
1041
1042
1041
1041
1035
1037
1035
1032
1031
1030
1031
1032
1029
1028
1029
1028
1027
1024
1024
1023
1021
1020
1022
1016
1019
1014
1016
1015
1014
1010
1012
1010
1007
1008
1010
1007
1008
1005
1006
1004
1002
1002
999
999
997
996
997
996
993
993
991
988
990
991
986
985
983
985
985
981
979
979
979
981
976
979
974
977
974
970
973
971
971
966
969
967
963
965
964
964
962
961
957
957
956
957
957
953
956
955
952
949
952
947
949
944
943
945
946
942
941
941
941
941
936
937
936
933
935
935
931
932
928
929
928
927
925
925
925
921
924
918
918
917
919
919
918
912
913
911
910
910
908
911
906
907
906
907
905
903
900
900
897
901
898
899
898
893
896
891
889
892
888
890
885
886
884
885
881
881
884
880
881
880
876
878
874
874
876
871
870
871
868
870
865
868
865
863
865
865
861
862
857
860
858
857
853
856
855
851
849
851
851
846
850
847
848
845
842
843
843
838
839
836
839
835
834
832
834
835
832
828
828
831
829
827
828
826
822
820
822
818
817
816
818
819
816
813
813
814
811
809
809
810
810
806
807
807
804
801
801
799
802
800
798
798
795
793
791
792
792
789
790
790
786
786
786
787
785
785
779
780
780
778
780
779
773
772
776
772
774
769
770
767
770
764
766
763
765
760
763
761
759
760
758
755
755
755
755
750
751
750
747
749
750
747
746
743
742
743
741
739
737
740
735
734
736
733
735
735
733
733
727
728
727
728
724
726
722
723
724
722
719
720
717
719
716
713
712
713
714
710
712
710
708
704
703
707
701
703
700
703
702
697
695
699
696
694
695
695
693
688
690
686
690
688
685
683
684
684
682
680
678
680
680
674
676
677
674
673
673
673
668
667
666
664
666
665
661
662
661
658
657
659
657
659
656
655
655
651
653
648
649
650
647
644
643
646
644
644
644
643
637
641
637
639
636
636
636
632
634
633
631
630
630
628
626
625
625
621
624
623
619
616
615
615
617
617
614
611
610
613
607
608
607
609
608
607
604
600
600
601
599
601
595
597
595
597
592
595
592
592
590
589
587
586
583
582
584
584
579
580
582
578
579
574
576
573
575
570
573
572
571
567
567
567
566
565
564
565
561
563
557
556
555
559
558
555
555
552
551
552
550
548
547
546
544
546
546
543
543
539
538
539
539
536
537
535
533
533
532
533
532
530
525
528
523
524
522
522
522
518
520
521
518
516
514
513
511
510
513
509
507
508
506
505
503
505
503
501
499
500
498
497
499
496
498
494
496
492
493
489
490
489
485
488
485
487
483
480
483
483
478
481
476
474
478
472
472
473
474
473
468
469
468
469
464
466
466
464
461
462
461
458
457
454
457
454
456
450
454
453
447
448
449
446
447
442
445
443
439
441
442
439
437
437
438
437
436
430
432
428
430
426
428
429
425
425
425
425
419
422
422
418
417
418
417
414
412
414
409
409
411
408
410
409
406
404
405
400
401
399
397
399
395
395
394
394
391
394
394
390
390
386
388
388
384
387
386
381
380
382
381
377
380
377
378
372
374
375
373
372
370
369
370
368
368
366
363
361
364
359
362
361
356
355
358
352
355
353
349
350
351
346
349
345
347
343
346
344
342
339
342
339
340
339
335
336
333
330
332
333
329
328
328
328
325
325
326
323
319
318
318
316
317
315
318
317
312
310
312
309
309
308
307
309
307
304
301
303
302
299
298
297
300
296
297
295
291
292
290
291
287
291
286
287
284
284
285
282
283
282
282
277
276
275
278
275
273
270
270
268
272
266
268
266
265
263
265
265
263
263
257
258
255
258
255
257
253
250
253
251
250
249
246
249
248
246
246
245
242
241
242
240
236
237
233
236
235
232
234
232
228
230
228
225
226
226
222
221
222
219
222
218
216
216
214
216
214
212
214
212
209
208
208
207
205
202
202
202
204
199
201
200
196
199
198
193
196
192
194
188
191
191
186
186
186
186
182
181
182
179
179
176
179
174
175
176
176
170
171
168
168
169
167
165
167
166
165
161
164
163
159
156
155
154
156
154
152
150
152
152
147
147
148
145
143
143
144
141
141
143
139
137
137
134
135
133
131
130
134
130
128
126
129
124
123
122
122
120
119
120
119
117
116
114
117
115
111
110
113
108
108
107
107
108
103
104
103
102
99
100
97
99
99
97
95
92
91
94
93
93
89
91
86
88
84
86
82
84
82
81
79
79
75
78
75
74
76
75
73
68
72
70
67
64
67
63
65
62
59
58
58
61
57
55
53
53
52
52
52
52
51
48
50
47
44
45
42
43
41
42
37
36
35
35
33
35
32
31
33
29
28
28
27
27
27
22
22
23
21
22
19
20
15
16
16
12
11
13
11
9
11
10
6
4
7
2
4
