1626
1628
1625
1626
1621
1623
1619
1619
1620
1618
1616
1618
1616
1616
1613
1612
1614
1613
1611
1607
1605
1606
1607
1604
1604
1600
1603
1600
1602
1597
1598
1596
1595
1593
1592
1591
1591
1589
1591
1589
1585
1584
1588
1586
1581
1581
1582
1583
1577
1580
1578
1579
1574
1574
1576
1574
1573
1569
1571
1571
1568
1566
1565
1567
1566
1563
1560
1562
1558
1556
1557
1559
1556
1555
1552
1554
1552
1549
1551
1547
1546
1549
1547
1543
1543
1541
1540
1541
1540
1538
1536
1537
1538
1535
1535
1533
1530
1532
1529
1531
1530
1526
1527
1524
1522
1521
1519
1518
1518
1518
1517
1515
1514
1514
1513
1514
1513
1508
1508
1510
1506
1509
1504
1506
1505
1502
1501
1502
1502
1496
1496
1495
1495
1494
1495
1491
1492
1489
1487
1490
1486
1488
1488
1483
1481
1484
1480
1481
1481
1477
1479
1478
1478
1472
1476
1470
1471
1469
1468
1468
1468
1469
1464
1466
1461
1464
1463
1463
1460
1461
1460
1459
1453
1452
1452
1451
1451
1448
1450
1450
1450
1445
1448
1444
1444
1442
1442
1438
1441
1440
1436
1439
1437
1436
1433
1434
1431
1433
1431
1431
1429
1427
1423
1425
1426
1423
1422
1422
1418
1418
1418
1417
1416
1416
1412
1415
1411
1408
1412
1406
1406
1407
1407
1406
1404
1400
1400
1401
1402
1398
1395
1395
1395
1394
1391
1391
1392
1388
1389
1386
1390
1387
1388
1386
1381
1381
1381
1382
1379
1378
1376
1376
1377
1373
1375
1372
1373
1369
1370
1369
1369
1367
1363
1362
1365
1363
1364
1362
1361
1357
1355
1355
1353
1352
1353
1352
1353
1349
1347
1351
1350
1346
1344
1346
1346
1340
1343
1343
1339
1337
1338
1336
1335
1334
1331
1330
1329
1329
1332
1326
1329
1329
1326
1322
1323
1321
1322
1318
1322
1320
1318
1316
1313
1315
1314
1314
1310
1310
1312
1309
1308
1308
1303
1307
1306
1302
1300
1298
1298
1297
1295
1296
1293
1293
1292
1294
1290
1289
1289
1289
1286
1289
1286
1285
1281
1283
1281
1279
1278
1276
1275
1278
1278
1276
1274
1275
1272
1273
1267
1267
1267
1268
1265
1267
1263
1262
1264
1261
1258
1259
1255
1255
1255
1257
1256
1251
1250
1253
1249
1249
1249
1248
1246
1245
1246
1243
1244
1238
1238
1239
1236
1239
1238
1235
1231
1232
1231
1228
1227
1227
1227
1226
1224
1223
1222
1225
1219
1222
1222
1219
1215
1214
1217
1215
1212
1215
1211
1208
1207
1210
1206
1205
1208
1206
1203
1203
1203
1203
1202
1201
1197
1197
1193
1192
1194
1195
1192
1192
1189
1190
1190
1187
1187
1182
1181
1180
1183
1179
1178
1179
1175
1178
1176
1177
1172
1174
1174
1172
1171
1166
1169
1168
1163
1167
1166
1165
1161
1162
1159
1159
1160
1159
1154
1152
1154
1153
1150
1153
1148
1150
1150
1149
1148
1143
1145
1142
1142
1139
1140
1138
1140
1134
1134
1132
1131
1132
1129
1129
1131
1129
1129
1125
1123
1122
1121
1122
1121
1121
1120
1117
1119
1115
1114
1116
1111
1111
1114
1110
1110
1107
1109
1106
1107
1102
1103
1103
1101
1102
1099
1097
1098
1099
1095
1092
1095
1092
1091
1092
1088
1091
1089
1089
1084
1087
1085
1084
1082
1082
1082
1078
1078
1076
1076
1077
1075
1075
1071
1071
1070
1068
1067
1064
1064
1065
1061
1065
1060
1058
1060
1058
1059
1058
1053
1052
1052
1051
1051
1053
1049
1048
1050
1048
1043
1042
1043
1041
1043
1039
1041
1040
1038
1037
1038
1035
1034
1031
1030
1031
1028
1031
1030
1027
1023
1025
1025
1025
1020
1023
1017
1020
1020
1015
1014
1017
1015
1011
1012
1010
1012
1011
1007
1006
1003
1004
1005
1001
1001
998
999
997
997
994
993
994
994
990
992
989
989
987
988
984
985
982
984
980
983
982
981
980
975
974
977
977
973
975
972
968
972
969
966
967
966
962
962
964
962
959
962
957
957
958
953
952
955
954
952
950
951
947
948
945
944
947
943
942
944
943
938
939
935
937
934
935
935
934
929
932
931
927
927
927
923
925
923
925
919
918
922
921
915
917
916
915
913
910
912
908
912
908
909
908
907
907
901
900
899
900
899
897
899
895
894
893
892
893
894
888
890
889
887
884
888
887
884
884
883
880
881
881
876
874
873
873
875
872
870
870
868
871
869
866
868
864
865
861
864
858
861
856
856
854
854
854
853
851
853
850
847
850
849
846
843
842
844
845
842
843
839
840
835
838
836
832
831
831
834
833
829
826
825
829
823
824
822
824
820
823
820
821
820
817
815
815
814
813
810
811
808
806
809
804
806
805
806
804
802
799
800
798
798
798
793
793
796
791
794
793
787
788
786
784
786
783
786
785
782
780
778
778
779
774
776
775
776
772
774
772
771
766
770
769
763
764
766
765
761
763
759
760
756
758
758
757
755
750
750
750
750
749
745
744
746
746
741
743
743
738
742
738
736
736
737
732
736
734
733
733
727
726
728
726
723
726
725
720
720
720
717
718
718
718
713
717
712
711
714
712
707
708
709
705
703
707
704
704
703
702
701
701
695
694
695
693
692
694
692
688
688
690
688
685
686
682
685
681
684
680
681
678
675
678
677
676
674
674
669
672
671
667
665
667
666
665
662
661
660
661
660
658
656
656
657
655
651
650
654
651
649
649
649
645
646
646
644
643
643
643
637
639
636
637
637
636
631
634
634
633
628
626
625
624
628
626
622
620
622
619
620
617
619
614
616
613
614
612
613
609
608
611
609
604
608
604
601
601
602
603
602
598
599
598
594
594
593
590
594
589
591
586
587
587
586
587
585
583
580
579
580
578
576
575
573
573
576
572
571
572
569
568
567
568
564
562
562
565
562
558
561
561
560
554
555
553
554
553
553
549
547
551
548
547
545
542
545
545
543
539
541
538
537
536
534
534
532
534
529
528
532
527
526
527
526
523
526
521
519
521
521
516
519
514
514
517
514
511
510
511
507
511
510
509
507
503
506
502
502
499
502
496
497
494
495
492
491
493
494
488
488
490
488
487
484
483
484
484
479
483
480
476
475
476
475
475
474
472
470
470
471
467
465
464
464
462
465
464
461
459
461
457
458
459
455
457
451
455
449
451
447
449
445
446
447
447
444
443
442
440
442
439
439
437
434
437
435
434
433
431
428
430
425
427
425
422
422
422
423
421
420
417
419
418
413
417
414
413
411
412
412
407
409
405
406
407
401
403
402
400
398
396
399
399
394
392
391
390
390
391
387
390
387
388
387
384
385
381
383
379
382
379
375
378
375
377
373
374
374
369
368
367
365
368
368
362
365
363
361
363
360
358
359
359
353
355
356
353
353
350
351
347
349
349
346
345
345
341
344
338
337
336
338
338
333
335
335
333
331
332
332
326
328
329
328
325
325
324
323
319
318
321
315
319
313
315
315
310
309
312
307
310
308
305
308
302
304
302
303
303
302
298
297
299
294
297
292
293
292
293
289
287
286
286
284
285
285
280
282
280
278
279
277
274
278
273
276
275
272
269
271
267
266
265
267
264
263
260
261
260
260
256
257
257
258
253
254
253
254
249
250
246
247
249
248
243
246
243
240
243
239
237
235
238
236
235
232
233
229
232
232
228
229
224
225
222
222
221
223
221
219
221
218
215
218
213
211
210
211
209
212
211
206
209
206
205
203
200
204
203
199
201
200
199
194
196
191
194
193
189
192
191
186
186
188
186
186
185
181
182
177
178
176
178
176
177
172
171
170
168
172
171
168
164
168
166
161
162
161
160
157
158
158
157
153
155
154
154
152
148
149
147
145
149
146
147
145
142
140
141
141
136
138
135
133
134
135
133
132
131
132
129
128
124
126
126
122
120
124
123
119
116
120
118
117
113
112
112
112
108
108
106
108
108
103
107
101
100
104
101
99
101
96
98
96
92
91
91
93
89
91
91
85
89
88
86
82
83
79
81
79
76
78
77
76
74
76
75
74
71
71
70
65
69
65
63
62
61
64
59
57
57
55
57
58
55
52
53
49
49
49
49
49
45
44
42
44
43
44
38
41
36
36
37
36
36
31
34
31
28
29
28
28
28
27
23
21
25
22
22
17
21
16
17
16
16
13
12
13
10
11
9
10
5
8
7
6
