1629
1629
1625
1625
1623
1623
1622
1623
1619
1616
1617
1615
1615
1616
1612
1611
1610
1610
1608
1607
1605
1608
1608
1605
1603
1600
1604
1601
1602
1599
1596
1597
1598
1592
1595
1593
1592
1591
1592
1586
1588
1589
1583
1586
1582
1580
1583
1583
1582
1577
1576
1578
1578
1575
1575
1573
1573
1573
1571
1566
1567
1565
1566
1562
1564
1563
1562
1562
1559
1559
1555
1554
1558
1555
1551
1553
1551
1552
1551
1551
1550
1547
1548
1545
1546
1541
1544
1542
1541
1540
1536
1536
1536
1536
1535
1535
1531
1530
1532
1529
1530
1528
1526
1523
1522
1525
1522
1518
1519
1516
1519
1519
1517
1517
1516
1515
1512
1510
1511
1507
1509
1508
1506
1505
1501
1502
1499
1502
1500
1496
1497
1495
1494
1492
1495
1494
1489
1489
1487
1487
1486
1489
1484
1487
1483
1480
1480
1478
1479
1478
1476
1479
1478
1476
1473
1471
1469
1473
1469
1466
1467
1465
1468
1465
1462
1464
1460
1461
1460
1460
1456
1454
1458
1452
1452
1454
1452
1451
1449
1451
1450
1446
1443
1444
1441
1444
1439
1443
1442
1438
1436
1439
1434
1432
1434
1430
1433
1430
1431
1428
1427
1426
1423
1423
1426
1425
1419
1420
1417
1419
1420
1416
1413
1415
1414
1410
1414
1410
1410
1408
1406
1407
1404
1405
1401
1402
1404
1403
1397
1398
1398
1397
1393
1397
1393
1395
1391
1392
1389
1387
1387
1385
1388
1383
1382
1385
1379
1381
1377
1376
1380
1377
1378
1375
1375
1372
1372
1372
1368
1367
1368
1364
1363
1362
1361
1365
1361
1359
1362
1359
1358
1357
1354
1355
1352
1355
1351
1348
1348
1350
1348
1347
1343
1342
1345
1344
1342
1341
1338
1339
1338
1339
1333
1334
1332
1330
1334
1333
1327
1327
1325
1326
1327
1323
1321
1325
1320
1320
1321
1318
1320
1319
1318
1314
1312
1315
1312
1312
1310
1308
1307
1307
1303
1307
1306
1300
1303
1300
1299
1298
1299
1298
1298
1293
1294
1293
1289
1289
1291
1288
1288
1288
1288
1285
1281
1281
1284
1279
1281
1280
1275
1274
1275
1274
1273
1274
1272
1269
1269
1269
1270
1266
1267
1264
1263
1260
1261
1263
1257
1259
1260
1259
1255
1252
1252
1250
1254
1248
1251
1247
1245
1246
1244
1245
1243
1245
1244
1241
1238
1236
1236
1235
1234
1237
1233
1231
1229
1231
1231
1227
1230
1229
1225
1223
1224
1220
1223
1219
1219
1217
1216
1217
1215
1214
1212
1213
1212
1211
1207
1210
1205
1207
1205
1206
1204
1202
1200
1199
1200
1199
1197
1196
1198
1197
1191
1195
1192
1192
1192
1189
1188
1185
1188
1184
1186
1184
1183
1180
1182
1177
1178
1175
1178
1176
1171
1175
1169
1172
1172
1168
1165
1167
1164
1163
1161
1162
1160
1161
1161
1157
1158
1159
1153
1156
1151
1150
1153
1153
1151
1151
1145
1147
1144
1143
1145
1141
1143
1139
1139
1137
1138
1138
1133
1133
1135
1134
1134
1131
1131
1130
1127
1127
1125
1126
1123
1121
1122
1118
1122
1118
1118
1117
1118
1113
1112
1112
1114
1113
1109
1106
1107
1105
1106
1102
1103
1103
1100
1101
1098
1099
1098
1097
1094
1093
1093
1093
1092
1093
1091
1087
1088
1085
1088
1085
1084
1080
1083
1079
1081
1076
1075
1079
1077
1077
1074
1071
1070
1070
1070
1069
1067
1066
1065
1064
1066
1061
1059
1059
1057
1058
1059
1054
1056
1053
1056
1050
1052
1050
1050
1049
1049
1044
1046
1042
1041
1041
1044
1041
1038
1040
1039
1037
1036
1037
1034
1032
1031
1029
1032
1026
1027
1024
1025
1024
1025
1023
1021
1022
1022
1021
1015
1017
1013
1017
1012
1010
1010
1008
1008
1007
1007
1008
1007
1004
1001
1002
1001
1001
1002
1000
999
996
998
992
995
995
989
992
987
986
987
986
988
982
984
985
979
983
981
981
975
975
976
976
973
975
970
969
972
971
968
968
966
967
961
960
964
962
962
959
955
957
954
953
952
954
954
948
952
949
949
949
943
944
946
943
944
939
938
940
935
937
938
935
935
933
933
928
927
929
926
924
923
922
924
923
920
922
917
921
919
915
913
916
914
914
910
910
912
911
910
905
907
906
906
902
902
903
897
898
899
897
898
894
895
891
893
890
890
886
885
888
886
885
881
880
884
882
878
879
878
878
874
877
872
875
874
871
871
868
868
866
867
862
865
861
859
858
862
858
857
859
856
857
854
855
849
850
848
851
847
845
845
846
843
844
844
840
839
840
840
839
835
836
836
834
834
828
830
829
825
829
827
823
823
821
823
821
822
821
818
817
817
814
816
814
810
809
812
807
806
806
805
803
804
803
801
802
798
801
800
799
798
795
795
792
791
793
791
788
787
785
787
785
785
781
781
781
782
776
775
774
775
777
773
771
773
768
772
771
769
769
766
766
762
763
764
760
757
758
756
755
754
757
755
755
754
751
751
749
748
744
744
746
743
741
739
740
741
740
739
736
737
734
731
732
731
733
728
726
725
725
725
727
724
725
721
718
720
718
715
715
716
715
715
712
714
709
712
710
710
707
704
705
701
700
700
702
699
698
696
694
695
693
691
693
689
688
692
689
689
688
686
686
685
683
682
682
677
680
678
676
674
674
674
671
671
672
668
668
666
667
663
666
663
665
663
662
661
659
655
655
655
653
655
655
649
650
650
650
645
645
648
643
642
645
642
642
641
640
639
637
635
633
635
630
633
628
630
631
626
627
623
626
624
624
620
618
617
621
617
619
615
616
612
610
613
613
610
608
605
604
604
603
605
603
603
602
597
601
599
599
598
596
593
591
592
591
591
590
585
585
583
585
581
583
583
581
581
578
576
577
573
577
572
573
572
571
568
569
568
566
566
562
561
563
562
560
562
560
560
554
554
555
554
555
551
548
551
549
550
544
543
546
545
544
541
543
538
540
536
535
538
532
536
530
532
528
529
526
527
528
524
524
523
522
521
519
519
519
515
514
515
512
516
514
512
512
508
506
508
509
507
506
503
502
501
498
498
497
495
494
495
496
496
490
492
493
488
488
485
486
483
484
484
480
483
482
482
477
477
475
473
477
474
474
473
473
472
471
469
469
468
466
465
462
463
459
457
456
460
458
454
454
451
452
454
450
448
451
449
446
446
443
443
441
440
440
442
440
436
437
435
432
435
434
432
428
429
427
427
426
424
424
423
425
421
419
419
421
416
414
417
412
413
410
412
412
411
408
407
407
407
402
404
405
401
402
401
397
396
394
397
394
393
395
393
388
387
386
390
388
387
382
385
385
379
381
381
377
380
377
376
373
371
375
373
372
370
370
369
369
368
365
365
360
361
359
357
360
356
357
357
357
352
355
350
350
352
351
349
346
347
345
346
341
344
343
339
341
335
338
333
334
331
332
334
328
327
328
327
324
324
323
325
320
321
319
322
318
318
315
318
312
313
312
312
313
307
306
308
307
303
303
306
302
301
303
298
301
297
295
296
295
295
292
294
291
288
286
286
289
287
282
283
283
282
280
280
276
277
274
274
274
273
272
271
268
269
268
268
268
268
262
265
265
260
261
259
261
258
258
256
255
256
255
250
250
251
246
249
245
246
243
243
243
243
242
242
240
237
235
236
234
233
234
231
230
229
227
226
228
224
222
226
223
221
220
218
220
217
215
214
217
211
213
214
211
212
206
206
205
204
205
204
205
202
200
197
200
200
195
197
197
191
192
189
191
190
189
186
188
188
186
184
183
182
181
177
178
176
174
177
177
174
173
173
169
168
170
167
168
167
165
162
163
164
162
157
161
159
155
153
152
152
152
150
151
152
149
145
146
144
143
143
145
143
139
137
136
140
136
133
136
133
132
131
133
129
127
129
129
127
122
122
121
121
123
118
121
117
117
117
117
112
115
113
113
110
111
109
109
108
104
101
105
102
100
97
101
97
96
95
95
91
95
92
88
92
90
85
88
83
84
81
81
80
79
80
80
75
78
73
76
73
74
73
71
71
66
66
66
66
64
65
60
63
62
57
61
56
55
56
57
55
54
53
50
52
46
49
45
43
47
42
45
41
39
37
37
39
38
38
33
36
32
34
32
28
28
25
26
24
23
21
23
21
21
17
16
18
16
15
17
13
11
12
12
8
7
9
5
4
6
1
