1629
1629
1625
1625
1622
1624
1620
1620
1620
1621
1617
1618
1614
1613
1616
1614
1613
1610
1608
1607
1607
1609
1605
1603
1606
1601
1602
1601
1602
1598
1599
1599
1597
1595
1595
1590
1590
1590
1590
1587
1586
1586
1585
1586
1583
1581
1583
1582
1579
1581
1580
1574
1573
1577
1573
1570
1573
1573
1569
1566
1569
1569
1563
1565
1565
1563
1564
1563
1558
1558
1560
1556
1557
1552
1553
1552
1551
1550
1550
1550
1545
1546
1548
1543
1545
1545
1542
1542
1540
1539
1536
1537
1537
1537
1533
1533
1532
1532
1528
1531
1527
1527
1525
1525
1523
1524
1519
1518
1517
1516
1518
1516
1516
1516
1516
1513
1513
1509
1508
1509
1509
1506
1504
1505
1506
1503
1501
1502
1498
1498
1496
1495
1497
1497
1491
1492
1493
1489
1488
1486
1490
1489
1485
1485
1485
1483
1481
1482
1477
1480
1475
1479
1473
1473
1471
1475
1470
1471
1470
1467
1465
1469
1467
1466
1466
1460
1459
1461
1461
1459
1457
1454
1457
1454
1454
1453
1450
1451
1447
1447
1448
1448
1448
1447
1446
1443
1440
1440
1438
1436
1439
1436
1437
1436
1432
1430
1430
1431
1429
1428
1430
1429
1426
1425
1425
1424
1424
1419
1422
1421
1420
1415
1417
1414
1416
1413
1414
1411
1412
1411
1409
1409
1406
1404
1405
1402
1400
1399
1399
1399
1395
1398
1397
1395
1396
1393
1391
1391
1388
1386
1385
1384
1385
1382
1384
1384
1383
1380
1381
1376
1377
1378
1377
1376
1374
1374
1373
1368
1369
1371
1370
1369
1366
1367
1361
1361
1359
1361
1359
1357
1357
1354
1354
1354
1355
1351
1352
1353
1347
1351
1345
1344
1347
1342
1341
1340
1341
1343
1339
1338
1338
1334
1335
1337
1333
1333
1334
1331
1330
1328
1327
1326
1324
1322
1322
1322
1321
1319
1319
1320
1315
1314
1314
1316
1314
1311
1312
1309
1311
1308
1305
1309
1305
1302
1304
1302
1299
1299
1300
1297
1295
1295
1294
1296
1296
1292
1294
1293
1287
1289
1286
1288
1283
1282
1283
1284
1279
1283
1277
1281
1276
1278
1277
1273
1276
1272
1272
1273
1272
1266
1268
1269
1267
1265
1266
1264
1263
1259
1257
1256
1258
1256
1253
1253
1256
1253
1252
1248
1252
1248
1248
1247
1243
1246
1243
1240
1241
1241
1239
1236
1235
1234
1237
1236
1235
1235
1231
1229
1229
1231
1226
1225
1224
1222
1221
1225
1220
1222
1218
1218
1219
1218
1216
1214
1213
1210
1209
1208
1210
1211
1209
1204
1206
1206
1204
1205
1202
1201
1200
1196
1195
1196
1197
1192
1191
1192
1189
1189
1189
1191
1190
1188
1183
1183
1186
1182
1184
1179
1177
1181
1180
1179
1177
1174
1172
1170
1170
1169
1172
1167
1170
1165
1168
1165
1166
1160
1164
1160
1161
1158
1158
1158
1154
1152
1154
1154
1151
1149
1147
1150
1145
1149
1145
1146
1143
1143
1142
1138
1138
1138
1139
1135
1133
1136
1136
1134
1131
1132
1128
1131
1125
1124
1123
1127
1125
1124
1121
1120
1118
1120
1115
1119
1114
1115
1111
1115
1109
1109
1110
1111
1110
1106
1104
1104
1103
1104
1100
1099
1101
1098
1095
1099
1096
1096
1096
1092
1090
1090
1092
1086
1086
1084
1087
1087
1083
1085
1079
1078
1079
1080
1078
1076
1076
1072
1073
1072
1071
1071
1069
1068
1065
1064
1068
1064
1064
1060
1064
1062
1059
1060
1058
1054
1056
1052
1054
1052
1051
1049
1050
1050
1050
1049
1046
1043
1044
1045
1039
1039
1040
1037
1040
1037
1034
1037
1032
1031
1032
1029
1032
1028
1027
1028
1026
1024
1026
1022
1022
1022
1017
1016
1019
1015
1018
1015
1011
1012
1012
1012
1011
1009
1010
1009
1003
1005
1006
1005
1002
1000
1002
996
998
994
998
994
995
995
989
992
990
988
989
988
985
983
984
985
984
981
979
980
977
976
977
973
976
973
969
970
967
968
965
969
965
966
964
965
959
960
957
960
960
958
955
957
952
952
951
953
948
948
945
944
943
946
941
943
939
942
938
940
939
935
938
933
932
932
931
931
928
926
926
924
924
925
925
922
919
922
918
921
918
915
917
915
916
911
912
912
912
911
909
908
908
907
901
900
901
901
901
898
899
894
895
895
894
892
889
888
891
890
886
886
884
882
881
884
883
880
877
880
878
874
876
872
873
873
870
869
872
870
870
869
864
864
865
865
861
860
862
858
857
855
858
855
851
852
852
849
848
849
849
844
846
846
844
841
844
843
837
839
839
835
835
833
831
831
834
832
828
829
830
827
823
823
821
824
822
819
821
817
816
818
813
812
816
812
810
809
809
810
807
806
805
802
801
803
800
803
802
797
800
797
795
794
795
794
793
791
790
788
787
787
788
787
783
783
781
782
780
778
778
775
773
772
774
773
771
772
771
766
765
767
763
764
762
763
761
760
758
757
757
758
757
752
754
753
752
752
747
746
749
747
747
745
742
743
744
741
738
741
738
738
736
734
735
731
733
732
729
728
730
726
725
722
724
720
721
719
722
717
717
717
717
714
711
715
712
709
707
710
705
705
708
705
705
703
700
702
700
696
699
697
697
694
696
690
693
688
688
691
688
687
687
687
683
680
681
683
682
677
679
674
676
677
674
673
671
669
671
671
668
666
663
662
661
660
663
661
661
659
659
657
657
656
651
654
652
652
650
649
646
646
644
644
641
644
644
638
637
638
636
639
633
636
634
634
634
633
629
627
630
629
625
622
623
624
623
619
622
616
617
619
617
617
611
613
610
612
608
608
610
605
603
604
604
600
604
600
597
600
599
596
594
594
596
590
590
592
588
586
587
587
585
586
584
584
583
581
577
581
580
577
577
576
573
573
574
568
567
571
565
566
565
566
566
563
563
560
560
561
558
559
558
552
555
551
553
552
552
549
550
546
548
543
541
543
544
542
538
541
536
537
537
535
536
531
531
528
529
530
527
525
523
527
523
524
521
521
519
520
515
519
514
512
516
510
512
511
510
507
506
506
504
506
503
500
503
498
497
496
497
498
493
495
495
492
490
489
490
487
487
487
485
486
486
480
482
480
480
481
477
475
477
474
471
470
472
471
471
468
467
469
465
462
462
463
464
461
461
459
458
454
453
454
452
454
453
450
450
449
446
449
445
442
441
440
441
443
437
436
435
437
435
432
435
434
429
430
432
426
429
428
426
427
426
425
423
418
417
419
420
419
417
412
412
411
414
408
410
406
405
407
403
404
406
402
402
398
399
399
396
398
393
396
394
391
391
388
387
388
385
384
388
387
382
383
381
383
381
378
375
375
374
377
372
370
369
369
367
366
369
369
365
365
362
362
362
358
358
361
356
359
353
353
352
355
350
348
351
351
346
348
343
345
344
344
344
340
338
340
335
337
338
337
333
333
333
329
330
328
329
324
325
325
324
325
322
323
317
320
320
317
318
314
311
314
312
310
308
311
305
308
305
307
302
300
299
298
301
298
298
296
294
295
295
290
291
292
289
286
289
285
287
284
285
281
283
282
279
277
275
277
273
275
275
272
273
270
271
266
270
265
265
267
261
264
260
262
259
259
259
258
257
255
251
250
253
248
248
248
248
244
247
244
242
245
240
243
237
236
238
234
236
237
234
230
233
229
231
227
229
225
227
225
222
220
221
223
218
217
217
218
216
215
215
213
210
210
209
209
209
205
206
206
206
205
199
203
202
200
197
199
194
192
193
190
192
192
187
188
186
184
188
185
185
183
181
183
177
180
180
174
178
177
176
171
170
173
171
168
170
169
168
164
165
164
162
158
160
158
155
154
157
154
152
155
153
149
148
146
145
146
145
146
142
142
141
141
138
140
138
136
133
136
132
132
131
130
130
126
128
129
124
125
124
123
121
122
121
121
115
115
118
116
113
115
111
113
109
108
108
105
107
102
105
102
99
101
100
96
99
95
96
94
94
92
94
93
89
88
85
88
84
83
85
84
82
82
79
80
80
76
78
77
76
74
69
72
71
71
67
65
68
64
66
62
61
59
59
60
55
56
55
54
54
52
51
48
51
51
47
45
48
44
44
41
39
38
40
40
37
35
33
36
35
32
32
31
31
28
30
27
26
25
25
23
23
22
17
21
20
14
15
13
11
14
12
11
9
11
8
9
3
6
5
