1626
1627
1628
1622
1622
1622
1619
1618
1620
1621
1618
1617
1617
1614
1612
1613
1614
1608
1608
1611
1607
1604
1606
1607
1604
1604
1604
1598
1597
1601
1600
1596
1598
1594
1593
1592
1589
1588
1587
1590
1587
1585
1586
1587
1581
1582
1583
1582
1582
1577
1579
1574
1578
1577
1571
1572
1570
1572
1567
1570
1567
1566
1568
1564
1565
1562
1562
1558
1558
1558
1558
1558
1556
1556
1556
1553
1551
1552
1552
1549
1545
1546
1545
1542
1544
1541
1541
1541
1541
1540
1535
1536
1535
1533
1534
1531
1530
1532
1530
1531
1525
1526
1527
1522
1525
1521
1524
1521
1517
1519
1515
1517
1517
1513
1513
1512
1513
1513
1510
1506
1508
1505
1508
1504
1506
1502
1503
1498
1497
1499
1496
1498
1494
1494
1496
1493
1493
1493
1491
1489
1486
1488
1486
1483
1481
1484
1484
1482
1478
1481
1477
1477
1473
1472
1472
1471
1472
1469
1468
1468
1466
1464
1464
1463
1464
1460
1459
1461
1460
1458
1460
1456
1454
1453
1456
1455
1449
1451
1451
1449
1448
1445
1445
1442
1441
1444
1443
1443
1442
1441
1435
1434
1436
1435
1433
1432
1432
1428
1427
1426
1429
1427
1423
1424
1421
1420
1419
1421
1417
1418
1419
1417
1416
1413
1414
1410
1412
1409
1411
1411
1408
1407
1407
1406
1403
1404
1404
1399
1401
1400
1400
1397
1397
1396
1396
1391
1393
1389
1391
1391
1385
1385
1387
1383
1383
1384
1383
1378
1380
1376
1375
1375
1377
1374
1372
1375
1369
1373
1367
1370
1365
1369
1365
1366
1366
1364
1360
1358
1361
1361
1360
1355
1357
1354
1354
1353
1349
1353
1350
1350
1349
1348
1343
1344
1346
1341
1339
1341
1342
1336
1339
1335
1333
1332
1336
1333
1330
1328
1327
1331
1325
1325
1325
1326
1325
1323
1319
1319
1322
1319
1316
1314
1314
1314
1312
1313
1313
1311
1309
1310
1309
1305
1307
1307
1305
1304
1302
1298
1302
1297
1295
1297
1295
1296
1293
1291
1289
1292
1290
1287
1290
1287
1283
1286
1282
1284
1283
1281
1282
1279
1276
1277
1273
1277
1276
1275
1274
1270
1268
1266
1270
1264
1263
1264
1264
1265
1264
1261
1262
1257
1256
1255
1254
1256
1256
1250
1250
1248
1252
1248
1247
1246
1244
1245
1242
1244
1240
1239
1241
1236
1235
1236
1236
1232
1234
1233
1232
1231
1228
1230
1226
1228
1225
1222
1224
1220
1220
1218
1218
1216
1220
1219
1214
1216
1215
1215
1213
1213
1212
1211
1210
1207
1207
1204
1205
1205
1199
1201
1201
1197
1196
1196
1194
1194
1191
1192
1190
1188
1192
1191
1189
1188
1184
1187
1182
1185
1179
1179
1182
1178
1179
1178
1175
1173
1175
1173
1171
1171
1172
1170
1170
1169
1164
1163
1165
1161
1162
1161
1157
1159
1157
1158
1156
1154
1151
1150
1152
1153
1150
1149
1149
1145
1145
1147
1145
1142
1140
1141
1141
1140
1136
1137
1134
1133
1133
1134
1133
1129
1131
1129
1128
1126
1126
1124
1122
1124
1121
1118
1117
1121
1115
1116
1117
1114
1113
1115
1113
1109
1108
1109
1108
1105
1103
1106
1106
1101
1102
1101
1099
1101
1100
1095
1097
1095
1095
1094
1093
1091
1088
1089
1086
1086
1088
1086
1082
1081
1080
1082
1081
1078
1077
1078
1077
1073
1071
1075
1071
1073
1072
1066
1067
1067
1067
1066
1066
1063
1064
1061
1057
1056
1057
1056
1058
1052
1054
1051
1050
1051
1051
1051
1046
1044
1046
1047
1043
1040
1039
1038
1039
1040
1038
1037
1037
1034
1035
1034
1032
1029
1030
1026
1026
1029
1026
1025
1026
1020
1021
1022
1017
1020
1017
1018
1015
1012
1013
1015
1014
1012
1010
1006
1005
1004
1008
1002
1004
1000
999
998
1002
996
996
999
998
997
992
992
992
993
992
989
987
987
985
982
986
982
979
979
979
977
977
977
975
973
975
974
972
968
970
967
969
964
966
965
963
964
960
958
959
957
955
957
955
956
952
951
954
953
950
948
947
947
948
946
941
943
942
938
940
939
937
934
937
935
931
930
934
933
931
931
930
927
927
924
921
922
919
920
920
920
915
916
913
912
911
914
912
913
910
908
906
909
907
903
904
903
902
899
898
897
897
896
895
896
896
891
889
893
887
889
889
885
886
882
882
881
882
881
880
876
875
878
873
872
872
873
870
868
870
868
866
866
867
862
864
861
861
858
860
861
856
859
855
856
853
853
852
852
847
849
848
848
844
843
842
841
839
843
841
838
839
836
833
837
831
831
834
832
827
831
829
829
827
822
824
823
821
820
822
819
819
819
813
815
813
814
814
810
812
806
809
804
805
802
802
801
800
802
800
796
798
799
794
797
791
795
793
790
791
791
787
788
785
782
782
785
780
782
782
777
775
779
778
773
772
772
772
772
770
766
769
769
768
765
762
763
759
758
757
759
760
754
756
757
754
750
754
752
749
748
749
744
743
744
745
744
739
741
742
741
739
738
738
737
736
735
732
730
730
731
726
724
727
726
724
720
723
719
718
719
720
717
713
713
711
713
713
710
711
709
706
705
706
704
704
700
699
703
697
697
700
698
694
692
696
695
690
691
691
689
686
687
684
682
684
683
684
682
678
676
677
677
674
677
673
675
672
672
672
669
666
667
665
663
664
665
663
658
662
659
655
655
657
655
655
652
649
653
652
651
647
649
645
646
641
645
643
639
642
637
640
637
637
634
631
634
631
631
630
629
625
625
624
623
626
621
619
620
619
619
617
618
616
615
612
613
611
610
610
609
607
605
605
606
606
601
601
599
600
597
600
595
595
597
595
595
591
590
590
590
585
584
585
586
586
584
583
579
577
580
580
576
573
574
571
570
569
569
569
570
567
569
564
563
563
564
563
561
557
561
560
556
556
554
555
555
549
553
547
551
549
549
545
543
541
545
540
539
538
541
536
537
534
537
532
534
530
530
530
527
530
528
526
527
524
522
520
518
520
519
518
517
514
517
515
513
511
508
510
511
507
504
508
502
502
505
501
503
497
500
497
498
495
492
496
493
491
492
489
490
488
485
486
484
484
481
480
483
482
480
478
474
477
473
474
470
469
472
471
471
467
467
468
466
462
465
460
458
460
460
457
455
453
457
453
455
453
453
448
447
446
445
443
443
442
445
439
438
442
439
438
435
436
433
431
432
432
428
427
428
429
426
425
425
426
422
419
421
420
421
415
418
415
416
412
415
414
408
407
407
410
404
407
406
401
404
400
402
397
399
400
394
393
392
393
394
390
388
387
390
390
387
386
387
384
382
379
379
380
376
380
375
378
375
375
372
369
371
371
366
370
366
364
367
361
364
361
360
362
361
356
359
353
352
355
351
354
352
348
350
349
345
347
347
344
344
343
338
340
340
337
338
337
334
332
332
332
330
330
331
326
329
325
322
322
323
324
318
321
320
318
319
315
316
313
310
312
311
307
311
309
304
305
306
305
304
303
303
298
298
299
296
295
294
294
290
293
288
289
291
288
288
284
286
284
282
283
279
279
279
276
279
276
277
274
275
272
273
268
269
267
265
263
262
265
260
262
261
260
260
260
258
258
253
253
251
250
249
251
249
247
246
245
245
245
245
239
238
238
238
239
235
233
232
236
235
232
229
232
229
228
226
223
225
224
224
221
220
220
221
217
215
213
214
212
215
213
213
212
210
209
206
208
204
201
204
202
203
197
196
200
198
197
193
196
195
192
193
191
187
189
187
186
186
185
180
183
181
179
179
178
176
177
172
175
174
171
168
170
167
169
164
166
164
165
162
164
160
157
156
160
155
157
154
156
150
151
152
152
147
148
147
148
142
143
142
139
139
141
137
136
139
138
133
135
132
131
133
131
131
126
124
127
123
125
123
119
118
118
119
117
117
117
112
116
112
110
108
109
110
107
105
107
102
102
101
104
101
97
97
96
95
94
92
95
93
93
93
88
90
86
84
84
87
86
85
84
82
79
76
75
79
73
72
74
75
70
70
68
68
68
66
65
63
64
62
59
59
57
56
58
57
55
54
52
53
51
49
50
49
49
49
44
42
44
41
43
40
40
39
39
39
33
32
34
32
29
31
32
26
27
26
23
23
21
24
24
19
22
17
17
18
13
12
15
14
9
9
12
11
10
9
7
4
5
