1627
1627
1623
1622
1623
1625
1623
1622
1620
1617
1620
1617
1617
1612
1615
1614
1612
1613
1610
1610
1605
1606
1607
1606
1603
1605
1600
1599
1600
1596
1599
1596
1598
1594
1594
1592
1591
1590
1589
1591
1585
1586
1587
1586
1581
1583
1580
1578
1577
1577
1580
1575
1576
1574
1573
1573
1572
1572
1567
1567
1567
1565
1564
1563
1564
1563
1559
1559
1558
1560
1560
1554
1556
1553
1551
1551
1552
1548
1549
1549
1546
1548
1544
1545
1543
1543
1544
1541
1538
1536
1540
1534
1538
1533
1535
1533
1531
1533
1527
1530
1529
1528
1523
1523
1525
1521
1523
1522
1520
1516
1516
1519
1515
1517
1512
1514
1511
1508
1508
1509
1506
1507
1506
1502
1505
1501
1501
1501
1501
1499
1500
1496
1494
1497
1491
1491
1493
1490
1490
1487
1488
1486
1483
1487
1481
1481
1483
1481
1479
1479
1477
1477
1477
1476
1472
1470
1469
1472
1470
1470
1470
1468
1467
1463
1466
1461
1460
1458
1458
1456
1457
1456
1453
1453
1455
1455
1454
1448
1449
1446
1450
1447
1448
1447
1442
1440
1442
1438
1438
1440
1435
1434
1434
1435
1432
1430
1430
1433
1432
1429
1428
1425
1424
1426
1421
1425
1420
1419
1417
1420
1417
1416
1414
1416
1412
1414
1410
1412
1410
1408
1407
1404
1405
1407
1404
1403
1402
1402
1398
1398
1397
1395
1396
1394
1392
1394
1389
1392
1390
1386
1389
1385
1388
1385
1386
1382
1383
1378
1382
1381
1380
1374
1377
1374
1371
1371
1373
1370
1370
1369
1370
1364
1363
1366
1365
1362
1360
1361
1357
1361
1358
1358
1354
1357
1355
1351
1352
1353
1348
1348
1345
1348
1346
1347
1346
1340
1339
1340
1338
1338
1335
1339
1337
1334
1331
1333
1333
1330
1329
1326
1326
1326
1328
1327
1321
1324
1320
1318
1318
1320
1320
1318
1316
1316
1314
1312
1309
1311
1310
1307
1308
1308
1303
1303
1301
1304
1302
1302
1298
1300
1295
1295
1297
1293
1295
1290
1290
1289
1290
1288
1285
1288
1287
1285
1281
1284
1279
1281
1282
1276
1276
1277
1275
1276
1275
1274
1274
1269
1270
1269
1268
1267
1268
1266
1266
1260
1259
1260
1258
1257
1257
1255
1254
1252
1256
1255
1249
1251
1251
1248
1246
1247
1243
1247
1245
1243
1242
1238
1242
1236
1237
1238
1237
1234
1233
1231
1232
1231
1232
1230
1230
1227
1225
1224
1224
1224
1222
1219
1220
1219
1217
1219
1215
1217
1215
1214
1210
1209
1208
1209
1207
1207
1205
1204
1206
1204
1200
1202
1197
1200
1196
1199
1193
1193
1195
1193
1194
1189
1191
1190
1189
1185
1187
1186
1181
1183
1181
1179
1179
1177
1176
1176
1176
1173
1176
1174
1173
1170
1169
1168
1169
1166
1164
1165
1165
1161
1164
1163
1157
1156
1155
1155
1158
1153
1156
1150
1150
1153
1148
1150
1148
1147
1145
1146
1141
1140
1139
1141
1139
1140
1137
1139
1133
1134
1136
1132
1132
1130
1129
1127
1127
1127
1127
1122
1121
1120
1123
1120
1121
1120
1119
1119
1117
1112
1113
1112
1114
1109
1108
1107
1106
1106
1108
1102
1103
1105
1103
1098
1098
1099
1095
1097
1095
1096
1092
1091
1091
1088
1091
1088
1085
1087
1085
1082
1083
1084
1083
1079
1079
1079
1080
1074
1074
1073
1075
1075
1072
1071
1069
1070
1067
1064
1068
1064
1064
1061
1064
1060
1060
1060
1057
1055
1053
1052
1051
1051
1050
1049
1048
1046
1050
1044
1045
1045
1043
1044
1043
1043
1042
1036
1038
1035
1035
1032
1035
1030
1034
1029
1028
1030
1028
1028
1024
1023
1025
1021
1021
1021
1021
1017
1019
1018
1014
1013
1012
1013
1014
1013
1010
1008
1007
1008
1005
1005
1003
1004
999
1000
1000
996
996
995
996
996
994
994
992
991
991
987
987
988
986
983
982
981
981
981
982
979
979
979
976
976
974
972
970
969
971
971
966
967
965
967
965
960
960
959
961
959
955
954
954
954
953
954
954
952
952
951
947
947
946
945
941
945
942
938
942
941
939
937
938
933
936
930
931
928
928
930
928
927
924
922
925
920
922
919
917
917
920
919
914
915
916
914
909
912
912
906
906
909
905
903
902
902
903
899
899
899
898
899
894
895
895
891
889
889
888
886
888
888
888
885
884
883
879
881
878
878
879
874
876
873
872
871
870
872
870
866
868
864
866
863
864
861
860
860
857
856
860
858
856
855
854
850
851
851
851
850
850
849
846
844
845
843
840
842
842
840
836
837
838
836
833
835
830
829
830
827
830
824
823
825
823
820
821
820
821
819
819
817
817
816
816
811
811
809
808
809
808
806
805
806
801
801
799
803
797
800
799
795
797
792
795
793
793
789
792
788
787
787
788
786
782
783
782
779
782
776
780
775
778
774
776
772
771
768
771
769
767
769
766
767
762
764
759
761
757
759
759
758
758
755
751
755
752
752
750
748
748
744
748
746
746
745
741
742
740
739
739
738
736
735
733
733
729
728
730
728
725
725
725
723
723
724
722
720
719
721
717
718
713
715
712
714
714
708
712
708
706
705
703
707
703
702
703
699
697
699
698
698
695
696
692
694
689
690
689
690
689
684
683
684
686
680
681
680
680
678
676
675
675
672
672
672
670
669
672
669
668
664
667
663
666
660
659
659
661
659
655
655
657
656
651
654
651
650
649
648
649
649
643
646
642
642
640
638
640
640
639
635
638
636
636
634
631
630
629
626
626
626
624
623
626
622
620
619
620
621
616
617
615
616
613
613
609
610
610
607
610
604
605
605
604
605
601
601
598
600
598
594
593
594
591
594
590
590
588
586
585
586
585
585
584
582
579
583
579
581
576
579
574
575
574
573
571
569
570
569
568
569
563
566
562
565
563
559
559
556
557
558
557
554
556
550
553
551
550
548
546
545
546
542
542
543
539
543
541
540
540
535
536
537
532
533
531
533
528
527
526
528
526
525
523
525
521
518
518
521
519
517
517
515
514
510
510
510
509
510
510
505
503
503
506
504
504
499
499
500
498
498
498
496
496
492
492
493
490
490
485
487
484
483
483
482
484
483
479
477
478
474
477
472
473
471
473
473
470
471
468
464
467
463
462
460
460
461
462
459
460
454
454
452
452
453
450
449
450
449
445
446
444
447
442
440
439
441
438
438
439
435
435
432
432
432
430
431
429
427
427
428
428
423
424
423
419
421
421
417
417
415
415
416
413
410
413
412
412
406
405
405
405
407
403
401
404
400
402
398
396
399
394
396
392
390
394
388
392
387
387
385
386
383
384
383
384
381
382
378
380
378
375
377
375
372
372
370
369
369
369
369
367
362
361
365
363
359
361
356
359
355
353
357
351
351
351
350
347
346
346
346
343
343
343
344
344
340
341
339
337
338
333
333
333
333
333
333
329
327
326
325
324
327
321
321
323
320
317
320
318
318
314
317
311
312
314
313
308
308
305
306
306
302
304
305
301
302
300
301
295
294
298
296
294
294
294
293
290
288
290
289
288
284
286
282
283
279
279
277
278
275
273
275
274
270
269
271
268
266
267
264
263
265
261
265
260
260
261
257
259
258
255
252
255
252
251
248
250
251
246
249
245
244
242
243
244
238
242
240
236
236
238
236
235
233
230
229
231
231
226
226
225
222
225
224
222
220
217
217
216
218
218
214
215
215
212
213
210
210
210
204
204
206
204
201
201
200
199
196
196
197
194
197
194
194
194
192
190
191
185
188
184
182
185
181
184
183
177
176
176
178
176
175
172
171
169
168
171
166
170
165
163
167
166
161
162
161
162
161
158
157
154
153
151
154
154
151
151
149
150
146
148
144
144
142
139
142
141
141
135
134
134
137
135
130
130
132
127
130
125
127
126
122
123
123
121
118
118
116
118
115
114
114
116
111
111
112
110
107
107
105
104
104
106
100
102
99
98
99
99
98
94
95
92
92
92
89
90
90
86
89
86
84
83
80
79
78
81
76
80
79
77
73
75
71
74
71
71
67
70
64
63
66
66
60
64
63
59
59
57
54
57
55
55
53
53
49
50
50
46
45
48
44
46
45
43
43
40
37
37
37
38
36
31
32
30
30
29
29
29
28
25
27
25
24
22
22
20
16
17
16
13
17
13
12
12
8
8
10
9
8
6
5
6
