1625
1629
1625
1627
1621
1623
1624
1619
1618
1619
1615
1619
1613
1615
1615
1614
1610
1609
1612
1610
1607
1606
1603
1607
1603
1603
1599
1598
1597
1597
1596
1596
1598
1597
1595
1592
1590
1591
1592
1589
1589
1585
1588
1587
1581
1581
1584
1581
1577
1576
1576
1575
1576
1573
1573
1573
1574
1568
1571
1567
1568
1569
1568
1566
1564
1562
1561
1559
1562
1560
1560
1554
1555
1552
1553
1555
1554
1552
1550
1550
1546
1549
1545
1546
1543
1545
1543
1541
1540
1538
1535
1535
1538
1534
1536
1530
1532
1530
1529
1531
1529
1529
1523
1524
1526
1520
1519
1522
1519
1517
1520
1514
1514
1516
1513
1513
1514
1513
1512
1511
1509
1507
1505
1503
1501
1503
1502
1499
1502
1496
1500
1494
1498
1492
1496
1494
1493
1489
1492
1489
1485
1484
1484
1485
1486
1480
1482
1479
1478
1480
1479
1474
1475
1474
1476
1471
1469
1471
1471
1466
1469
1464
1465
1464
1461
1465
1459
1461
1457
1458
1455
1458
1456
1454
1452
1455
1450
1453
1452
1450
1446
1449
1448
1443
1444
1444
1440
1441
1439
1441
1438
1438
1436
1434
1431
1434
1430
1432
1431
1429
1426
1424
1425
1425
1424
1424
1422
1421
1417
1418
1418
1417
1414
1412
1415
1414
1411
1412
1410
1410
1408
1405
1403
1407
1405
1404
1401
1400
1399
1397
1399
1398
1396
1396
1392
1394
1394
1389
1387
1391
1388
1388
1386
1382
1385
1381
1380
1380
1377
1377
1377
1378
1378
1374
1372
1370
1374
1368
1371
1369
1367
1364
1363
1363
1362
1363
1364
1362
1362
1358
1358
1359
1354
1355
1354
1353
1350
1350
1351
1346
1348
1344
1344
1347
1341
1340
1340
1339
1338
1336
1339
1338
1337
1337
1332
1335
1330
1332
1331
1331
1330
1326
1323
1323
1322
1322
1323
1323
1319
1317
1320
1314
1315
1313
1311
1312
1310
1313
1309
1309
1307
1309
1308
1305
1304
1300
1302
1300
1302
1298
1297
1299
1293
1292
1291
1295
1290
1291
1291
1288
1285
1287
1285
1283
1282
1284
1283
1278
1282
1281
1276
1276
1274
1276
1275
1274
1270
1272
1270
1267
1265
1265
1266
1266
1262
1260
1262
1263
1260
1258
1256
1256
1253
1252
1254
1255
1251
1251
1252
1250
1249
1246
1244
1243
1242
1244
1242
1238
1240
1241
1240
1236
1237
1234
1232
1234
1234
1232
1232
1227
1230
1226
1223
1226
1225
1225
1222
1218
1220
1221
1219
1219
1215
1212
1215
1211
1212
1209
1210
1209
1206
1207
1207
1205
1206
1205
1199
1200
1200
1198
1200
1194
1194
1196
1193
1193
1194
1191
1187
1191
1187
1184
1186
1185
1182
1184
1183
1179
1180
1176
1179
1177
1178
1172
1172
1170
1174
1169
1172
1168
1168
1169
1164
1167
1162
1165
1161
1158
1158
1158
1157
1158
1154
1156
1155
1150
1150
1148
1151
1148
1147
1148
1143
1142
1146
1145
1144
1143
1138
1136
1139
1136
1134
1133
1135
1130
1129
1133
1129
1130
1127
1124
1128
1127
1126
1121
1120
1118
1120
1116
1120
1116
1118
1115
1111
1113
1111
1110
1110
1109
1106
1109
1104
1103
1103
1101
1101
1099
1098
1097
1098
1098
1093
1092
1093
1092
1093
1090
1090
1088
1085
1084
1086
1087
1086
1080
1083
1079
1081
1077
1079
1079
1075
1072
1076
1073
1070
1071
1070
1069
1068
1069
1065
1067
1066
1064
1062
1061
1057
1057
1059
1056
1056
1054
1052
1054
1053
1048
1048
1046
1047
1047
1046
1042
1043
1045
1044
1041
1041
1040
1036
1039
1035
1034
1031
1032
1032
1030
1027
1028
1028
1026
1025
1024
1024
1023
1024
1020
1018
1017
1019
1017
1013
1015
1015
1015
1011
1012
1011
1011
1010
1006
1004
1003
1002
1002
1001
1002
1002
1000
995
999
998
997
991
992
994
988
991
988
986
988
986
985
984
983
982
981
979
980
980
975
975
976
972
974
970
969
972
967
968
964
963
966
962
964
961
960
957
956
960
955
953
957
951
952
954
953
947
951
946
949
943
943
946
945
941
941
941
939
935
937
935
932
931
930
930
930
927
926
929
925
923
923
926
924
921
921
919
917
920
915
918
914
916
910
911
911
909
907
905
905
906
905
906
905
904
901
900
898
900
895
893
896
894
891
893
889
887
886
889
888
884
885
886
883
881
883
879
876
878
875
877
875
874
873
869
868
869
871
866
867
866
866
864
865
860
863
858
857
855
856
858
856
856
851
854
850
851
849
849
846
848
844
844
840
843
839
840
838
838
838
835
836
836
832
832
830
829
827
825
824
823
822
823
820
819
818
822
816
818
819
815
816
816
811
811
809
809
811
807
806
808
807
803
803
803
798
797
798
797
798
798
795
793
791
791
788
791
790
788
789
783
782
785
785
779
778
778
780
777
774
773
773
773
774
773
772
769
767
766
764
766
766
764
762
759
763
760
757
760
759
758
754
752
755
752
753
751
750
748
747
744
744
745
742
741
743
737
740
739
739
736
732
732
730
732
731
730
726
727
725
725
725
725
721
721
719
717
719
718
715
715
716
714
712
714
713
707
707
709
706
708
703
701
703
702
699
700
701
698
695
696
695
691
695
689
688
689
689
687
684
686
686
684
681
684
680
679
681
677
674
674
673
671
672
671
672
672
667
665
665
665
663
662
661
659
660
661
659
656
658
656
652
652
650
654
650
648
648
648
644
647
646
643
643
643
639
639
639
637
638
636
636
632
634
634
631
629
627
630
627
624
624
621
620
624
623
621
620
619
616
616
615
613
610
613
613
611
610
606
609
607
606
603
603
603
601
600
600
595
595
594
596
593
594
592
593
591
587
588
584
585
583
582
584
579
581
582
578
575
579
575
574
575
571
569
572
568
571
569
566
567
566
565
562
563
563
561
558
555
559
554
552
551
554
552
553
547
547
547
545
546
545
542
540
544
540
538
537
539
534
535
536
534
530
532
532
528
530
530
524
527
527
521
522
523
518
520
518
518
514
515
513
515
514
511
508
512
509
510
505
504
504
505
503
500
499
499
498
497
497
494
495
493
493
493
488
487
487
488
487
485
483
483
485
482
480
480
476
478
477
475
475
471
472
473
468
471
467
467
467
465
466
466
464
462
458
460
458
457
456
453
456
452
452
452
452
451
450
447
446
446
446
446
441
441
443
441
438
436
435
434
437
431
434
432
430
427
426
429
424
423
427
423
422
421
419
421
417
418
415
416
415
416
412
414
410
412
410
406
409
404
403
403
402
402
402
402
398
396
397
397
397
394
392
390
390
389
390
385
385
386
383
383
385
383
378
382
378
375
374
374
376
376
374
370
369
367
368
366
365
368
367
363
363
364
363
358
361
358
355
357
352
352
351
349
350
349
347
348
344
348
344
343
340
341
343
337
337
336
337
333
334
335
333
330
328
329
329
330
329
327
323
321
325
323
323
318
316
318
314
315
316
315
312
314
312
312
311
310
304
308
302
305
304
303
299
297
297
299
299
297
297
296
294
293
293
289
290
288
284
286
284
283
283
282
279
281
281
279
276
277
275
276
271
273
273
269
271
265
264
268
266
265
261
260
261
258
256
256
258
253
255
254
250
252
251
247
250
250
244
243
242
245
240
242
242
238
240
235
238
235
232
233
231
230
228
230
227
226
227
226
226
221
224
220
218
220
216
220
216
216
215
212
211
212
209
211
211
207
209
208
207
206
203
199
202
198
199
199
198
198
195
195
193
194
190
192
191
189
189
184
183
183
182
180
180
177
176
178
177
176
177
176
171
170
172
169
167
165
165
163
166
162
164
162
160
161
159
155
159
154
153
151
154
152
150
147
148
147
145
146
147
141
142
140
139
140
138
137
136
136
136
135
135
132
130
127
128
126
128
126
122
123
122
124
118
122
121
116
119
117
113
116
110
110
109
109
106
110
105
108
104
103
105
102
98
97
96
95
94
98
93
91
91
89
88
90
87
88
88
85
86
82
82
82
81
81
76
75
77
78
72
76
72
74
69
70
70
67
66
68
65
66
63
60
63
57
59
57
58
58
52
55
51
53
50
49
47
47
48
47
43
43
42
39
42
40
39
36
34
35
37
34
31
31
31
30
29
27
26
28
22
21
20
22
23
21
19
15
19
14
16
11
15
9
11
8
9
7
4
4
6
6
