1252
1253
1253
1251
1249
1249
1248
1248
1247
1246
1244
1240
1241
1237
1236
1237
1239
1237
1233
1235
1231
1229
1229
1229
1230
1229
1224
1227
1222
1225
1223
1220
1218
1219
1216
1219
1218
1216
1212
1216
1210
1209
1213
1210
1208
1207
1206
1207
1204
1201
1205
1199
1200
1197
1196
1197
1197
1193
1196
1195
1194
1190
1191
1192
1191
1187
1187
1186
1182
1184
1184
1181
1180
1182
1181
1180
1177
1173
1174
1172
1174
1172
1169
1170
1166
1167
1168
1163
1164
1164
1164
1162
1163
1160
1158
1159
1159
1158
1157
1156
1152
1150
1150
1149
1148
1148
1149
1145
1142
1146
1141
1144
1142
1142
1140
1136
1137
1134
1134
1132
1135
1130
1129
1130
1129
1127
1124
1128
1127
1124
1125
1120
1118
1122
1120
1117
1119
1116
1115
1114
1114
1109
1111
1111
1107
1110
1105
1106
1103
1101
1100
1099
1100
1098
1099
1098
1097
1093
1096
1093
1091
1090
1088
1088
1086
1090
1084
1087
1084
1083
1081
1080
1083
1082
1079
1080
1075
1077
1072
1075
1070
1072
1068
1070
1070
1066
1067
1066
1064
1063
1065
1064
1062
1057
1061
1058
1054
1053
1056
1053
1050
1049
1050
1051
1046
1046
1049
1043
1042
1041
1041
1042
1038
1041
1036
1040
1036
1034
1035
1035
1030
1031
1032
1031
1026
1026
1026
1028
1027
1023
1025
1020
1018
1019
1021
1020
1014
1014
1014
1012
1014
1009
1009
1009
1009
1006
1009
1005
1005
1004
1000
1003
1001
997
1001
998
996
995
995
992
993
992
992
987
986
990
985
987
983
982
984
982
982
980
980
980
975
975
976
974
973
971
973
968
970
970
965
965
962
961
963
961
962
958
959
955
954
957
957
955
952
951
952
947
951
946
945
946
942
941
941
943
941
939
941
939
938
936
932
936
934
929
932
930
926
927
927
927
922
922
920
924
918
919
920
917
915
913
916
915
914
914
913
910
908
908
907
907
902
904
904
899
902
902
898
898
898
893
892
896
893
893
890
892
888
888
888
883
882
886
885
879
879
879
879
880
874
875
875
875
871
870
868
869
869
867
868
866
863
865
865
864
858
859
857
859
856
858
857
856
855
850
849
850
851
849
844
847
844
843
842
842
842
842
837
840
837
835
835
835
834
833
828
831
829
827
829
824
825
825
822
819
818
820
816
819
819
814
812
814
812
812
813
807
811
810
806
807
803
803
803
800
799
800
800
796
796
794
794
793
792
790
790
787
786
785
787
783
787
781
784
783
781
780
777
780
778
774
773
775
774
770
771
772
768
768
767
767
766
763
760
762
763
760
757
759
759
756
753
755
755
753
753
750
751
750
749
748
746
744
741
743
740
741
737
735
734
735
732
732
731
731
731
728
726
725
726
723
722
724
724
723
722
721
718
715
716
713
712
715
715
709
713
711
706
706
708
708
705
701
701
700
702
701
700
698
697
697
697
694
690
690
688
688
687
685
689
685
686
682
683
684
683
679
677
676
678
675
674
676
673
671
672
672
667
670
668
665
662
661
662
664
660
660
657
660
656
655
655
656
653
653
649
649
651
646
644
648
644
643
643
643
641
637
637
635
634
638
637
631
632
631
630
627
630
625
624
624
624
623
620
622
618
621
620
617
615
616
616
616
613
612
613
609
608
609
608
608
606
604
600
601
602
601
599
599
595
596
597
596
590
589
591
591
591
585
587
587
585
581
580
584
579
582
580
578
577
573
572
573
572
572
569
570
567
570
564
565
566
564
565
562
560
560
559
560
558
556
554
554
550
553
548
547
548
549
548
547
544
546
543
541
543
540
539
538
538
537
533
533
534
533
532
528
526
527
529
527
527
525
524
520
521
522
518
516
517
515
514
513
513
514
510
509
509
505
507
504
503
502
501
500
501
497
496
498
498
494
496
496
490
492
491
490
488
489
487
484
482
486
484
480
480
477
478
476
478
478
476
471
474
470
473
470
467
467
469
464
467
463
464
459
459
460
458
457
455
453
454
452
455
451
448
448
450
449
445
443
447
446
444
443
441
440
441
435
436
434
432
431
433
431
431
432
427
429
427
425
425
421
422
424
422
420
421
415
418
417
412
412
415
409
408
411
411
409
405
404
406
401
405
404
401
400
397
396
398
396
396
395
394
394
389
389
390
388
388
388
385
382
381
379
381
380
376
375
376
373
377
375
373
372
368
371
370
367
368
366
367
365
364
360
358
359
356
356
354
356
357
351
355
349
352
350
347
346
349
348
342
342
345
343
338
342
341
338
336
334
334
335
333
334
328
327
327
325
328
324
326
323
321
324
320
318
321
320
317
315
314
314
314
311
309
311
309
307
305
306
302
301
304
301
302
299
298
295
298
297
294
294
295
292
293
290
291
288
288
286
284
283
283
284
278
279
276
278
278
278
276
276
274
274
272
268
270
266
266
264
262
261
261
263
261
262
260
258
259
258
255
253
254
249
253
248
250
247
247
246
244
244
244
243
240
238
237
237
239
236
235
234
231
233
229
230
229
227
225
226
222
221
220
220
219
219
216
215
218
215
213
214
210
212
213
211
208
208
209
207
205
201
204
203
203
201
201
197
195
197
195
192
195
194
188
189
188
187
186
186
184
186
184
182
179
178
180
176
179
175
177
172
175
172
170
171
171
169
164
164
165
164
163
162
158
162
158
157
157
155
156
152
155
154
151
149
146
148
145
144
143
143
140
140
140
142
139
137
135
133
133
131
131
134
128
130
126
125
128
127
124
123
120
121
120
119
120
118
117
117
115
113
114
110
109
107
108
109
109
103
104
101
101
99
98
97
97
97
95
96
93
92
90
93
88
87
89
85
85
88
83
81
82
82
83
79
76
79
79
74
76
75
75
74
71
67
71
69
68
68
66
61
65
60
58
59
56
55
55
58
56
51
54
54
51
51
49
50
48
46
43
44
41
39
39
38
38
37
34
35
35
34
33
33
30
28
30
25
25
25
25
26
21
22
19
19
17
18
17
16
13
14
11
10
13
10
11
10
4
4
5
5
