1255
1253
1252
1250
1247
1247
1249
1243
1246
1243
1245
1243
1240
1241
1241
1235
1236
1233
1235
1235
1235
1232
1230
1229
1229
1226
1227
1227
1225
1226
1221
1224
1218
1222
1220
1220
1218
1218
1214
1211
1214
1212
1210
1211
1206
1209
1204
1203
1204
1203
1204
1201
1199
1201
1200
1200
1194
1197
1197
1191
1193
1189
1191
1188
1188
1189
1186
1188
1183
1181
1181
1179
1178
1181
1178
1179
1174
1176
1172
1172
1172
1172
1169
1170
1169
1167
1164
1163
1166
1164
1161
1164
1158
1162
1156
1156
1154
1155
1157
1154
1154
1150
1153
1149
1148
1148
1145
1145
1144
1145
1143
1142
1139
1142
1137
1136
1135
1135
1137
1134
1131
1129
1130
1132
1128
1127
1124
1124
1126
1126
1125
1120
1118
1122
1120
1115
1117
1118
1114
1111
1114
1114
1109
1108
1107
1110
1106
1105
1104
1103
1105
1103
1103
1101
1096
1095
1095
1098
1092
1094
1090
1093
1088
1091
1088
1086
1085
1087
1082
1082
1081
1079
1078
1078
1081
1075
1076
1078
1077
1073
1071
1070
1073
1070
1068
1070
1069
1068
1065
1061
1063
1059
1059
1057
1060
1057
1057
1057
1055
1054
1052
1049
1048
1052
1049
1049
1045
1048
1046
1043
1044
1040
1040
1041
1040
1035
1038
1037
1037
1035
1031
1032
1029
1029
1028
1029
1028
1026
1022
1024
1021
1019
1020
1022
1019
1019
1016
1016
1017
1015
1013
1009
1008
1010
1006
1008
1009
1003
1004
1005
1002
1003
1001
998
998
996
999
995
995
993
994
993
989
991
989
989
987
987
984
986
982
979
982
979
976
977
979
974
972
974
973
969
971
971
970
968
967
963
966
966
964
959
960
961
957
960
954
958
953
952
950
954
948
951
947
950
944
946
944
944
944
941
940
940
941
938
935
933
935
933
933
933
931
928
927
926
926
924
927
922
924
924
918
920
919
915
916
916
912
911
910
913
912
911
911
907
909
906
903
903
901
899
901
900
901
895
897
895
896
891
893
894
889
891
889
888
889
887
884
883
882
882
882
877
876
875
877
874
877
874
874
869
873
869
869
870
867
867
862
863
865
864
861
860
857
858
855
855
853
856
855
851
853
847
850
845
847
845
847
842
845
842
840
839
841
838
836
838
832
831
835
829
829
829
827
829
825
823
822
823
825
823
820
819
816
818
814
815
816
813
814
810
810
812
807
807
809
804
807
806
805
799
799
802
797
797
799
793
793
795
795
793
788
790
787
786
786
788
787
783
784
779
779
777
776
780
774
778
777
773
775
774
772
767
769
765
764
764
762
764
765
759
759
761
758
760
759
756
756
754
751
750
748
749
747
747
748
747
742
743
741
739
741
741
740
739
739
733
735
731
733
730
731
732
728
730
728
728
726
722
720
721
718
718
717
719
716
718
716
715
710
713
710
710
707
709
707
705
704
705
700
704
698
698
699
696
696
695
697
694
693
693
688
692
687
689
687
683
687
681
684
680
680
680
678
678
678
675
673
673
673
669
669
672
668
669
669
666
665
666
662
661
661
657
658
658
659
658
654
652
655
651
650
651
650
649
645
643
642
643
645
642
642
641
638
640
638
636
637
632
634
633
630
630
626
625
624
628
626
624
620
623
622
619
619
618
617
614
614
615
615
611
608
608
608
608
608
606
607
604
605
603
603
601
596
597
599
597
595
596
590
593
589
587
586
586
588
588
585
585
585
579
579
581
579
576
576
574
572
576
571
569
573
568
571
569
564
568
567
561
561
564
562
560
557
559
554
557
555
553
551
551
550
548
547
545
548
545
547
545
542
543
539
541
537
540
539
534
533
533
532
533
529
528
528
525
525
524
524
525
525
519
520
517
516
515
519
517
513
514
512
514
510
508
509
508
507
508
503
503
504
503
499
502
497
497
498
497
495
491
491
494
489
491
486
487
488
487
484
481
481
479
483
482
480
480
479
477
474
472
475
472
470
467
471
468
465
467
467
463
463
462
461
461
459
456
459
456
453
455
454
453
453
447
451
450
449
445
442
442
444
443
442
441
441
436
435
433
432
434
435
432
432
430
426
426
424
426
424
426
420
423
422
418
420
415
415
415
413
415
411
412
411
408
409
408
406
407
404
405
402
401
402
401
401
400
398
394
396
396
394
394
393
392
390
388
384
388
387
386
380
383
383
377
376
376
374
376
374
373
372
370
372
372
371
368
368
367
366
365
364
363
358
359
359
357
355
358
356
354
350
352
353
349
347
346
348
345
347
343
342
343
340
340
337
337
336
333
332
332
330
332
333
329
327
328
328
326
326
325
323
323
322
319
318
315
319
318
316
312
311
311
313
310
311
305
307
303
303
303
302
300
300
300
301
299
299
293
294
295
295
292
293
289
286
290
289
284
287
286
284
284
280
282
279
275
279
274
276
275
272
272
271
269
268
267
269
264
262
265
261
259
261
262
256
258
259
256
252
251
252
254
251
249
246
246
247
243
242
243
240
239
240
239
238
238
236
233
237
233
233
233
229
231
231
230
228
224
223
222
220
221
221
222
221
218
215
214
215
212
213
209
212
209
207
209
209
205
204
201
202
204
202
198
199
197
196
196
197
193
190
193
189
190
191
188
185
185
182
186
180
184
183
182
176
177
176
173
177
174
170
170
173
172
166
166
167
164
163
163
160
160
161
157
160
159
158
153
152
153
150
150
148
149
147
148
148
145
147
142
145
140
140
140
141
139
137
134
136
131
132
129
133
130
128
128
127
123
123
123
123
123
119
119
121
120
119
116
113
114
110
110
112
107
108
107
108
107
104
105
103
102
103
100
101
99
96
98
96
94
93
89
93
91
91
87
84
87
85
83
82
79
79
82
77
78
77
73
75
71
74
69
72
67
69
66
68
65
67
66
63
61
63
59
57
59
54
53
56
53
51
54
50
50
49
50
47
43
46
42
41
42
43
38
40
35
38
38
37
36
31
34
29
32
29
27
24
24
23
25
23
24
18
22
18
18
16
14
15
15
14
11
11
12
10
5
4
6
2
3
