1255
1251
1250
1249
1247
1246
1247
1245
1247
1241
1242
1243
1238
1242
1241
1239
1234
1236
1237
1236
1232
1230
1233
1229
1229
1229
1224
1223
1224
1226
1223
1219
1222
1217
1220
1217
1215
1214
1215
1216
1214
1211
1213
1209
1207
1208
1209
1208
1202
1205
1205
1203
1202
1201
1198
1197
1194
1193
1194
1191
1195
1189
1192
1190
1186
1187
1185
1183
1187
1182
1184
1184
1182
1181
1181
1178
1174
1175
1176
1172
1170
1169
1169
1169
1170
1168
1168
1167
1167
1163
1160
1161
1161
1157
1159
1155
1157
1154
1157
1155
1151
1150
1152
1149
1151
1149
1146
1143
1146
1144
1143
1142
1140
1142
1136
1135
1134
1133
1133
1135
1130
1129
1130
1128
1127
1125
1129
1123
1127
1123
1121
1122
1119
1121
1116
1120
1114
1116
1113
1116
1110
1113
1112
1110
1110
1107
1104
1105
1102
1105
1104
1101
1103
1100
1099
1100
1099
1094
1092
1092
1091
1091
1089
1088
1089
1087
1087
1088
1086
1084
1083
1083
1083
1080
1080
1077
1074
1075
1077
1071
1074
1069
1071
1068
1066
1066
1068
1065
1066
1066
1064
1061
1058
1058
1056
1057
1058
1054
1054
1051
1055
1052
1049
1052
1047
1047
1048
1045
1043
1044
1040
1044
1043
1038
1040
1035
1036
1034
1037
1032
1035
1029
1032
1027
1027
1025
1024
1027
1022
1021
1022
1022
1022
1019
1017
1017
1019
1013
1014
1014
1013
1014
1013
1010
1011
1005
1008
1007
1006
1001
1003
1004
999
1002
999
997
997
996
993
992
994
989
988
990
990
989
989
986
987
983
981
982
978
982
979
975
978
973
975
971
975
970
968
967
967
970
969
968
967
966
962
964
960
961
961
955
956
953
956
952
950
950
953
950
946
946
945
947
947
941
941
941
939
937
938
935
934
937
933
934
930
930
928
931
930
927
928
928
925
922
924
924
921
922
921
916
916
918
912
911
915
912
909
909
907
908
906
903
903
906
905
900
899
900
901
895
895
898
894
895
892
892
889
888
886
885
888
883
885
881
881
883
878
878
879
878
877
875
876
873
870
869
868
868
870
865
867
864
863
863
863
862
863
862
858
856
858
855
852
851
854
854
851
850
848
846
845
843
845
845
842
839
841
839
840
840
839
835
837
835
834
830
833
832
827
830
824
824
825
822
821
824
818
820
819
815
818
818
812
813
814
813
808
808
809
806
808
807
807
805
804
802
801
800
799
799
798
797
793
792
791
792
790
792
789
786
786
783
787
784
785
784
782
777
778
779
775
778
773
776
771
771
771
771
766
770
765
768
762
762
764
761
761
761
756
757
754
754
756
756
755
753
749
750
747
750
747
746
743
743
743
740
742
737
736
738
736
733
736
732
733
734
732
728
726
726
724
728
725
721
721
723
720
720
716
719
717
716
712
712
710
714
711
711
711
705
708
704
702
701
701
702
699
697
700
699
695
694
695
692
691
689
690
687
686
685
685
685
682
682
683
683
682
678
679
677
677
676
674
673
674
674
670
672
668
670
669
667
666
666
660
660
661
660
660
659
655
655
656
652
650
649
653
651
646
647
647
644
642
641
644
644
639
637
636
635
636
638
632
636
633
631
628
627
626
625
627
623
623
622
621
622
619
618
620
616
618
614
614
612
615
614
613
609
609
606
609
603
605
602
601
603
601
600
598
600
597
593
594
591
595
590
588
587
586
588
588
584
587
583
583
580
578
579
579
580
579
577
573
575
570
572
570
572
568
565
565
564
566
566
562
564
559
558
556
560
555
553
555
556
555
549
549
549
546
549
544
548
545
541
540
539
540
537
537
540
539
533
534
532
534
529
530
528
530
527
528
523
523
524
522
522
522
520
519
518
518
518
513
515
515
513
512
509
506
509
508
504
504
504
503
500
501
500
497
495
495
495
493
494
493
494
492
491
488
490
484
484
482
481
485
482
481
478
477
478
475
473
475
473
474
473
471
471
469
467
466
466
463
461
463
464
460
461
459
458
459
458
454
451
451
453
451
449
450
449
445
447
445
441
441
442
442
437
441
440
435
436
433
431
431
430
432
428
430
425
429
428
423
424
425
419
423
422
417
418
418
418
412
416
413
414
410
409
407
405
404
408
406
402
401
403
399
399
401
398
397
398
394
396
391
392
392
392
387
386
384
383
385
386
384
381
383
378
377
378
376
378
377
375
371
374
370
368
369
367
364
365
366
366
364
359
361
357
356
359
359
356
353
356
355
350
349
350
346
347
347
343
344
346
345
341
341
339
338
335
336
335
336
336
333
331
330
331
328
326
326
327
323
323
322
320
321
319
318
315
319
313
313
312
310
312
312
312
309
308
304
308
303
303
304
304
300
301
300
296
297
293
295
296
293
290
290
287
290
290
289
286
282
284
284
279
283
278
278
277
278
277
272
272
271
269
271
269
269
265
269
265
266
266
261
260
263
260
257
258
257
254
256
255
251
253
249
252
251
248
249
245
247
243
241
244
240
238
237
237
238
238
232
234
231
232
231
230
229
226
228
226
226
223
224
219
220
217
221
217
217
214
216
212
215
211
211
207
210
205
208
208
203
202
200
202
199
198
198
198
198
197
194
193
193
193
190
191
191
189
186
183
185
183
185
179
179
177
181
176
176
174
174
172
175
174
169
167
166
167
167
168
167
166
162
164
160
157
157
158
156
154
155
155
154
151
153
149
149
149
146
147
145
141
144
143
143
140
140
138
138
134
134
131
130
134
132
130
130
130
127
128
124
123
124
122
120
118
121
117
114
116
112
116
112
112
108
111
109
108
105
105
102
106
105
103
99
101
97
99
98
94
94
92
90
90
90
87
89
88
84
83
87
82
84
83
80
80
79
80
76
76
73
72
74
74
73
69
66
67
68
64
63
65
62
59
58
57
56
59
58
53
52
53
50
53
49
48
49
45
47
43
43
44
40
39
38
38
37
38
34
38
35
32
35
32
31
32
28
29
24
27
26
22
24
19
18
17
18
20
15
15
14
12
14
12
12
8
8
6
4
7
2
2
