1253
1249
1250
1249
1250
1245
1249
1245
1242
1245
1243
1243
1239
1239
1238
1237
1235
1233
1237
1231
1232
1234
1230
1228
1226
1225
1227
1223
1223
1221
1222
1224
1219
1222
1216
1219
1214
1213
1214
1213
1213
1213
1212
1207
1211
1206
1209
1205
1204
1205
1201
1199
1203
1197
1199
1196
1198
1193
1193
1193
1192
1189
1192
1190
1188
1188
1189
1185
1184
1184
1184
1184
1183
1177
1181
1179
1175
1177
1174
1171
1173
1173
1172
1167
1168
1170
1169
1167
1163
1163
1164
1159
1159
1158
1160
1159
1155
1158
1155
1156
1155
1151
1153
1151
1148
1147
1144
1146
1147
1144
1145
1143
1143
1142
1140
1139
1135
1136
1132
1135
1131
1129
1133
1131
1130
1130
1125
1126
1124
1124
1120
1121
1121
1120
1117
1117
1115
1116
1114
1112
1111
1113
1111
1110
1106
1109
1104
1108
1105
1106
1100
1099
1102
1102
1100
1098
1099
1095
1097
1095
1093
1094
1093
1091
1088
1089
1089
1085
1087
1084
1083
1079
1079
1079
1080
1079
1077
1077
1074
1075
1071
1073
1070
1068
1071
1070
1067
1066
1064
1062
1061
1060
1060
1060
1061
1057
1057
1054
1056
1055
1053
1052
1052
1048
1046
1050
1046
1043
1046
1041
1045
1043
1041
1039
1039
1035
1037
1036
1033
1036
1030
1032
1029
1031
1027
1026
1026
1027
1026
1026
1024
1020
1022
1017
1019
1019
1014
1017
1016
1014
1012
1014
1009
1008
1008
1010
1008
1007
1003
1004
1005
999
1003
1000
998
1000
995
994
995
994
990
990
988
989
989
987
987
983
986
986
982
981
980
980
978
977
976
977
976
974
972
972
969
967
969
966
967
963
963
966
963
961
962
957
956
960
959
954
955
951
952
950
948
948
946
946
948
945
947
942
942
944
943
941
939
935
936
938
932
935
933
930
932
932
926
926
924
924
922
924
920
920
923
917
918
915
915
916
916
912
915
913
912
909
909
908
908
908
902
906
904
902
902
901
896
897
895
893
892
896
890
891
888
887
888
889
888
884
886
885
882
882
878
881
879
875
876
874
872
876
873
869
870
872
869
866
867
866
867
864
864
860
862
860
860
858
859
853
857
856
850
849
853
848
847
845
848
845
845
842
841
844
843
841
839
839
835
836
834
831
833
833
828
830
826
825
824
827
822
826
824
824
821
818
821
820
816
815
813
811
814
810
813
811
811
807
805
805
803
806
804
804
798
800
801
795
797
798
794
791
793
793
791
788
791
789
789
788
783
781
782
781
783
779
778
779
777
773
772
773
771
770
773
771
766
770
768
767
762
765
764
763
760
759
759
757
754
753
753
756
752
750
750
747
749
749
744
745
745
742
741
743
740
738
736
740
734
737
735
735
733
729
730
730
730
725
728
725
723
722
725
723
718
719
717
716
717
715
714
712
710
711
712
711
708
707
708
706
706
702
705
701
701
702
699
695
696
693
692
691
694
692
691
692
689
687
687
688
686
683
684
682
678
679
678
676
675
674
674
675
674
671
671
668
669
666
666
668
665
662
662
663
661
659
658
660
655
658
657
655
654
650
653
652
647
645
645
644
644
645
644
643
640
638
638
640
638
634
635
634
631
633
630
631
627
628
626
627
625
625
622
624
622
622
618
615
617
614
616
614
612
614
609
611
608
608
607
605
605
603
602
602
602
597
600
595
595
598
594
593
591
590
592
589
586
590
588
585
582
583
585
584
580
577
579
579
579
578
574
572
574
570
569
572
567
565
567
566
564
563
563
561
562
560
558
557
558
554
557
551
555
553
548
549
550
548
545
546
543
542
544
542
543
537
539
539
539
538
532
535
534
530
532
529
530
529
524
524
527
525
525
522
522
522
517
519
516
518
513
514
514
510
513
510
509
508
508
505
507
505
504
500
499
499
499
495
496
493
496
495
494
494
490
491
487
485
488
484
483
486
482
479
481
481
477
477
476
478
472
473
475
472
472
470
471
470
464
468
466
461
462
461
462
457
456
457
456
458
457
454
451
452
448
450
449
448
448
443
445
445
445
442
439
440
440
436
437
435
436
434
432
433
433
431
429
426
428
423
423
426
424
424
419
421
417
415
414
415
412
416
412
413
409
407
408
405
407
406
407
404
404
401
401
402
401
399
396
397
396
392
394
393
391
392
386
389
389
383
382
384
380
379
383
378
377
375
378
378
376
373
372
373
368
367
370
367
369
368
366
364
361
363
361
361
358
356
357
353
354
354
354
349
350
350
351
347
347
345
344
343
345
344
342
338
336
340
334
338
332
331
330
331
330
332
331
328
328
324
324
326
321
323
319
321
318
320
316
315
312
316
315
309
310
307
311
308
306
308
304
301
302
303
300
299
299
295
295
297
295
291
291
289
288
289
288
285
289
286
282
286
281
280
282
282
278
276
276
276
277
272
270
273
271
267
270
265
267
265
262
263
261
263
259
258
260
256
259
256
255
256
251
253
250
251
249
246
247
244
243
243
244
243
241
237
237
237
239
236
237
235
232
232
228
227
230
230
225
226
222
223
221
224
219
220
221
215
217
216
214
212
214
210
209
209
207
208
205
206
204
203
202
201
203
197
199
198
194
193
194
192
191
189
193
192
188
190
186
185
186
182
183
181
178
180
178
176
175
176
177
172
171
170
173
172
168
167
167
164
167
166
164
164
162
162
159
155
159
156
157
156
153
150
151
148
150
148
148
148
144
142
142
143
138
140
137
137
137
136
134
132
132
133
128
129
127
127
128
127
127
122
123
121
118
117
116
116
118
115
116
113
115
113
113
109
110
110
105
108
104
104
105
103
98
98
99
95
97
94
97
93
94
91
88
90
89
85
89
83
83
84
80
83
82
81
78
75
78
77
76
76
71
71
70
71
69
68
69
67
66
66
61
61
59
60
61
59
54
56
55
54
54
49
52
50
48
49
45
44
46
46
41
43
42
41
38
38
35
34
32
34
33
31
32
27
31
25
26
25
27
23
22
22
19
17
20
17
19
17
14
12
10
12
13
9
7
7
4
4
6
6
