1251
1254
1251
1250
1248
1248
1244
1243
1247
1242
1243
1242
1239
1237
1240
1238
1236
1237
1232
1233
1232
1230
1232
1231
1231
1227
1227
1223
1223
1223
1221
1222
1223
1217
1218
1216
1214
1214
1213
1211
1214
1210
1213
1209
1209
1208
1209
1203
1205
1203
1204
1201
1198
1197
1197
1197
1196
1193
1194
1192
1191
1192
1193
1188
1186
1185
1185
1188
1184
1186
1180
1179
1179
1177
1176
1178
1174
1176
1172
1173
1173
1172
1172
1170
1166
1167
1167
1166
1167
1163
1164
1162
1161
1160
1160
1157
1154
1157
1157
1154
1154
1153
1152
1152
1149
1146
1144
1146
1144
1145
1145
1141
1140
1142
1136
1139
1137
1137
1133
1134
1131
1133
1133
1132
1129
1130
1124
1125
1126
1123
1123
1119
1119
1121
1117
1116
1115
1118
1116
1111
1111
1114
1112
1110
1110
1108
1109
1108
1105
1104
1103
1101
1099
1100
1098
1097
1097
1094
1095
1091
1095
1090
1088
1087
1089
1085
1088
1085
1085
1084
1083
1084
1078
1077
1080
1076
1078
1073
1072
1072
1070
1070
1068
1072
1067
1066
1068
1063
1062
1065
1060
1061
1061
1058
1056
1060
1057
1057
1054
1052
1055
1049
1049
1051
1046
1048
1044
1043
1043
1043
1041
1040
1039
1038
1039
1039
1036
1038
1037
1034
1035
1034
1031
1030
1026
1029
1027
1025
1026
1025
1020
1020
1023
1017
1017
1020
1017
1013
1013
1013
1010
1012
1009
1009
1007
1009
1006
1005
1006
1005
1003
999
1003
999
999
997
999
996
995
995
990
994
991
989
986
988
985
983
982
982
985
983
983
982
980
977
977
975
974
973
973
969
971
968
969
969
965
966
963
963
965
960
961
958
961
960
956
957
954
953
950
953
953
948
947
947
946
943
945
946
944
939
941
942
940
935
938
938
932
934
931
934
928
928
928
926
925
923
926
922
925
919
918
920
919
917
917
917
913
913
915
913
912
912
911
910
907
906
902
903
904
901
901
900
900
898
897
898
897
892
890
893
888
888
886
890
886
885
887
885
880
884
878
881
878
875
878
873
873
874
872
870
871
867
870
868
868
867
867
863
860
862
860
860
859
859
859
853
856
854
853
850
850
847
846
849
844
845
842
841
845
844
840
842
840
835
836
835
833
835
835
834
831
829
827
828
828
825
824
821
823
824
819
817
816
817
817
814
813
813
813
812
812
809
810
808
809
806
807
805
804
799
800
799
798
795
799
796
793
791
793
794
789
789
790
787
788
784
785
785
780
779
779
782
781
777
779
776
773
775
773
772
773
772
770
769
769
768
765
766
762
763
760
758
757
760
757
753
756
754
751
750
751
752
751
748
746
748
746
743
745
743
742
740
741
737
737
737
735
733
734
731
730
727
729
727
726
727
727
725
724
720
718
717
718
716
716
718
713
712
710
712
713
711
710
707
707
703
707
705
704
704
702
700
696
699
698
697
695
694
693
694
688
692
691
690
688
688
684
682
680
680
681
679
680
680
676
675
676
676
672
669
670
672
671
665
665
667
665
666
661
664
658
660
658
657
655
655
656
655
653
651
652
647
647
647
646
645
642
643
641
643
643
638
639
640
635
638
636
634
635
629
633
632
631
628
628
624
623
624
625
623
623
622
619
618
619
613
613
616
613
614
609
607
611
607
608
606
603
602
602
603
602
600
596
598
598
598
595
596
593
593
592
588
587
590
584
583
583
582
582
580
579
578
580
580
576
578
577
573
574
569
572
568
571
570
565
563
565
565
560
564
561
561
560
558
556
558
556
555
550
551
552
551
549
550
548
544
544
541
545
544
540
539
537
537
538
534
534
534
531
529
531
530
526
526
524
524
525
525
520
521
520
518
519
517
518
517
514
512
514
514
509
512
509
510
504
506
506
504
500
499
498
500
498
499
498
495
495
494
490
494
488
489
487
489
486
483
483
486
482
481
480
480
476
480
476
473
477
473
471
471
470
471
470
465
466
463
467
465
465
462
463
458
459
457
458
453
457
452
450
451
449
452
451
448
449
448
444
445
441
444
441
439
440
440
439
434
436
434
432
434
431
432
429
425
426
427
424
425
424
424
420
421
420
418
416
414
414
411
410
414
413
408
409
405
406
408
404
402
403
399
403
401
398
397
396
396
396
392
393
391
392
392
391
390
384
384
384
385
385
379
382
380
377
380
378
374
372
372
373
372
368
371
371
369
368
368
364
361
360
363
360
357
356
357
358
354
356
353
350
353
350
350
349
345
346
348
342
341
342
341
340
341
340
338
334
333
333
331
333
329
328
329
328
325
328
324
323
326
321
322
318
317
321
318
315
314
316
312
312
309
310
311
311
310
305
308
307
302
303
301
300
302
298
300
296
294
297
291
292
293
293
287
286
287
288
286
285
284
281
282
279
282
278
277
277
274
275
271
272
269
272
272
269
265
265
265
267
262
260
259
260
257
261
257
259
258
254
253
250
251
248
252
250
247
249
245
247
242
243
239
240
240
241
235
237
236
235
234
235
229
229
231
230
230
229
223
227
224
224
224
221
221
220
215
217
213
214
211
212
213
211
211
207
208
205
207
205
203
201
204
202
200
197
197
198
198
195
193
193
192
190
190
186
188
184
188
187
182
181
181
180
178
179
176
178
174
173
173
174
173
171
169
170
169
169
168
163
165
163
160
159
157
160
159
159
153
154
151
155
152
152
147
150
145
147
143
144
146
143
144
143
141
137
140
139
135
137
134
131
130
129
128
126
125
125
125
123
125
125
122
118
119
119
116
114
114
115
112
111
111
113
107
107
107
108
103
105
105
102
101
102
98
100
97
98
96
97
94
93
92
88
89
87
87
87
84
87
85
82
79
82
81
79
78
75
78
76
72
71
69
71
72
69
67
66
68
67
61
65
60
61
61
60
57
56
54
57
51
52
53
51
49
47
47
46
45
42
46
42
40
40
40
40
38
38
33
36
35
35
34
32
31
31
25
28
25
22
23
20
23
23
17
21
16
15
14
16
15
12
10
12
7
6
10
6
6
7
1
