1253
1254
1252
1249
1248
1247
1248
1243
1247
1243
1241
1240
1239
1239
1240
1240
1236
1235
1234
1236
1234
1232
1228
1231
1226
1229
1224
1228
1222
1222
1220
1220
1219
1217
1218
1218
1214
1213
1215
1211
1212
1214
1211
1209
1211
1206
1204
1208
1202
1205
1205
1199
1203
1200
1201
1196
1196
1195
1193
1192
1193
1193
1188
1189
1191
1190
1186
1185
1182
1184
1184
1183
1178
1179
1181
1175
1179
1178
1177
1175
1174
1173
1170
1167
1167
1168
1164
1166
1166
1166
1163
1159
1161
1162
1159
1157
1156
1155
1155
1151
1150
1153
1150
1147
1147
1145
1149
1147
1147
1141
1141
1142
1140
1137
1138
1137
1137
1133
1133
1131
1133
1130
1130
1127
1128
1126
1126
1125
1123
1123
1124
1122
1123
1117
1116
1118
1115
1116
1117
1113
1113
1114
1112
1112
1108
1105
1106
1108
1102
1106
1101
1102
1103
1098
1098
1097
1099
1095
1097
1096
1091
1090
1089
1092
1091
1088
1089
1085
1085
1086
1084
1081
1082
1077
1081
1080
1076
1077
1073
1073
1072
1071
1068
1072
1067
1067
1066
1068
1066
1062
1061
1062
1060
1060
1058
1056
1056
1058
1054
1051
1054
1049
1053
1049
1047
1046
1044
1045
1044
1042
1040
1040
1042
1042
1041
1040
1034
1034
1035
1034
1034
1034
1031
1031
1026
1027
1029
1025
1027
1024
1024
1021
1022
1017
1018
1019
1014
1013
1014
1014
1012
1011
1013
1012
1010
1005
1006
1004
1005
1001
1002
1003
1002
997
996
997
999
994
995
994
994
992
992
989
989
986
985
988
982
981
982
983
979
978
980
976
978
976
973
973
972
971
968
967
966
966
969
964
963
961
962
962
962
957
958
960
956
957
957
952
955
950
950
950
948
947
944
944
947
941
943
942
942
940
941
936
939
933
933
935
935
933
928
929
930
927
929
924
927
926
921
919
921
920
921
917
918
915
915
916
915
909
913
907
907
906
904
905
902
903
903
903
899
897
896
895
899
893
897
896
895
889
889
888
890
890
884
883
887
881
884
879
883
881
876
875
878
878
872
873
874
871
871
868
871
868
864
867
865
862
862
863
859
858
857
855
856
853
855
851
854
854
852
849
846
845
849
846
846
846
845
841
840
840
841
835
839
836
834
833
834
833
829
828
826
825
826
824
822
822
825
823
820
818
821
820
816
817
814
812
815
814
812
812
807
808
804
807
804
802
801
801
798
802
799
799
797
795
794
792
795
791
793
790
788
786
785
783
782
784
784
781
783
782
779
775
776
778
777
772
775
770
768
768
767
767
765
763
763
765
765
760
759
759
757
755
755
757
757
756
750
750
751
750
746
748
745
743
743
742
742
743
741
742
739
736
738
737
734
736
731
733
731
731
729
727
726
724
726
723
725
721
718
720
717
717
716
717
714
711
715
714
711
712
708
710
704
706
707
701
701
701
703
702
698
696
695
696
697
696
693
693
693
690
690
686
689
683
685
684
683
682
680
678
677
678
679
677
677
673
675
672
672
670
666
665
665
667
664
666
665
659
659
658
660
655
656
657
652
651
655
651
652
652
651
645
646
648
642
646
640
640
638
641
638
638
637
636
635
633
630
634
631
628
629
625
625
626
622
625
623
621
620
617
618
618
618
614
612
612
611
614
608
612
607
608
605
604
606
602
605
602
600
599
597
597
595
593
594
591
594
592
591
592
587
586
585
587
583
582
584
579
581
580
581
576
577
574
575
575
574
571
573
572
567
567
569
563
566
561
562
562
562
558
560
557
558
558
555
553
552
549
552
552
547
549
544
546
544
542
541
543
540
538
536
536
538
538
533
535
535
534
532
530
530
525
529
524
523
522
522
524
521
522
516
517
515
514
515
511
511
512
509
510
507
509
504
504
507
504
500
504
501
501
498
496
495
496
495
496
494
489
492
489
489
486
489
483
482
486
485
480
479
482
479
478
477
475
474
472
475
471
471
470
468
470
465
467
465
466
462
464
459
457
456
460
457
453
457
455
451
450
452
450
446
448
444
443
444
442
440
441
443
439
439
440
438
434
437
435
431
431
432
431
431
425
428
425
425
423
423
420
418
422
417
418
415
413
414
411
414
414
411
408
407
406
408
406
402
406
405
401
403
397
399
396
398
398
395
395
395
392
389
389
389
386
387
385
387
385
381
383
379
377
378
377
374
378
373
374
371
371
368
372
367
365
364
363
362
362
362
361
361
359
356
356
356
353
355
353
355
351
353
351
351
345
347
343
344
341
340
344
338
342
338
336
336
334
335
331
334
333
328
332
327
330
328
328
322
326
322
324
318
321
316
320
314
317
316
313
311
310
311
310
308
307
305
305
303
304
301
302
302
298
298
299
295
296
296
291
295
293
291
291
286
288
289
288
285
282
282
281
280
278
279
278
277
275
277
273
271
273
270
267
270
267
268
268
264
263
265
263
262
261
258
258
258
253
256
252
255
250
251
250
247
246
247
243
246
246
244
244
242
239
241
240
235
234
235
235
233
233
233
230
226
228
228
228
226
225
224
221
220
218
216
216
216
214
212
216
213
209
212
209
207
208
208
204
202
202
205
201
199
197
196
198
195
198
196
194
191
194
192
189
186
186
189
183
184
182
180
180
182
182
178
178
179
175
174
172
171
172
170
170
168
168
164
167
167
161
163
159
158
157
157
156
154
156
155
156
152
149
152
147
150
145
146
146
146
145
144
141
143
137
136
137
139
137
133
134
133
130
133
132
126
129
126
125
123
124
123
122
121
121
121
116
115
117
115
114
110
111
108
111
109
105
106
108
104
102
100
104
103
100
96
98
94
95
96
95
90
94
88
90
87
89
88
86
85
81
81
81
83
78
76
77
78
76
73
71
74
70
71
70
66
65
66
64
66
64
62
60
62
61
60
55
55
55
52
51
52
54
51
51
51
50
48
44
43
42
43
43
38
39
41
40
38
33
33
35
31
33
33
30
31
25
26
24
22
21
21
19
19
19
17
18
18
16
15
15
11
10
11
7
7
7
4
4
5
4
