1250
1249
1250
1248
1249
1247
1249
1245
1243
1242
1242
1240
1241
1242
1240
1238
1234
1238
1237
1236
1231
1233
1230
1227
1226
1225
1224
1224
1223
1225
1222
1222
1222
1220
1220
1218
1219
1216
1212
1216
1210
1212
1213
1212
1206
1208
1207
1208
1204
1201
1202
1201
1202
1198
1201
1195
1199
1195
1194
1192
1194
1192
1188
1191
1189
1189
1184
1186
1187
1181
1181
1183
1180
1179
1176
1178
1178
1177
1172
1176
1172
1169
1170
1169
1171
1165
1167
1166
1165
1166
1162
1164
1160
1159
1156
1158
1155
1155
1152
1152
1155
1151
1150
1151
1148
1146
1147
1143
1142
1146
1143
1142
1141
1139
1136
1139
1138
1135
1135
1135
1131
1134
1129
1130
1130
1129
1124
1125
1126
1122
1125
1122
1120
1122
1119
1115
1116
1118
1117
1111
1115
1111
1112
1108
1107
1106
1108
1104
1105
1101
1105
1099
1101
1102
1098
1095
1096
1097
1092
1095
1095
1090
1091
1089
1090
1087
1084
1084
1082
1085
1085
1084
1083
1080
1076
1075
1079
1073
1075
1073
1074
1073
1073
1070
1066
1065
1064
1067
1067
1065
1061
1063
1059
1057
1058
1056
1056
1054
1056
1051
1053
1054
1051
1051
1046
1050
1045
1047
1046
1046
1044
1039
1038
1040
1039
1039
1034
1038
1034
1032
1030
1030
1031
1030
1027
1028
1029
1024
1026
1021
1021
1019
1023
1020
1017
1016
1014
1017
1013
1013
1010
1013
1009
1012
1009
1008
1009
1007
1003
1004
1003
1004
998
1000
997
998
996
994
996
995
992
992
989
989
989
985
989
987
986
983
983
983
980
979
980
977
977
976
973
974
972
972
973
971
970
967
967
967
966
965
964
962
959
958
957
955
958
954
957
952
952
950
953
951
948
945
944
943
942
943
940
940
943
941
936
937
937
933
934
935
933
933
929
929
928
929
928
923
923
926
921
919
923
921
921
918
917
916
916
912
910
912
909
910
908
906
904
907
903
902
900
901
899
900
897
896
896
894
895
896
895
890
891
889
889
889
888
884
885
885
883
882
880
882
877
878
879
876
876
875
873
872
871
871
870
867
867
864
862
863
862
859
861
861
860
856
858
858
856
854
852
851
853
848
848
850
847
848
842
841
840
844
841
837
840
838
839
836
832
836
833
832
829
831
829
827
829
827
827
825
821
823
822
822
821
819
817
816
816
815
813
811
808
812
811
810
806
805
805
805
803
800
800
801
801
799
798
798
796
795
794
791
793
791
791
785
787
787
784
781
781
779
778
778
779
776
775
773
777
773
770
773
772
772
769
766
765
763
762
765
761
759
763
758
756
757
757
755
754
752
755
750
750
752
747
748
744
748
744
744
742
739
743
739
738
739
737
738
733
736
733
733
730
728
726
730
728
726
722
726
721
721
719
719
721
716
718
717
716
715
712
710
710
708
708
710
705
705
702
706
704
703
699
698
701
697
698
693
692
694
691
690
688
689
690
689
688
684
687
685
685
684
682
682
678
678
677
675
675
673
671
672
671
670
669
665
667
665
666
663
665
662
659
661
660
655
654
656
654
652
650
653
653
649
648
650
646
645
643
646
641
639
642
640
638
640
635
635
632
635
630
634
629
630
631
628
629
628
627
625
625
623
623
621
617
616
618
617
614
611
615
612
612
609
608
608
608
607
602
602
602
602
603
600
599
599
595
598
592
592
594
590
592
591
588
587
586
585
583
581
581
582
578
580
579
580
575
574
573
571
573
573
571
572
568
568
566
567
562
566
564
561
563
557
558
558
559
553
557
556
555
554
553
551
547
550
544
543
546
545
543
542
539
541
537
537
539
534
533
531
535
533
529
530
531
527
528
524
526
521
524
524
521
517
519
520
518
513
514
513
513
513
512
509
506
510
509
505
503
501
500
499
498
500
497
497
498
498
495
496
491
493
490
492
489
490
489
488
484
486
480
483
479
478
478
475
475
477
476
473
471
474
472
470
468
470
465
468
467
462
464
463
462
461
456
457
459
458
457
451
450
451
448
452
447
447
448
444
444
444
442
440
440
440
438
436
437
433
434
433
432
433
428
429
426
430
429
427
427
426
421
424
423
420
417
415
415
416
413
415
411
412
409
412
409
406
408
404
404
401
401
400
401
401
397
400
395
393
392
391
394
393
388
390
388
388
386
388
385
383
380
380
379
377
378
378
377
376
376
373
371
372
369
368
368
368
366
367
367
366
364
364
359
360
356
360
357
357
357
354
353
352
350
352
348
346
346
346
347
343
345
339
339
338
338
339
337
336
332
333
332
331
330
328
328
325
328
327
327
324
320
322
318
320
316
315
314
313
313
315
313
310
311
310
309
305
304
307
303
301
303
304
299
301
297
299
296
298
292
294
290
291
288
289
286
289
287
287
287
286
280
283
280
280
277
278
274
273
273
275
274
273
271
267
271
267
269
267
262
262
260
260
261
257
258
255
259
253
254
252
252
250
248
250
251
247
245
243
245
245
244
240
241
241
237
235
235
238
235
231
234
229
229
232
230
227
228
226
224
223
222
222
219
221
218
216
218
214
216
215
211
211
211
211
206
210
207
203
205
206
204
204
200
202
200
200
199
194
196
192
193
189
191
191
188
188
188
187
184
183
185
183
183
180
179
176
178
175
177
176
174
169
172
168
166
169
168
168
162
162
165
163
158
161
159
156
157
155
157
153
152
151
149
148
146
145
149
143
144
144
141
144
139
142
140
138
137
136
136
133
130
129
133
129
126
126
127
123
124
124
122
123
121
121
120
117
118
113
115
112
112
110
109
107
109
108
109
108
106
105
103
99
100
100
99
96
97
98
97
95
92
92
91
90
86
90
89
85
87
85
84
81
79
80
78
77
77
75
75
72
72
73
71
69
67
65
69
66
64
65
63
64
62
58
59
60
58
56
54
55
50
51
52
50
49
50
48
45
46
45
45
44
43
42
37
38
37
35
35
34
33
34
33
31
30
26
25
27
24
23
24
22
22
17
18
16
14
13
12
16
14
11
8
12
11
9
6
4
7
2
