1254
1252
1249
1249
1251
1246
1249
1246
1245
1245
1245
1244
1238
1238
1241
1235
1239
1235
1235
1233
1234
1230
1232
1227
1231
1227
1227
1225
1223
1225
1222
1223
1218
1222
1218
1218
1214
1217
1216
1215
1215
1210
1213
1211
1206
1210
1208
1203
1204
1202
1204
1199
1198
1201
1198
1196
1198
1198
1195
1191
1195
1191
1190
1189
1189
1186
1185
1187
1187
1186
1182
1184
1182
1180
1178
1175
1174
1175
1175
1171
1174
1172
1173
1167
1170
1166
1164
1164
1162
1165
1162
1161
1160
1162
1158
1156
1155
1153
1153
1155
1150
1149
1152
1147
1151
1145
1147
1147
1143
1143
1140
1141
1142
1140
1138
1137
1134
1138
1137
1136
1131
1131
1130
1128
1127
1128
1126
1126
1125
1121
1120
1121
1121
1118
1121
1117
1118
1116
1114
1116
1111
1114
1113
1109
1108
1110
1104
1103
1104
1106
1100
1099
1102
1102
1098
1098
1098
1094
1097
1096
1095
1092
1090
1092
1090
1086
1086
1086
1083
1082
1085
1081
1082
1078
1078
1079
1079
1074
1075
1072
1070
1070
1068
1072
1067
1066
1065
1064
1063
1061
1061
1063
1063
1057
1058
1059
1058
1057
1053
1053
1052
1051
1048
1051
1050
1049
1049
1047
1047
1044
1044
1039
1042
1040
1036
1039
1035
1037
1036
1033
1034
1030
1029
1031
1026
1026
1024
1027
1023
1021
1025
1021
1021
1018
1019
1019
1019
1018
1015
1016
1014
1009
1010
1007
1008
1008
1008
1008
1007
1006
1003
1004
999
998
996
995
998
997
997
992
992
992
993
992
990
990
987
985
983
984
985
980
981
980
981
978
975
978
977
976
971
972
970
967
971
966
968
963
966
964
963
964
960
962
959
960
959
953
953
956
951
952
950
947
946
946
947
944
947
946
941
940
941
938
939
937
935
938
934
933
931
929
931
932
930
930
927
924
926
921
924
923
922
922
916
920
919
915
912
912
910
912
909
912
907
909
907
907
906
906
903
901
901
901
896
899
896
897
897
896
891
890
889
889
891
888
886
887
886
883
883
884
881
880
877
879
874
873
877
874
874
871
872
869
869
870
866
865
866
864
864
861
859
862
856
858
857
855
857
852
855
851
850
848
850
850
844
845
847
841
842
842
841
837
840
835
834
835
837
835
831
831
829
831
830
825
825
827
824
825
821
824
823
817
820
815
817
813
814
812
815
813
809
811
807
809
807
805
803
801
802
802
803
801
797
796
798
797
797
793
791
791
792
792
786
789
788
786
783
783
780
779
782
778
780
775
774
778
774
774
773
772
768
772
770
768
765
763
762
762
760
764
759
759
759
757
755
758
753
755
752
754
748
749
747
745
747
744
746
743
741
741
738
739
738
737
736
737
736
731
733
730
732
728
727
729
729
724
727
725
724
722
720
719
721
717
717
714
716
716
711
712
710
710
711
709
709
704
704
704
701
703
701
699
699
699
694
696
696
692
692
691
689
687
687
688
685
685
687
681
685
683
680
678
678
678
677
673
673
674
673
670
669
669
669
668
668
665
663
666
662
662
658
658
656
659
655
653
654
654
653
649
653
647
647
645
648
645
646
641
642
644
641
639
640
635
637
633
632
631
635
632
631
632
628
630
626
624
622
622
620
623
619
618
617
618
617
614
614
611
611
613
611
609
608
606
606
604
604
602
605
599
598
601
601
598
594
593
592
591
592
591
589
587
588
587
588
587
582
583
583
581
581
579
577
576
579
576
572
573
570
574
568
569
568
568
569
563
562
566
560
562
558
561
560
558
559
554
555
555
552
549
552
549
547
546
549
545
546
545
542
544
543
538
539
535
538
536
534
536
531
532
530
528
528
530
526
528
524
525
524
519
519
521
518
517
518
516
514
511
511
510
509
510
506
505
509
504
507
504
503
502
500
502
498
498
497
496
497
496
491
492
492
491
490
485
485
485
485
486
483
479
481
481
481
480
476
477
473
475
473
474
470
471
466
465
464
466
463
464
464
461
463
460
459
455
456
458
455
451
454
450
452
450
446
447
447
446
446
442
442
439
438
442
436
439
434
436
434
436
431
432
430
430
429
429
426
423
423
425
423
423
419
419
420
420
419
418
412
411
410
413
410
409
410
408
406
406
403
404
403
401
403
397
399
395
399
394
396
391
390
389
390
388
390
388
387
385
385
381
382
381
379
379
376
377
376
378
375
375
370
371
371
371
370
366
364
363
363
364
361
361
358
359
360
359
354
356
353
353
353
352
350
347
350
345
349
347
343
345
345
343
340
337
337
337
338
338
334
331
330
330
328
329
330
325
324
324
323
324
321
320
319
318
321
320
314
313
313
316
315
312
309
311
310
307
304
304
306
301
303
301
300
301
301
295
296
298
297
293
294
290
290
291
286
286
288
287
287
283
283
279
278
278
281
278
277
277
275
276
274
273
270
272
267
269
268
266
267
266
264
260
259
261
260
259
257
253
255
252
252
253
250
250
250
248
249
248
246
242
244
242
243
241
236
240
237
238
232
235
234
234
231
229
227
227
228
226
227
223
220
220
219
219
220
219
219
213
213
215
215
209
208
211
208
209
209
207
207
203
203
200
203
197
201
198
199
194
195
194
191
194
188
187
188
189
185
186
184
181
184
184
180
178
178
179
175
175
175
171
173
170
171
171
169
165
165
166
166
163
163
160
161
157
157
155
157
157
153
156
150
154
150
148
148
150
145
146
147
143
142
141
139
140
139
137
139
136
134
134
134
129
130
131
129
126
129
123
122
126
122
123
121
122
117
119
115
115
116
113
111
110
112
107
107
106
107
106
107
104
103
101
100
102
99
95
98
98
94
94
90
92
88
90
88
86
88
86
84
86
82
81
80
81
77
77
79
74
73
76
74
71
73
72
67
67
69
64
66
66
61
60
62
58
56
55
56
56
54
53
53
49
51
50
49
47
44
47
42
46
45
40
42
37
37
37
38
33
32
33
31
33
33
28
27
29
26
23
22
25
25
20
23
19
17
15
16
13
13
11
13
9
8
11
10
7
9
5
5
3
