1250
1251
1251
1250
1248
1248
1247
1248
1246
1243
1242
1244
1243
1242
1241
1238
1239
1234
1237
1231
1235
1233
1231
1228
1229
1229
1224
1227
1226
1221
1223
1223
1222
1219
1219
1220
1215
1217
1217
1214
1210
1211
1211
1211
1211
1207
1206
1206
1206
1204
1204
1204
1200
1198
1199
1200
1195
1196
1193
1194
1190
1189
1189
1191
1188
1188
1187
1188
1183
1182
1181
1184
1179
1179
1180
1180
1178
1174
1176
1176
1173
1172
1168
1172
1168
1168
1165
1168
1164
1162
1162
1163
1163
1161
1157
1158
1155
1157
1156
1153
1154
1149
1148
1152
1146
1150
1147
1143
1142
1143
1143
1142
1141
1139
1141
1136
1136
1133
1135
1135
1131
1132
1128
1128
1128
1127
1129
1125
1127
1125
1124
1120
1120
1121
1118
1118
1114
1113
1115
1113
1115
1114
1110
1111
1108
1105
1107
1108
1105
1104
1100
1099
1102
1101
1098
1099
1095
1097
1097
1094
1093
1089
1088
1091
1088
1089
1087
1084
1085
1085
1084
1080
1083
1079
1080
1075
1077
1075
1074
1075
1073
1072
1073
1069
1066
1069
1068
1066
1066
1063
1063
1062
1063
1059
1060
1059
1054
1056
1057
1055
1054
1054
1051
1051
1046
1049
1046
1045
1047
1044
1045
1042
1039
1039
1040
1036
1037
1036
1032
1034
1034
1030
1028
1031
1030
1025
1025
1027
1026
1023
1020
1019
1023
1022
1018
1020
1017
1013
1013
1016
1012
1013
1011
1011
1011
1010
1006
1006
1004
1003
1003
999
998
1000
998
996
995
998
993
994
993
990
989
987
987
985
986
986
984
985
985
980
983
980
979
975
976
974
975
975
975
972
971
970
968
965
969
963
966
961
960
959
961
958
957
958
954
957
955
955
955
950
951
947
947
947
944
948
947
945
943
944
938
941
941
936
936
936
934
933
935
933
929
928
928
927
927
924
922
924
922
923
918
921
920
916
915
916
915
914
910
909
913
907
906
905
908
906
906
906
902
904
898
901
901
898
894
893
897
894
890
889
889
890
889
887
885
884
882
885
880
879
883
878
878
880
877
873
877
871
871
870
871
872
867
870
865
864
867
865
864
864
859
861
857
857
859
856
857
853
852
852
853
852
851
849
845
843
842
841
841
840
841
839
840
835
834
837
837
833
830
833
830
827
828
827
825
824
824
824
820
821
822
818
818
815
816
816
817
812
810
810
812
811
809
808
805
808
802
806
800
801
798
801
796
797
795
796
792
796
792
789
788
791
787
787
784
784
783
786
780
779
782
782
777
778
777
776
772
772
770
772
771
770
766
765
765
766
766
761
760
764
763
760
756
759
757
758
752
753
753
751
753
749
748
745
744
748
745
744
741
740
738
740
736
735
734
735
737
731
731
731
733
731
726
725
724
724
723
726
724
720
723
721
718
717
718
716
712
713
713
712
712
708
711
705
708
708
707
703
703
700
702
702
697
699
694
693
693
691
691
693
689
689
686
688
684
683
687
686
681
683
679
679
678
676
678
678
675
672
672
674
673
669
671
668
669
668
662
663
663
664
662
659
657
658
655
655
652
655
654
653
652
648
651
649
647
643
645
641
641
643
641
642
641
638
634
636
632
636
630
629
630
630
628
625
626
628
625
624
620
619
621
622
619
617
619
617
612
616
612
613
611
612
611
605
606
604
603
601
602
603
600
599
599
598
594
594
596
593
593
594
588
589
589
587
584
587
586
586
583
584
583
581
577
575
578
577
572
575
574
574
571
567
568
568
565
564
562
565
563
561
563
557
560
556
556
557
553
552
552
553
550
550
548
547
544
543
542
541
542
540
540
541
536
539
534
537
535
532
535
530
528
530
527
525
528
524
524
526
523
524
519
517
520
519
517
513
516
511
511
512
511
509
506
505
508
506
505
506
501
503
498
497
498
497
497
496
493
491
495
489
488
489
487
489
487
483
483
481
480
480
478
482
480
475
476
478
477
476
472
474
473
470
466
469
468
467
464
465
461
460
459
457
458
460
458
457
455
452
451
452
453
447
446
446
445
447
446
444
442
439
438
442
439
435
436
435
432
435
433
432
430
430
431
426
424
427
426
424
421
424
418
420
418
417
416
418
417
416
411
412
408
407
407
408
408
405
403
401
400
403
401
398
396
398
395
397
394
393
394
390
393
392
390
390
385
384
386
386
380
383
379
378
377
375
375
375
377
373
371
369
370
372
370
367
368
363
367
361
360
363
363
362
358
359
358
358
355
355
351
354
352
350
347
345
347
346
344
344
340
341
338
340
336
335
335
333
337
334
335
330
330
329
331
325
325
323
327
323
323
321
323
318
318
317
315
313
314
311
315
313
313
312
306
306
306
308
304
304
304
301
298
298
297
296
296
298
293
291
293
294
293
292
290
288
287
284
284
284
282
282
282
277
276
277
277
276
275
274
270
270
269
267
269
265
267
268
265
262
264
264
258
262
258
257
257
258
255
252
252
251
251
249
247
247
249
245
246
244
240
240
241
239
236
239
236
236
234
235
232
233
231
228
227
229
229
227
223
226
224
223
222
217
219
218
216
213
216
215
211
213
212
212
208
205
204
203
203
205
203
201
200
200
200
198
196
194
197
196
190
194
188
190
188
185
189
185
184
184
184
179
182
178
176
177
176
175
173
173
173
171
173
171
169
165
168
163
163
162
161
161
160
158
156
159
159
156
152
152
155
149
152
152
150
150
145
148
146
146
142
144
141
138
138
135
135
134
136
136
132
131
128
128
128
127
125
125
122
125
125
123
118
121
120
115
118
113
115
112
115
114
111
110
106
108
108
103
106
101
101
102
103
101
100
99
99
97
93
94
94
91
93
90
89
90
87
84
86
85
84
81
78
78
76
75
77
78
73
74
75
72
72
72
70
70
68
64
66
64
64
62
59
59
58
59
59
56
52
54
55
51
52
51
51
46
46
45
45
41
40
39
41
38
41
40
39
35
36
36
31
34
28
30
29
30
24
27
26
23
25
21
19
21
17
20
18
14
15
12
11
13
12
12
10
7
7
8
7
3
