1254
1250
1250
1250
1246
1245
1246
1245
1246
1246
1245
1242
1239
1239
1241
1237
1239
1235
1237
1236
1231
1231
1232
1231
1229
1227
1227
1223
1224
1225
1224
1222
1222
1220
1221
1215
1215
1218
1215
1214
1210
1213
1210
1211
1208
1210
1207
1208
1207
1205
1201
1200
1199
1198
1201
1197
1194
1194
1192
1192
1191
1193
1189
1187
1186
1189
1184
1184
1182
1182
1181
1182
1178
1181
1179
1180
1176
1176
1173
1174
1175
1174
1170
1169
1166
1170
1169
1168
1167
1161
1165
1159
1158
1161
1156
1159
1156
1158
1154
1155
1150
1152
1153
1151
1149
1150
1145
1143
1142
1146
1142
1142
1139
1138
1141
1140
1138
1133
1137
1132
1132
1132
1133
1128
1129
1127
1124
1124
1123
1121
1121
1121
1118
1118
1117
1120
1116
1117
1116
1112
1114
1109
1113
1109
1107
1107
1105
1104
1107
1106
1104
1100
1098
1101
1100
1099
1096
1094
1097
1092
1092
1090
1092
1089
1088
1089
1084
1084
1085
1085
1083
1084
1078
1082
1080
1075
1075
1076
1074
1071
1071
1070
1073
1072
1070
1065
1066
1064
1064
1062
1065
1061
1058
1059
1058
1057
1054
1058
1057
1051
1052
1053
1050
1047
1048
1045
1045
1047
1042
1043
1044
1044
1040
1040
1041
1039
1036
1036
1032
1035
1035
1031
1029
1028
1031
1028
1028
1028
1022
1022
1023
1020
1018
1018
1017
1018
1017
1014
1016
1012
1012
1010
1011
1009
1011
1006
1006
1007
1003
1002
1000
1001
1001
999
1001
996
994
995
997
994
990
993
990
988
986
987
986
984
985
981
981
980
979
979
980
979
977
976
974
973
973
971
968
971
971
966
968
964
963
961
963
964
958
962
959
958
955
957
955
955
955
954
949
952
951
945
947
945
943
943
941
939
940
937
939
938
936
936
933
934
930
929
929
930
929
925
925
923
926
922
923
920
918
922
921
920
915
915
912
915
911
910
912
909
911
910
907
904
904
904
901
899
899
897
900
900
898
897
892
895
890
892
888
887
891
888
886
883
887
881
881
879
878
880
877
876
877
878
875
872
874
872
872
870
866
866
869
867
867
864
861
860
858
858
859
856
858
857
853
855
855
852
851
851
850
845
848
848
843
845
840
843
838
839
841
839
834
833
836
833
830
831
829
829
826
827
828
824
824
825
820
820
820
817
820
819
814
816
817
814
814
814
813
812
806
810
806
807
807
804
803
801
799
800
801
796
797
794
796
792
791
789
788
789
786
787
789
784
787
782
784
779
781
778
776
777
778
773
774
773
775
774
773
767
768
769
769
764
767
763
762
761
762
759
757
755
759
758
755
756
752
749
753
749
746
749
746
746
742
742
742
741
738
742
738
738
737
736
732
736
732
733
731
730
726
729
728
724
726
724
725
724
723
720
721
718
715
715
714
712
710
712
713
712
711
705
707
705
705
704
705
700
699
699
700
695
698
693
697
693
692
692
692
689
688
688
686
683
684
684
685
683
679
679
680
679
676
676
673
672
672
670
672
672
669
665
667
663
664
663
661
664
660
659
661
658
657
654
653
653
654
652
648
649
647
650
649
644
647
642
644
643
639
641
637
635
635
638
636
634
633
634
630
629
629
629
629
623
627
626
625
623
618
622
616
618
616
613
616
616
611
610
612
609
609
606
605
603
602
606
602
601
599
598
596
596
596
598
593
591
595
592
591
587
587
590
586
585
582
584
584
580
580
579
578
577
574
574
573
575
571
572
570
571
566
567
566
563
565
565
564
559
558
558
561
560
558
557
552
551
550
554
550
549
549
550
544
546
547
546
541
539
540
540
536
536
539
538
537
534
530
533
528
532
526
525
529
528
524
522
524
524
518
519
520
520
514
515
517
511
510
510
511
512
509
506
509
503
502
501
502
504
499
502
501
495
496
495
495
495
493
493
490
490
486
487
484
485
482
482
483
482
481
477
479
477
478
477
475
475
471
470
468
467
468
470
466
468
464
462
460
461
459
458
459
460
456
455
454
454
455
449
453
449
446
449
447
448
446
444
445
443
438
437
439
439
436
438
434
434
433
429
429
431
430
429
425
425
422
426
422
420
421
417
421
420
415
413
413
415
410
413
412
411
409
410
409
407
406
402
404
401
398
397
400
397
394
393
396
395
394
390
393
391
387
390
387
385
384
382
383
384
379
381
376
379
378
374
372
376
370
374
370
372
370
369
367
363
366
363
360
363
363
360
357
355
357
358
357
356
350
353
350
352
350
350
344
345
346
341
344
341
342
339
336
335
336
337
337
335
335
330
332
332
329
325
327
325
326
326
322
321
319
320
320
316
315
315
316
312
311
309
308
309
309
305
306
306
303
306
301
300
298
300
296
300
298
295
294
294
291
292
289
292
290
285
289
284
286
286
282
284
279
280
281
278
278
273
277
275
273
270
269
271
269
267
264
263
267
262
261
263
263
259
260
259
256
258
257
253
251
252
248
249
251
247
244
247
245
245
240
243
241
242
237
239
237
237
237
236
230
231
232
227
231
229
229
228
222
222
225
219
219
221
219
215
219
216
213
216
215
210
208
210
211
209
206
205
205
202
200
204
198
198
198
198
198
194
196
196
191
189
189
191
186
188
184
188
185
181
185
179
180
178
176
175
179
176
174
173
170
169
172
168
170
167
166
167
166
161
165
161
161
157
158
155
156
153
156
154
155
152
150
150
147
146
146
144
147
145
143
139
142
138
141
137
138
134
133
132
130
132
133
129
131
130
125
126
122
123
121
119
119
117
118
115
118
113
114
115
114
112
109
108
110
105
105
107
103
106
100
99
103
100
99
100
97
94
96
96
94
89
90
91
89
86
86
85
84
82
81
80
81
80
78
75
77
74
76
71
70
71
69
69
67
67
69
65
63
66
62
63
61
60
58
59
57
58
55
54
50
53
53
50
48
47
47
47
45
43
40
44
43
41
36
39
38
34
36
35
32
34
30
28
27
26
28
23
24
24
21
23
21
18
18
15
16
17
15
13
12
9
12
8
8
10
5
3
6
2
