1254
1253
1253
1247
1247
1249
1247
1245
1244
1243
1241
1242
1239
1238
1236
1235
1235
1236
1232
1236
1231
1234
1232
1229
1231
1227
1224
1225
1224
1225
1224
1223
1219
1219
1219
1220
1215
1218
1215
1216
1210
1213
1208
1209
1210
1207
1208
1207
1202
1202
1202
1201
1199
1198
1198
1199
1195
1195
1195
1191
1195
1192
1191
1189
1190
1189
1188
1188
1182
1181
1185
1181
1180
1178
1181
1175
1179
1173
1173
1176
1171
1172
1173
1169
1167
1167
1164
1167
1162
1165
1161
1161
1160
1160
1158
1158
1158
1155
1154
1151
1153
1150
1152
1148
1148
1149
1145
1146
1142
1146
1144
1142
1138
1139
1140
1139
1136
1134
1132
1131
1134
1134
1129
1127
1126
1129
1127
1123
1124
1124
1120
1122
1122
1118
1117
1120
1116
1118
1112
1113
1111
1109
1112
1111
1107
1106
1108
1104
1107
1101
1103
1101
1100
1100
1101
1097
1097
1096
1094
1096
1094
1090
1092
1088
1091
1085
1086
1083
1082
1086
1085
1082
1082
1079
1081
1078
1078
1075
1077
1076
1071
1072
1073
1068
1071
1067
1067
1064
1065
1064
1063
1064
1062
1057
1056
1060
1055
1058
1052
1051
1052
1051
1052
1051
1050
1048
1046
1048
1043
1046
1041
1039
1041
1042
1038
1038
1037
1038
1037
1033
1031
1031
1032
1027
1026
1028
1025
1026
1024
1024
1023
1023
1021
1019
1017
1018
1014
1015
1016
1015
1013
1011
1009
1012
1007
1007
1004
1004
1005
1004
1005
1004
1001
997
1001
995
998
997
996
992
992
993
991
988
991
988
989
988
985
983
984
981
981
981
979
980
978
976
977
973
971
971
973
968
966
970
968
967
967
966
960
963
960
957
958
958
955
958
954
956
952
950
949
948
950
948
947
946
943
942
942
939
938
942
941
935
937
933
932
936
933
933
933
932
927
928
928
925
923
923
921
919
918
920
916
915
916
915
915
913
913
910
909
907
907
908
908
903
905
906
905
904
900
899
901
897
897
898
896
895
893
891
889
890
889
888
886
887
882
885
880
883
879
877
877
880
875
876
875
875
874
873
872
870
871
866
868
867
867
866
860
862
859
860
857
858
856
855
852
854
853
852
850
847
846
850
848
848
846
842
843
842
839
837
838
837
838
838
834
836
835
830
831
830
830
829
826
824
822
822
820
821
818
821
820
815
814
813
816
815
811
814
809
807
811
807
809
804
804
801
804
804
798
800
800
796
799
795
792
793
790
789
789
790
790
785
784
785
787
781
780
783
780
777
777
778
776
778
772
771
772
769
769
770
769
767
768
767
766
765
761
764
762
762
756
755
759
756
753
754
752
751
748
752
750
745
748
747
744
743
744
741
739
739
739
738
739
734
737
733
732
729
732
728
727
730
729
724
725
723
722
722
723
717
719
716
717
718
712
714
711
714
712
709
711
710
706
708
705
702
702
701
701
699
701
698
698
695
692
696
694
694
688
691
691
688
689
684
685
684
684
684
681
677
678
676
674
676
673
672
674
674
672
668
670
669
669
666
665
661
662
663
659
657
657
660
657
653
657
651
652
653
653
652
648
650
644
643
645
644
642
641
638
638
641
638
635
637
633
633
630
634
630
631
630
630
628
625
624
623
622
623
619
619
621
618
616
615
615
615
611
612
608
608
607
608
606
605
602
604
602
599
598
598
599
598
596
598
592
591
590
593
588
591
590
587
588
584
585
585
581
584
578
579
578
580
578
575
576
576
572
571
571
567
568
569
569
566
564
566
562
560
559
559
559
560
554
553
554
556
552
552
552
552
549
548
545
545
545
543
543
542
542
538
537
540
534
538
537
535
532
529
529
527
527
528
527
524
526
524
524
522
518
519
518
517
517
514
517
512
515
510
509
509
506
509
506
506
504
501
502
501
502
499
496
497
495
496
493
496
493
494
493
489
486
485
484
488
484
486
484
484
478
478
477
480
475
473
476
472
475
472
473
467
471
470
469
467
463
464
465
463
463
457
458
457
454
458
456
456
452
453
448
448
447
447
444
448
443
445
445
443
440
437
439
439
434
435
437
435
433
429
431
430
431
427
425
425
427
424
420
420
418
417
419
417
417
415
414
413
411
409
413
410
408
407
404
406
402
403
402
404
399
397
401
398
396
394
394
394
394
392
389
389
389
386
387
383
382
382
380
381
383
381
377
376
376
378
374
374
375
374
372
367
371
367
369
368
362
361
362
363
359
359
359
357
358
353
356
355
355
349
349
348
351
350
347
343
342
345
343
343
343
338
340
338
336
337
336
334
331
329
332
329
329
326
325
326
327
322
321
320
318
322
320
315
316
318
316
312
314
311
310
310
307
308
309
306
307
302
300
302
303
300
296
295
299
293
292
295
295
290
289
292
289
285
286
287
287
286
285
283
280
278
276
280
275
274
274
272
272
274
271
271
268
270
264
264
264
262
264
259
261
257
261
257
255
258
252
251
250
251
252
250
249
250
245
245
246
244
245
240
243
237
241
235
235
236
237
235
235
232
228
227
226
229
227
225
222
223
224
224
223
218
221
217
219
213
217
213
210
213
212
212
209
210
208
206
204
204
200
202
203
202
201
200
199
193
192
192
191
191
189
191
186
189
186
185
185
186
181
182
179
180
178
179
175
173
173
175
170
171
171
169
167
165
168
164
163
164
165
163
161
160
158
158
156
158
153
151
154
150
149
151
148
148
145
146
142
142
142
140
140
139
136
136
134
136
135
131
132
129
133
127
127
130
126
128
124
123
125
121
119
120
118
117
115
116
113
116
115
111
109
111
110
105
109
105
104
101
104
104
102
98
97
95
94
93
93
91
95
91
91
91
90
90
87
88
82
85
83
80
79
80
80
75
78
77
73
74
70
69
69
68
70
69
66
63
63
66
65
59
58
60
58
59
54
57
54
55
51
49
48
50
49
47
46
43
42
45
45
44
42
38
37
35
37
35
37
36
34
30
33
28
27
29
24
26
22
26
23
20
20
21
19
16
15
18
14
16
14
9
12
11
11
10
7
3
6
6
