1255
1253
1252
1251
1249
1249
1248
1246
1242
1241
1245
1242
1243
1242
1240
1236
1236
1233
1237
1231
1230
1232
1232
1228
1230
1228
1226
1227
1222
1222
1221
1222
1219
1221
1219
1215
1216
1216
1212
1215
1214
1209
1213
1211
1206
1208
1208
1207
1207
1205
1203
1203
1202
1197
1196
1196
1198
1196
1196
1192
1190
1194
1192
1188
1190
1186
1189
1188
1184
1185
1185
1180
1182
1179
1181
1179
1176
1174
1172
1171
1170
1170
1173
1170
1166
1166
1164
1165
1163
1161
1161
1163
1162
1161
1157
1158
1158
1154
1157
1153
1155
1150
1150
1148
1150
1149
1148
1143
1146
1144
1144
1143
1140
1139
1139
1135
1135
1134
1137
1136
1135
1130
1132
1130
1126
1130
1125
1124
1122
1123
1125
1123
1121
1122
1120
1117
1115
1113
1115
1115
1110
1109
1109
1110
1106
1105
1105
1106
1105
1102
1103
1101
1102
1102
1100
1100
1097
1093
1095
1093
1093
1092
1090
1091
1091
1089
1085
1083
1082
1083
1081
1079
1078
1081
1078
1075
1075
1076
1077
1076
1072
1074
1071
1067
1068
1070
1065
1063
1066
1063
1065
1059
1060
1060
1058
1059
1058
1057
1055
1054
1055
1053
1051
1047
1046
1047
1049
1047
1047
1042
1042
1042
1038
1042
1036
1035
1037
1036
1034
1035
1034
1031
1032
1030
1030
1030
1024
1025
1023
1021
1022
1020
1018
1018
1018
1017
1018
1014
1013
1011
1014
1009
1013
1012
1006
1010
1008
1006
1004
1003
1003
999
998
1002
1001
995
998
993
997
994
992
994
992
989
986
989
985
986
987
985
981
984
981
977
979
976
975
978
973
971
972
969
971
968
970
970
965
968
964
965
963
964
962
961
956
957
955
956
955
952
955
953
950
949
949
947
945
946
944
942
944
939
941
942
938
938
939
937
934
931
932
932
933
927
928
927
926
926
923
922
924
919
922
919
916
918
917
915
915
912
911
911
913
910
908
909
908
908
907
905
900
901
903
900
896
896
895
898
896
892
890
891
892
889
890
887
889
885
883
884
881
881
881
882
876
877
879
875
873
874
875
872
872
868
867
865
865
867
866
862
864
864
860
857
856
856
856
853
855
856
855
854
850
849
851
847
846
845
843
843
841
842
838
841
840
839
837
833
832
834
831
831
828
827
829
826
827
827
826
826
820
824
822
820
819
818
817
817
815
814
811
813
808
812
807
808
806
805
806
806
805
803
799
799
801
799
799
793
796
795
795
790
791
790
786
789
788
787
786
781
784
780
782
782
778
779
775
776
777
776
773
771
773
770
769
769
765
765
766
763
762
763
762
758
757
756
757
757
756
752
753
751
748
747
749
750
745
745
744
746
745
743
739
737
741
735
736
735
736
732
732
732
732
730
731
729
726
728
723
722
722
719
720
721
716
717
714
715
714
714
713
710
709
711
707
708
706
703
703
702
701
702
698
699
696
700
698
698
697
695
693
691
693
689
690
689
684
688
682
683
683
683
681
680
677
675
675
676
672
674
670
672
668
671
666
665
664
664
667
664
661
663
660
657
658
660
658
654
656
651
652
649
653
652
651
647
645
646
642
644
642
640
642
641
636
640
638
634
635
633
631
631
633
630
627
628
629
623
624
623
623
622
622
620
619
617
618
615
615
613
615
614
612
609
610
608
606
605
603
605
603
603
603
601
598
599
599
594
597
593
592
590
591
589
591
588
586
587
583
582
585
582
579
581
579
580
575
577
572
574
574
570
572
570
566
566
566
568
566
566
561
559
559
560
560
560
558
557
553
555
552
553
550
549
550
548
544
548
544
546
540
540
543
542
540
540
535
537
537
533
532
530
533
531
526
530
528
528
524
524
520
519
519
520
516
520
514
518
517
512
510
513
513
507
509
509
506
504
506
502
500
500
502
497
496
496
498
498
497
491
492
492
490
491
487
485
488
485
484
481
481
481
479
481
479
477
479
475
476
475
473
471
468
467
470
466
465
467
463
463
465
460
462
461
457
458
458
457
457
454
451
449
448
452
451
446
448
448
444
441
445
444
441
440
440
440
438
434
433
434
435
431
430
427
426
425
428
425
427
423
424
420
422
419
417
418
417
414
414
416
412
414
413
411
408
409
404
405
407
405
403
399
400
402
400
397
399
394
397
393
391
389
391
387
388
390
386
388
387
383
380
381
382
379
380
375
377
374
374
376
374
374
370
368
366
365
366
364
365
361
361
361
359
357
358
357
356
354
357
356
352
350
348
351
349
350
345
343
342
341
340
341
339
340
339
338
337
338
336
332
333
331
331
330
330
325
328
326
323
322
322
320
319
322
316
317
315
316
315
312
310
312
309
312
307
309
308
304
305
305
304
302
298
302
301
298
295
296
292
295
290
289
289
290
289
285
284
283
282
283
282
279
283
280
277
280
279
274
274
273
272
272
268
268
269
265
269
267
266
262
264
262
263
258
261
258
259
254
253
252
252
253
251
249
250
247
245
245
243
243
241
240
241
240
240
235
236
233
236
231
233
230
228
229
226
227
227
226
224
222
225
222
221
219
217
218
216
218
214
214
210
212
212
208
206
206
209
204
205
204
202
204
200
200
201
197
195
197
192
194
192
194
190
190
189
185
187
188
186
182
185
180
181
180
181
176
176
177
175
176
175
173
169
171
170
166
169
168
166
166
164
162
160
160
160
157
155
154
152
156
150
150
151
147
147
148
146
143
147
144
141
139
138
139
140
135
136
134
132
135
130
134
130
128
129
125
126
127
126
123
122
123
123
117
119
115
119
115
117
112
111
110
108
111
109
106
107
105
103
106
105
100
98
99
100
99
97
93
96
91
91
91
91
92
88
89
85
83
82
83
85
81
80
77
76
75
79
77
72
74
71
69
71
71
66
66
67
68
65
62
65
63
59
59
60
59
58
57
57
55
55
52
48
52
49
45
44
44
43
45
44
40
42
39
41
37
39
34
36
34
33
32
33
32
29
26
29
24
24
21
24
23
20
20
17
19
17
16
14
16
15
11
11
8
8
10
4
8
2
1
