1253
1251
1253
1248
1249
1246
1247
1243
1245
1242
1240
1239
1241
1237
1239
1239
1234
1237
1233
1231
1230
1233
1229
1230
1229
1227
1227
1225
1223
1224
1224
1219
1221
1219
1216
1215
1219
1217
1214
1215
1210
1212
1209
1211
1207
1206
1204
1205
1204
1204
1205
1200
1198
1201
1199
1199
1194
1196
1192
1196
1190
1193
1188
1191
1187
1188
1185
1183
1186
1185
1185
1184
1178
1182
1180
1176
1177
1178
1172
1171
1171
1171
1173
1168
1171
1170
1168
1165
1162
1161
1160
1159
1159
1160
1160
1156
1158
1158
1154
1151
1154
1151
1149
1151
1146
1146
1146
1145
1143
1141
1145
1140
1140
1139
1138
1139
1139
1135
1132
1133
1133
1131
1131
1130
1131
1130
1124
1124
1123
1124
1124
1120
1118
1118
1120
1117
1118
1117
1113
1113
1115
1111
1109
1109
1111
1106
1104
1107
1103
1103
1105
1102
1099
1099
1101
1099
1098
1097
1096
1091
1091
1094
1091
1092
1091
1087
1086
1085
1085
1085
1080
1080
1082
1082
1079
1078
1077
1073
1075
1074
1073
1071
1068
1070
1070
1067
1066
1063
1062
1065
1064
1059
1060
1057
1059
1056
1058
1057
1057
1055
1050
1052
1050
1047
1050
1046
1047
1048
1047
1042
1045
1040
1040
1041
1039
1038
1034
1034
1036
1034
1033
1030
1030
1031
1029
1026
1024
1028
1024
1022
1022
1024
1018
1022
1017
1018
1015
1015
1015
1011
1011
1011
1009
1008
1011
1006
1007
1008
1004
1004
1004
1001
999
1000
1000
995
995
994
997
993
991
993
988
988
990
989
988
984
982
982
982
979
978
977
976
978
978
977
977
976
971
970
971
967
969
967
969
966
964
965
961
963
958
962
959
957
959
957
953
954
952
953
953
952
949
950
946
943
946
942
940
941
942
939
937
939
939
933
935
934
933
929
929
927
927
929
926
928
925
921
920
922
923
917
920
915
917
917
915
916
910
911
911
910
911
906
908
906
907
906
900
903
902
897
901
897
896
896
894
894
894
891
891
892
891
890
885
888
884
881
884
884
881
880
877
880
875
875
874
875
872
869
872
869
871
870
867
867
865
863
863
864
862
861
859
857
855
853
853
851
853
854
850
849
846
846
845
843
843
846
840
842
838
842
839
840
835
835
834
831
831
834
833
827
830
828
826
826
827
822
823
822
819
817
818
819
815
815
817
814
815
812
812
810
808
806
804
808
806
806
802
800
798
800
800
795
797
794
793
795
791
790
788
792
789
787
788
785
784
782
781
780
783
780
778
780
776
775
772
773
774
769
772
768
767
769
769
763
764
765
765
759
761
758
757
759
755
756
755
751
755
753
749
750
750
748
745
746
747
744
745
742
741
739
740
739
739
734
733
732
731
733
731
729
728
727
729
727
724
724
721
724
723
719
720
716
717
717
716
714
713
711
708
712
707
708
708
706
702
706
704
704
703
701
697
696
695
696
692
692
694
692
690
692
686
689
689
688
682
685
681
681
680
680
676
679
679
677
672
672
675
671
670
669
668
666
667
667
664
663
664
662
662
660
660
659
659
656
653
656
651
649
648
652
647
650
647
647
646
645
640
642
642
637
641
635
636
637
635
636
632
630
632
631
631
627
629
623
627
624
623
621
621
619
621
615
619
618
616
613
613
611
608
609
611
606
605
608
607
601
604
602
599
597
598
595
594
596
595
595
591
594
591
592
589
587
589
583
583
582
581
581
582
582
576
580
578
577
576
575
574
571
569
572
571
570
569
568
564
565
565
564
558
561
556
556
557
554
552
552
550
549
550
551
547
547
544
547
545
543
544
544
539
537
541
539
538
537
533
536
531
532
528
527
526
526
527
528
523
523
522
523
519
522
520
520
517
518
516
511
514
512
513
512
509
510
504
506
504
503
505
500
502
500
500
497
494
496
496
492
491
489
493
491
491
489
488
487
487
483
485
479
481
480
478
477
478
476
474
473
472
473
471
469
470
467
469
463
467
464
460
459
459
462
459
457
456
454
455
452
454
449
450
448
447
446
446
447
447
445
441
442
442
439
436
438
436
434
432
431
435
429
432
429
428
429
426
425
426
424
424
422
421
422
419
418
418
415
416
414
411
411
410
408
408
410
408
405
402
402
402
404
403
401
397
395
397
396
394
395
393
391
391
388
390
385
385
386
385
382
385
381
379
382
380
380
376
375
376
373
374
373
369
367
369
367
366
368
362
365
360
359
358
358
361
358
357
355
352
356
354
352
351
350
347
348
345
348
346
345
342
341
341
340
338
335
336
333
335
331
334
330
330
331
328
325
327
328
322
325
323
320
321
317
319
316
315
315
315
312
314
313
313
312
307
306
305
304
307
304
303
301
303
301
299
299
299
296
294
292
294
290
288
292
286
288
287
288
284
286
282
280
282
279
276
275
275
274
272
272
274
269
273
272
266
267
265
268
265
261
265
260
259
257
260
259
259
254
252
254
255
253
251
247
250
250
244
247
242
246
245
244
243
242
238
235
238
234
234
233
234
229
231
228
231
225
224
223
223
223
224
223
221
220
217
219
218
216
214
213
210
212
208
209
210
209
206
204
202
202
200
200
201
199
198
195
194
196
197
196
193
193
192
190
189
186
184
187
186
181
182
182
181
178
177
179
179
173
177
175
173
171
173
167
167
165
164
166
167
165
163
161
163
157
156
155
159
155
157
151
152
154
151
152
149
146
148
144
146
142
143
144
142
139
136
137
134
138
134
135
133
132
131
128
129
128
127
123
126
125
121
123
118
122
121
120
117
118
117
116
113
111
112
108
109
108
107
103
104
103
100
104
102
98
98
100
94
93
96
93
92
90
90
90
88
90
86
83
87
82
80
82
79
82
81
75
74
73
77
76
73
70
68
68
66
66
66
65
65
64
65
63
59
62
58
56
59
53
57
52
53
52
51
48
50
45
48
47
46
44
40
43
43
39
38
39
37
38
36
35
35
30
28
29
29
29
24
24
24
23
21
19
18
20
16
16
18
13
15
12
14
10
11
11
8
7
5
8
6
2
