1253
1250
1249
1250
1248
1248
1249
1247
1243
1245
1244
1242
1238
1242
1236
1238
1238
1237
1237
1233
1232
1232
1230
1229
1231
1225
1228
1227
1224
1225
1224
1223
1219
1218
1220
1219
1214
1214
1215
1212
1214
1211
1211
1209
1211
1209
1209
1207
1202
1206
1200
1203
1199
1201
1199
1198
1197
1197
1195
1196
1191
1193
1189
1189
1190
1185
1184
1186
1182
1186
1185
1181
1178
1180
1180
1179
1176
1177
1177
1171
1171
1173
1169
1167
1167
1169
1164
1166
1163
1164
1161
1159
1160
1160
1161
1160
1158
1158
1153
1156
1153
1154
1150
1152
1150
1150
1144
1145
1144
1144
1140
1139
1143
1138
1138
1137
1138
1138
1133
1132
1132
1131
1129
1129
1127
1125
1124
1125
1125
1122
1125
1122
1118
1119
1116
1116
1119
1116
1113
1115
1112
1114
1113
1112
1110
1105
1104
1103
1104
1103
1102
1101
1098
1099
1099
1095
1095
1096
1097
1093
1090
1092
1093
1089
1089
1085
1084
1086
1084
1084
1085
1083
1080
1078
1079
1080
1076
1073
1074
1073
1070
1069
1068
1068
1067
1069
1068
1063
1064
1066
1065
1059
1062
1058
1060
1060
1056
1054
1057
1053
1052
1050
1049
1049
1047
1048
1046
1047
1042
1042
1041
1039
1042
1037
1036
1040
1036
1037
1035
1031
1033
1031
1033
1032
1029
1029
1026
1025
1026
1025
1021
1023
1021
1021
1018
1020
1018
1013
1013
1013
1014
1010
1008
1007
1007
1008
1004
1005
1005
1005
1002
1004
1000
1002
1001
995
999
998
993
993
990
991
992
991
987
985
986
987
986
984
983
979
982
979
978
978
978
975
972
971
970
974
971
971
966
965
965
966
962
965
961
960
960
957
957
957
955
953
955
951
953
950
948
948
950
947
949
945
944
945
941
941
938
942
938
936
938
933
937
936
934
932
932
931
926
927
928
925
925
924
925
923
920
920
920
919
917
915
913
915
910
912
911
908
910
907
905
903
906
903
903
901
903
902
900
900
896
897
895
893
890
892
889
892
891
886
884
884
887
886
882
884
883
881
876
879
874
874
872
874
875
871
873
871
868
865
868
864
867
866
861
860
863
859
857
857
858
853
853
856
851
853
852
849
851
846
848
844
847
842
841
841
839
837
837
838
834
837
833
833
831
833
833
829
831
825
828
826
825
821
822
823
818
819
818
820
815
816
812
816
815
810
808
808
810
807
805
806
804
802
802
799
798
797
799
797
794
794
794
796
791
793
790
791
790
790
785
783
785
782
782
784
778
778
776
775
774
774
775
772
774
774
771
770
770
767
766
763
763
761
762
763
761
760
759
760
755
753
754
753
751
753
751
749
751
750
744
748
745
745
742
741
740
738
739
735
738
734
735
733
732
733
731
730
731
727
727
725
727
722
723
719
723
721
721
715
717
718
713
713
713
711
711
707
711
710
704
708
702
706
702
699
700
702
700
695
697
695
695
696
695
694
690
691
689
689
688
685
686
685
685
679
678
679
677
678
678
674
676
674
671
671
670
667
671
666
668
666
662
662
661
664
660
660
660
658
659
655
653
654
652
654
652
648
647
648
646
648
646
641
640
641
639
638
641
637
634
634
635
634
633
631
633
632
629
628
626
625
623
623
623
619
618
621
617
620
615
614
617
615
610
614
613
610
611
609
607
604
607
605
602
603
600
602
600
598
598
596
596
596
590
589
592
589
588
585
588
584
582
585
582
582
583
582
580
576
574
574
577
575
571
574
569
570
568
570
569
567
566
566
561
560
558
561
559
559
556
556
555
553
554
551
553
547
549
548
547
547
542
544
545
543
541
542
540
537
537
536
536
533
534
530
530
532
528
526
529
523
522
526
522
521
522
521
518
519
515
516
513
514
510
511
512
507
507
509
505
503
502
502
504
504
499
498
496
500
495
496
492
491
490
493
489
489
489
486
487
483
484
484
481
480
480
481
481
478
475
477
473
472
472
471
468
470
469
469
466
468
462
462
462
463
460
457
458
458
455
457
455
456
455
449
452
447
446
450
444
444
447
442
441
441
443
437
439
437
437
438
435
431
431
431
432
432
428
430
427
427
423
424
425
422
423
421
416
416
414
415
414
415
413
412
411
411
409
410
405
404
404
405
403
400
402
401
401
395
395
394
395
391
392
390
392
387
388
387
387
383
385
383
380
381
382
379
378
379
378
378
373
372
375
374
371
369
370
370
364
365
362
365
364
361
363
362
356
357
358
353
352
351
353
352
352
351
349
346
347
348
342
346
340
340
342
342
336
339
336
337
332
335
331
332
331
327
330
330
324
323
324
322
322
320
320
320
316
318
317
314
314
316
312
311
310
307
310
306
304
308
306
302
302
302
298
301
297
296
298
297
294
292
291
289
292
287
288
290
285
288
283
281
282
280
280
281
277
275
276
277
272
271
275
269
270
272
266
269
266
266
266
262
262
260
261
260
258
257
256
258
254
253
251
253
253
252
249
246
245
243
246
246
242
243
242
240
241
238
237
236
235
231
233
234
231
232
230
230
226
223
224
224
223
220
218
222
216
216
216
216
217
213
211
212
209
210
211
210
209
205
203
201
204
201
198
198
200
199
194
198
196
195
190
190
188
187
186
190
189
187
183
185
182
182
180
180
181
177
174
174
177
176
172
173
172
167
171
170
168
167
163
161
165
160
160
159
156
159
159
157
156
156
151
154
148
149
146
150
148
148
142
146
142
142
141
138
139
135
135
134
137
136
134
129
131
128
126
127
126
128
123
122
123
123
123
121
119
118
117
114
116
114
112
114
112
108
110
109
108
106
105
102
102
99
99
98
101
95
97
93
96
94
93
91
91
88
90
85
89
87
82
83
84
84
82
80
81
77
74
78
77
75
71
74
69
70
66
67
64
68
62
65
61
63
62
60
57
55
54
53
53
56
51
52
52
47
47
47
46
47
43
46
43
42
43
40
40
35
35
38
34
36
31
31
32
29
29
27
28
26
24
26
20
24
20
18
16
18
16
13
12
11
11
12
9
12
7
8
7
7
6
5
