1251
1254
1252
1249
1250
1245
1249
1244
1246
1244
1240
1239
1243
1242
1240
1238
1238
1236
1233
1233
1230
1233
1230
1230
1227
1230
1229
1227
1225
1222
1222
1221
1218
1218
1216
1215
1219
1218
1212
1214
1211
1213
1212
1207
1207
1210
1207
1207
1205
1206
1200
1199
1199
1197
1199
1199
1194
1193
1192
1196
1192
1191
1190
1191
1191
1190
1187
1184
1184
1182
1181
1181
1179
1181
1176
1178
1178
1178
1176
1172
1175
1169
1173
1172
1171
1169
1166
1163
1162
1165
1161
1160
1158
1160
1158
1160
1159
1154
1156
1155
1153
1149
1149
1148
1146
1149
1148
1145
1143
1141
1144
1143
1143
1137
1140
1138
1138
1133
1137
1132
1135
1131
1130
1129
1127
1126
1124
1123
1126
1122
1125
1123
1123
1118
1119
1116
1118
1114
1114
1114
1112
1111
1110
1111
1108
1110
1105
1103
1103
1102
1104
1104
1103
1102
1097
1099
1098
1096
1095
1095
1093
1094
1090
1090
1086
1088
1088
1085
1084
1082
1084
1083
1082
1079
1078
1077
1078
1075
1072
1075
1070
1074
1069
1071
1066
1067
1067
1063
1062
1065
1062
1063
1062
1058
1057
1058
1056
1054
1053
1056
1050
1050
1051
1050
1046
1048
1047
1048
1047
1045
1040
1039
1038
1042
1040
1035
1038
1036
1037
1034
1030
1033
1031
1029
1028
1026
1027
1027
1025
1026
1020
1020
1018
1019
1017
1019
1014
1013
1016
1011
1013
1013
1010
1008
1006
1008
1008
1008
1004
1001
1004
1004
1001
997
999
998
997
993
994
993
991
989
988
990
987
988
988
983
983
984
982
983
983
979
977
979
977
977
976
973
970
972
971
969
971
968
966
967
965
966
963
963
958
959
961
956
955
953
953
953
951
949
949
950
949
945
948
945
944
942
942
940
938
942
941
938
935
937
937
936
935
929
933
932
928
927
929
925
923
923
924
924
921
922
917
916
917
913
915
916
912
914
911
911
907
909
908
907
903
901
902
904
898
901
898
898
896
893
897
896
894
894
888
887
890
889
888
888
886
885
880
880
881
878
880
876
878
878
874
872
871
871
868
867
866
867
864
863
864
862
865
863
861
860
861
859
857
856
853
851
854
851
850
851
846
848
844
843
844
842
845
843
838
840
841
837
837
833
833
834
830
832
829
831
831
826
827
828
822
822
824
819
818
819
819
820
819
818
816
816
814
813
809
808
807
808
805
803
804
803
801
799
800
802
799
796
796
793
797
791
793
792
791
790
786
790
788
786
784
786
783
780
779
781
778
778
775
777
774
772
770
772
770
768
768
769
765
763
762
764
763
762
758
761
760
757
754
755
753
753
755
754
749
751
746
746
744
745
743
741
743
739
742
740
736
737
734
737
734
735
735
733
729
730
729
727
729
726
725
722
720
719
719
719
720
720
716
714
717
711
715
712
711
711
707
710
704
704
707
706
702
700
701
698
697
696
695
697
693
693
695
691
691
688
686
689
687
685
684
683
685
681
680
680
679
678
674
676
673
673
674
670
669
672
670
668
666
665
663
664
665
660
658
662
660
655
657
653
655
654
651
653
652
650
648
645
646
646
643
643
642
639
640
637
640
640
636
635
635
633
631
634
628
631
628
627
625
623
624
621
624
619
618
621
617
617
615
614
613
612
613
610
610
611
606
607
606
607
605
605
603
599
601
601
598
598
598
593
593
596
590
592
589
590
590
585
589
587
585
583
584
583
582
578
577
579
578
575
576
574
570
573
573
572
569
567
569
566
563
566
562
560
560
562
560
556
555
558
555
552
553
549
550
549
549
547
548
543
542
546
541
540
538
537
538
536
536
534
536
533
531
534
533
527
526
529
529
528
526
525
525
520
520
518
521
519
515
514
513
515
512
513
510
507
508
508
508
506
502
505
502
502
502
497
501
497
498
495
497
491
490
490
489
490
489
485
485
484
484
484
481
481
482
477
479
477
479
474
472
473
471
469
473
469
467
467
469
465
463
461
464
462
462
460
459
460
455
456
453
453
451
453
451
451
448
445
446
444
446
441
443
440
438
442
438
437
434
437
434
432
430
430
431
428
427
426
429
425
423
425
424
419
419
420
421
418
415
415
413
411
411
411
410
409
408
406
405
403
403
401
404
404
401
397
398
400
394
395
396
396
392
392
390
391
391
385
385
385
383
382
380
381
380
382
376
380
377
373
374
372
372
374
370
372
371
365
369
363
367
366
360
362
363
357
356
358
359
358
356
352
350
351
350
350
347
348
344
348
345
342
345
342
338
337
336
338
335
338
333
331
330
334
332
329
331
330
327
326
322
326
322
322
323
317
321
316
317
318
317
311
314
310
312
311
307
307
305
306
306
302
302
301
298
302
301
296
299
293
296
291
294
291
291
287
291
288
289
283
283
284
283
279
280
279
277
278
274
277
274
275
271
270
270
271
268
268
264
264
263
265
265
263
263
262
259
255
257
255
256
253
251
249
249
247
251
249
247
246
243
246
241
241
239
240
236
238
236
233
234
234
233
229
231
232
229
230
225
225
224
224
225
221
220
219
220
215
219
217
216
212
212
212
210
212
209
207
206
204
202
201
204
201
203
200
196
197
194
195
195
193
194
190
191
188
188
188
184
185
187
183
182
183
180
180
178
175
177
174
174
171
170
171
171
171
166
170
164
167
166
162
162
160
158
159
156
159
158
157
154
151
153
154
149
149
148
148
148
145
147
144
144
141
138
140
140
135
139
137
133
133
130
132
128
129
131
128
129
125
127
123
123
123
119
121
119
116
117
114
115
111
114
110
108
107
108
106
108
103
107
106
101
102
101
99
99
98
99
94
93
92
94
93
90
91
91
88
86
84
82
81
80
79
80
82
81
75
77
77
77
72
72
74
68
71
69
68
65
66
67
63
63
63
58
61
59
55
55
56
56
51
50
51
53
47
50
46
48
43
46
43
43
39
43
40
39
38
38
38
36
36
33
31
30
31
26
28
27
26
23
21
24
21
23
22
17
16
17
15
13
11
13
9
11
10
10
5
7
8
4
2
