129
124
128
122
121
124
119
123
118
119
118
114
117
115
113
112
109
110
108
111
106
109
107
107
104
101
104
102
102
99
96
94
97
97
91
93
94
88
91
88
85
89
86
82
82
84
84
79
82
79
77
76
74
76
73
70
74
69
72
70
69
65
67
65
62
62
61
59
61
61
57
56
57
56
54
53
54
53
48
49
49
45
48
45
44
44
39
43
39
39
36
37
34
34
34
32
29
29
29
31
28
24
27
26
21
24
20
18
17
16
15
19
16
12
11
11
13
12
8
8
8
5
8
5
1
3
5
6
7
7
5
7
8
8
13
11
13
15
15
18
16
20
20
23
20
24
24
22
26
29
27
28
30
33
29
34
32
33
34
36
36
40
38
40
44
41
45
45
44
46
50
49
49
51
51
55
53
57
57
55
59
61
58
59
62
61
63
66
63
68
68
66
69
72
71
70
72
77
73
79
75
81
80
83
81
81
86
82
85
86
89
86
92
92
89
93
93
95
95
95
100
101
99
102
103
101
106
102
108
105
106
107
110
109
109
113
112
115
113
114
117
116
121
122
124
125
125
124
125
126
