126
128
128
124
125
121
121
122
119
118
120
115
113
116
112
111
114
112
109
108
109
108
107
106
103
103
102
102
99
97
98
94
98
97
93
92
93
93
90
87
86
88
88
84
83
84
83
79
77
81
76
77
73
73
75
72
69
70
68
67
66
68
68
65
64
60
63
58
61
60
60
56
53
56
52
52
50
49
47
48
50
47
48
46
41
42
43
41
39
37
39
37
36
35
33
31
31
31
28
27
30
28
27
23
23
22
19
22
19
19
15
16
18
17
15
13
12
9
10
6
7
8
5
2
1
1
3
2
6
4
7
6
8
11
14
12
15
13
16
17
15
19
18
19
23
23
22
24
25
25
29
30
32
32
32
35
35
37
38
38
39
39
40
38
40
40
41
46
47
46
46
46
50
51
51
50
51
54
55
59
58
58
61
58
63
65
63
64
64
67
66
66
71
68
72
71
71
72
75
79
77
79
79
81
80
84
81
83
86
84
89
87
89
93
93
95
91
95
93
97
96
96
99
102
104
103
103
104
103
104
110
110
109
111
111
113
111
112
118
114
116
118
117
122
122
120
121
127
127
125
