129
124
126
125
121
122
123
119
118
118
115
116
114
117
111
112
111
113
111
106
109
105
103
105
104
101
103
102
98
97
97
94
98
96
91
95
94
93
92
89
85
87
86
87
83
83
82
80
82
80
75
74
75
74
73
74
69
68
71
69
65
69
66
66
61
65
62
63
58
61
56
59
54
55
51
51
53
50
47
51
48
44
48
42
44
41
40
40
41
39
40
37
33
37
35
30
32
33
27
30
29
25
28
25
24
21
24
23
19
20
16
14
18
16
11
14
13
11
12
7
9
5
3
5
5
2
5
3
7
6
5
10
9
10
11
12
12
17
17
14
17
21
18
21
21
23
25
27
23
28
27
26
27
33
34
32
33
35
37
34
39
39
38
38
44
44
41
47
43
49
49
49
49
49
54
52
56
52
53
56
60
56
60
58
59
62
61
67
68
65
67
71
72
69
70
75
72
72
77
78
75
78
80
82
84
84
82
83
88
89
87
86
89
88
90
92
92
92
95
97
97
101
101
98
103
105
103
103
105
108
108
109
112
110
109
114
112
114
118
115
115
117
117
121
121
122
124
126
128
125
