125
128
127
125
123
125
122
120
121
121
120
114
117
116
111
115
114
110
110
106
110
107
105
103
106
102
100
101
97
101
96
99
97
93
94
94
91
91
90
87
85
85
86
86
85
82
82
79
80
77
77
75
74
75
71
72
71
69
67
67
66
67
65
66
65
63
61
63
58
59
55
54
53
52
54
50
54
53
48
48
47
44
43
45
44
43
42
42
42
37
39
35
37
37
35
32
34
29
32
30
30
29
28
24
24
25
24
19
20
20
17
17
14
14
15
13
10
9
12
7
6
7
4
6
6
3
2
5
7
4
10
6
9
13
10
12
12
15
16
18
17
19
18
21
19
23
25
25
24
28
27
28
29
32
33
32
36
32
38
39
39
36
37
40
41
43
44
42
43
45
46
51
48
48
50
55
55
57
54
58
57
61
59
62
61
63
65
67
64
69
68
68
68
72
74
75
71
74
77
79
80
80
82
80
80
85
85
84
86
85
88
88
88
88
93
94
91
94
98
96
98
97
102
102
102
102
106
107
105
104
106
106
108
108
112
115
112
114
115
119
120
120
122
118
123
122
126
122
126
125
