126
129
123
125
126
124
124
119
121
116
119
119
114
112
114
114
111
111
109
106
109
105
103
106
101
101
103
103
100
99
96
99
98
95
92
92
94
93
91
87
88
89
86
84
84
84
82
83
79
80
76
79
78
74
75
70
73
69
67
66
68
66
64
66
62
62
63
60
60
57
56
58
56
55
55
55
54
53
48
50
48
48
45
42
44
44
41
41
40
39
37
38
34
32
31
30
33
30
29
29
26
28
28
26
23
21
21
18
20
19
15
19
15
17
11
12
14
10
9
6
6
4
3
6
2
2
2
3
3
5
9
9
8
8
13
15
15
15
16
18
20
17
18
21
22
25
22
25
26
26
26
28
27
30
32
34
33
33
33
37
36
39
40
39
40
45
41
47
47
46
45
46
52
53
54
53
55
55
54
57
58
58
59
63
64
62
63
64
65
64
68
68
71
71
73
73
74
76
74
79
80
79
80
79
80
80
82
82
84
88
87
87
92
88
90
94
96
95
97
98
97
97
97
100
103
105
104
102
108
107
107
111
110
113
110
113
112
112
113
119
120
121
121
123
121
124
125
126
128
127
