128
126
128
124
122
124
119
119
122
118
119
114
116
112
113
112
114
109
107
110
110
105
107
104
105
103
101
98
101
99
96
99
95
95
93
90
92
93
90
89
87
89
83
82
85
81
79
82
77
79
80
75
73
72
76
74
74
72
67
71
70
69
66
63
62
63
64
58
58
56
56
55
56
54
52
53
51
48
49
46
50
48
46
42
44
43
42
40
41
40
38
38
34
36
31
30
30
29
28
27
30
29
26
23
21
25
23
19
17
20
18
15
16
17
15
11
10
9
9
7
8
5
3
6
5
1
3
5
5
8
9
10
12
8
13
14
15
17
18
14
17
19
19
22
19
22
26
25
25
26
30
28
31
29
34
30
33
36
34
39
36
36
41
38
43
43
46
42
45
49
47
51
48
49
51
50
53
54
53
58
58
61
61
60
59
61
64
63
64
65
69
67
72
68
73
74
74
72
75
76
80
76
77
80
79
84
86
85
86
86
88
90
92
93
91
93
93
95
97
98
96
98
98
102
102
104
106
103
104
104
109
111
111
109
113
113
114
112
117
118
118
116
122
123
121
121
122
122
126
128
