125
129
127
124
121
123
119
121
118
117
118
117
116
114
116
115
111
110
108
111
107
104
104
105
101
100
99
101
102
99
98
98
97
94
91
93
92
92
91
88
89
87
83
85
86
84
80
78
82
76
79
74
75
72
76
73
71
71
71
70
65
67
64
64
63
62
63
62
59
57
55
59
55
53
54
54
50
51
47
50
48
48
45
45
42
42
42
39
39
40
38
38
33
35
35
30
31
28
27
26
26
26
23
23
21
23
19
21
19
16
19
18
18
15
11
13
9
13
12
10
6
9
8
6
1
2
5
7
8
9
5
8
11
13
12
11
13
16
16
17
15
20
19
23
24
21
22
25
23
25
29
31
29
29
30
31
32
35
33
35
40
38
42
40
39
43
46
42
44
44
47
49
48
50
54
52
54
54
57
58
59
58
60
59
60
65
66
64
67
68
68
69
72
70
73
72
75
73
77
78
75
76
79
81
79
81
81
86
86
88
85
89
92
93
91
91
94
93
97
95
97
97
100
103
100
100
104
104
108
106
110
109
107
112
109
111
115
116
113
118
117
117
122
118
124
124
125
126
125
126
