127
124
126
123
122
124
122
121
121
117
118
118
117
112
116
110
113
108
110
110
110
106
105
106
103
104
99
102
101
101
98
94
94
97
92
91
92
89
88
89
89
87
88
84
83
80
82
83
77
76
77
76
78
74
72
71
74
72
68
70
70
68
66
66
62
60
61
58
60
61
56
54
58
55
56
52
50
52
51
46
50
46
47
44
41
40
41
41
39
36
39
39
33
35
32
35
32
30
32
31
26
29
28
24
23
21
19
18
18
20
18
14
14
16
16
10
10
13
12
10
7
4
3
4
1
1
4
3
8
5
5
9
9
11
11
12
12
16
16
19
20
20
19
23
22
20
25
24
27
29
28
28
32
32
30
30
36
32
36
39
37
38
40
40
42
41
45
45
45
48
45
49
50
53
54
51
55
54
55
59
59
61
62
58
64
63
62
66
65
67
69
67
68
70
73
71
72
75
76
74
78
81
78
79
84
84
85
83
83
88
90
89
88
90
92
90
95
94
93
96
99
97
101
100
101
105
105
102
105
107
106
111
109
113
110
111
113
117
115
118
118
121
121
118
123
120
121
123
126
126
