130
128
123
124
125
123
123
122
120
120
116
117
115
115
116
115
110
110
107
109
109
109
104
104
106
102
104
98
99
100
97
95
93
93
95
91
91
91
92
87
88
84
83
82
81
81
81
79
77
78
75
79
76
77
73
73
71
73
69
69
66
64
68
63
61
60
63
63
57
58
56
58
53
54
56
53
51
48
50
48
45
44
45
43
41
42
39
39
40
37
37
35
37
34
36
34
30
32
31
30
26
27
25
22
25
25
21
21
17
20
15
17
18
17
11
12
12
11
8
11
8
6
8
7
1
0
6
3
3
8
9
9
12
8
9
11
12
16
18
17
17
16
18
19
23
23
21
26
24
29
25
28
30
29
34
33
31
35
37
34
38
37
42
41
42
43
46
43
46
49
49
48
51
50
52
52
56
55
57
59
57
61
58
58
59
63
66
62
63
69
70
68
69
70
74
72
72
77
76
77
78
76
78
81
81
82
81
85
84
85
88
89
87
90
93
91
92
96
95
94
99
97
99
98
103
100
103
103
103
107
107
107
110
112
113
111
114
117
117
117
119
116
118
122
123
121
125
123
123
128
