129
124
124
127
126
123
123
121
121
117
117
119
117
113
113
112
110
110
107
109
110
107
104
106
101
101
102
102
98
99
99
94
98
97
92
90
94
89
89
91
90
88
84
85
85
83
83
81
78
77
77
74
73
75
75
74
73
72
67
69
68
69
68
62
63
62
61
58
60
59
55
58
55
55
54
53
52
51
48
48
49
45
48
46
43
43
41
38
41
36
38
38
37
36
32
30
32
29
27
31
30
28
23
23
22
21
23
22
17
19
15
16
14
14
16
12
11
11
7
10
6
8
6
5
5
5
4
6
6
7
9
11
12
11
13
15
15
17
18
15
19
19
21
21
21
21
23
26
24
28
30
29
27
31
31
30
32
34
37
35
37
38
40
43
41
40
41
43
44
48
48
46
47
52
53
55
56
54
58
54
57
56
61
60
59
64
61
64
63
68
70
67
72
72
72
73
76
72
76
74
79
81
77
79
84
83
81
84
87
87
89
91
87
89
91
92
93
93
94
98
98
98
97
98
103
105
104
105
108
105
105
106
107
111
109
113
116
117
116
117
115
119
119
123
124
121
125
126
128
129
