125
128
125
126
126
122
121
119
120
116
118
119
115
112
113
115
110
113
107
106
107
107
107
105
103
103
102
98
102
96
96
97
94
95
95
92
93
89
90
90
90
89
85
85
86
83
82
82
80
81
77
75
75
77
74
75
69
71
70
69
69
67
68
67
65
61
59
58
59
58
55
57
55
56
51
52
51
53
51
48
46
44
43
44
41
45
39
42
39
41
37
39
37
36
33
30
34
32
30
29
29
29
23
27
21
22
21
23
18
19
15
19
17
15
13
11
12
9
10
10
8
7
5
2
3
4
2
6
4
7
9
10
12
11
9
15
14
17
13
19
19
17
20
23
21
22
26
26
26
26
25
26
30
29
29
35
35
33
37
35
36
41
40
40
40
40
46
46
44
48
45
51
48
51
51
55
52
57
56
54
57
60
59
59
64
63
65
67
63
69
65
71
67
72
71
73
74
76
77
76
78
81
82
81
82
81
83
86
84
85
88
89
87
93
94
91
96
95
95
95
99
98
99
103
100
105
101
107
108
106
106
106
107
110
109
111
116
116
115
115
118
121
118
123
119
122
125
124
124
129
