126
129
128
126
121
125
121
119
117
118
118
119
116
117
114
112
111
112
108
108
106
105
103
106
104
103
101
99
98
100
95
96
98
94
94
90
89
90
89
91
88
84
83
84
85
84
80
79
82
81
75
74
75
77
72
70
72
70
72
68
70
69
64
62
62
65
60
60
61
60
55
55
57
56
51
53
52
53
47
49
50
49
46
47
46
42
41
38
42
40
40
39
36
32
32
30
30
32
28
27
29
28
26
24
22
23
21
20
18
18
19
14
18
17
14
14
12
11
9
10
10
6
8
5
1
4
4
2
8
6
7
9
8
12
14
12
15
17
13
19
15
18
17
18
22
23
26
25
27
29
30
28
27
30
33
35
32
36
38
37
39
38
42
39
41
45
45
42
44
46
50
47
52
52
51
55
53
54
58
54
60
58
60
58
63
65
65
62
68
69
68
67
69
70
71
73
76
76
75
77
80
77
81
79
84
85
81
82
88
85
89
87
91
90
90
91
91
97
93
98
97
98
102
102
101
103
103
102
104
105
109
107
111
108
111
112
111
115
117
116
118
118
117
121
122
125
124
126
124
125
