126
128
126
125
126
125
124
123
119
121
116
115
114
116
113
112
114
108
108
110
107
106
106
102
106
102
99
103
97
96
99
99
93
92
95
94
94
90
91
91
85
84
86
82
83
84
81
79
77
79
76
75
74
76
74
73
74
73
72
66
66
64
64
64
61
62
60
61
62
61
55
55
54
56
53
55
50
52
49
47
50
44
47
47
45
41
41
41
41
37
35
39
34
37
32
35
29
33
27
29
29
25
27
25
23
23
20
22
20
19
16
16
13
14
12
11
10
12
8
8
5
9
7
7
6
2
2
3
6
5
9
7
12
10
12
10
15
13
18
16
19
20
19
18
20
24
26
23
28
27
25
27
31
29
31
30
31
36
33
39
35
40
37
42
40
40
45
43
43
45
49
48
49
51
52
50
54
56
56
54
57
61
59
60
60
64
62
65
65
69
68
70
67
73
71
73
74
73
74
78
75
79
82
83
83
84
82
86
84
84
88
89
92
92
89
90
94
93
94
98
99
98
99
103
100
105
102
104
107
107
110
111
109
109
112
112
113
117
114
115
119
119
119
119
123
121
122
124
124
129
