128
126
125
122
126
124
124
118
122
119
115
117
116
112
114
115
113
111
108
106
106
106
103
102
103
104
101
100
98
98
95
98
98
96
94
92
91
88
88
86
88
86
87
84
82
82
83
78
80
76
77
74
73
72
76
74
70
71
68
71
66
67
64
66
61
64
64
60
59
56
57
58
57
57
52
50
54
51
51
51
50
44
46
43
46
43
42
42
41
38
39
34
38
37
35
33
31
30
31
29
27
24
24
23
21
25
21
20
22
16
17
18
17
13
11
15
10
9
7
6
7
9
7
4
2
2
5
6
4
9
6
6
9
8
14
14
11
15
13
16
18
17
18
23
22
20
23
23
28
27
29
27
28
32
29
33
36
36
37
34
36
36
38
40
39
41
43
43
43
44
48
51
49
53
52
55
51
57
53
55
57
57
60
60
61
63
62
65
68
65
66
67
68
68
69
74
71
73
75
74
75
77
78
80
81
81
85
84
87
86
88
86
91
92
90
94
91
93
94
98
100
99
102
102
102
100
104
103
107
108
109
107
112
111
112
114
113
112
114
115
116
117
122
119
121
125
126
127
126
129
