129
127
125
125
121
122
119
120
117
119
119
119
114
116
113
112
114
109
111
107
109
104
108
104
101
100
103
101
97
101
99
95
98
93
93
90
91
92
90
89
87
89
86
87
84
82
79
83
79
77
76
75
76
72
76
71
70
69
70
67
67
66
63
63
63
65
61
62
60
57
60
54
57
54
54
55
53
51
49
49
49
49
46
42
46
41
41
38
42
37
35
38
34
35
36
31
33
30
32
30
30
28
24
22
21
21
19
21
22
20
18
14
17
12
12
13
14
9
11
9
9
9
3
7
5
2
4
2
4
9
6
10
12
9
12
11
12
17
17
18
16
16
22
20
24
23
26
25
26
26
30
30
30
32
29
35
31
35
35
38
36
37
41
40
44
43
46
43
43
44
50
51
52
51
54
55
55
57
57
58
57
56
62
59
59
61
61
65
66
66
66
71
67
72
69
71
71
75
78
75
78
80
77
83
79
80
81
82
85
84
90
90
88
90
89
91
93
92
94
99
98
99
101
98
101
103
102
103
107
105
106
111
108
112
113
111
116
112
113
118
116
116
121
120
122
123
121
122
125
127
