564
565
564
563
559
561
560
555
555
558
555
555
553
552
553
549
547
545
544
545
547
546
542
544
539
539
536
535
534
534
532
531
530
534
529
530
530
529
528
527
525
522
520
519
521
521
521
520
517
513
514
512
512
514
511
507
509
505
505
505
502
506
501
499
503
500
496
496
495
497
492
493
493
490
492
491
490
486
488
486
487
486
483
480
483
480
481
476
474
478
473
471
475
472
470
470
468
470
469
465
463
462
461
459
462
460
457
460
454
456
454
456
455
454
453
448
447
447
448
444
444
445
440
443
440
438
440
440
434
434
433
432
433
431
429
432
428
426
429
427
426
425
421
421
419
418
421
417
417
414
414
412
414
414
412
410
411
408
408
406
403
406
404
399
400
397
398
397
394
395
394
395
390
389
390
388
391
389
385
385
382
384
385
380
382
378
380
377
375
375
377
375
370
369
373
370
369
365
366
363
363
363
360
363
362
358
359
359
354
358
352
355
350
349
353
351
348
346
347
347
347
341
345
340
340
342
338
335
339
336
336
334
330
331
330
331
328
330
328
326
324
323
325
320
319
318
316
319
318
314
314
311
312
313
311
312
309
310
308
304
304
306
301
302
301
301
296
296
294
296
293
295
290
290
292
290
288
289
289
283
285
281
284
281
283
282
280
278
274
274
275
276
271
271
269
268
271
268
268
265
266
264
262
262
263
260
259
257
258
256
253
255
252
253
253
252
248
245
246
245
243
246
245
239
242
239
237
237
239
235
237
236
230
232
230
227
230
229
227
228
223
226
221
223
220
222
218
218
215
216
217
213
210
213
210
212
210
210
205
208
206
205
203
199
199
200
196
198
195
198
193
195
192
189
190
187
187
186
187
187
185
182
184
180
182
177
179
175
175
174
175
172
173
173
172
171
170
170
169
167
162
162
164
160
159
160
159
160
155
154
152
156
150
152
151
148
150
150
148
144
143
141
143
139
140
139
137
140
137
135
136
135
132
133
128
129
131
129
129
123
124
123
124
121
121
118
120
119
119
117
117
114
112
114
112
110
111
108
105
104
102
106
102
99
101
102
101
99
96
98
93
94
91
91
90
88
86
89
86
88
82
84
85
80
81
78
76
80
77
77
72
71
72
70
68
70
66
65
67
63
63
65
60
63
61
61
57
55
59
56
57
51
52
53
48
48
47
46
45
48
42
41
41
40
40
39
36
38
34
38
35
31
30
31
33
28
31
30
26
25
26
21
21
24
18
17
18
18
14
14
13
14
13
9
13
7
6
6
6
3
5
4
4
1
7
4
4
7
9
10
12
13
15
12
14
15
17
16
17
21
21
24
22
25
22
27
24
30
27
28
31
33
30
35
36
35
38
39
37
42
41
43
43
43
42
48
44
49
50
52
49
49
50
54
52
57
58
57
61
58
62
63
65
64
64
64
64
69
69
69
72
70
71
74
77
74
79
75
77
81
79
84
83
85
86
87
87
90
89
91
92
92
94
91
94
94
96
96
99
98
103
99
105
102
102
105
106
110
107
107
111
112
115
113
114
114
117
115
117
120
122
121
122
122
122
126
127
129
128
132
129
133
130
135
137
135
137
140
138
141
138
143
144
142
143
144
145
146
146
151
152
149
155
155
156
153
155
156
159
160
163
159
160
166
164
165
168
166
170
172
172
173
172
172
175
175
178
178
180
177
178
183
183
183
184
188
187
187
186
190
189
193
192
193
195
194
197
200
196
197
200
202
200
201
207
207
208
208
209
211
211
212
212
212
212
214
216
219
217
219
220
221
224
221
222
224
226
230
231
230
232
230
234
233
234
238
234
238
239
240
239
242
240
243
244
248
246
249
250
248
248
253
254
256
257
257
259
260
260
259
259
263
261
261
263
267
265
265
267
267
270
269
273
274
275
278
275
280
281
281
282
281
285
281
283
287
287
285
289
290
291
289
291
292
297
293
298
295
297
297
299
300
300
305
303
307
304
306
307
308
308
309
312
312
317
313
318
317
319
321
323
324
324
323
323
326
327
325
331
329
331
329
335
331
332
335
337
336
338
342
341
339
345
341
345
348
349
349
351
347
350
351
353
355
357
357
356
360
358
357
360
363
360
364
362
365
365
370
366
370
369
369
370
375
377
378
374
378
379
377
383
381
383
381
384
388
389
389
391
391
393
389
395
393
393
394
394
396
396
400
400
401
405
405
404
406
404
407
407
412
409
409
415
412
415
414
418
419
420
418
419
421
425
424
425
423
429
430
426
427
431
429
433
431
436
433
435
439
440
437
440
441
445
446
444
444
446
450
448
451
449
453
453
454
456
455
458
459
457
457
462
460
465
462
464
467
469
470
469
469
468
472
471
476
472
478
475
476
478
477
481
480
483
481
483
483
487
486
486
490
491
489
492
491
493
497
495
499
497
501
499
504
504
504
502
508
506
506
510
512
513
513
513
516
516
514
516
519
516
520
523
521
522
524
522
523
527
530
530
529
528
534
534
536
536
538
538
535
537
542
540
543
544
541
542
544
547
545
547
547
548
549
550
552
555
553
558
556
558
558
561
562
561
561
567
