563
566
564
564
560
560
557
557
555
556
555
553
554
552
551
547
546
546
548
548
547
544
544
543
540
542
538
536
536
535
535
533
533
529
529
528
531
529
528
523
523
525
524
521
519
517
517
519
518
515
513
515
514
514
512
508
510
507
505
504
505
506
502
504
500
499
499
495
494
493
496
493
491
494
488
489
487
490
486
488
483
483
485
480
480
479
479
476
479
478
476
474
471
474
470
467
470
468
466
464
467
462
462
463
459
460
456
457
457
455
452
453
450
453
450
447
451
450
444
446
442
442
440
444
440
438
438
438
437
438
434
432
435
434
431
430
427
427
429
426
425
426
425
422
418
419
421
420
417
413
416
415
413
413
408
409
408
405
405
405
402
401
403
401
403
400
397
398
397
397
393
395
391
392
390
392
387
387
386
385
387
383
385
383
382
382
377
376
379
375
373
372
370
371
368
372
369
367
369
368
366
365
363
363
362
358
357
356
354
353
353
355
350
350
353
348
350
348
346
343
342
345
344
342
338
341
336
335
337
338
332
331
330
329
331
330
331
329
324
325
322
323
325
324
322
320
318
320
316
317
313
312
314
314
313
310
311
309
308
305
307
301
302
299
303
299
298
295
298
294
295
291
293
291
291
290
289
290
287
283
283
281
280
281
279
281
276
278
279
275
272
272
274
269
273
268
267
268
267
268
266
263
262
260
262
258
257
257
256
254
257
253
250
252
253
249
249
250
245
248
245
243
241
243
240
239
238
235
239
236
234
236
232
233
229
231
231
225
228
228
223
222
221
220
221
217
219
219
215
218
212
212
214
212
210
211
207
207
206
206
204
205
200
202
201
201
198
195
197
197
194
193
190
191
189
187
186
190
188
184
185
184
180
181
181
177
177
177
176
173
173
172
170
169
169
170
169
168
164
164
166
161
165
162
163
161
160
158
159
157
155
151
154
150
150
147
151
148
144
143
142
144
143
142
139
139
141
139
139
138
133
134
133
129
130
127
131
130
128
125
126
121
121
121
118
120
119
119
119
115
113
111
113
110
113
112
109
109
107
105
102
105
103
104
99
100
99
96
97
93
96
94
95
91
88
91
87
85
85
83
84
83
84
81
83
78
80
80
78
76
73
72
71
69
70
70
68
65
69
63
65
65
60
62
63
57
57
57
55
57
53
51
55
52
48
50
48
46
47
45
46
43
41
41
42
39
36
35
36
37
36
31
34
33
30
29
26
29
27
24
24
22
22
21
21
18
16
19
17
16
14
12
11
12
10
8
11
6
9
5
6
1
2
6
5
3
7
7
10
7
10
12
11
13
17
14
17
16
17
21
18
23
21
22
27
28
26
28
28
30
33
30
35
32
33
35
35
36
36
38
39
43
41
45
47
44
47
46
48
52
53
51
50
56
56
55
56
55
57
57
58
62
62
66
63
67
67
70
69
69
71
71
72
73
72
76
75
77
81
80
82
81
80
86
83
84
85
85
86
91
88
92
92
93
94
96
94
99
98
97
100
103
105
102
104
107
109
110
110
112
109
112
115
111
114
117
114
117
120
117
122
123
123
121
126
128
129
129
126
129
129
131
134
136
133
135
138
139
140
138
139
139
145
143
145
145
146
145
149
152
151
152
154
155
155
158
156
158
156
162
163
164
161
165
164
165
169
170
171
172
169
173
170
173
176
176
177
179
177
178
183
183
180
182
187
183
189
190
189
187
191
189
190
195
195
197
194
195
196
201
199
199
205
203
202
203
207
209
207
207
212
211
210
216
213
216
216
215
220
218
222
222
220
221
227
228
227
229
226
227
233
229
232
236
232
234
235
236
238
242
243
240
240
242
245
248
246
247
249
250
249
250
253
255
252
253
255
258
256
259
258
263
263
263
266
266
265
266
271
270
272
270
272
271
273
278
276
276
278
279
279
282
280
282
284
288
284
288
290
292
289
289
293
294
295
294
299
296
299
302
299
302
303
305
307
307
306
310
306
312
308
313
313
312
314
313
318
319
317
319
321
319
321
322
326
325
324
330
326
328
331
331
330
336
337
336
338
337
341
340
340
340
343
345
344
346
349
345
347
347
349
350
352
355
357
356
355
355
357
359
359
362
361
364
367
368
365
369
371
372
370
371
371
372
373
374
378
375
380
377
381
381
384
385
382
383
387
385
386
392
392
392
392
396
395
397
399
398
401
400
401
400
404
405
407
406
406
407
410
408
410
411
411
416
417
413
417
420
419
419
421
424
425
425
422
427
428
430
431
432
428
432
433
432
437
435
437
438
440
442
440
441
440
443
444
447
446
445
450
449
448
451
455
454
454
456
456
459
458
457
462
462
461
462
463
464
467
466
471
468
470
474
470
475
472
477
479
476
480
479
483
479
483
486
487
485
488
490
491
489
492
493
492
494
494
495
495
495
501
497
501
503
500
505
504
506
506
508
511
512
513
512
512
516
512
515
514
520
520
522
521
520
525
526
523
524
526
527
528
528
528
531
532
531
535
533
534
536
539
538
538
539
542
544
547
543
547
547
551
550
552
550
554
555
556
555
557
557
561
560
558
559
561
563
567
