567
561
565
564
563
562
559
559
557
554
557
553
550
554
553
547
548
545
545
543
547
544
545
540
540
537
539
538
534
533
536
534
533
529
532
527
530
526
529
524
526
526
522
524
521
520
520
515
519
515
516
511
513
514
513
507
511
507
506
506
505
502
505
501
502
499
498
499
498
496
495
495
495
493
493
489
490
485
488
485
487
481
482
481
483
480
481
480
475
478
477
473
473
472
473
467
470
465
466
465
466
462
461
459
460
459
457
459
457
457
453
451
451
450
453
452
451
449
449
448
444
444
444
441
440
440
437
436
434
438
432
433
432
432
431
432
428
426
427
423
422
425
422
423
418
417
419
416
417
418
414
414
414
410
413
409
407
408
405
406
402
406
402
402
401
399
398
397
396
398
393
392
394
394
391
389
388
387
384
387
382
384
385
384
382
382
381
376
376
373
372
372
374
373
372
371
367
366
365
366
366
361
365
360
361
357
359
356
355
353
353
355
350
351
349
350
346
346
344
346
347
346
340
340
340
341
341
336
337
333
335
336
331
331
331
328
328
329
328
327
326
321
325
319
320
322
317
318
318
318
316
311
311
309
309
309
310
306
307
307
305
302
305
303
302
297
300
296
297
297
294
296
292
291
292
287
289
288
285
286
284
285
285
282
282
278
277
280
274
276
274
276
274
272
268
271
268
267
269
263
267
262
263
263
262
258
257
256
254
255
257
252
252
249
249
252
249
245
246
245
244
243
243
243
243
237
237
237
238
234
234
234
235
232
228
232
230
228
224
225
222
224
223
221
221
220
217
220
216
215
212
212
210
212
213
211
211
207
208
207
205
201
202
204
198
202
197
198
194
195
192
192
191
191
189
187
186
189
189
186
184
186
181
180
182
180
177
177
177
178
177
174
170
169
170
168
167
167
168
167
165
161
164
159
163
159
158
156
157
155
153
156
153
154
151
147
147
150
144
147
145
141
142
143
139
142
136
140
138
136
135
131
130
132
131
130
127
129
126
125
122
121
125
119
123
118
117
116
116
117
115
113
112
111
112
107
111
106
109
108
105
103
104
103
100
97
97
95
98
98
92
95
95
90
89
89
91
89
86
85
82
85
80
81
81
79
77
79
75
75
73
76
71
69
69
72
69
66
67
65
65
66
62
61
60
61
61
58
56
55
54
52
51
49
51
47
47
48
46
47
45
41
43
39
40
37
36
35
34
35
37
31
31
34
28
32
27
28
29
25
26
21
23
23
22
21
18
16
14
15
14
12
14
9
13
11
10
8
4
3
7
6
2
1
3
7
6
7
11
7
11
13
15
14
12
17
15
15
17
18
19
19
23
26
25
23
26
26
31
31
29
30
34
36
33
34
38
40
40
38
39
41
44
46
44
47
49
47
49
47
51
50
55
56
52
58
58
56
61
58
58
59
61
65
63
66
64
66
70
71
68
74
75
73
77
78
77
75
81
81
78
83
83
84
87
85
84
89
87
87
90
92
95
96
96
93
95
96
101
101
103
100
104
101
107
108
109
109
109
109
108
111
112
111
113
115
118
115
120
120
119
119
122
125
126
124
126
125
126
131
130
131
133
132
132
138
139
137
141
142
142
144
143
144
147
144
149
147
147
150
152
151
154
156
153
153
155
160
159
161
161
162
164
166
162
168
166
169
168
169
172
173
172
175
173
175
176
177
180
179
178
181
180
186
182
187
185
187
188
189
191
189
195
195
192
194
194
196
197
201
201
202
200
201
203
205
209
209
209
207
208
212
211
213
216
218
216
219
216
217
220
222
224
225
224
227
224
230
231
232
228
229
232
231
236
236
234
237
238
241
238
242
245
244
246
248
247
250
248
249
249
252
250
255
254
255
259
256
256
257
258
260
260
263
264
268
268
269
267
268
273
273
272
273
274
277
276
275
279
279
278
279
282
282
286
287
287
286
291
292
293
292
293
291
296
296
296
300
296
297
300
304
303
306
305
304
308
307
306
309
311
309
310
314
316
315
315
319
316
318
322
324
322
322
325
323
325
326
326
331
329
334
333
336
332
337
336
337
341
338
342
339
341
343
342
348
346
347
349
351
349
354
353
353
352
355
357
356
360
359
361
361
362
362
364
368
365
365
369
367
369
373
375
371
376
376
376
379
379
382
383
382
382
382
384
383
389
390
390
392
390
389
391
393
395
394
399
397
399
399
399
404
400
401
406
407
404
406
408
407
413
413
415
416
414
414
414
418
419
417
420
421
422
425
423
424
429
425
427
430
432
430
432
436
434
435
438
437
436
441
439
442
445
443
446
448
447
449
448
452
449
453
455
451
454
457
458
460
461
457
462
461
461
465
464
466
465
470
471
467
470
470
472
476
473
476
476
477
481
481
481
482
484
481
483
486
485
485
489
491
492
491
495
496
494
496
498
500
498
502
502
501
505
503
507
504
506
508
508
507
512
511
513
516
517
514
514
519
521
521
518
521
521
525
523
527
529
526
528
530
529
529
530
534
535
537
535
537
538
538
543
539
542
542
542
548
545
546
547
549
548
550
553
553
553
553
559
560
558
558
562
562
560
565
563
