565
565
562
562
561
557
556
555
556
554
555
555
554
551
553
550
551
548
547
546
544
543
541
540
538
540
538
535
538
533
534
534
532
529
528
531
529
527
529
526
524
521
522
524
520
517
521
515
515
514
512
516
510
514
509
510
509
505
509
505
507
503
505
499
499
502
500
495
494
495
493
492
493
492
492
491
486
485
485
483
484
485
480
484
482
479
480
479
475
474
473
476
475
469
471
470
471
469
468
465
464
461
463
464
461
460
459
460
458
456
456
453
454
450
452
447
451
445
445
447
442
441
443
440
442
437
436
438
436
436
434
432
430
433
432
431
427
425
427
423
422
423
425
420
419
417
417
418
417
418
417
413
411
409
410
410
409
405
408
405
407
404
400
402
403
398
398
398
395
396
395
394
395
389
390
387
388
385
388
384
385
386
384
381
380
382
378
377
379
373
377
372
372
369
373
368
366
370
365
368
366
362
363
362
360
361
361
357
357
354
353
351
354
352
350
351
346
350
344
346
346
341
344
343
342
340
339
335
337
337
335
335
331
334
328
332
330
330
326
324
323
325
320
324
320
318
320
319
318
316
314
315
314
312
310
307
308
308
309
306
303
306
304
300
298
300
300
296
294
295
295
292
293
293
293
292
288
288
288
288
285
286
281
281
278
277
281
278
278
276
277
272
270
272
271
270
268
267
266
266
262
262
263
260
258
261
261
257
258
256
254
252
255
250
252
248
250
250
247
246
242
242
243
240
240
238
237
239
235
235
233
236
235
229
233
227
227
226
227
224
223
223
222
222
220
219
221
220
217
214
216
212
214
210
209
209
207
207
207
206
206
204
205
202
202
201
197
200
196
196
192
191
192
193
191
188
187
189
186
187
184
182
184
180
182
182
178
180
174
174
172
172
172
172
168
168
167
167
169
166
162
165
161
163
158
158
156
156
156
157
155
153
151
151
152
152
151
150
145
147
147
141
144
142
138
138
140
137
139
137
135
134
131
131
130
132
130
126
125
127
127
125
120
122
121
120
117
115
117
118
114
115
114
113
109
108
106
107
106
107
107
105
100
99
101
98
96
100
99
98
93
95
92
94
92
89
90
89
84
87
82
82
83
82
83
82
79
77
76
78
72
71
72
72
72
67
69
69
66
66
67
63
65
61
60
62
56
58
57
54
57
55
50
51
50
49
50
50
48
44
47
42
42
42
39
42
41
40
34
35
32
35
30
34
30
29
30
26
27
28
24
26
20
23
20
18
19
17
18
15
17
11
12
12
10
7
8
7
6
3
2
5
3
2
7
3
6
8
10
7
10
13
10
13
14
15
17
19
16
17
22
21
23
26
25
23
28
27
26
28
33
31
30
33
35
34
35
40
36
41
40
41
45
42
47
46
47
47
47
48
52
49
50
55
53
55
57
57
59
60
62
63
62
61
62
68
67
67
68
69
68
71
73
75
76
78
74
78
76
77
83
80
85
82
83
87
86
89
89
88
90
89
95
91
94
94
94
100
99
101
103
104
101
101
105
106
104
107
111
109
110
112
110
114
112
114
117
115
121
122
120
124
123
126
127
123
125
125
128
132
131
130
134
132
133
138
136
135
138
142
139
142
142
141
143
147
147
150
149
150
151
153
152
152
154
156
154
157
157
162
160
160
165
165
162
164
164
165
169
167
172
173
170
176
172
174
178
180
177
181
180
182
184
185
186
186
187
186
188
187
189
191
190
193
193
193
196
197
201
197
203
204
205
201
205
206
208
209
206
212
211
211
213
211
213
213
218
215
217
221
219
219
223
225
224
228
226
228
231
228
228
231
235
235
232
234
238
239
237
239
239
244
243
246
247
244
248
245
247
251
252
250
250
252
255
257
258
258
259
260
263
261
263
266
266
266
267
268
267
270
269
269
271
273
273
277
277
275
276
278
281
280
282
283
287
283
287
286
290
291
291
291
292
293
296
298
297
299
297
298
300
303
303
301
304
303
308
307
310
312
310
311
313
316
315
316
315
319
320
317
321
324
323
321
323
323
329
326
328
331
329
329
335
332
336
334
334
340
336
337
339
340
340
341
342
343
344
348
350
347
348
349
354
352
354
357
354
360
359
361
362
360
361
363
365
367
369
368
369
367
369
369
371
373
377
374
377
379
380
378
379
384
381
382
384
386
385
385
387
392
391
391
392
395
397
397
394
399
400
397
402
400
402
404
402
403
408
407
410
411
412
414
410
414
413
414
414
420
417
421
420
422
424
424
427
425
428
425
429
432
430
432
430
433
437
434
435
439
436
441
439
441
440
443
442
444
446
446
450
451
449
453
454
453
455
455
455
455
461
458
459
462
463
464
462
464
468
467
466
471
469
472
470
473
472
473
477
478
480
480
482
480
484
483
482
484
487
485
490
488
491
490
493
496
495
496
495
496
498
502
500
501
504
502
506
508
508
507
508
507
509
514
510
513
512
513
519
517
517
518
522
523
520
522
524
525
525
529
530
527
528
531
535
532
532
537
537
539
541
542
541
539
542
546
543
546
548
550
547
548
552
554
550
551
553
554
557
560
558
561
562
560
561
566
565
