567
563
563
559
559
557
558
559
554
554
555
556
551
551
552
551
551
547
549
546
544
546
542
542
538
539
536
535
539
535
536
534
531
529
533
528
526
528
526
528
524
521
524
523
518
522
521
516
514
516
512
511
513
510
511
511
511
508
509
507
505
504
503
503
498
502
499
497
494
497
496
493
491
493
493
487
489
488
486
488
484
484
484
483
479
477
478
479
478
477
474
474
470
470
472
468
468
465
464
467
462
464
463
459
462
461
457
458
456
457
452
454
451
451
452
448
451
445
445
448
446
443
443
443
442
438
436
440
434
436
435
431
432
434
428
429
426
428
425
424
422
422
421
423
419
419
418
415
416
415
417
412
410
413
412
409
406
406
405
408
407
402
405
401
398
401
398
398
397
397
393
393
392
389
392
389
388
388
386
386
386
386
380
380
378
382
381
379
379
373
376
376
375
369
370
367
366
366
368
366
365
365
360
364
358
357
357
357
356
354
357
355
351
351
351
352
349
348
349
345
344
343
343
341
342
339
336
335
335
336
334
336
334
331
328
327
329
325
326
327
323
323
320
322
321
321
321
317
316
317
316
313
310
309
312
310
310
306
309
304
307
305
302
303
301
302
300
300
294
293
292
296
291
289
288
291
286
287
284
287
287
282
281
281
282
281
280
280
275
278
277
272
273
274
271
271
270
267
264
266
265
261
265
260
263
258
259
255
258
253
257
256
250
254
253
250
247
246
247
244
245
242
244
243
238
238
239
239
238
234
233
233
233
230
231
228
228
229
224
224
224
224
223
221
219
217
216
215
218
214
212
213
213
212
211
212
208
207
207
204
205
206
204
201
203
199
197
198
194
198
196
195
192
190
191
187
186
188
184
188
187
183
180
182
182
177
178
178
178
177
173
176
175
174
173
169
169
166
166
165
164
165
162
162
161
157
156
155
156
153
156
153
153
152
152
147
149
149
146
143
144
143
142
143
143
139
138
139
137
133
132
133
133
133
130
128
128
129
129
127
124
125
124
124
120
118
117
120
118
118
114
114
110
109
108
107
110
110
109
106
107
101
104
104
98
98
101
96
95
96
93
96
95
91
90
91
87
86
89
86
84
86
85
81
79
82
78
75
79
74
75
75
71
73
71
67
66
65
65
63
63
61
63
63
63
57
58
58
59
56
56
54
55
49
48
51
47
47
49
43
43
41
43
44
40
37
40
37
36
35
32
34
33
32
29
29
31
27
26
25
25
21
21
24
18
18
19
17
17
17
15
12
15
9
12
7
6
9
9
6
4
4
0
6
4
6
5
9
11
10
8
10
11
16
17
15
18
20
17
20
21
22
22
26
25
24
26
29
30
32
31
32
33
33
32
33
35
35
40
41
42
39
44
42
43
48
46
45
50
51
49
50
54
52
54
55
57
58
56
62
59
60
65
62
64
68
68
65
69
71
71
74
73
75
72
77
75
80
78
82
81
79
80
83
85
83
87
90
91
90
89
89
94
94
94
94
95
100
99
102
98
99
103
103
104
104
105
110
106
108
108
114
110
116
117
118
118
116
117
120
118
122
122
123
127
124
128
130
131
128
132
129
134
132
135
133
136
137
139
138
142
139
143
145
147
143
145
149
146
151
153
149
151
153
153
157
154
157
158
161
162
164
164
166
163
167
164
165
169
172
171
173
174
175
176
175
175
180
177
182
178
182
180
186
184
186
188
187
188
189
188
190
194
192
196
196
196
195
201
200
199
202
200
201
203
204
205
209
206
208
212
214
214
214
214
218
215
215
217
222
221
222
224
224
222
223
226
225
227
231
228
230
234
235
236
236
235
240
240
239
240
239
244
244
243
245
244
247
246
249
253
251
250
254
252
254
254
258
256
259
263
261
265
262
267
264
267
269
270
272
268
273
270
275
274
274
278
280
276
277
278
281
285
282
287
285
286
286
290
288
288
291
291
292
296
293
295
299
298
298
299
303
305
306
302
304
304
307
308
307
310
314
310
316
316
315
319
317
317
317
319
320
325
323
325
328
329
328
327
327
330
329
333
335
335
338
338
340
337
339
339
339
342
341
344
346
346
350
347
352
353
350
355
351
352
353
358
358
357
361
363
364
362
362
366
364
369
369
371
369
371
374
373
376
373
375
374
380
381
382
382
381
383
385
383
383
385
388
389
392
393
394
391
393
393
395
394
400
397
402
403
402
404
401
404
404
406
409
411
407
409
413
411
415
417
416
416
416
416
418
418
422
422
424
426
426
424
425
428
428
431
430
431
434
437
433
434
435
439
439
439
444
445
446
443
446
448
449
447
447
448
451
455
452
452
457
455
455
458
460
463
461
464
464
466
464
469
465
469
472
468
472
471
474
477
474
477
480
480
478
482
484
483
484
484
488
489
488
490
487
489
494
490
493
495
495
497
496
499
502
502
501
503
505
507
507
507
507
508
507
513
513
511
513
516
516
515
518
520
520
523
520
522
526
522
527
527
525
530
529
533
533
530
536
535
536
539
535
536
538
543
544
545
543
543
543
549
549
548
552
549
553
554
552
556
557
559
555
556
559
559
561
564
563
567
