563
561
563
564
558
560
556
555
555
556
557
551
555
552
548
551
546
550
545
548
547
542
540
541
538
539
539
535
534
538
532
532
532
534
532
527
526
525
524
528
524
525
521
521
523
519
519
519
517
516
513
516
515
511
512
508
510
508
505
505
502
502
505
500
499
500
500
497
494
493
494
492
491
492
491
488
491
487
488
488
485
483
485
480
479
477
481
475
476
476
474
474
471
473
472
467
466
467
466
465
462
466
463
461
461
457
461
457
458
456
457
455
451
452
450
447
447
449
444
447
445
441
445
444
439
442
439
436
439
436
435
435
435
433
433
432
431
428
426
423
425
425
424
424
421
419
420
416
418
418
416
414
410
412
408
407
406
405
408
408
406
403
400
399
398
399
396
395
395
398
392
395
391
392
392
390
388
388
387
387
386
384
383
384
381
379
379
379
378
373
373
376
372
373
372
367
366
369
365
368
362
364
365
363
360
360
361
358
354
356
357
356
350
350
351
348
348
347
344
345
342
345
341
343
342
340
336
338
337
337
332
334
335
330
333
332
330
329
327
323
322
323
324
324
319
317
318
318
317
313
317
312
314
313
309
309
307
305
306
306
306
306
305
301
303
299
301
298
295
296
295
294
292
293
289
291
288
286
285
286
287
285
283
281
278
277
281
277
274
277
275
271
271
271
272
268
270
270
265
265
267
264
264
259
262
260
256
258
258
254
254
253
255
249
250
252
246
248
244
247
244
245
242
241
243
242
238
236
235
235
235
234
234
230
231
231
228
230
227
224
225
225
225
223
221
220
216
216
216
214
212
215
214
214
211
207
211
206
207
204
205
203
203
201
200
201
200
198
196
196
196
193
193
191
192
190
190
189
185
187
183
183
180
183
180
182
181
180
174
177
177
172
173
169
172
167
167
170
169
167
166
162
165
163
161
157
160
157
154
157
155
153
152
154
152
149
148
149
149
147
143
142
145
141
141
139
140
139
134
136
132
131
130
134
128
127
126
129
124
123
124
121
122
124
120
119
117
117
115
116
113
112
113
113
113
107
109
108
105
105
104
106
101
100
98
102
101
100
98
95
97
96
91
92
91
88
90
85
86
88
86
86
80
82
78
78
77
76
79
75
75
74
73
70
72
69
66
66
66
67
67
63
64
61
63
61
57
56
59
55
55
53
53
52
49
50
51
50
44
46
44
42
41
42
41
41
40
37
39
34
35
34
30
34
33
32
29
26
28
27
27
22
22
21
20
22
16
20
14
13
13
15
10
12
10
8
6
9
7
8
3
6
0
5
3
8
4
7
9
11
12
11
13
13
14
15
18
16
20
22
22
20
21
21
23
26
25
25
26
29
31
31
34
34
35
33
34
36
41
42
43
43
42
46
45
44
49
45
48
47
52
50
52
54
57
54
59
55
58
60
60
63
60
66
64
63
66
66
69
71
72
72
73
76
73
76
78
76
79
79
83
83
81
86
85
88
84
90
86
89
91
94
94
92
97
95
98
99
98
97
100
102
102
102
106
106
109
110
107
112
111
111
113
113
116
117
116
118
119
121
121
123
120
126
127
127
129
126
131
128
130
133
131
136
132
136
138
137
139
138
139
142
141
142
142
144
145
145
149
151
149
152
152
152
155
156
155
159
159
157
162
160
160
166
163
168
168
168
169
171
172
172
170
173
172
178
175
178
179
180
181
182
181
185
182
185
189
186
187
189
192
194
191
191
195
198
195
198
197
197
202
203
204
205
204
208
209
208
209
207
213
212
210
213
212
215
214
218
220
217
221
221
223
222
225
228
226
225
231
228
231
233
231
231
232
235
239
236
239
241
239
244
243
244
242
248
247
247
249
251
249
254
254
253
252
258
259
260
256
259
260
260
264
266
264
264
268
268
269
271
271
269
271
276
275
273
274
276
277
279
278
283
284
284
282
288
287
287
291
287
289
294
295
296
293
294
299
298
300
300
300
304
301
304
304
303
308
306
308
309
308
311
310
313
312
315
314
316
316
317
322
324
324
326
327
324
327
329
326
327
331
329
335
331
334
337
335
335
339
337
339
341
344
345
345
346
348
348
346
352
348
353
353
352
356
355
354
356
357
357
359
361
363
362
364
364
367
365
369
367
368
369
374
375
372
376
376
376
381
378
378
379
384
385
384
388
384
389
389
392
391
393
390
392
395
398
395
399
400
401
400
404
400
405
403
403
408
405
407
412
409
411
413
411
414
414
419
419
417
419
422
424
425
421
426
426
425
427
426
431
432
431
430
435
435
435
439
439
437
438
441
439
445
444
445
444
445
447
451
448
452
452
453
451
456
455
459
456
457
462
459
463
465
465
466
467
466
470
470
471
470
472
474
476
474
477
476
477
481
477
482
479
483
483
482
486
486
488
486
487
490
493
495
496
495
493
498
500
501
497
498
500
500
501
505
506
504
507
510
512
508
509
511
511
516
513
518
516
518
522
518
520
525
523
526
523
526
526
526
527
529
530
535
536
532
537
535
536
538
541
541
539
542
542
547
543
546
548
548
549
548
549
552
552
555
557
556
557
559
562
559
560
563
561
564
