566
562
564
560
561
557
559
557
559
558
553
556
551
553
548
552
550
547
549
547
546
545
541
542
538
537
539
539
539
535
534
534
531
532
528
527
527
528
524
524
522
524
524
522
522
519
518
516
514
513
517
512
515
514
512
507
510
506
508
503
506
501
505
501
499
501
499
498
497
496
494
495
492
491
488
491
491
489
489
486
487
482
481
483
482
477
481
480
474
476
477
475
475
471
472
469
466
467
466
463
462
465
463
462
458
461
458
460
456
457
457
453
451
451
449
452
449
450
447
446
445
441
440
439
443
437
437
436
436
435
433
436
432
431
431
428
429
428
428
428
425
425
424
420
423
419
420
418
418
413
417
411
410
410
409
412
409
409
404
408
403
402
404
399
399
399
396
395
395
396
392
396
393
389
390
387
386
389
386
388
383
381
385
384
379
379
381
377
377
374
377
374
371
372
372
367
367
367
368
367
364
361
365
364
360
358
360
359
358
357
357
353
350
352
350
347
347
349
349
346
347
342
342
339
340
338
337
340
337
336
333
332
335
331
333
328
327
329
328
325
327
325
323
323
321
318
320
320
318
314
316
312
314
309
311
310
308
308
304
307
303
306
304
302
303
301
297
297
296
296
293
295
295
291
293
287
289
290
288
283
283
282
281
279
282
278
277
276
275
278
276
271
272
270
272
270
267
269
267
268
262
262
264
259
258
258
256
259
257
258
256
251
251
251
251
248
250
246
248
244
245
244
241
243
241
242
241
237
236
238
236
236
233
232
230
228
226
226
227
224
224
225
223
224
218
222
220
215
214
213
216
215
210
211
209
210
210
205
206
208
205
203
200
199
198
202
199
198
199
195
197
196
191
192
190
192
190
188
187
187
185
185
182
184
182
179
177
180
175
177
174
173
173
171
173
171
169
170
168
166
165
162
161
164
161
161
157
157
158
153
156
154
151
149
150
152
151
145
147
143
142
145
145
139
142
138
136
135
135
137
134
132
131
134
128
127
128
126
127
124
122
124
122
122
118
121
117
118
115
117
117
113
112
111
111
112
107
107
109
105
104
102
100
99
102
101
97
97
98
97
97
92
95
94
88
91
86
90
86
87
84
82
82
80
81
79
79
76
74
76
74
74
70
73
73
67
68
70
64
65
64
61
65
59
63
57
57
56
58
54
54
56
52
54
53
50
49
48
47
48
44
44
44
42
40
37
39
38
35
34
36
36
32
34
31
31
30
27
27
28
26
24
22
19
18
22
17
16
19
17
12
16
13
9
9
8
11
8
9
7
3
1
3
4
2
5
4
8
7
8
12
10
14
15
13
14
17
19
18
17
21
22
25
25
22
26
28
30
26
28
31
33
34
32
35
36
38
40
38
37
41
43
41
45
42
43
45
48
48
51
49
51
51
55
56
57
57
56
60
62
63
62
64
65
66
65
64
69
67
67
68
72
73
75
76
74
75
78
80
79
81
80
85
84
85
83
87
85
90
89
91
90
92
96
92
98
94
97
97
102
100
104
105
104
103
104
107
109
109
112
109
109
115
111
112
116
115
120
118
120
121
120
121
122
127
127
128
126
126
129
133
129
134
132
132
136
139
139
139
141
138
140
143
142
144
144
146
147
147
149
153
153
151
155
153
154
159
159
156
158
161
163
163
161
167
164
165
169
167
170
172
172
171
174
175
177
176
176
180
182
183
183
180
186
187
188
187
189
191
189
189
194
192
191
192
198
197
198
199
198
201
203
202
201
207
207
208
208
207
212
210
211
212
213
217
217
214
216
216
217
218
224
221
223
222
227
224
230
230
230
229
231
231
233
235
238
234
240
240
240
241
240
242
243
243
247
248
247
247
248
252
249
253
253
256
258
259
259
260
260
258
262
264
262
263
265
267
269
268
272
269
274
270
275
274
275
275
276
278
281
278
282
280
283
287
285
284
287
291
292
291
291
290
296
292
298
299
296
301
297
301
302
300
305
302
305
309
310
306
310
312
310
311
311
314
318
316
319
316
317
319
324
320
322
326
326
328
328
331
328
332
332
333
334
333
334
339
337
341
339
341
339
340
345
346
344
346
350
347
348
353
350
351
354
354
356
359
356
356
359
363
364
361
365
364
363
365
367
371
368
373
372
374
375
374
378
376
375
380
377
383
381
383
382
386
384
384
386
387
392
389
390
393
393
393
393
397
396
401
397
403
399
405
402
402
404
407
406
408
410
411
412
415
414
413
413
418
417
420
419
421
419
420
424
422
426
424
426
427
429
430
431
432
435
434
433
434
439
440
441
439
444
441
445
445
444
449
450
448
450
451
453
454
451
456
457
455
459
457
462
461
459
461
462
464
463
469
467
468
470
468
472
472
473
473
473
479
480
477
479
481
481
481
481
484
486
484
488
489
489
493
489
492
491
497
498
499
496
500
502
500
503
500
504
506
504
508
510
508
508
510
511
514
512
514
514
519
517
520
522
523
521
520
522
524
523
524
528
531
527
531
532
530
532
532
533
535
539
541
541
541
541
540
544
544
543
545
547
547
550
551
553
555
556
554
558
556
556
559
557
562
560
562
566
567
