566
565
561
564
563
560
557
555
558
558
557
554
554
550
549
547
549
549
544
546
544
545
544
544
542
542
538
539
537
533
537
532
532
530
530
529
526
526
527
525
526
523
521
522
519
521
516
517
518
513
514
513
514
510
510
511
508
508
504
504
507
506
502
501
503
499
500
498
494
498
494
496
493
490
491
487
490
486
487
488
487
485
482
484
483
479
479
478
477
474
477
472
471
473
473
471
469
465
466
466
467
461
465
459
460
458
460
460
456
453
457
454
452
453
453
451
450
446
446
447
444
442
443
443
439
439
438
436
437
433
432
436
432
432
428
429
426
430
427
428
422
426
425
423
422
419
416
420
418
414
412
416
414
412
408
412
410
410
404
405
404
403
403
404
401
400
401
397
395
393
397
392
392
394
393
390
388
386
388
385
385
384
381
383
380
382
378
379
379
378
376
376
373
374
368
367
368
367
368
367
367
362
363
361
358
360
360
358
356
356
354
351
355
352
353
350
347
348
348
347
342
346
341
344
341
338
341
337
337
334
334
332
330
333
331
327
329
326
325
324
326
321
321
323
322
317
317
318
315
317
314
315
315
314
310
309
309
309
309
306
305
301
301
300
299
301
298
298
296
294
296
295
290
290
289
292
290
286
286
286
286
284
282
284
283
278
281
276
277
277
272
272
272
272
268
270
268
267
265
264
262
262
261
260
259
258
258
259
254
257
256
252
252
251
249
252
250
250
246
248
247
242
241
241
242
240
239
237
237
238
236
232
234
233
228
230
227
229
225
225
224
225
224
220
221
221
220
220
217
216
213
213
213
213
211
207
210
207
204
206
207
201
203
199
199
201
196
197
198
198
197
193
191
189
192
189
190
185
186
187
182
181
185
183
179
178
181
180
179
175
175
175
173
172
171
171
171
169
168
163
162
162
165
161
163
162
157
160
159
157
153
152
152
151
151
147
147
149
144
146
142
143
144
139
139
140
140
138
139
134
134
136
130
132
128
127
128
125
128
126
122
126
125
122
121
117
119
117
116
115
114
112
114
110
108
109
111
105
107
107
103
103
103
103
100
102
98
99
98
94
92
96
93
92
90
92
89
86
84
88
85
81
85
81
78
81
80
78
76
77
74
75
73
74
72
67
66
68
66
63
66
64
65
62
59
59
59
60
59
53
54
56
51
54
48
51
49
48
44
47
46
46
42
41
43
40
36
37
39
36
34
33
31
29
29
32
31
28
29
24
24
24
21
20
19
17
16
18
17
14
15
16
10
14
9
7
10
6
4
8
6
1
3
2
5
7
6
7
7
10
9
9
10
12
12
18
18
16
20
22
18
22
20
26
26
27
29
29
30
31
30
30
34
36
35
33
39
36
38
38
38
41
42
42
43
43
47
48
49
47
49
52
51
53
57
58
55
56
61
59
62
62
60
64
67
68
66
70
69
70
68
69
70
73
73
78
79
80
77
77
81
84
84
81
84
87
86
89
90
88
90
91
90
95
94
95
94
99
97
99
98
103
100
104
103
103
104
107
111
111
110
114
111
111
115
117
114
115
120
117
118
122
125
126
124
125
126
127
128
131
132
129
131
135
132
133
136
136
141
138
139
143
143
141
142
146
149
148
148
152
151
151
153
153
153
154
155
157
158
158
160
160
164
162
167
168
168
169
166
168
170
171
172
174
176
176
177
175
177
179
179
181
185
182
186
186
186
185
191
187
193
192
192
193
193
196
199
197
196
198
203
200
200
205
206
206
207
205
208
208
210
210
215
213
216
218
215
220
220
222
220
221
222
221
224
226
228
229
231
228
229
233
231
236
235
235
238
236
240
241
242
244
240
241
244
247
246
249
246
249
251
249
254
255
254
254
256
258
260
261
259
263
260
262
263
267
267
269
266
270
270
274
271
276
276
278
276
278
280
277
282
279
284
283
282
286
284
286
286
288
291
290
293
292
297
298
297
300
296
297
301
304
301
301
306
306
309
309
311
312
310
314
313
315
312
313
319
318
320
318
321
320
322
325
323
327
324
327
326
331
331
332
330
332
332
338
339
338
341
340
341
339
343
345
346
348
348
350
349
350
348
349
355
354
352
356
359
358
356
359
363
364
365
366
367
365
369
365
368
372
373
373
372
372
376
375
377
380
376
382
378
384
384
381
385
386
385
387
388
391
390
390
395
391
393
398
397
395
400
402
401
402
402
402
405
404
406
409
409
411
408
410
412
415
412
418
416
419
417
421
419
423
420
422
426
427
424
426
427
432
431
431
432
436
432
438
435
435
440
440
442
440
441
442
442
446
445
446
449
452
449
453
451
451
452
458
457
457
457
462
459
463
462
462
463
464
469
467
467
472
471
469
471
472
476
476
477
480
477
482
482
484
483
482
482
486
487
486
487
488
488
491
491
495
496
494
499
498
501
502
503
500
501
504
502
505
509
507
506
509
509
513
511
512
515
516
519
517
517
520
522
520
523
521
527
523
528
528
526
530
529
533
532
532
532
538
539
540
538
540
538
544
545
546
545
547
545
546
548
552
548
554
553
552
552
558
557
556
561
558
563
560
561
563
566
