566
566
565
564
563
559
560
556
554
553
557
556
550
554
550
551
550
548
545
543
544
545
543
543
542
537
536
537
537
535
537
535
532
533
528
531
531
529
524
528
526
522
521
521
522
522
520
515
517
518
515
513
511
514
510
512
508
506
506
504
502
504
501
502
500
502
500
500
499
495
492
492
492
491
488
487
490
486
484
484
484
486
480
480
481
478
477
476
479
477
475
475
475
470
468
469
466
469
464
463
467
462
464
464
462
459
459
458
459
454
457
453
452
449
451
451
451
445
446
446
442
441
445
443
439
438
440
436
438
434
433
432
430
433
433
427
428
428
429
428
425
424
421
423
423
419
417
418
414
418
417
415
411
410
413
412
409
406
406
407
407
404
401
404
401
398
401
400
397
396
393
394
392
391
389
388
387
389
388
387
387
384
381
380
383
377
379
380
376
377
372
372
372
374
373
370
368
369
365
365
363
366
365
364
358
359
361
356
359
357
353
353
352
352
352
350
347
345
349
343
344
345
343
340
342
341
337
338
337
334
333
332
333
329
331
330
329
330
324
326
322
322
323
323
318
318
321
316
316
313
312
312
313
309
312
307
310
306
309
305
306
306
301
299
299
298
301
300
295
294
296
291
290
291
290
290
288
287
287
283
284
283
285
284
280
280
276
277
278
273
276
274
273
273
273
269
267
267
264
267
263
266
264
260
263
257
257
258
256
255
255
256
252
252
251
252
246
248
244
248
244
241
244
243
239
241
237
237
236
236
232
235
234
231
229
228
231
230
224
226
227
226
223
223
218
217
220
215
216
213
212
212
212
209
210
209
210
207
209
203
202
201
204
200
203
199
201
199
197
198
196
196
193
194
189
192
188
189
185
187
187
182
184
183
180
179
177
179
176
173
172
176
170
172
169
167
169
170
168
165
165
165
160
161
158
161
160
160
156
157
153
155
155
152
152
148
148
145
146
147
144
144
144
141
142
141
141
135
134
137
132
134
131
134
130
129
129
128
128
126
127
124
125
123
122
122
120
118
116
116
117
113
114
114
111
108
109
108
107
105
106
102
105
103
101
100
101
95
97
94
97
92
90
93
92
90
88
86
87
87
84
83
82
80
83
78
76
80
79
77
72
71
73
69
68
68
71
65
65
66
62
61
64
60
59
62
59
57
55
54
56
54
52
53
51
49
48
48
49
48
44
43
43
43
39
37
40
36
34
38
37
33
30
33
28
29
30
26
25
26
25
26
21
22
19
19
16
20
17
17
12
11
12
10
10
8
10
6
5
8
7
2
1
6
2
5
7
8
7
12
12
9
10
13
16
17
17
20
16
22
18
21
20
24
24
26
28
30
28
32
33
34
34
35
36
35
39
37
38
39
40
42
44
46
47
45
49
48
50
50
50
53
54
52
53
55
59
55
59
59
62
61
62
63
66
64
67
66
70
71
68
70
73
72
73
78
79
75
76
78
83
84
83
86
85
85
87
88
91
91
89
92
90
96
92
93
98
95
96
97
100
103
103
102
106
108
104
106
109
111
110
110
110
112
117
115
118
120
121
118
118
123
124
121
126
128
127
127
127
128
130
132
135
134
137
134
138
139
137
142
143
139
143
143
145
145
144
149
146
148
151
152
151
153
152
153
154
157
161
160
159
162
163
162
163
167
168
167
167
172
169
174
174
175
175
173
177
179
179
177
181
179
184
183
185
187
186
185
190
192
190
191
193
191
192
197
199
197
200
199
198
204
200
203
203
204
206
210
209
209
213
210
212
214
217
217
216
217
218
220
223
222
223
222
226
225
227
228
230
230
232
234
230
231
236
236
238
236
236
237
238
241
242
246
244
247
247
246
247
248
252
250
252
256
257
253
256
258
258
258
261
264
262
261
262
264
266
270
267
268
269
269
273
273
273
276
275
280
280
278
279
279
285
285
282
285
285
287
287
287
288
293
290
296
297
295
295
297
298
300
298
301
302
306
306
304
305
306
309
311
312
314
310
314
313
315
314
320
317
319
318
321
324
323
324
325
327
329
329
329
333
331
333
333
334
335
335
339
339
339
341
340
342
341
347
345
349
348
350
352
352
354
350
353
357
355
354
359
360
359
358
360
364
365
362
367
364
367
368
372
371
372
371
372
373
374
374
376
378
379
383
381
384
385
382
388
384
386
387
392
390
389
392
396
393
393
394
400
400
401
399
403
404
405
404
408
408
409
406
408
410
412
410
413
412
416
418
418
419
418
422
422
424
424
422
428
424
430
426
430
430
430
433
436
435
433
434
439
437
439
443
444
445
441
444
448
447
449
450
448
448
452
454
454
456
453
456
460
456
462
463
463
463
461
462
466
468
470
468
472
471
470
473
474
472
476
478
479
479
482
478
484
485
483
486
484
484
485
488
492
489
489
493
493
496
496
498
497
499
502
503
499
500
501
506
505
507
505
506
508
509
511
510
514
513
515
519
518
520
517
522
519
520
524
522
525
528
526
527
530
528
532
532
531
534
533
537
535
541
537
543
544
541
543
542
548
549
546
546
549
553
553
552
552
556
557
554
556
558
562
558
562
565
561
563
