564
565
563
559
561
562
561
560
557
556
554
553
553
549
550
552
551
547
548
548
544
545
540
539
539
542
539
536
539
535
534
536
530
529
529
528
527
528
525
528
526
522
522
524
521
518
518
520
517
517
513
516
513
512
508
511
506
510
504
505
506
506
502
501
500
500
496
495
494
493
496
493
492
492
493
489
491
489
484
488
483
484
482
483
482
482
480
478
478
478
474
474
471
471
470
472
467
465
464
468
462
461
463
464
459
462
459
457
457
455
453
455
451
454
451
452
448
450
445
443
445
443
440
442
443
441
439
438
435
435
437
431
435
432
429
427
427
430
426
428
427
422
425
423
419
422
419
420
415
414
416
413
413
414
411
409
406
410
407
407
407
401
400
404
403
401
398
400
396
396
397
391
391
391
388
391
389
388
386
387
386
381
384
381
382
377
376
379
374
373
374
375
372
371
373
372
369
370
368
363
365
361
362
363
358
361
360
355
359
353
357
355
355
350
352
347
350
345
347
347
342
345
342
339
338
339
341
336
337
337
335
332
333
329
332
332
327
327
329
328
324
325
320
320
318
321
316
316
316
315
316
311
311
309
312
311
307
306
304
304
304
304
301
302
303
297
296
296
299
298
295
291
293
291
288
290
291
289
288
287
283
283
282
282
281
278
276
276
274
276
272
271
275
269
268
267
269
266
266
267
262
266
260
263
260
259
259
255
257
255
257
251
252
251
250
251
246
249
248
244
246
241
240
244
238
238
237
235
238
238
233
231
233
231
232
227
229
230
224
226
225
224
223
223
221
218
217
216
215
215
216
211
210
211
211
209
207
209
207
207
204
203
203
204
201
199
196
196
197
198
192
191
194
190
191
187
190
185
185
184
185
183
185
179
183
181
179
175
177
175
174
176
174
174
173
167
171
166
169
163
164
164
161
161
160
160
158
159
154
155
156
152
155
149
148
152
150
150
148
147
147
141
144
141
141
138
140
135
134
134
134
133
132
133
130
128
128
126
124
127
126
126
120
121
120
118
120
120
115
117
115
112
112
112
108
107
108
110
107
106
106
102
104
104
99
99
101
100
96
97
93
96
94
93
88
92
87
88
89
85
83
82
81
82
83
81
76
77
77
78
73
75
75
74
68
67
71
66
69
66
66
66
64
62
63
61
59
56
59
53
54
51
51
49
52
51
46
49
47
45
47
42
42
42
40
38
41
36
38
35
33
35
31
32
30
31
27
30
26
23
26
22
21
20
23
20
19
17
17
14
17
14
14
13
10
10
11
10
9
3
3
6
0
5
4
7
5
7
8
12
10
14
12
13
14
16
19
19
21
21
20
22
23
26
23
27
28
27
29
27
33
32
34
35
37
34
37
37
40
38
39
39
42
42
45
45
47
49
51
47
51
54
54
55
56
57
59
59
56
57
60
59
61
62
62
67
68
68
71
69
72
71
71
75
73
78
78
79
81
81
80
79
83
84
87
84
89
88
91
90
91
91
93
91
97
96
98
98
97
101
101
104
100
105
106
104
109
109
106
108
111
114
111
112
117
115
116
117
119
122
123
124
121
124
127
124
128
128
129
131
130
134
131
131
136
134
136
140
141
142
142
141
143
141
147
144
147
145
149
149
151
149
153
153
157
153
154
155
156
157
158
160
163
161
165
165
166
169
168
169
170
169
175
173
177
175
174
180
181
180
183
181
181
183
183
184
185
185
186
189
188
190
195
191
192
194
199
198
199
199
200
199
205
201
206
204
204
205
207
212
210
209
213
214
215
216
217
216
220
221
222
223
225
222
222
228
224
226
226
231
228
234
230
232
237
234
236
239
241
240
238
242
243
243
247
248
245
245
251
248
249
249
252
255
255
255
259
258
256
258
259
262
261
261
267
267
265
268
271
269
273
269
272
272
273
277
277
276
278
277
279
282
282
285
286
285
286
286
288
289
288
293
291
293
292
296
299
300
300
301
300
301
300
302
302
304
306
306
308
307
311
313
310
314
315
316
315
318
317
319
318
319
320
322
326
325
329
325
327
328
332
329
332
334
334
335
338
336
341
338
338
343
342
346
346
347
346
347
348
349
348
352
351
356
353
357
357
358
356
359
361
359
361
366
363
365
369
367
368
372
369
373
375
373
372
375
378
377
381
379
378
383
385
386
387
383
389
386
390
387
389
394
390
396
392
396
396
395
400
400
403
404
400
405
406
405
408
407
407
412
411
410
413
412
417
415
415
420
416
419
420
422
423
421
423
428
427
427
426
431
429
434
431
434
437
438
435
436
439
439
442
444
441
442
446
447
445
445
449
451
451
450
453
454
453
456
458
458
459
457
461
462
465
464
464
464
468
470
467
471
473
471
472
475
475
476
474
479
480
477
478
480
480
484
484
484
486
485
488
487
493
489
494
494
493
496
495
497
497
502
502
502
501
506
507
508
504
510
507
511
511
514
511
515
516
517
515
515
517
519
519
523
524
521
525
528
526
529
530
530
529
529
531
535
534
537
538
536
540
540
543
540
541
541
545
544
548
548
548
551
551
550
555
555
556
557
557
558
561
557
561
561
561
561
566
