562
561
563
561
560
559
560
557
554
555
555
554
553
554
551
548
546
548
546
546
542
542
545
539
543
541
541
540
535
535
536
534
530
530
530
527
530
529
526
527
526
522
525
524
522
519
520
518
514
517
517
516
511
510
510
507
511
510
504
505
506
504
502
501
500
502
496
495
494
495
493
491
490
489
490
487
488
488
489
483
485
486
485
480
482
480
477
478
474
473
472
475
475
474
473
469
470
465
469
467
467
463
464
459
460
458
456
457
459
454
454
456
455
453
452
449
449
450
446
443
447
444
445
444
440
438
439
437
434
433
437
433
432
429
433
432
430
425
429
427
422
423
425
424
423
417
419
420
417
416
414
411
410
410
410
411
408
405
406
406
407
403
401
403
403
400
397
398
395
396
393
395
390
392
389
387
389
385
388
387
385
385
380
383
378
379
381
380
379
376
374
375
372
374
373
372
366
369
369
367
367
363
363
360
358
357
359
360
358
356
353
352
355
353
350
350
348
348
344
346
346
343
342
340
341
337
340
335
339
333
334
335
330
331
329
328
326
326
326
324
323
323
321
323
318
317
319
318
314
317
313
314
313
312
311
311
311
310
307
306
307
303
303
302
300
299
297
299
295
294
296
296
292
292
290
287
288
290
286
283
284
281
281
279
280
277
276
277
275
278
277
271
275
269
268
272
270
269
266
268
267
262
265
262
258
259
260
257
255
253
257
255
254
249
249
251
250
245
247
248
247
243
241
239
238
238
240
238
235
235
235
231
230
231
229
227
228
228
227
228
223
221
225
221
222
219
218
220
218
215
215
214
210
213
209
210
208
210
208
206
202
204
205
202
203
197
199
198
197
198
193
196
193
189
192
189
188
186
185
187
186
186
185
184
181
182
177
179
174
177
174
174
172
174
171
167
168
167
164
163
163
166
165
159
161
157
158
160
155
158
157
153
154
152
149
152
149
148
146
147
142
141
140
141
139
142
137
137
139
136
136
136
130
134
132
131
129
125
127
126
127
126
120
124
123
119
120
118
114
115
117
111
112
109
108
111
110
105
107
108
104
105
104
104
99
100
101
100
96
94
96
93
92
91
89
91
91
87
84
85
86
83
80
79
78
82
79
77
76
76
76
71
70
73
73
72
70
67
66
63
65
65
63
61
58
60
56
59
55
54
52
53
54
49
51
47
49
48
45
44
44
46
44
44
43
39
40
40
39
34
35
35
30
29
29
32
30
29
26
23
27
25
21
22
22
21
19
17
19
13
15
14
12
13
13
9
8
9
6
7
5
1
5
1
2
7
9
9
11
7
13
11
13
15
12
17
17
20
16
22
18
20
25
24
27
26
26
29
29
28
30
34
30
36
34
35
36
39
38
39
38
40
42
43
47
46
47
46
50
49
49
49
55
53
52
56
56
60
56
57
59
63
61
64
67
67
69
70
66
69
70
69
72
75
72
75
76
76
76
78
79
84
82
85
85
86
88
85
86
88
88
90
92
94
95
96
97
96
100
101
98
99
102
104
105
104
105
108
108
111
111
109
113
115
117
117
119
120
119
122
120
119
121
124
127
128
129
127
130
132
129
130
134
133
133
135
139
139
139
139
138
143
143
144
146
143
146
148
146
150
148
152
154
155
157
158
156
157
159
160
159
163
163
166
162
164
167
168
166
168
173
174
173
172
174
173
177
179
180
180
183
179
184
184
187
188
185
185
191
192
192
193
192
191
193
198
199
198
201
198
198
203
200
201
205
207
206
208
207
211
211
214
212
214
213
217
218
220
217
217
220
223
222
221
226
227
229
230
227
228
233
229
231
236
237
234
237
237
239
241
239
239
243
245
242
248
245
248
248
251
253
254
255
256
253
257
259
260
261
261
260
262
265
261
263
264
268
269
269
271
272
270
275
276
275
278
275
277
279
281
282
282
280
282
284
286
288
290
286
288
288
293
291
291
294
294
295
299
301
301
300
302
300
304
307
307
304
307
308
312
308
310
311
313
315
314
318
318
320
317
318
323
325
323
323
325
328
328
327
331
328
330
335
334
336
337
335
338
339
340
339
344
342
344
347
344
349
346
349
348
350
350
352
351
357
353
354
356
360
358
362
360
360
363
365
368
367
367
369
369
371
372
374
372
376
375
377
375
379
382
382
380
382
382
383
385
386
388
391
389
388
390
390
395
397
397
397
397
398
397
398
399
402
404
402
407
407
409
406
412
408
412
415
412
413
417
414
418
418
421
421
422
425
421
427
425
426
425
428
427
431
434
431
434
436
436
436
440
440
441
438
444
445
446
443
448
445
448
447
447
452
453
452
453
453
453
457
457
460
458
459
463
462
461
466
465
468
465
471
468
471
473
475
473
474
474
478
476
480
480
479
480
485
481
486
485
484
485
490
490
493
493
491
492
497
495
498
496
497
499
500
500
503
506
505
506
505
507
510
508
510
512
515
512
516
517
514
520
517
520
519
523
525
522
527
526
528
530
527
527
530
530
535
532
536
533
534
537
541
542
538
541
541
545
547
543
545
547
548
551
552
551
555
555
557
558
557
555
558
557
558
561
561
566
562
