563
561
565
563
563
558
557
559
559
555
555
553
551
554
549
550
550
550
549
546
543
546
542
539
540
541
539
539
538
538
535
534
534
529
529
528
531
525
526
526
524
526
522
524
521
518
520
519
519
517
514
516
513
510
508
508
510
510
506
507
503
506
504
503
499
502
499
497
499
494
493
496
493
492
489
489
488
488
488
483
487
486
480
483
481
479
479
476
478
475
476
472
470
474
472
467
470
469
466
463
467
465
463
461
460
459
457
455
459
453
452
454
453
453
452
447
451
445
445
447
443
446
444
441
440
437
437
438
434
435
436
434
433
431
431
431
428
428
426
424
422
425
423
424
423
422
416
420
414
416
412
413
415
413
409
410
407
405
404
403
406
405
404
401
399
400
399
400
397
396
394
394
392
390
393
390
387
389
385
387
387
386
381
382
379
379
377
377
379
375
373
375
370
373
371
371
368
369
367
365
364
363
360
363
358
361
361
355
357
353
356
353
354
350
350
351
346
349
345
348
344
342
345
341
342
338
337
338
336
338
335
331
332
329
330
332
330
330
329
325
326
325
321
323
319
317
318
315
318
316
315
316
314
312
311
311
309
307
306
306
303
305
302
304
298
302
297
297
294
296
296
294
291
292
289
290
286
287
288
286
284
283
282
279
282
282
276
279
274
276
276
275
271
269
271
267
270
265
269
265
265
265
262
263
258
257
256
260
255
258
253
252
255
251
250
247
246
246
249
245
246
245
242
244
239
238
238
235
234
238
232
232
233
230
230
228
231
227
225
228
226
224
222
219
219
220
216
218
218
217
215
216
211
209
213
207
206
209
206
205
205
201
205
204
201
202
196
199
195
194
195
196
191
192
191
188
189
186
189
186
184
186
184
180
180
182
179
178
176
174
175
175
174
174
170
172
168
168
165
168
164
161
160
159
162
157
157
158
159
153
156
155
150
151
149
147
148
146
146
148
142
141
142
139
141
139
137
136
136
134
133
136
131
130
128
127
126
126
128
127
123
122
124
122
122
120
116
118
115
117
112
114
112
114
108
110
111
107
105
107
103
101
103
100
100
101
97
99
95
95
94
93
95
89
88
87
87
87
84
85
86
85
83
82
79
78
80
76
74
76
76
74
72
73
68
72
71
69
69
63
66
65
60
60
61
60
59
58
55
54
54
52
51
50
52
50
50
47
44
43
44
42
40
40
42
42
38
40
37
36
33
36
31
30
29
31
27
28
28
28
25
21
24
24
21
22
19
20
14
13
17
16
13
13
10
8
8
5
4
8
2
3
5
4
3
5
9
7
10
11
9
13
14
15
12
17
19
19
16
21
23
20
24
22
24
24
28
28
26
29
30
34
30
33
33
38
35
39
41
37
42
43
41
45
46
48
48
48
51
49
51
52
53
56
57
57
54
56
56
57
58
64
64
66
63
63
64
69
71
67
72
74
71
71
75
76
75
76
77
79
78
80
83
82
86
84
89
88
86
90
89
92
92
92
94
98
98
98
98
97
101
103
102
101
103
106
106
105
108
111
113
112
115
113
116
118
119
116
116
121
123
120
124
123
127
126
126
130
129
131
130
133
134
135
132
135
135
137
138
142
143
143
145
141
142
143
145
150
150
148
149
152
151
152
154
157
159
159
156
158
158
163
160
163
166
163
168
169
169
167
170
173
175
171
177
174
174
179
176
180
179
181
181
183
182
184
184
185
186
189
192
190
191
191
193
194
195
198
198
200
203
200
205
201
203
208
206
206
206
211
212
210
211
213
217
218
219
216
216
219
218
220
221
226
224
226
227
226
226
229
231
233
230
236
232
238
234
235
240
238
240
239
242
242
244
246
247
245
250
251
252
251
255
255
256
253
256
256
258
260
261
260
265
262
263
268
267
269
271
272
268
270
271
275
273
275
278
279
281
282
282
282
284
286
283
288
287
289
290
289
293
291
294
296
293
297
297
296
297
297
300
299
305
304
306
308
306
307
308
307
309
309
311
315
314
317
317
317
320
320
320
324
320
322
322
325
324
329
328
331
328
330
330
331
334
337
337
336
336
341
343
340
340
343
346
344
347
345
347
347
348
352
351
353
355
356
357
355
359
359
362
360
365
362
366
365
365
365
368
370
368
374
371
375
374
374
379
378
379
381
378
383
383
384
386
385
387
388
390
388
393
394
392
391
394
393
398
400
397
399
402
404
400
403
405
406
404
409
408
409
411
412
412
415
413
418
414
417
419
417
423
422
422
422
426
425
426
426
429
428
432
434
431
435
437
436
438
436
437
437
440
443
443
442
444
443
448
445
448
452
450
449
450
452
455
454
454
457
456
458
459
459
460
461
464
466
466
466
468
470
469
472
473
475
477
477
477
476
479
481
478
484
485
486
482
483
486
488
488
489
491
493
493
495
497
497
497
495
499
502
501
499
505
506
503
506
505
509
506
512
509
514
512
516
515
513
518
515
521
521
521
522
521
525
522
524
527
525
527
530
533
531
530
533
532
538
538
540
541
542
539
542
541
544
546
548
545
545
548
552
548
553
552
551
556
553
556
559
560
561
558
563
562
562
563
