567
562
563
559
559
559
557
559
554
553
554
552
551
554
549
549
549
550
544
548
546
546
540
543
543
539
539
537
534
538
532
535
531
533
531
529
528
526
529
525
525
522
520
521
521
521
517
518
514
515
512
512
514
514
511
508
506
506
509
504
506
506
504
504
499
502
497
499
498
494
492
491
490
492
491
487
488
490
489
483
486
484
481
481
481
478
480
480
478
473
477
474
472
472
469
472
470
466
466
464
462
462
460
463
462
461
457
456
459
458
455
454
452
453
453
450
448
449
444
445
443
445
441
443
441
439
438
439
434
436
432
431
435
432
430
427
428
428
428
425
427
424
424
424
420
418
421
419
414
413
416
415
415
409
408
410
409
406
406
403
406
401
401
403
403
401
396
398
398
395
396
394
395
394
393
390
391
387
385
384
386
382
383
384
383
378
378
376
377
376
376
371
375
372
370
369
371
368
364
368
365
362
364
360
362
362
357
355
358
356
355
352
350
354
350
347
351
348
349
348
345
344
340
344
343
340
336
336
337
333
334
333
334
334
329
327
327
329
324
324
323
326
320
320
318
318
316
315
317
314
315
313
313
313
308
310
306
308
304
303
305
302
301
299
299
298
301
300
299
296
293
291
292
292
291
288
290
286
285
287
284
282
285
283
279
282
277
278
276
273
277
276
274
270
269
269
269
265
265
266
262
262
263
263
260
260
260
260
254
253
254
254
251
251
250
248
247
250
247
246
243
241
241
240
238
239
237
237
237
238
235
235
231
231
232
229
230
225
225
225
225
226
222
224
218
218
220
220
216
213
215
213
210
213
211
212
211
208
206
207
205
202
200
201
199
199
198
197
199
198
195
195
192
189
191
189
189
187
188
186
185
185
184
181
179
181
181
177
176
177
177
172
175
173
173
172
170
168
168
165
166
162
160
160
163
158
160
160
156
158
155
151
153
151
153
149
146
146
149
144
146
142
141
143
141
138
138
138
137
136
136
134
135
130
128
131
126
127
124
128
124
124
120
123
123
121
121
118
118
118
114
112
114
113
109
107
108
109
106
108
103
104
105
99
100
100
101
95
98
96
93
92
95
89
91
90
88
85
89
84
84
85
82
80
83
81
77
80
74
73
72
74
71
73
72
71
68
65
66
66
63
65
61
61
58
58
58
59
54
55
54
54
51
50
50
52
46
49
45
44
45
44
42
40
41
40
39
36
34
37
35
36
30
31
33
29
31
26
28
23
23
24
20
24
20
20
16
15
15
16
17
15
15
13
11
7
11
7
7
8
4
6
4
1
7
4
4
10
7
8
12
10
15
13
16
13
16
19
16
20
22
22
24
21
25
24
28
27
28
27
31
34
31
33
35
37
36
38
40
37
42
43
44
44
43
48
44
48
47
47
49
50
54
53
57
57
58
60
56
60
61
60
62
62
64
65
66
66
69
71
68
70
74
73
72
78
77
75
76
79
82
80
81
84
85
86
84
88
90
90
90
92
91
92
93
96
98
95
97
102
103
103
103
106
106
104
105
106
108
110
112
111
110
116
112
114
119
117
116
122
121
124
120
126
127
126
125
128
126
127
132
133
133
136
135
137
139
140
140
138
143
140
144
144
142
145
148
147
151
148
149
151
155
152
154
157
158
156
157
158
160
161
164
166
164
165
164
168
166
167
172
173
174
173
172
177
176
175
180
178
182
183
185
183
187
188
189
186
188
190
192
194
195
191
193
196
199
199
200
198
198
199
205
205
202
205
204
206
208
207
209
214
214
213
212
213
214
220
221
220
220
222
224
226
227
225
224
226
227
229
229
231
232
235
232
234
235
239
238
240
238
240
241
244
243
245
247
249
248
252
251
254
255
256
254
258
258
257
256
257
260
262
261
264
265
268
269
270
268
268
269
274
275
276
274
273
274
279
280
281
279
281
281
282
284
284
287
288
287
289
291
290
295
294
292
296
296
298
300
300
299
299
304
301
302
305
307
308
311
309
308
313
312
314
316
314
314
320
318
321
322
322
325
323
325
323
327
326
331
332
330
330
335
332
334
338
338
335
337
341
342
344
341
345
346
348
346
347
350
351
350
354
352
353
353
358
357
358
361
362
360
359
364
364
366
367
366
369
366
367
368
371
374
371
377
374
377
379
377
379
383
382
385
382
382
386
386
390
387
389
388
389
393
391
397
396
397
396
399
401
400
402
404
401
407
408
406
405
408
412
408
414
414
415
414
417
419
419
418
420
418
419
424
422
426
424
427
428
427
429
432
430
432
433
437
433
439
440
441
442
443
440
442
445
446
443
448
449
446
452
449
454
450
454
456
456
454
456
461
462
458
464
465
464
467
468
465
468
469
471
468
474
470
474
476
477
479
478
480
478
483
481
481
482
482
487
484
485
490
488
493
494
491
492
493
496
495
500
497
498
498
500
502
504
507
504
505
507
507
509
509
511
515
516
514
518
518
518
521
518
519
520
521
522
523
528
526
525
529
527
533
533
535
533
537
537
539
536
536
538
542
544
543
541
544
546
546
549
551
549
551
552
552
556
557
557
554
560
557
560
558
560
560
564
563
