564
564
562
560
561
562
559
556
558
554
555
556
553
554
553
549
548
546
549
547
544
542
544
539
538
540
537
540
536
533
534
531
531
534
533
530
531
527
526
524
525
525
524
519
518
522
517
519
518
517
515
514
510
509
511
508
510
508
504
507
504
501
503
499
501
499
498
500
495
497
493
492
490
494
491
492
487
490
487
483
483
485
482
480
481
480
480
480
475
477
477
475
471
470
469
467
471
465
464
463
462
462
465
463
461
457
458
456
457
453
453
453
451
450
448
448
451
449
445
448
443
445
441
442
443
438
437
439
437
433
436
432
433
430
431
429
431
426
428
426
426
425
420
420
423
417
420
420
417
415
413
411
413
412
413
407
407
408
407
407
402
404
405
404
402
400
397
400
394
397
395
396
392
394
391
391
391
386
389
387
382
382
383
382
379
382
380
375
377
374
377
372
371
370
371
368
366
368
368
365
365
363
360
364
362
360
359
355
357
357
356
355
355
349
352
347
347
347
346
348
346
343
341
343
340
338
337
340
337
333
334
333
330
330
328
329
331
330
327
326
322
324
324
319
323
318
320
318
317
316
313
313
313
311
313
311
309
310
304
306
305
302
305
299
303
297
299
296
295
293
296
295
291
289
290
289
287
288
285
288
284
282
285
279
282
277
279
279
274
274
276
273
274
274
268
271
268
266
264
265
262
264
264
263
262
257
260
259
256
257
255
251
255
249
250
250
251
246
249
243
242
246
242
241
241
239
241
236
235
236
232
234
230
234
231
229
227
228
228
228
226
224
225
222
223
222
220
216
218
217
214
212
211
212
210
210
207
205
204
203
204
205
202
199
199
197
198
195
196
195
194
191
193
194
192
187
186
189
187
184
187
184
184
184
180
182
179
176
179
177
174
171
170
170
171
171
167
168
164
164
167
161
163
164
162
160
161
160
158
156
153
153
151
151
151
149
150
146
147
146
144
143
141
139
140
138
141
139
136
136
136
136
133
133
132
132
126
130
127
125
127
126
124
123
120
118
117
116
115
117
117
115
114
111
108
111
110
110
106
105
104
103
102
99
101
98
98
100
97
93
93
95
93
93
88
91
89
88
88
83
86
85
85
84
79
80
76
76
74
75
73
75
74
70
71
69
71
69
66
66
63
61
60
64
58
62
61
59
57
58
56
51
54
49
53
47
50
45
46
44
42
42
44
41
43
37
37
37
34
35
36
32
32
32
31
27
30
27
26
23
24
23
22
22
18
20
18
19
18
13
17
11
15
13
10
10
9
7
6
3
4
2
4
6
6
7
4
7
7
12
8
13
14
12
15
16
15
19
17
21
18
20
21
25
23
26
28
25
26
32
30
30
33
36
35
35
38
35
40
38
38
41
40
43
45
44
47
50
48
48
49
53
51
55
53
58
56
58
60
60
62
61
65
64
62
64
64
67
70
70
70
71
75
76
73
75
77
76
77
78
78
84
80
86
86
86
85
85
86
91
92
90
95
92
96
96
94
95
96
98
101
104
100
102
105
106
106
108
106
111
111
110
111
116
117
114
114
116
121
119
123
124
125
124
123
128
125
128
130
130
129
131
131
131
133
135
134
135
141
137
139
144
142
143
144
145
145
145
149
148
149
149
154
155
154
157
154
155
158
157
158
164
161
162
163
166
169
170
171
169
169
170
173
176
176
173
174
175
178
178
178
180
181
185
185
188
188
187
190
189
189
194
195
194
192
194
194
197
199
201
198
201
205
204
205
208
207
205
207
211
210
209
215
214
212
218
218
220
216
221
223
223
224
226
223
228
225
225
231
228
232
230
231
231
232
237
234
235
236
239
242
243
242
243
245
244
249
247
251
249
253
251
250
252
254
256
258
256
261
258
263
260
262
266
267
263
269
266
271
271
269
270
270
271
272
274
279
280
278
279
282
281
281
284
286
288
287
289
291
288
292
289
294
293
293
295
298
295
297
300
299
303
300
304
307
308
307
306
306
312
308
312
311
316
314
318
317
318
316
319
323
319
322
323
324
324
329
325
327
327
333
332
335
332
334
334
335
336
341
341
343
343
340
345
342
345
349
349
350
347
351
353
351
354
352
357
354
359
358
358
360
361
360
363
363
367
364
369
367
371
372
370
370
373
376
373
377
380
380
378
379
379
384
386
384
387
389
387
389
388
391
392
395
395
397
396
395
396
396
401
402
403
404
405
403
403
404
409
407
409
408
411
414
416
416
413
414
420
417
421
421
420
425
421
425
426
428
425
427
431
429
434
434
432
433
435
434
435
437
441
440
442
445
445
447
444
445
449
449
449
453
454
453
456
452
454
459
455
460
457
461
459
464
463
462
463
468
468
470
468
469
470
470
471
477
475
476
476
479
481
480
484
480
484
483
487
484
485
489
487
490
490
495
496
492
498
496
496
496
499
499
502
500
501
502
508
507
507
508
511
510
514
511
515
513
517
514
515
521
519
523
519
525
522
523
526
529
526
530
528
530
530
532
534
534
537
534
540
541
539
540
544
544
546
542
543
545
546
547
548
553
551
550
552
554
557
554
559
560
562
559
559
564
564
564
