564
566
560
562
559
559
561
560
554
553
557
552
551
551
553
549
551
547
545
546
546
546
542
540
538
540
536
538
537
535
535
534
530
533
532
529
528
530
528
526
525
525
524
521
523
518
521
515
515
517
512
515
512
510
513
509
511
505
507
507
507
503
502
499
501
502
499
496
496
494
494
491
490
494
493
487
486
489
487
483
484
482
485
480
480
477
480
476
478
476
476
471
474
472
472
472
469
467
466
467
466
461
465
463
463
462
461
455
455
458
452
454
453
449
449
451
451
449
447
443
445
443
442
443
440
438
436
436
439
435
436
436
435
434
431
432
429
429
427
428
422
422
422
419
423
418
421
419
419
418
416
412
413
414
408
407
406
406
407
405
405
402
401
403
403
402
401
398
399
398
396
395
391
392
389
390
391
386
388
388
385
384
385
379
378
377
378
378
376
376
375
376
372
371
370
367
366
366
365
363
365
365
361
359
358
357
358
360
357
355
353
353
353
350
351
349
348
349
346
343
342
341
343
342
339
337
340
339
339
337
334
335
332
329
330
328
328
327
326
324
327
321
323
319
322
321
317
319
314
317
314
313
310
314
309
311
309
310
305
304
302
303
303
303
298
301
296
300
294
295
297
295
294
290
289
287
286
287
287
286
282
284
282
280
279
278
281
277
276
273
272
273
275
271
271
269
267
266
267
267
263
265
260
259
259
261
257
260
257
253
252
254
250
251
252
249
251
250
245
246
243
241
242
240
238
237
240
236
234
233
235
234
235
234
230
228
231
225
224
226
226
224
223
219
218
220
220
219
217
216
212
214
215
211
210
208
209
209
206
208
205
203
202
203
203
202
200
197
196
198
194
196
191
193
191
191
188
185
189
184
185
184
185
183
178
180
176
177
176
176
173
176
171
172
172
169
169
166
168
168
165
166
165
161
158
157
157
155
156
156
152
154
153
154
148
152
149
147
149
144
147
142
140
139
141
139
136
137
137
138
136
134
131
129
129
130
130
126
124
125
127
126
120
119
119
121
119
115
115
117
114
114
114
110
111
111
107
105
109
105
105
103
103
100
99
98
101
97
97
97
96
91
90
92
93
87
90
85
84
84
84
81
82
83
78
82
80
76
74
74
77
71
72
73
69
72
68
67
66
66
66
65
65
62
62
60
58
59
59
57
53
51
55
50
51
48
49
48
44
45
44
43
44
42
40
39
38
36
39
33
36
33
34
33
28
31
28
28
28
28
22
23
24
24
18
19
20
19
19
14
14
15
12
10
13
8
6
8
6
7
3
4
1
3
6
6
4
7
6
10
10
13
12
13
13
14
15
15
19
18
21
24
21
25
25
24
27
30
30
32
30
31
32
35
35
33
39
40
41
42
40
44
44
42
43
43
46
47
47
52
52
53
55
54
52
57
59
60
60
58
63
64
60
65
67
66
66
66
66
72
69
72
75
75
75
75
78
78
77
79
81
84
83
84
85
84
89
86
91
92
91
94
92
92
93
97
99
95
100
98
102
99
105
104
106
107
108
110
109
110
112
109
112
113
113
117
114
118
117
118
123
119
120
125
122
127
127
127
126
129
130
133
133
135
135
138
137
137
138
140
140
143
143
142
142
144
145
146
150
151
150
152
151
155
155
158
157
155
158
162
162
161
165
163
165
164
166
165
166
168
169
172
173
176
175
177
176
177
176
182
183
181
184
186
185
186
185
190
186
192
189
193
195
191
196
197
194
200
199
201
199
202
204
203
205
208
204
206
210
212
209
211
215
213
213
216
214
220
216
219
222
220
222
222
226
227
227
227
229
232
233
229
231
236
232
236
238
240
240
242
241
243
244
242
242
243
249
245
247
251
249
253
254
253
253
257
256
255
257
257
262
261
263
266
265
268
267
265
267
270
269
270
275
271
277
273
277
276
277
279
283
281
283
282
287
283
289
285
290
287
292
293
291
296
295
297
294
297
300
301
301
300
302
303
306
304
309
306
308
307
310
309
310
313
314
318
318
315
317
317
323
319
324
326
326
326
329
326
326
329
332
334
331
336
334
333
337
337
341
339
339
342
344
345
345
348
346
347
346
348
350
354
354
351
354
358
358
360
356
360
359
363
363
362
364
365
368
368
370
372
373
370
373
374
372
378
375
379
378
380
383
383
384
386
386
386
388
385
390
392
389
392
390
393
393
394
395
395
396
400
400
403
400
401
407
405
404
406
409
409
412
414
411
412
414
413
414
418
421
420
418
423
424
426
424
428
426
427
428
431
430
433
434
431
432
436
439
439
438
437
442
443
444
442
446
448
448
446
447
452
449
454
455
452
456
455
456
458
460
459
461
459
464
466
465
463
468
466
468
467
473
474
472
473
477
475
477
478
479
482
481
479
485
482
487
488
486
488
487
487
490
491
491
491
495
495
495
499
498
500
498
504
503
503
507
507
504
510
511
510
512
510
513
515
517
516
515
518
519
518
522
521
523
523
527
523
527
525
528
529
531
530
535
533
535
534
539
539
540
540
539
542
544
544
542
548
546
547
546
547
550
551
555
551
552
553
557
558
559
562
560
562
561
565
564
