875
879
873
872
872
874
872
868
872
870
869
867
863
867
865
860
861
861
860
859
855
856
858
855
854
852
853
848
847
846
848
847
845
846
842
845
844
838
838
836
838
837
837
835
832
834
831
832
832
830
829
828
825
826
826
824
824
819
819
818
820
814
818
817
815
812
814
808
808
806
806
805
808
802
805
803
801
803
799
796
800
797
797
794
796
792
790
792
787
786
786
785
785
786
782
785
782
779
780
777
776
776
773
773
773
771
773
769
769
771
770
769
764
766
764
764
762
758
760
757
760
759
758
756
754
750
752
753
752
751
745
749
745
746
742
742
740
742
741
741
740
734
734
734
735
733
734
728
728
731
728
726
727
722
721
724
723
720
722
719
718
717
713
715
713
714
713
709
709
708
707
707
706
704
705
704
701
702
700
698
698
696
694
693
693
695
689
693
692
686
690
687
683
682
685
683
681
680
682
681
676
677
674
675
675
670
673
672
672
668
669
665
667
663
663
661
659
661
662
657
658
659
653
655
651
655
652
649
651
648
648
646
644
642
642
641
643
641
638
639
640
635
637
635
635
632
630
631
630
627
629
625
627
626
626
621
624
619
620
618
620
614
615
613
612
613
611
611
607
609
605
608
603
603
601
604
603
601
600
599
595
595
595
594
594
592
591
592
592
590
588
585
587
584
584
582
582
579
577
578
576
576
576
577
575
571
573
572
567
569
569
567
564
566
563
564
564
559
559
560
556
559
555
553
552
550
551
549
547
546
550
547
547
544
542
544
539
543
540
540
535
536
536
535
533
533
531
531
529
529
525
527
525
522
526
520
521
523
521
516
515
514
516
514
516
512
510
510
511
511
507
508
506
506
502
502
499
500
501
497
496
496
495
496
494
490
492
488
487
489
489
489
484
482
485
483
479
481
477
476
478
476
473
473
475
470
472
469
472
471
466
468
466
467
466
461
459
461
459
460
460
459
455
456
453
453
451
449
452
447
448
447
444
442
442
441
440
443
439
440
438
436
437
433
436
434
429
433
430
431
428
429
423
424
426
424
422
423
418
417
415
417
416
412
414
411
412
410
412
411
410
409
405
407
403
401
402
401
402
396
397
396
396
392
396
391
392
392
391
389
386
385
383
387
384
383
384
379
380
379
377
378
376
375
373
371
373
373
370
368
368
365
366
362
362
360
364
361
358
357
355
356
354
355
356
355
351
353
349
346
350
346
345
347
346
344
339
339
338
339
338
335
333
333
335
335
333
329
331
330
329
326
323
323
326
321
324
321
321
316
320
317
316
312
311
311
312
313
308
306
307
307
306
307
305
302
301
299
301
296
300
298
298
292
293
293
290
293
291
290
287
285
284
286
283
283
280
281
277
277
275
274
274
273
275
270
271
271
268
270
266
264
267
266
265
264
261
262
258
257
260
255
258
256
253
250
252
249
249
246
245
248
247
243
243
244
240
240
240
236
238
236
238
236
234
234
229
230
231
226
229
228
225
225
224
225
222
221
222
217
218
217
217
217
214
212
210
210
211
210
209
205
203
205
206
202
200
198
199
197
197
199
197
192
196
190
192
192
192
186
187
187
183
185
182
184
182
181
178
181
180
176
173
172
171
170
173
169
171
170
168
169
165
166
165
163
163
158
159
159
160
158
155
153
156
154
149
150
150
149
145
145
144
144
145
145
142
143
138
139
136
136
137
136
134
132
134
133
127
128
130
128
125
125
125
125
122
118
121
117
119
119
113
116
112
110
113
112
109
108
105
105
107
105
104
105
102
98
98
99
97
96
95
94
92
93
90
93
92
86
89
87
88
84
83
83
81
82
81
81
80
74
73
72
73
72
72
68
70
69
66
65
66
64
64
60
61
60
58
59
55
57
58
54
54
54
53
50
50
46
46
44
46
43
44
42
42
38
39
40
39
35
38
36
36
31
29
31
28
31
30
26
27
24
22
22
20
18
18
21
17
16
14
14
11
12
9
10
7
6
5
9
5
2
3
