875
875
874
877
873
871
871
870
867
866
868
865
868
862
861
860
862
858
858
856
857
857
855
853
854
855
850
851
851
848
850
844
845
843
841
845
840
840
840
836
835
835
835
833
832
830
831
832
829
828
827
825
828
823
822
824
819
819
819
819
820
818
817
815
813
815
811
812
810
806
806
805
807
807
805
801
802
799
798
796
798
796
794
794
794
792
792
790
789
786
785
789
783
782
783
783
783
781
782
779
775
774
773
776
776
771
771
769
772
768
768
769
766
765
762
763
763
758
758
759
755
759
755
754
756
753
749
750
748
749
750
745
743
747
744
742
744
740
737
740
737
734
737
733
734
733
731
730
730
731
725
725
728
725
723
723
721
723
722
718
716
716
714
717
712
713
712
712
711
709
709
705
704
704
702
702
699
702
702
698
700
694
696
693
695
690
691
692
687
689
688
689
684
687
683
682
680
682
682
681
677
674
678
677
675
670
670
668
669
671
670
668
664
666
666
661
662
663
660
660
658
656
658
656
653
650
650
651
647
651
647
646
648
647
641
641
639
640
641
639
640
639
634
636
634
631
629
632
630
627
626
629
628
627
626
624
619
623
622
620
618
617
618
616
612
615
610
612
607
611
610
605
605
602
603
601
599
600
599
600
599
598
598
597
593
590
590
591
588
591
587
588
586
586
584
583
579
580
578
581
579
575
578
572
573
570
574
571
569
566
566
565
566
565
562
562
564
562
560
561
558
556
554
555
554
554
552
552
550
547
549
548
546
547
543
542
539
541
541
539
539
534
535
533
534
534
533
529
529
529
529
528
527
526
525
522
521
522
517
518
515
515
516
514
512
514
511
508
511
506
505
507
505
507
503
501
499
501
501
496
498
499
497
494
495
490
493
489
492
490
488
486
487
483
481
481
479
479
481
477
477
475
474
474
475
472
471
469
467
471
465
466
467
463
464
462
462
458
461
456
457
455
453
452
453
450
453
452
452
450
445
447
445
447
441
440
440
440
441
437
438
439
434
435
434
435
432
433
432
428
427
426
425
427
423
422
424
420
420
420
416
419
418
417
411
412
410
408
407
409
409
407
407
403
401
403
399
398
399
396
396
395
395
392
391
391
391
392
391
387
385
385
386
384
384
382
381
382
379
381
376
379
377
375
374
373
370
369
371
368
368
367
363
364
366
364
364
358
361
356
355
358
358
356
355
352
354
351
350
346
346
345
344
344
341
344
342
339
337
341
336
337
333
332
335
331
333
330
330
327
325
327
328
322
322
320
320
322
322
321
318
315
317
313
315
312
311
309
309
306
310
304
304
306
301
305
299
298
299
296
295
297
293
293
296
294
289
288
289
288
289
288
286
285
283
280
281
283
277
279
275
274
273
274
276
270
271
272
271
266
269
268
264
265
262
265
259
263
259
260
256
259
253
252
255
255
250
252
247
246
250
249
246
246
246
243
242
243
242
237
240
234
233
235
233
235
234
228
231
231
226
224
225
225
226
223
222
219
218
218
220
217
217
215
213
214
212
208
208
211
205
204
206
207
206
200
200
203
201
200
200
194
195
192
191
195
189
192
191
188
187
189
186
183
183
185
182
181
178
176
180
177
176
177
171
171
174
170
172
166
166
169
168
166
163
164
163
159
162
156
155
159
158
154
154
153
150
153
148
146
149
147
148
146
143
140
140
140
139
138
135
139
133
132
136
132
134
132
131
130
129
129
126
124
121
124
119
118
118
118
118
119
114
113
116
110
111
111
112
108
105
105
108
107
103
103
102
100
97
98
100
95
98
96
95
90
92
89
90
86
87
85
87
85
82
84
82
83
80
78
78
77
78
73
72
70
71
71
69
67
68
65
63
64
64
63
59
58
61
59
55
54
54
53
53
50
52
48
49
50
50
46
45
45
41
45
40
40
38
38
37
37
37
32
32
32
31
30
30
31
28
27
26
26
23
24
23
19
19
19
18
14
14
13
15
11
13
9
12
7
7
8
8
4
4
