877
876
876
875
874
873
870
868
872
870
867
864
868
863
863
864
859
859
860
858
859
859
854
855
851
850
851
852
847
851
848
849
846
845
846
841
839
840
842
841
835
838
838
836
833
830
834
829
830
826
830
828
825
824
821
825
819
821
819
819
819
819
816
813
816
812
810
812
808
811
810
806
803
802
803
800
800
802
797
801
799
799
795
792
791
795
789
791
788
787
790
787
784
782
783
785
782
779
779
778
779
775
774
774
771
774
773
769
772
767
769
767
767
762
762
764
762
758
762
760
755
758
754
753
752
750
750
748
750
746
747
749
746
746
745
743
741
743
738
736
736
735
738
736
733
734
731
731
729
726
725
727
728
723
723
723
719
719
719
720
716
715
715
713
714
713
714
713
711
709
705
709
705
703
703
704
704
700
697
700
698
696
696
694
694
690
690
692
692
691
687
687
683
686
682
685
680
678
680
678
676
676
673
675
675
670
674
671
669
666
665
665
664
665
666
661
662
663
661
659
658
658
656
656
652
651
649
650
648
649
650
649
645
643
643
640
642
639
641
641
640
635
634
633
632
630
633
628
631
627
628
626
623
625
621
621
619
619
622
621
619
614
613
615
613
611
610
612
608
606
609
608
607
602
605
605
603
603
601
601
596
596
598
597
594
595
590
592
591
589
588
586
586
586
583
581
579
582
577
578
576
575
576
573
574
572
571
571
572
568
566
565
566
567
566
561
559
560
559
558
556
555
558
552
552
555
552
550
548
549
546
549
544
546
544
543
544
543
537
538
540
535
533
535
534
533
532
532
529
528
530
524
524
523
522
525
522
518
517
519
519
518
516
513
511
513
511
509
510
511
508
506
508
502
503
503
499
498
502
498
499
494
496
496
493
491
489
491
492
486
488
484
488
483
484
485
479
483
481
479
475
477
477
473
474
475
471
468
468
469
466
464
464
465
464
461
461
459
459
458
456
457
455
454
453
452
453
452
448
447
448
448
444
445
443
441
442
443
438
437
437
439
437
434
433
434
430
431
430
430
427
426
424
426
425
422
424
422
418
418
419
416
418
416
414
413
411
410
411
406
405
408
405
403
404
400
399
401
401
396
395
394
396
396
394
394
389
392
392
388
386
386
384
385
382
385
379
378
377
376
376
375
374
374
373
374
371
370
367
368
366
368
368
367
365
362
364
359
362
357
357
354
358
357
354
350
353
349
351
349
350
347
343
343
343
344
341
338
342
336
340
339
335
336
332
333
331
331
327
327
326
327
325
322
325
322
324
319
319
321
316
315
315
312
314
313
312
309
311
310
306
309
306
302
301
301
302
302
302
299
299
299
294
292
296
294
291
289
290
287
286
287
285
282
284
283
282
278
278
276
278
279
276
277
276
271
271
273
267
266
267
266
265
265
264
265
262
259
261
256
258
255
255
256
256
251
252
253
250
250
246
247
247
245
245
244
240
241
237
239
240
237
238
237
233
230
233
229
227
230
230
227
227
227
221
223
219
223
217
217
216
219
216
213
211
212
212
211
209
210
206
205
206
205
205
200
201
198
198
196
196
198
197
194
194
195
192
192
190
186
190
189
185
183
182
183
180
179
180
176
177
178
175
175
174
172
169
170
171
167
167
168
165
167
164
164
159
161
157
161
160
156
154
155
155
154
151
148
147
151
150
149
148
142
146
141
143
140
140
139
138
135
134
132
134
133
131
131
130
128
125
129
123
127
126
121
119
119
117
116
115
116
117
112
114
113
112
109
112
107
110
105
104
107
102
100
102
102
99
101
99
97
95
96
96
91
89
92
87
89
86
88
86
87
86
80
83
79
77
79
75
79
73
72
76
71
72
72
68
66
69
65
67
66
61
64
62
63
58
59
55
59
57
57
56
55
49
53
51
48
47
45
45
42
42
43
39
39
40
39
36
38
38
32
35
34
32
33
31
30
25
28
25
27
25
20
23
22
22
18
19
19
15
14
12
10
13
12
10
10
5
7
5
5
6
