880
876
873
873
875
873
870
871
869
866
868
864
865
863
862
860
863
863
859
857
857
858
854
852
852
852
849
853
850
849
849
845
845
843
843
840
843
840
838
839
835
835
836
832
835
833
832
831
827
826
829
825
828
826
823
824
821
823
818
817
819
816
817
815
815
813
810
810
810
810
805
807
808
807
804
801
799
801
800
798
798
794
794
792
794
791
791
791
792
790
789
787
784
784
781
782
781
781
779
779
780
779
773
775
776
775
772
773
770
769
769
769
764
763
763
760
761
761
761
758
757
757
754
755
751
751
753
748
751
751
746
744
744
743
743
740
741
741
741
739
740
736
735
737
734
733
731
729
727
729
728
725
724
726
724
720
724
722
721
716
716
716
716
714
714
714
710
712
711
707
710
705
707
703
704
701
703
703
702
700
696
695
693
695
691
694
692
691
687
686
690
685
683
687
681
682
682
682
679
676
680
679
675
677
672
674
670
673
669
666
665
664
664
667
661
665
659
658
658
656
660
655
658
654
654
653
649
652
649
648
645
648
645
644
645
644
642
638
637
639
640
638
634
637
632
632
629
628
631
631
628
626
627
627
624
620
623
621
620
618
615
619
618
613
616
615
611
608
611
611
609
609
604
604
601
602
604
598
601
600
595
597
596
596
593
594
589
590
592
590
590
589
585
583
583
582
580
582
581
581
577
575
574
576
574
575
572
570
568
570
570
568
566
565
563
562
561
563
557
556
560
555
556
556
554
553
552
550
552
549
550
548
546
544
546
545
544
539
538
541
540
539
536
534
533
534
530
530
532
531
526
529
528
526
523
520
520
522
520
517
517
518
516
514
514
512
513
512
507
508
510
509
505
505
506
501
499
503
501
500
496
499
497
497
493
493
493
493
487
487
487
484
488
484
484
481
479
480
480
477
476
479
473
476
474
473
473
469
470
471
470
464
463
462
461
463
464
461
460
457
459
459
454
456
452
455
453
449
450
448
447
447
444
442
442
441
444
441
442
439
437
436
437
435
431
431
434
428
427
427
428
429
425
427
422
424
419
421
420
417
416
414
413
412
411
415
412
408
412
406
405
409
403
405
406
405
401
402
397
400
397
398
395
393
394
391
391
388
388
386
390
389
385
387
382
381
383
378
379
378
379
379
374
376
373
372
369
369
368
366
368
368
364
367
365
365
364
362
362
361
358
356
354
355
351
353
353
350
348
351
346
348
346
344
343
342
341
339
338
340
337
338
335
335
336
330
334
331
329
330
330
328
327
323
326
322
322
319
322
319
318
317
313
314
312
310
311
310
312
310
305
304
308
306
301
300
303
301
300
296
299
296
293
295
291
295
294
288
288
290
289
285
288
287
286
280
281
278
278
278
276
278
273
273
272
274
271
268
270
271
267
265
266
267
266
262
264
259
259
259
260
259
256
254
253
250
253
252
247
250
246
248
246
243
242
240
244
238
242
236
237
239
233
233
231
230
234
232
231
228
229
229
226
225
224
221
220
219
218
220
220
217
216
214
212
210
209
210
208
206
207
206
204
203
204
200
203
198
197
196
197
195
196
193
193
192
191
189
189
187
188
188
187
185
185
181
183
181
182
177
177
178
173
176
175
173
172
169
169
169
170
169
164
162
166
161
160
162
157
157
158
154
155
156
155
151
154
149
150
146
145
145
147
143
145
145
141
138
140
140
135
136
134
137
135
132
134
128
128
130
130
127
125
123
122
125
124
120
118
120
115
119
116
113
111
115
109
111
112
107
106
105
103
103
105
105
102
99
97
101
99
98
96
97
96
94
92
93
88
88
85
85
87
86
81
80
81
80
80
76
75
75
76
72
71
70
71
69
71
70
68
66
63
64
66
65
63
59
61
57
57
56
56
53
54
54
51
52
51
50
50
47
47
47
42
44
43
42
42
41
39
36
37
32
32
33
30
29
29
31
27
25
28
26
22
25
23
21
20
21
19
19
15
17
14
10
13
8
8
8
6
5
5
5
4
