876
874
873
874
874
873
871
872
870
867
869
865
866
863
863
861
860
859
857
860
859
859
853
854
854
850
853
849
848
847
850
846
845
842
842
845
844
841
840
840
839
838
835
832
834
832
831
833
828
829
828
825
823
827
821
822
822
822
819
816
818
816
813
812
813
815
814
808
810
811
807
804
808
805
803
804
804
799
801
796
799
796
793
794
795
791
791
791
790
788
786
789
783
784
783
780
784
783
779
779
777
779
774
775
771
774
770
771
771
769
769
769
765
763
761
760
759
762
758
761
758
758
753
757
756
750
749
752
751
749
745
745
745
742
743
742
742
739
738
740
739
735
734
737
732
732
732
730
731
730
729
727
727
726
722
720
719
721
721
719
716
719
715
714
712
710
714
712
707
711
708
704
707
707
702
704
702
700
700
697
695
694
697
693
693
695
691
690
692
686
686
689
688
685
684
680
682
680
677
678
675
675
675
676
673
674
673
671
669
668
668
669
668
662
661
663
663
658
662
659
660
658
657
654
652
654
652
653
649
649
646
648
643
643
645
644
640
643
642
640
639
639
635
632
631
635
631
633
628
627
627
629
627
622
624
623
621
623
621
618
615
614
617
614
613
611
613
610
609
610
609
605
606
602
601
604
599
603
599
600
597
595
597
594
593
594
590
592
588
590
587
586
585
584
586
584
579
581
579
577
578
576
574
572
574
570
569
568
567
569
565
566
565
564
566
562
561
560
559
558
556
554
556
554
555
550
549
548
549
550
547
547
543
545
543
540
540
540
540
540
535
535
534
536
536
532
532
533
529
531
527
525
528
524
524
523
523
520
518
517
516
517
517
516
512
514
511
510
508
511
506
509
508
503
504
500
503
503
498
498
500
496
497
495
493
495
491
492
488
487
485
486
486
483
485
485
482
480
481
479
479
479
475
477
474
475
473
468
472
467
468
464
467
466
461
462
464
462
460
457
455
458
453
457
451
455
453
450
447
450
450
449
444
447
441
441
441
442
438
436
440
435
434
432
436
433
431
433
430
431
425
427
427
423
422
422
423
421
420
418
418
418
415
413
411
412
409
409
412
411
408
409
405
402
401
400
402
400
402
399
398
396
397
394
393
394
393
388
389
387
388
389
386
384
385
382
380
379
379
381
379
377
374
375
371
373
369
373
367
367
370
368
366
363
363
360
364
362
359
360
358
356
353
355
352
355
351
352
348
346
345
345
347
343
344
341
341
340
337
337
339
334
335
334
336
334
329
333
330
327
325
328
327
326
323
320
320
320
319
316
318
317
315
316
311
315
309
310
312
308
308
306
305
307
304
304
299
298
300
300
298
299
297
293
294
293
292
289
288
289
289
289
287
284
282
285
282
281
282
280
278
277
274
276
273
272
272
272
269
270
268
266
264
265
261
260
263
258
259
259
257
255
258
257
252
251
254
248
251
249
249
244
245
245
245
240
241
239
239
237
237
238
235
232
234
234
230
230
228
229
227
224
228
226
226
224
220
221
217
219
216
215
218
212
211
214
209
209
208
208
205
205
204
206
206
205
204
199
197
199
200
198
196
193
194
194
192
190
190
191
190
185
184
183
186
183
182
180
182
177
177
175
174
173
173
173
171
171
169
166
169
168
167
163
164
164
163
159
157
157
156
157
154
154
155
151
151
151
149
151
148
149
148
146
146
144
139
143
140
136
139
135
136
136
135
133
131
130
127
129
130
129
127
126
123
122
121
118
117
119
117
116
118
116
116
111
114
108
107
110
110
106
108
107
103
101
100
103
97
99
95
94
98
94
95
93
89
89
92
91
89
87
85
82
82
84
84
82
82
77
76
77
74
74
73
74
71
73
71
66
66
69
68
67
64
60
59
63
60
57
56
59
57
53
52
52
50
50
47
51
50
49
46
47
46
41
42
38
42
40
35
39
36
33
36
33
30
33
32
26
30
29
23
23
22
21
20
19
22
19
15
18
17
13
11
14
11
12
12
6
8
4
8
7
3
