875
877
873
872
876
874
871
871
869
867
869
864
863
864
861
860
861
862
859
859
856
859
858
854
856
850
854
852
849
848
848
846
846
843
843
843
842
842
842
839
840
839
837
835
833
835
829
830
831
826
829
829
827
823
822
825
819
822
822
816
819
816
816
813
816
810
809
813
810
808
808
805
806
804
806
803
804
803
802
798
797
795
795
797
791
795
794
788
787
787
786
785
785
785
781
785
784
782
780
778
780
774
778
776
772
772
771
771
770
769
767
765
765
765
765
760
759
762
762
756
759
757
754
753
753
750
749
749
751
751
750
744
746
743
744
740
739
739
739
740
740
736
735
732
735
735
731
728
728
730
728
727
726
727
726
721
723
718
720
720
715
716
716
716
715
710
714
708
708
708
708
705
704
707
706
705
701
699
702
697
697
697
697
692
694
690
690
689
691
691
689
685
686
686
686
685
679
682
681
678
675
677
678
677
675
671
673
673
671
667
667
667
664
667
662
660
660
662
661
660
657
654
654
653
652
650
652
651
648
649
650
647
643
642
641
640
643
640
640
638
637
637
635
635
633
631
632
631
629
630
626
624
626
622
623
620
619
623
618
619
617
616
618
617
616
611
610
609
607
607
607
608
605
604
602
601
600
600
601
596
600
596
594
592
594
591
592
588
589
589
587
588
586
585
584
580
582
580
579
580
576
575
574
575
573
573
571
568
571
567
565
568
563
565
562
563
562
559
562
556
555
555
557
555
555
554
549
551
548
551
546
547
547
546
546
541
544
542
542
536
538
537
537
532
532
531
529
533
531
527
529
526
528
524
521
524
520
518
520
521
519
519
515
515
512
514
509
513
509
506
510
506
503
505
502
500
503
499
500
497
498
494
493
496
496
491
492
491
488
491
485
485
485
486
485
480
481
483
477
477
476
475
473
474
472
473
473
470
469
470
467
468
463
463
466
462
460
460
461
459
458
459
456
453
454
455
450
452
447
450
446
444
446
443
441
444
439
440
442
440
436
435
437
437
435
435
432
430
429
427
430
429
428
422
423
424
421
418
418
417
420
417
418
413
416
413
413
412
412
410
407
407
404
407
405
404
400
402
400
399
400
399
393
396
391
393
389
393
390
390
386
386
388
384
384
381
382
381
379
376
380
378
377
377
374
371
372
368
368
368
366
365
363
362
366
365
362
358
357
357
357
354
354
353
355
350
353
350
352
349
345
348
348
347
341
345
344
340
340
337
338
337
333
335
336
335
329
332
328
329
327
325
325
323
321
320
323
319
317
318
318
316
316
312
313
312
310
311
312
308
308
306
307
306
302
305
299
302
297
301
298
296
297
294
294
295
293
293
288
288
287
289
288
284
286
283
283
281
280
281
278
277
273
277
273
270
271
272
268
268
265
269
263
264
266
265
263
260
261
261
255
257
256
255
252
251
251
251
250
246
248
247
247
245
245
245
241
242
239
239
236
239
237
237
233
232
231
231
227
230
226
229
228
224
221
220
219
222
220
218
217
217
217
214
216
215
213
212
209
210
210
208
207
206
204
204
203
198
201
200
199
199
196
192
191
194
194
191
192
186
190
187
187
186
186
182
184
181
178
181
176
178
178
177
174
174
169
169
170
166
167
167
168
163
162
164
160
161
161
160
157
154
157
152
156
152
153
150
149
151
147
145
145
142
144
140
143
143
140
141
135
139
135
137
131
135
134
133
129
126
128
124
125
124
121
122
122
119
119
120
119
119
115
117
111
112
109
112
112
107
108
107
106
107
104
101
103
101
100
99
100
99
97
95
92
95
94
93
88
89
86
88
83
85
84
85
79
79
80
80
76
78
74
74
73
71
70
71
70
67
69
65
67
62
61
65
60
61
62
60
56
56
57
54
51
51
51
52
49
50
48
46
45
45
42
45
40
39
37
37
37
34
36
35
36
35
29
29
29
29
30
28
28
23
25
25
19
18
18
20
16
15
16
14
11
11
13
8
7
7
6
6
7
3
4
