877
874
877
875
871
874
870
871
868
870
865
868
864
862
862
865
862
860
862
861
859
857
853
853
855
850
850
849
851
848
850
844
846
847
843
845
842
842
837
839
838
839
837
833
832
831
830
832
830
830
826
824
826
822
825
825
823
823
820
817
818
814
816
815
815
815
813
809
812
808
805
805
804
806
806
804
803
798
799
800
798
795
795
796
793
791
791
788
792
786
787
789
785
786
786
783
779
778
780
778
776
774
776
775
776
770
773
770
771
769
769
769
764
765
764
765
760
762
761
759
756
758
758
757
756
750
753
748
747
748
750
745
744
743
746
743
744
741
739
740
740
737
736
732
735
733
732
730
730
731
730
728
728
723
721
720
720
719
720
721
719
714
713
712
713
712
710
710
708
709
707
708
703
706
701
704
700
698
699
699
695
696
697
695
695
695
691
692
691
686
690
686
688
687
681
685
679
683
678
681
678
676
673
675
672
673
672
672
672
668
667
668
668
664
664
664
661
658
659
658
657
654
653
654
653
651
650
649
650
651
650
648
644
645
643
640
640
642
640
638
637
639
633
634
635
632
633
630
628
626
629
625
623
626
626
623
622
620
620
620
616
614
618
616
611
613
610
613
608
607
610
607
608
603
601
602
603
599
599
598
598
594
597
596
596
594
592
589
588
590
589
588
585
585
581
581
580
579
577
580
575
578
574
574
573
573
570
573
567
570
566
565
567
563
565
565
559
563
558
559
559
557
553
553
556
554
551
550
547
551
547
546
546
547
544
542
542
538
541
541
537
538
538
537
532
531
531
533
527
530
525
528
526
526
526
524
520
522
522
518
516
516
513
514
515
510
511
511
512
509
505
506
508
504
501
501
499
502
499
497
496
494
498
496
495
492
489
493
492
491
487
484
488
484
482
484
479
481
478
478
475
474
477
475
476
471
474
471
467
469
469
469
464
467
466
460
464
461
461
456
456
455
456
457
456
450
452
450
448
451
448
447
448
446
444
443
439
439
437
440
438
434
434
436
431
430
433
432
432
431
425
428
427
426
425
421
419
421
419
420
417
417
413
417
416
415
409
408
409
410
410
406
404
406
401
400
399
402
397
400
396
395
398
396
394
395
393
389
388
389
389
385
384
385
384
382
382
383
379
378
380
377
376
374
375
372
370
369
371
369
365
369
367
367
361
364
362
361
360
361
356
356
357
354
351
352
352
348
347
347
347
344
345
346
342
345
339
340
339
338
337
335
334
337
332
334
332
331
332
328
325
327
326
327
321
321
324
323
317
319
315
315
313
313
314
311
309
309
310
310
306
307
306
303
302
300
302
299
299
297
297
298
293
296
296
295
293
289
291
286
285
289
288
285
281
283
281
278
281
281
275
275
273
274
275
274
274
269
268
266
269
266
268
267
264
264
259
263
261
259
258
256
255
253
252
255
250
249
249
251
246
249
245
245
243
241
241
240
241
240
240
235
236
236
233
232
230
229
229
227
228
225
226
225
225
224
222
221
218
219
216
217
218
215
216
211
211
210
208
209
208
204
205
203
206
202
201
200
198
197
200
197
196
196
192
191
193
192
192
189
185
185
187
184
181
182
181
178
181
179
177
174
177
173
173
171
174
169
168
168
166
164
167
162
164
160
163
163
157
157
159
159
158
153
156
150
151
150
147
147
150
147
143
145
143
144
144
140
139
140
137
135
137
135
134
130
132
131
130
128
129
124
125
125
124
124
124
119
119
117
118
115
113
115
115
110
110
111
111
111
110
105
103
107
104
102
101
101
101
101
98
99
93
93
95
92
89
89
90
87
86
88
85
83
86
85
82
80
80
80
80
75
73
72
75
72
74
71
68
68
70
66
68
65
61
60
62
59
58
56
58
59
58
55
51
51
49
53
49
48
50
45
45
44
42
41
42
40
42
37
35
36
35
34
35
31
30
30
31
30
25
29
26
26
26
20
23
22
19
19
18
17
13
15
12
13
12
10
9
7
6
8
7
4
1
