875
878
874
877
873
873
870
868
868
869
865
868
864
865
866
860
859
862
861
857
857
855
855
856
856
852
850
852
852
851
845
849
845
844
844
840
844
841
838
840
838
838
837
835
833
831
832
833
827
826
829
825
826
825
825
820
819
818
820
819
819
817
813
814
814
813
810
808
812
809
809
808
805
807
805
804
799
800
797
796
796
795
798
796
795
791
789
788
791
787
786
784
784
783
785
785
782
782
779
776
780
779
776
772
772
773
770
768
768
769
766
765
767
766
761
763
761
760
759
758
757
754
756
754
754
750
753
751
747
747
750
746
746
745
742
740
743
739
738
741
738
739
736
733
734
735
730
729
729
728
728
726
728
727
726
725
720
722
718
719
718
716
716
712
715
715
714
713
708
709
708
706
704
704
704
703
701
703
701
699
696
698
696
695
693
691
690
688
692
690
685
689
684
685
684
682
681
681
682
678
680
677
673
672
672
674
670
670
672
669
669
667
667
663
666
661
662
658
661
659
655
658
653
654
651
655
649
648
647
648
647
647
643
642
646
642
640
640
642
637
638
639
633
634
633
633
633
629
628
628
628
625
627
625
625
625
621
621
620
620
617
619
614
616
615
615
613
608
609
610
609
606
603
602
604
600
601
599
602
599
595
597
598
595
596
590
592
589
587
589
590
589
586
583
583
582
584
580
577
577
578
575
575
577
573
570
570
572
571
569
566
568
565
562
563
561
559
562
559
557
556
558
557
557
556
551
554
548
550
548
546
544
544
547
544
541
543
541
537
537
538
537
535
532
536
535
530
528
531
530
526
524
524
522
525
525
520
518
517
518
519
516
517
515
512
511
511
510
508
507
509
509
505
503
506
500
502
503
498
496
498
498
497
497
492
495
493
489
487
486
490
485
486
482
483
484
481
478
481
476
478
477
475
475
473
472
470
471
472
469
466
468
467
462
465
462
463
459
461
460
455
455
457
453
451
455
449
453
448
448
450
447
448
447
441
444
442
443
440
438
438
438
433
435
436
434
432
431
429
426
429
428
423
427
421
423
423
419
417
417
418
416
415
417
411
410
414
411
408
407
407
406
408
406
406
402
401
398
399
396
400
396
397
393
396
394
394
390
389
388
386
389
383
386
384
381
380
379
381
378
376
377
377
376
374
374
374
372
372
367
365
366
367
364
365
365
362
362
361
357
360
354
356
355
351
350
354
349
349
349
349
349
348
347
342
344
340
340
342
337
337
339
338
336
336
330
334
330
330
329
327
324
328
322
322
320
324
321
322
318
316
316
314
316
316
312
314
310
308
310
307
306
308
305
304
301
300
300
302
298
300
297
297
296
295
292
293
289
292
286
286
284
288
287
281
280
282
278
278
276
276
274
274
275
273
274
271
268
269
270
266
265
266
267
264
262
264
261
259
257
256
254
257
253
253
254
253
249
247
250
247
248
247
243
245
244
243
242
239
238
236
234
238
236
233
233
230
228
231
230
229
227
225
222
221
220
220
222
221
220
220
214
214
217
212
211
213
209
207
208
205
207
206
207
204
202
202
199
197
201
197
197
194
193
194
194
193
192
189
187
185
185
187
183
182
184
180
182
177
176
177
174
178
173
175
170
169
169
169
168
167
164
164
165
166
162
164
160
157
160
158
154
153
154
151
155
150
153
147
150
150
149
146
147
142
142
141
139
141
140
140
134
134
135
132
134
134
132
129
130
127
127
127
125
125
122
119
119
120
121
118
119
116
115
113
113
113
108
110
108
105
106
103
102
102
102
102
99
101
97
96
95
95
95
95
92
90
92
91
87
88
86
84
87
86
82
84
83
79
79
79
79
75
76
75
73
74
68
69
66
70
65
63
66
62
65
61
61
58
56
55
59
57
56
54
53
49
53
48
50
48
45
44
42
44
41
43
41
42
39
36
35
36
37
32
31
29
31
30
28
30
29
23
22
25
24
21
20
17
20
19
19
17
13
16
11
12
10
9
11
5
5
5
3
4
