877
878
875
876
875
872
870
873
872
868
865
864
866
864
862
863
863
863
858
858
857
857
855
854
852
853
851
848
851
850
847
847
846
845
844
841
839
840
841
838
840
834
838
837
833
831
832
830
828
829
827
827
825
822
823
824
823
819
817
817
816
814
816
816
811
814
812
810
811
807
809
807
807
804
801
804
800
803
800
800
800
796
797
792
794
792
792
793
791
787
788
784
785
784
786
785
780
781
777
778
777
775
776
773
773
773
773
770
767
766
767
764
768
763
765
761
759
760
761
759
755
757
757
754
751
755
750
749
749
750
745
745
745
744
745
740
740
738
741
739
739
738
734
732
736
731
732
731
731
731
730
727
727
724
721
720
722
719
718
716
718
715
714
716
713
710
711
712
712
706
710
704
703
704
704
701
699
698
701
697
696
694
694
695
694
692
690
691
692
689
689
685
687
682
682
684
684
681
678
681
676
676
673
673
671
675
669
673
669
669
665
667
663
662
666
662
660
663
660
659
657
654
655
657
653
650
652
652
647
649
645
648
647
642
641
643
640
640
642
637
639
637
635
636
633
630
631
628
629
626
630
626
626
627
624
620
624
620
621
618
618
619
615
612
615
615
609
612
609
606
605
609
603
605
601
605
604
603
597
601
600
594
594
593
595
593
589
588
590
589
586
587
587
584
586
582
581
579
578
580
576
574
573
576
573
570
574
569
567
568
568
569
567
562
563
564
559
562
561
558
556
557
557
557
555
551
553
548
552
550
548
549
547
547
545
541
540
538
540
539
537
539
534
536
535
531
531
532
530
530
529
529
523
524
522
524
519
518
520
520
518
518
517
513
516
515
512
513
507
506
510
506
505
504
505
501
502
498
498
498
495
497
493
497
492
492
491
491
488
489
488
488
484
482
482
485
480
480
478
481
479
476
476
473
471
474
474
472
467
470
469
465
467
467
464
465
463
460
459
459
455
458
456
453
451
451
451
452
448
451
450
447
444
446
443
440
442
442
441
437
436
434
436
432
435
432
432
432
427
428
428
425
423
427
423
424
423
422
417
419
417
415
415
412
414
411
412
408
408
410
407
408
408
405
401
402
400
399
399
397
399
396
398
394
395
390
389
393
390
391
390
385
388
383
386
381
383
382
380
376
377
377
378
375
372
375
372
368
370
366
368
367
366
364
363
365
360
361
357
361
356
357
353
353
356
350
350
352
348
351
348
344
348
345
342
340
344
338
337
339
340
339
334
336
332
330
331
331
327
327
326
325
327
325
326
325
319
323
318
316
316
317
316
315
313
313
314
313
309
310
307
304
304
305
304
301
299
300
300
298
295
297
293
292
295
294
289
290
287
287
285
284
286
286
285
282
280
279
281
276
275
279
274
273
275
275
272
268
272
266
270
268
267
263
263
265
263
260
258
260
255
257
255
254
256
255
250
250
250
250
247
244
247
247
242
241
241
243
242
240
239
234
236
234
236
233
231
232
232
227
230
229
226
224
222
222
219
218
218
221
219
214
214
214
214
213
210
213
211
211
208
205
204
202
206
201
200
200
198
199
200
199
196
194
192
194
193
193
188
187
188
186
184
187
184
183
184
179
181
180
177
175
174
172
176
170
169
168
172
166
170
166
166
165
164
160
164
161
159
158
158
154
157
154
156
151
149
148
149
146
147
146
144
142
141
140
143
138
137
139
136
136
138
134
134
133
129
132
132
126
130
125
123
125
123
124
120
119
117
116
120
114
113
117
116
113
114
109
111
107
108
107
103
107
105
101
100
99
98
96
100
94
94
96
93
92
94
89
88
89
90
89
87
87
83
80
80
82
77
79
77
75
75
72
72
73
74
68
67
68
66
67
65
65
61
63
63
58
59
59
60
59
55
55
54
52
53
53
47
50
45
48
46
44
44
44
44
41
41
37
35
34
35
36
34
31
32
30
29
30
26
25
26
25
21
24
24
18
17
20
18
15
17
17
16
14
10
9
10
11
10
4
8
5
6
