877
877
876
877
872
871
873
872
870
869
865
865
863
867
862
862
860
858
858
860
858
854
855
857
851
851
853
853
852
847
850
847
847
842
841
842
841
843
842
836
835
839
833
835
832
833
830
832
830
826
828
829
828
824
826
823
820
818
821
818
820
819
813
816
815
812
811
809
809
810
805
808
806
802
804
803
803
803
797
797
798
799
796
792
796
793
791
789
792
786
789
787
788
787
783
780
780
779
781
780
778
778
773
773
773
775
774
772
769
767
770
765
768
764
764
761
761
763
758
759
756
757
756
757
754
754
752
753
750
747
748
747
747
743
743
745
744
740
742
737
740
736
737
733
735
730
734
730
727
731
729
727
727
722
721
722
723
723
719
718
719
717
714
716
716
715
709
710
708
709
705
706
704
706
705
703
702
700
700
696
696
695
693
695
694
695
694
688
692
690
688
685
687
684
682
683
679
682
682
681
675
676
677
674
672
675
672
668
672
666
665
667
664
667
662
661
661
661
660
658
659
656
658
657
652
652
651
649
651
647
646
648
646
647
645
642
644
640
640
636
635
634
633
633
632
634
632
633
632
627
626
624
625
623
621
623
621
622
619
618
615
619
618
617
612
615
611
609
609
607
607
609
606
605
601
600
603
598
601
600
595
598
594
595
592
592
592
589
590
586
587
588
583
587
584
580
579
578
577
579
576
575
578
577
572
573
571
568
569
566
568
564
564
565
563
564
560
561
561
558
557
554
553
557
553
550
551
553
549
550
545
544
546
547
545
542
543
539
538
537
540
534
534
537
533
535
534
529
532
526
525
524
524
525
522
524
522
518
519
519
519
516
517
515
516
511
509
511
510
510
508
507
505
506
502
501
500
500
499
498
499
494
497
497
495
493
489
492
488
488
488
487
485
486
486
480
482
483
481
476
479
478
478
477
476
471
470
471
469
469
467
464
468
463
464
465
462
459
462
459
460
459
458
455
452
453
454
448
451
448
450
447
444
447
446
440
443
442
440
440
438
436
435
434
431
432
429
432
428
430
430
424
428
426
422
422
424
423
417
419
418
418
416
414
415
415
411
409
409
410
407
407
405
404
404
405
402
402
399
400
397
398
394
392
394
393
390
392
392
391
388
387
383
382
385
380
380
380
378
378
375
379
375
377
373
373
371
368
367
370
369
367
363
363
366
361
360
363
362
358
358
355
357
352
355
352
350
353
350
346
350
344
346
344
345
345
340
340
337
340
335
338
338
335
332
334
329
332
331
327
329
324
327
325
325
325
320
320
320
317
318
318
314
312
312
314
313
308
307
310
309
309
307
304
301
303
303
302
299
298
299
298
298
294
295
295
292
288
290
290
286
288
283
286
282
284
284
282
282
280
280
275
275
274
273
271
269
272
269
271
268
269
264
263
265
263
262
261
260
261
256
254
253
255
254
254
249
253
251
250
249
248
243
246
243
245
241
243
238
237
235
235
233
237
235
234
230
231
232
226
229
224
227
223
226
223
219
222
222
219
219
219
213
214
211
210
214
211
212
211
209
205
206
202
201
205
204
201
202
201
198
196
198
192
192
194
193
190
191
190
189
188
183
182
184
185
179
183
180
180
175
178
173
174
173
170
171
173
172
166
166
167
164
165
161
164
164
162
160
160
156
157
153
156
155
154
153
153
148
149
145
149
143
143
145
142
142
139
137
139
139
135
133
135
133
135
129
130
131
126
126
127
124
123
121
124
122
123
117
116
116
119
118
115
112
112
111
112
110
106
105
107
105
103
102
104
100
98
99
97
98
94
94
93
96
92
92
90
88
91
89
86
83
87
83
83
80
80
78
80
75
75
78
76
73
71
70
73
69
69
67
69
66
66
64
61
59
61
59
61
57
58
58
54
56
52
49
52
52
48
49
44
45
44
43
41
41
40
41
41
39
37
34
36
32
30
33
32
32
31
30
28
28
25
22
24
22
20
18
16
16
15
14
17
16
14
13
12
11
6
9
9
7
7
2
