876
877
873
872
874
872
870
869
871
871
870
864
864
862
862
860
861
859
859
858
860
857
857
857
851
852
853
850
847
846
850
845
844
845
844
840
844
840
838
840
837
835
834
836
832
833
830
833
827
829
829
825
828
824
822
825
824
818
821
816
815
818
818
812
811
814
811
811
808
809
808
806
803
805
804
803
801
802
798
797
797
794
796
797
792
791
792
792
789
788
788
786
784
783
786
783
781
780
781
779
776
775
777
773
771
772
772
772
768
767
770
766
768
763
764
765
761
760
757
758
756
756
757
756
755
753
752
749
750
747
745
745
743
742
746
745
743
740
742
737
740
739
733
736
731
734
731
731
727
730
727
725
724
723
725
724
724
720
720
716
720
719
716
715
715
713
713
710
710
711
707
707
706
704
703
700
699
702
698
698
695
695
697
695
693
695
691
690
692
686
686
688
687
687
685
682
681
680
678
679
676
677
675
676
675
674
670
671
667
671
670
668
663
665
665
665
663
658
659
660
657
657
657
656
656
655
654
648
650
651
645
649
648
643
644
645
641
639
638
641
638
635
635
633
635
631
633
629
628
627
627
628
626
625
621
621
623
623
617
620
617
619
614
617
614
610
613
613
611
607
606
605
606
602
604
605
601
600
597
598
595
599
595
596
595
594
594
593
588
591
587
585
587
583
585
582
583
578
577
578
575
578
576
573
572
575
570
572
571
568
568
564
566
563
566
564
559
563
562
561
558
554
555
552
555
555
550
551
547
550
546
549
546
543
541
544
544
538
542
537
539
539
538
532
531
530
534
529
532
530
525
529
526
526
525
524
523
519
520
519
515
518
518
512
512
510
509
511
507
511
509
508
508
507
503
500
499
498
498
501
499
498
496
496
495
493
490
489
491
490
485
486
487
482
482
485
483
480
482
478
478
478
477
474
471
472
472
472
470
466
467
465
463
467
465
465
463
458
458
456
456
455
456
454
452
455
449
453
450
446
449
445
445
442
446
440
443
438
442
437
440
438
433
435
431
430
429
429
430
426
428
426
428
427
424
422
423
421
421
417
420
417
416
416
415
411
409
409
407
408
405
404
407
404
405
401
399
398
397
397
399
397
393
395
393
392
389
388
390
389
385
387
383
383
386
380
380
382
382
380
379
375
375
372
374
373
371
372
372
368
366
364
365
367
365
363
363
362
358
359
358
357
357
352
351
352
350
348
350
348
346
349
347
344
344
344
340
343
337
336
336
334
338
337
333
332
332
328
332
331
330
324
327
326
326
323
322
323
317
320
318
319
313
314
312
312
310
308
312
311
306
308
305
303
303
300
299
303
298
296
299
297
294
293
293
290
294
291
290
288
287
285
287
285
282
282
279
279
277
280
276
277
273
276
273
272
273
273
268
266
267
266
267
264
264
261
259
263
259
259
255
259
254
255
256
252
254
248
252
247
250
245
247
246
246
241
241
242
239
236
240
237
236
232
232
235
230
231
232
227
228
228
224
222
222
225
224
221
218
218
216
215
217
212
215
212
210
213
207
210
210
208
203
206
201
200
199
199
202
199
198
199
193
192
196
192
193
189
188
190
189
185
185
184
185
180
184
179
178
176
179
174
178
176
175
170
169
170
170
170
166
169
164
163
164
163
159
163
162
160
158
156
156
152
154
152
153
153
151
147
149
147
147
147
146
144
139
141
140
137
136
138
133
135
136
134
131
129
132
127
130
124
126
122
123
125
124
118
121
119
115
119
116
112
115
115
109
113
107
106
109
109
105
106
102
103
104
101
97
98
99
97
97
97
95
95
91
88
88
87
88
89
87
82
82
81
79
78
78
76
79
75
78
74
74
74
71
68
72
67
67
66
63
65
66
65
62
60
59
56
57
56
55
57
52
51
54
50
48
51
50
46
47
47
44
42
42
41
38
39
36
34
36
33
35
34
29
33
30
28
28
27
23
25
22
21
22
21
17
18
18
18
13
17
13
13
10
12
10
11
7
7
8
6
6
