880
876
878
876
876
875
870
871
870
868
865
866
868
862
861
862
863
858
857
856
859
858
856
856
853
851
851
850
850
850
850
847
846
844
841
841
839
842
838
838
838
836
834
833
834
831
832
830
827
828
830
824
823
823
826
824
821
818
817
817
819
815
814
812
815
810
812
813
809
810
806
804
805
802
806
802
801
802
802
801
800
796
796
794
794
792
793
792
790
790
786
785
787
783
781
781
780
778
782
780
779
775
776
772
776
775
774
772
769
768
769
765
766
766
762
765
763
761
759
760
758
755
755
752
752
752
754
748
752
748
745
746
748
744
741
743
741
740
737
740
736
737
734
732
734
733
729
733
728
726
727
728
726
726
721
722
719
721
721
721
719
716
715
713
711
712
711
710
712
711
710
709
704
707
703
703
701
703
698
698
698
696
697
694
691
690
691
688
691
688
685
689
686
683
684
680
682
678
678
681
677
675
674
675
671
671
670
671
667
671
665
665
664
662
663
660
659
662
659
658
660
658
654
656
651
651
651
648
652
646
649
645
648
643
643
644
640
641
640
641
640
634
637
637
636
632
633
630
630
629
630
627
628
627
626
621
619
618
622
619
615
616
618
613
611
610
613
608
609
609
605
609
608
604
606
605
601
601
598
600
596
597
593
593
595
590
591
589
589
588
589
587
585
583
583
585
580
579
579
581
579
579
576
573
575
570
569
573
570
570
568
569
568
567
565
560
564
560
559
559
559
559
553
557
553
551
549
548
550
551
547
545
543
544
546
540
540
542
541
540
538
534
537
532
534
533
532
533
531
526
526
524
525
524
524
524
519
518
520
516
517
516
518
515
514
510
514
511
511
508
508
506
507
503
506
500
500
502
498
498
498
497
495
495
493
493
491
491
489
488
487
488
486
482
483
481
479
482
477
480
475
477
476
476
474
474
470
470
472
470
465
464
468
464
461
465
463
463
460
456
455
455
453
455
454
451
452
453
451
446
445
449
443
445
445
445
444
443
438
436
438
437
434
436
435
431
434
433
431
431
425
424
428
424
423
420
421
418
418
417
415
418
417
415
415
414
409
413
408
406
409
404
404
406
402
405
403
401
397
399
398
396
393
397
394
393
390
390
388
388
386
387
386
387
381
383
380
379
382
379
378
375
373
377
371
372
373
371
369
368
369
368
363
364
362
362
362
361
358
360
360
355
354
354
355
352
350
349
348
346
347
346
347
345
345
342
341
339
341
341
337
336
338
333
332
331
332
332
330
326
325
326
328
326
324
325
320
321
319
316
318
317
314
313
314
315
311
311
309
307
308
304
304
304
302
304
302
300
302
296
295
296
295
294
293
295
289
290
291
288
285
287
286
287
282
284
282
278
279
278
276
277
275
276
276
273
270
271
272
267
267
266
267
265
263
264
262
259
257
261
259
254
254
255
253
252
254
249
251
250
247
244
243
243
242
240
240
241
238
241
235
235
237
235
236
234
232
232
232
230
227
225
227
224
223
225
223
218
217
221
219
215
214
216
215
215
210
209
212
207
208
205
207
202
204
205
200
199
199
197
197
196
193
194
192
190
192
193
191
190
189
187
187
185
182
181
181
178
182
179
179
178
177
176
174
175
171
169
172
170
165
167
168
164
163
165
162
161
161
158
160
159
158
155
153
153
151
150
149
151
146
149
143
146
144
145
142
141
139
139
136
137
138
134
134
135
129
129
132
126
130
124
124
126
121
123
121
121
121
120
119
115
116
113
112
114
109
110
108
110
106
107
104
103
105
100
100
103
98
96
99
94
96
97
92
95
93
92
88
89
87
84
87
86
82
82
80
83
78
76
77
76
76
76
71
74
70
71
72
70
65
69
67
66
62
62
61
59
59
60
56
56
55
56
56
54
50
50
48
50
45
47
43
44
41
40
41
38
38
41
38
34
37
36
36
32
31
29
27
30
28
24
26
27
24
20
21
20
20
20
15
15
16
17
14
13
10
9
7
10
7
5
4
3
3
