879
877
874
873
876
871
872
871
872
867
865
869
864
862
861
865
860
861
862
859
859
855
854
854
854
850
849
849
850
847
848
846
847
843
845
841
844
843
838
838
837
838
835
837
834
831
834
833
828
829
830
826
826
824
826
820
820
818
817
821
816
817
814
812
814
812
813
809
810
809
808
808
806
803
802
804
804
803
797
800
796
799
798
795
796
794
794
792
791
791
786
787
786
785
786
784
783
779
779
780
779
779
774
772
771
772
773
770
769
768
770
768
766
767
765
763
764
763
761
760
757
755
755
756
754
753
751
752
747
749
750
748
746
743
744
743
740
738
738
741
739
736
736
734
733
731
730
728
732
728
725
724
728
725
721
724
720
722
720
721
720
714
716
715
713
714
713
712
711
709
707
707
703
703
706
702
704
700
702
697
699
698
696
696
691
692
692
689
689
689
690
687
687
687
682
682
683
683
677
676
680
675
676
673
676
674
670
668
669
667
667
665
663
662
661
662
661
658
660
658
655
654
655
652
655
652
649
650
651
648
647
647
644
645
645
642
644
639
640
638
635
636
633
632
631
634
631
628
627
626
630
627
624
624
624
625
619
622
617
618
620
614
617
613
614
613
609
608
607
611
606
608
605
602
605
602
601
603
601
598
600
597
594
595
595
595
594
593
589
591
590
584
588
584
585
581
582
582
579
581
577
578
573
573
576
572
573
572
567
568
570
569
566
562
562
560
562
560
558
560
559
558
558
554
555
552
552
552
552
547
545
546
546
546
541
542
542
539
537
540
539
536
534
537
534
531
533
530
530
527
529
525
527
523
522
520
523
520
522
518
520
516
514
515
511
513
513
510
510
508
510
505
503
504
504
501
502
503
500
496
495
497
496
494
493
495
491
491
488
487
486
489
487
485
482
480
482
483
479
479
478
474
474
477
475
471
470
470
471
470
468
467
467
463
462
461
464
463
459
456
455
454
455
457
452
451
454
449
447
446
445
445
446
442
441
443
444
440
438
438
440
437
437
435
432
433
430
431
431
430
426
425
426
426
422
423
422
422
420
416
419
414
416
414
414
413
409
411
411
411
408
407
404
405
402
400
401
401
398
400
396
397
395
397
394
391
391
389
392
387
388
386
385
384
385
381
381
383
382
376
380
379
375
372
372
375
370
368
370
368
365
365
366
367
366
363
359
362
358
360
358
356
353
357
356
350
349
350
348
349
350
344
344
343
346
342
341
340
341
337
338
338
336
332
336
330
332
330
331
327
329
327
323
324
326
324
319
323
319
318
316
317
313
315
314
315
312
311
310
310
309
309
307
303
302
305
301
300
299
298
297
295
298
297
294
293
291
291
289
291
289
286
287
282
283
280
283
280
279
279
279
276
277
277
271
270
270
272
268
269
269
267
264
267
263
262
264
263
258
260
258
258
253
255
255
253
252
250
252
248
249
245
246
247
246
243
243
239
241
236
240
234
234
232
235
231
229
229
227
228
226
228
226
224
226
221
220
221
217
220
219
217
215
217
211
212
211
211
208
208
205
206
204
206
206
202
200
201
200
196
200
194
196
193
192
191
194
188
192
190
189
184
185
184
182
180
184
181
181
180
179
176
173
175
172
174
172
171
168
171
168
168
167
166
164
165
159
158
157
156
160
156
153
157
152
155
151
153
152
146
149
147
143
147
146
144
143
140
142
141
138
134
138
136
131
133
134
128
129
126
125
128
124
124
125
120
121
118
119
118
119
117
113
116
113
115
112
112
107
106
106
106
104
102
103
104
101
99
97
101
97
96
96
92
96
93
89
91
92
89
86
87
85
84
86
84
81
80
78
80
79
76
77
72
76
72
72
73
71
71
65
65
65
62
62
63
64
58
58
56
59
58
56
57
51
51
50
53
47
47
49
46
46
46
45
45
44
42
40
38
38
35
36
37
31
30
29
28
28
27
25
25
23
27
25
21
19
21
22
18
17
18
15
12
16
10
11
8
9
10
10
9
7
5
3
