878
878
875
872
874
870
874
872
870
866
865
864
866
863
861
865
859
859
861
857
855
856
858
857
851
853
853
852
852
851
845
849
843
847
842
844
840
843
839
838
838
838
835
836
835
835
834
829
828
828
825
829
824
825
822
822
823
822
817
817
816
815
815
816
812
815
813
813
809
807
808
807
805
804
801
801
803
799
797
801
798
799
796
795
793
790
794
793
792
786
790
787
783
784
781
784
782
778
778
778
779
776
773
775
774
771
773
772
770
767
767
768
767
765
763
761
760
762
759
761
758
757
754
756
752
752
753
748
752
751
749
747
746
742
743
740
742
739
738
736
738
736
738
736
736
733
729
731
731
727
725
728
723
725
723
721
719
721
719
717
715
718
714
717
716
713
713
710
709
706
708
704
708
703
705
701
700
698
697
700
695
696
693
697
692
691
694
693
689
691
688
687
687
687
684
683
679
683
678
678
677
674
675
675
674
674
673
671
671
667
667
665
667
666
662
665
662
661
657
658
658
659
654
657
651
652
650
648
648
648
650
644
646
643
641
644
641
638
639
637
638
634
633
636
633
631
630
630
629
629
626
627
626
624
623
624
624
623
617
616
617
614
614
615
613
615
611
612
610
610
608
608
606
605
602
604
600
601
598
600
596
597
595
594
591
593
590
593
591
590
585
588
584
583
582
582
583
580
579
579
580
578
576
577
574
573
572
569
570
571
568
569
566
566
566
563
561
560
557
556
559
556
553
554
554
552
553
548
552
547
546
549
546
547
545
544
541
542
538
537
535
536
533
534
534
532
531
528
529
529
529
528
527
525
522
525
520
520
518
516
518
517
518
513
516
511
509
510
509
508
506
504
508
505
502
502
499
501
501
499
499
496
494
494
495
494
491
490
488
486
486
488
484
484
485
483
483
481
477
480
480
478
474
473
471
472
473
471
472
470
465
467
464
462
464
464
461
462
460
459
455
456
453
455
451
455
453
451
449
448
448
445
445
444
444
441
444
443
438
440
435
434
437
434
432
432
432
432
428
431
429
429
427
423
421
424
424
420
418
417
420
418
416
412
412
411
412
412
412
410
407
406
405
403
405
405
399
400
400
401
398
397
398
392
393
390
393
389
390
388
385
386
388
383
385
382
383
380
380
381
380
374
375
377
371
374
369
373
372
369
368
368
368
367
365
363
364
359
361
360
360
358
355
357
351
354
352
349
352
347
350
348
347
346
346
343
339
338
342
336
335
334
335
333
333
334
332
329
331
328
329
327
326
326
322
320
323
318
318
321
317
316
313
312
311
313
314
312
310
310
307
304
304
307
305
302
299
298
301
300
297
296
296
297
292
293
292
289
290
288
289
284
288
286
286
285
282
283
282
279
279
279
277
276
275
270
274
268
268
267
266
265
264
263
265
264
264
263
257
260
255
257
256
256
252
254
253
253
250
251
245
244
247
247
243
243
242
238
238
236
236
234
233
232
236
235
233
231
228
231
229
224
225
225
223
220
223
221
218
220
218
216
216
215
215
212
213
212
211
209
205
209
206
207
202
205
200
199
200
197
196
198
195
195
196
194
190
193
189
186
186
189
186
182
183
183
182
180
182
178
177
177
173
173
175
174
171
171
171
170
165
164
163
167
161
160
163
161
162
160
155
159
154
152
156
152
151
152
149
147
146
145
143
145
145
144
139
141
139
140
140
135
133
137
135
131
134
130
132
129
127
125
127
122
124
121
122
120
121
117
118
117
115
112
114
113
112
109
112
109
109
104
107
107
101
103
100
101
98
96
98
99
97
92
94
90
93
88
89
86
85
89
87
82
86
85
82
82
81
80
76
74
73
72
71
72
74
68
68
66
65
69
66
64
61
61
59
60
62
58
56
55
55
57
55
50
51
53
52
51
46
47
43
42
41
41
44
39
38
36
40
38
34
34
36
35
30
31
31
27
29
24
24
22
23
25
20
22
21
18
16
15
16
13
16
11
12
13
8
9
5
5
4
2
5
