878
875
875
876
876
870
869
873
869
871
865
869
864
867
861
860
864
863
860
861
859
859
857
853
855
854
850
849
848
850
850
848
843
842
844
841
839
838
841
836
840
838
837
833
835
835
829
828
830
827
826
827
827
822
823
824
823
819
821
817
817
817
818
813
813
813
814
808
808
807
807
804
807
802
803
802
802
800
801
801
795
796
796
797
791
793
790
790
789
790
787
789
786
786
785
782
783
782
779
777
775
776
775
773
776
772
772
770
768
767
769
765
767
764
762
760
759
762
761
760
759
757
757
755
754
751
752
750
750
748
745
748
748
742
741
744
743
739
740
740
735
739
736
734
734
735
729
728
727
727
727
729
728
722
723
724
719
722
718
719
716
718
714
716
715
711
714
713
709
707
706
704
703
704
701
702
703
701
697
700
697
696
694
697
692
695
690
692
687
687
690
685
683
685
682
683
684
679
678
677
677
674
674
677
671
675
673
673
667
668
667
666
668
664
666
661
664
662
657
657
656
656
656
656
654
652
649
651
651
646
650
646
644
644
645
640
640
639
637
638
637
634
637
635
634
632
629
628
628
627
627
625
625
625
622
624
624
618
621
619
616
618
613
613
616
610
613
611
612
609
606
609
603
606
603
605
599
599
597
599
597
596
594
595
593
592
593
590
588
588
585
585
584
584
586
583
579
582
577
577
578
578
577
574
576
573
573
569
567
567
569
569
563
564
565
562
560
562
562
559
560
558
555
557
553
554
550
549
548
548
547
548
547
544
545
543
543
538
541
536
539
539
536
534
533
530
530
531
528
531
526
529
524
524
524
522
522
521
521
519
517
515
515
515
512
512
513
510
509
507
508
509
506
502
501
504
501
503
502
497
499
497
494
496
492
493
490
488
490
491
486
485
483
487
481
485
479
481
479
476
478
476
476
477
471
474
471
471
468
466
468
466
466
464
461
465
462
460
462
458
455
459
453
456
451
452
450
451
447
449
449
448
444
446
443
441
439
442
437
440
435
438
436
434
432
433
431
433
427
426
427
428
426
423
425
424
420
421
418
417
416
416
416
412
416
410
412
412
409
410
408
409
405
402
402
401
403
398
402
400
396
397
398
395
396
395
392
391
387
386
385
385
383
383
382
385
381
381
378
378
375
378
375
374
371
375
371
370
371
368
365
364
368
365
364
361
359
360
360
361
360
356
356
357
351
352
350
350
349
348
347
348
343
346
341
344
341
340
339
336
337
335
337
335
334
335
333
332
327
326
329
328
327
326
323
321
319
321
319
320
315
317
316
313
316
312
312
310
309
306
309
306
307
303
304
304
301
301
302
297
296
298
296
297
293
292
292
290
292
291
290
284
285
287
281
282
280
278
281
281
276
279
275
273
274
271
272
271
268
266
265
265
265
264
262
261
262
263
261
261
259
254
258
253
255
251
250
251
247
249
248
246
248
242
243
244
241
242
237
237
236
234
235
232
235
232
232
232
229
226
228
226
224
226
223
221
223
219
218
220
220
218
216
215
211
212
214
208
207
206
209
205
208
202
201
205
201
198
197
200
197
199
193
192
196
190
189
193
187
189
188
184
183
185
185
184
180
181
180
177
180
174
175
174
173
170
173
169
172
168
167
168
165
165
161
164
159
163
159
161
156
154
153
153
154
151
150
148
147
151
145
148
146
145
143
143
141
139
140
136
136
138
135
136
131
132
133
128
129
131
128
125
127
124
125
120
122
120
119
118
120
115
115
115
112
110
111
109
108
107
105
105
103
104
104
102
102
101
101
100
100
98
95
92
95
91
92
91
91
88
86
84
85
84
84
84
83
80
82
81
79
75
76
73
76
75
71
70
68
70
69
65
66
62
63
63
62
61
57
59
56
54
56
53
54
55
51
53
50
49
50
48
44
43
45
44
44
41
37
37
35
37
36
36
34
31
31
30
32
27
26
27
24
24
24
20
24
20
19
21
16
16
16
13
14
10
12
12
12
9
8
4
6
2
2
