0
5
2
5
7
7
11
11
12
11
12
16
14
14
19
15
16
19
20
23
25
22
23
28
29
26
27
32
32
32
33
35
37
37
36
36
40
39
42
44
45
43
44
46
49
49
51
52
53
54
51
53
52
53
55
57
56
57
62
62
60
61
67
67
67
65
67
69
69
72
75
74
77
73
76
75
78
80
81
84
84
85
84
88
86
88
87
90
93
93
90
95
97
93
98
100
100
100
102
99
103
105
107
103
104
107
111
111
111
109
112
114
113
115
118
117
120
118
122
121
122
122
123
126
125
130
126
129
131
134
134
131
137
137
137
139
137
141
141
142
142
141
145
143
146
146
150
148
153
154
151
152
153
158
159
158
159
160
163
164
165
163
166
168
166
169
166
170
168
169
174
174
174
175
175
179
176
180
180
184
184
183
185
188
184
186
189
189
188
194
190
192
196
196
195
200
196
199
202
204
205
202
203
208
207
205
211
211
212
210
213
212
216
216
217
216
221
220
223
220
223
222
223
227
224
227
227
229
232
229
232
231
237
235
237
238
236
238
239
243
245
241
243
244
244
248
247
250
253
252
251
254
256
256
257
256
257
260
261
260
263
262
264
264
266
267
269
271
269
274
271
276
275
273
276
275
278
280
282
281
283
282
286
283
288
287
291
287
293
291
293
293
295
298
298
298
299
300
301
304
300
301
307
303
308
310
307
310
310
314
310
313
315
318
316
319
318
317
322
321
324
325
324
326
325
328
330
329
333
334
334
333
335
338
337
335
338
337
338
344
340
341
347
347
345
350
348
347
353
352
354
351
357
356
357
356
356
357
360
362
363
365
366
366
366
368
370
369
369
372
370
375
373
375
376
379
381
378
381
382
380
386
386
383
384
389
388
389
390
394
394
393
393
393
394
398
396
398
403
399
400
402
404
404
408
409
408
407
412
410
413
412
416
415
419
419
417
417
423
421
425
423
422
428
426
426
429
429
429
433
430
436
437
437
434
435
436
442
438
444
444
444
444
444
446
446
446
451
452
451
453
452
454
456
459
455
456
461
463
461
461
462
464
464
467
466
470
470
470
474
475
474
474
474
479
477
481
478
483
481
480
486
485
485
489
490
488
490
490
494
491
496
497
496
496
500
499
500
499
503
503
504
506
504
508
506
511
510
513
509
512
516
517
514
516
519
519
520
521
523
521
522
523
527
524
528
528
528
532
532
532
535
532
534
536
538
538
541
542
539
545
545
542
548
549
547
551
551
550
550
553
554
552
553
558
558
559
561
560
563
561
562
565
563
568
565
569
572
568
571
571
576
576
577
574
578
578
580
581
580
585
582
582
586
587
589
586
589
591
591
593
595
592
598
598
597
601
599
601
604
601
602
602
606
607
606
607
612
612
609
612
613
614
615
618
620
620
621
622
624
624
624
626
626
626
630
630
632
632
634
631
635
637
638
637
640
640
639
642
642
643
643
644
644
648
648
651
649
653
652
652
653
653
654
659
655
659
657
663
661
660
663
667
665
665
669
667
670
672
669
672
673
673
678
679
678
676
682
682
679
681
681
684
684
689
685
691
689
693
693
690
693
695
697
698
698
698
701
703
703
705
701
703
703
705
710
710
708
710
712
711
715
717
717
714
715
719
721
723
724
724
725
727
723
726
730
731
731
732
731
734
735
735
736
738
738
740
742
740
742
741
743
746
744
746
747
751
748
750
753
752
756
756
756
759
760
756
758
760
760
762
766
762
764
766
767
767
769
769
773
774
776
772
778
777
776
776
778
783
782
781
782
784
784
786
788
787
787
792
790
790
792
794
798
796
799
799
799
799
802
805
804
802
806
807
805
807
812
810
810
811
814
813
818
815
818
816
820
820
824
824
821
824
826
828
825
831
831
829
830
833
832
833
836
836
839
837
837
841
840
841
842
843
843
846
846
849
847
850
853
853
856
856
854
854
857
857
858
859
861
861
864
867
867
866
868
867
871
872
869
870
873
877
877
878
879
876
882
883
884
882
886
882
886
884
890
887
888
891
889
892
896
896
897
896
899
899
900
899
902
900
904
902
904
904
905
910
908
911
911
912
913
914
914
915
919
920
919
923
924
922
922
927
927
928
926
930
931
930
933
931
935
934
934
934
939
937
937
941
939
945
943
942
943
947
947
951
949
951
953
952
953
953
954
959
955
957
957
959
959
962
962
962
968
965
969
967
971
968
973
972
974
974
973
978
980
976
981
983
984
982
985
986
987
988
989
990
991
993
993
992
996
996
998
994
1000
997
998
1003
1000
1000
1003
1006
1006
1009
1010
1007
1007
1011
1013
1013
1012
1015
1015
1018
1016
1016
1021
1021
1019
1023
1025
1026
1027
1025
1029
1031
1032
1030
1033
1033
1036
1036
1033
1034
1039
1041
1041
1039
1043
1041
1041
1047
1043
1047
1048
1051
1050
1051
1049
1054
1053
1054
1057
1054
1057
1061
1057
1062
1064
1063
1064
1066
1067
1064
1069
1068
1072
1068
1070
1075
1073
1072
1078
1079
1075
1076
1080
1078
1082
1083
1082
1087
1087
1085
1089
1091
1087
1091
1091
1090
1096
1097
1095
1099
1098
1098
1099
1102
1099
1102
1102
1106
1105
1104
1107
1106
1112
1110
1110
1114
1113
1117
1114
1116
1115
1117
1119
1123
1120
1120
1125
1127
1128
1128
1125
1126
1128
1128
1129
1133
1133
1135
1135
1138
1137
1138
1142
1143
1140
1145
1146
1146
1144
1146
1149
1149
1152
1149
1152
1151
1152
1153
1156
1159
1160
1160
1159
1163
1160
1160
1162
1166
1164
1166
1166
1169
1167
1170
1172
1172
1173
1173
1175
1174
1176
1181
1180
1182
1183
1180
1185
1184
1185
1184
1189
1188
1187
1190
1191
1193
1193
1194
1195
1196
1198
1200
1202
1203
1201
1203
1203
1207
1204
1208
1207
1206
1210
1213
1211
1212
1216
1214
1215
1218
1220
1218
1218
1222
1224
1222
1226
1227
1228
1228
1226
1230
1230
1233
1230
1232
1235
1237
1235
1234
1240
1237
1241
1238
1242
1240
1242
1246
1243
1246
1249
1251
1247
1250
1254
1255
1254
1253
1258
1254
1255
1258
1260
1258
1263
1263
1264
1265
1263
1264
1267
1269
1269
1272
1274
1274
1275
1274
1276
1275
1280
1276
1281
1281
1281
1281
1285
1287
1287
1286
1289
1287
1290
1290
1292
1290
1291
1293
1294
1297
1296
1301
1299
1302
1304
1302
1301
1304
1307
1309
1306
1311
1308
1313
1311
1315
1316
1314
1316
1316
1316
1318
1322
1323
1324
1321
1326
1322
1324
1324
1330
1328
1329
1333
1332
1330
1336
1335
1336
1337
1336
1339
1337
1342
1344
1341
1341
1344
1348
1349
1347
1347
1350
1353
1349
1351
1356
1352
1357
1357
1360
1360
1362
1359
1360
1360
1365
1366
1365
1367
1368
1366
1369
1371
1370
1372
1374
1372
1377
1376
1376
1379
1379
1378
1384
1381
1384
1383
1386
1386
1387
1386
1390
1388
1389
1391
1395
1395
1394
1399
1397
1399
1402
1401
1402
1403
1404
1402
1407
1408
1407
1411
1408
1409
1413
1410
1413
1416
1415
1415
1420
1416
1422
1422
1419
1421
1424
1423
1424
1426
1425
1431
1429
1432
1430
1431
1431
1437
1435
1434
1439
1437
1439
1441
1440
1443
1443
1446
1444
1448
1447
1447
1447
1453
1454
1453
1454
1455
1454
1455
1459
1461
1461
1462
1463
1463
1461
1462
1468
1465
1469
1470
1467
1469
1473
1471
1471
1472
1473
1479
1475
1478
1479
1482
1483
1484
1485
1483
1483
1485
1487
1487
1487
1489
1494
1495
1496
1492
1494
1494
1496
1499
1500
1500
1504
1502
1503
1502
1504
1507
1506
1510
1512
1513
1509
1513
1516
1515
1515
1518
1519
1517
1522
1522
1522
1524
1521
1523
1523
1529
1525
1530
1529
1528
1531
1532
1535
1534
1535
1535
1539
1541
1540
1540
1541
1541
1543
1545
1544
1547
1550
1550
1549
1553
1553
1555
1556
1553
1556
1554
1560
1558
1558
1562
1561
1561
1564
1567
1567
1568
1570
1571
1570
1568
1571
1571
1574
1577
1577
1574
1576
1577
1582
1579
1584
1585
1586
1583
1587
1584
1587
1587
1587
1592
1591
1592
1596
1597
1598
1599
1598
1596
1600
1599
1601
1603
1603
1604
1603
1605
1606
1610
1609
1611
1611
1611
1611
1615
1613
1617
1618
1620
1619
1623
1621
1623
1625
1626
1628
1626
1628
1627
1631
1630
1630
1630
1633
1634
1637
1634
1640
1638
1640
1642
1641
1641
1646
1645
1645
1648
1649
1651
1648
1651
1652
1650
1651
1656
1655
1656
1658
1657
1658
1663
1663
1663
1663
1667
1663
1665
1667
1668
1672
1672
1672
1673
1673
1676
1673
1677
1680
1681
1682
1680
1682
1684
1684
1683
1687
1689
1690
1687
1689
1688
1692
1694
1695
1695
1694
1697
1699
1698
1697
1703
1703
1700
1706
1705
1705
1706
1710
1711
1712
1710
1710
1712
1715
1717
1715
1715
1716
1716
1722
1718
1724
1724
1725
1724
1724
1724
1725
1730
1727
1729
1733
1730
1732
1737
1738
1737
1738
1736
1741
1738
1741
1745
1742
1745
1744
1745
1747
1751
1751
1750
1749
1752
1753
1753
1754
1758
1760
1761
1759
1761
1759
1761
1764
1766
1764
1765
1770
1771
1768
1770
1772
1773
1771
1772
1773
1777
1780
1777
1782
1779
1779
1783
1781
1784
1786
1789
1788
1791
1792
1791
1793
1794
1791
1795
1793
1797
1799
1799
1798
1803
1801
1803
1805
1805
1805
1808
1805
1806
1809
1811
1811
1810
1812
1813
1818
1819
1816
1819
1818
1823
1820
1824
1823
1827
1823
1829
1830
1827
1828
1832
1829
1833
1834
1834
1835
1834
1835
1839
1840
1840
1839
1842
1846
1842
1844
1845
1847
1850
1848
1851
1854
1855
1855
1855
1857
1856
1856
1859
1861
1863
1860
1861
1861
1865
1867
1868
1868
1868
1871
1871
1873
1871
1873
1874
1873
1875
