2
5
5
8
7
10
10
9
13
9
15
14
12
17
18
20
19
22
23
21
22
26
22
24
25
26
30
27
31
34
34
36
33
36
35
40
36
41
38
39
42
42
47
46
49
49
48
50
50
52
50
53
52
58
56
57
60
60
62
61
65
64
66
68
67
65
66
67
68
74
75
72
75
73
78
80
77
78
80
84
82
84
86
86
85
89
86
89
93
93
90
94
96
97
99
98
99
101
99
99
101
103
103
108
107
107
107
110
111
111
111
115
117
114
114
119
121
121
119
124
124
126
122
124
126
129
129
130
129
134
134
136
132
136
134
135
140
139
138
143
141
142
146
147
145
148
149
150
152
149
153
155
152
155
156
156
161
162
158
161
164
161
163
167
165
170
168
167
171
173
172
172
175
173
176
177
180
180
181
179
180
182
186
185
187
190
187
187
192
190
195
195
197
195
197
200
200
201
202
200
203
203
202
208
209
206
209
208
208
214
211
213
217
216
214
216
218
220
220
219
223
224
225
223
227
225
227
230
230
231
234
236
236
238
238
239
236
242
238
240
243
241
246
243
245
249
251
249
250
251
250
252
253
255
254
256
257
258
261
262
263
265
263
267
269
265
271
267
271
273
274
273
273
277
277
275
277
282
281
280
284
283
287
287
287
289
289
292
288
293
292
293
296
298
296
300
301
301
303
303
302
302
302
305
309
309
310
307
310
314
311
316
317
313
318
315
319
322
318
321
324
326
323
326
324
327
329
331
328
332
333
336
333
334
338
340
337
341
340
343
345
343
343
348
348
349
349
348
353
351
355
355
355
357
359
360
360
358
360
364
363
366
365
363
365
366
367
369
373
374
370
373
372
375
375
379
379
382
382
383
380
385
385
384
387
386
390
392
392
389
395
396
397
395
396
396
400
402
401
399
403
403
402
403
407
409
409
412
409
412
415
416
414
413
416
416
417
422
422
424
425
423
424
425
427
430
429
427
428
431
433
435
433
434
435
440
436
440
440
443
440
446
442
445
446
446
447
449
448
449
454
451
454
456
457
455
461
457
462
464
463
463
462
465
469
467
471
467
470
471
470
471
476
478
477
477
476
482
483
481
482
483
485
487
485
485
488
487
492
491
495
494
492
498
499
495
496
498
503
500
502
503
505
504
505
507
511
512
508
509
514
511
515
516
515
515
516
521
520
522
524
526
523
523
527
526
529
531
528
531
531
533
533
535
537
535
541
541
543
541
542
542
545
548
547
545
551
550
550
553
552
555
554
558
557
558
556
559
561
562
565
564
563
564
567
567
571
570
571
574
575
573
577
577
579
579
578
581
583
582
582
581
585
588
587
585
588
592
592
589
591
594
597
596
598
599
597
599
603
601
602
601
606
608
606
606
608
607
610
609
614
616
615
614
618
618
621
618
623
619
624
622
627
623
628
628
626
631
629
630
631
635
637
633
637
636
638
640
640
642
642
641
644
648
648
645
650
651
652
649
652
655
655
654
659
657
656
658
661
659
665
663
666
668
667
670
666
672
669
672
670
672
674
675
676
676
679
680
681
680
681
683
683
685
686
688
687
687
688
689
690
694
694
694
694
695
701
699
699
702
705
703
707
707
707
705
707
708
713
713
715
713
715
715
715
717
719
722
720
724
725
723
724
726
729
729
730
728
731
730
734
736
735
736
735
736
738
739
743
744
741
741
745
747
747
745
749
747
752
753
754
751
757
755
758
760
760
757
759
759
764
765
765
763
765
770
766
769
770
773
770
773
773
778
776
779
781
779
782
780
785
782
782
787
789
789
786
790
792
790
791
794
794
798
794
795
801
802
801
800
803
801
805
808
808
806
807
810
808
812
811
811
813
817
817
817
819
819
819
819
824
821
826
827
824
830
830
829
830
833
830
833
834
835
835
838
840
840
841
844
845
841
846
847
849
847
851
852
851
852
851
853
853
857
855
859
857
857
862
862
862
863
864
863
867
865
867
871
869
871
871
871
876
877
876
879
879
877
883
884
883
886
883
883
889
889
887
891
891
891
892
893
896
897
897
898
901
901
901
902
903
903
905
903
908
906
909
909
913
910
915
912
913
918
914
918
920
922
919
921
923
921
922
928
929
926
930
929
930
929
931
935
932
933
934
937
941
941
941
941
944
943
947
948
945
949
948
951
949
951
951
956
957
953
959
960
957
958
963
963
961
966
962
967
964
970
968
969
970
970
972
976
974
974
979
976
979
982
980
982
980
983
985
986
984
989
989
992
992
991
993
993
992
997
997
999
996
1001
998
1002
1003
1001
1003
1003
1009
1007
1009
1011
1009
1012
1011
1016
1017
1017
1014
1016
1021
1020
1021
1023
1025
1026
1025
1026
1026
1027
1029
1029
1032
1031
1033
1034
1033
1038
1034
1035
1037
1042
1041
1044
1041
1043
1046
1046
1047
1046
1047
1052
1050
1050
1054
1055
1052
1053
1058
1059
1059
1058
1058
1063
1060
1066
1066
1066
1067
1065
1068
1067
1072
1074
1074
1074
1076
1075
1077
1079
1076
1080
1082
1080
1085
1083
1084
1085
1087
1088
1088
1092
1088
1094
1093
1093
1097
1096
1094
1099
1101
1101
1098
1103
1103
1103
1104
1103
1108
1106
1109
1109
1112
1110
1113
1115
1114
1116
1119
1116
1120
1122
1119
1124
1125
1121
1122
1126
1126
1127
1126
1131
1133
1130
1132
1132
1137
1134
1134
1135
1137
1140
1139
1142
1140
1146
1142
1143
1149
1147
1149
1151
1150
1152
1153
1151
1152
1153
1157
1160
1161
1158
1161
1162
1162
1161
1163
1165
1166
1170
1170
1167
1172
1169
1174
1175
1172
1177
1175
1180
1178
1177
1179
1184
1183
1185
1184
1186
1189
1187
1187
1190
1191
1189
1193
1196
1195
1197
1199
1196
1200
1198
1199
1200
1201
1206
1202
1205
1208
1207
1208
1208
1209
1210
1210
1211
1214
1215
1219
1220
1219
1220
1219
1223
1220
1226
1222
1225
1227
1230
1231
1230
1233
1234
1233
1235
1233
1238
1234
1238
1238
1239
1241
1240
1243
1243
1244
1247
1245
1250
1249
1252
1251
1252
1255
1251
1254
1255
1256
1255
1258
1259
1263
1262
1264
1261
1266
1266
1268
1265
1267
1268
1269
1274
1274
1271
1274
1276
1276
1278
1278
1277
1279
1279
1281
1283
1282
1285
1288
1287
1290
1291
1293
1293
1294
1295
1293
1295
1297
1299
1300
1302
1298
1300
1303
1301
1302
1307
1304
1307
1308
1310
1312
1313
1312
1313
1315
1315
1315
1315
1317
1317
1321
1322
1320
1323
1324
1325
1328
1329
1328
1330
1328
1330
1330
1331
1333
1335
1336
1339
1339
1338
1338
1340
1345
1342
1347
1345
1344
1347
1350
1352
1351
1351
1350
1353
1353
1356
1359
1356
1358
1360
1362
1359
1362
1365
1365
1365
1364
1367
1368
1369
1372
1370
1371
1371
1375
1374
1376
1377
1378
1378
1382
1384
1381
1385
1383
1386
1385
1386
1388
1387
1391
1390
1392
1392
1396
1395
1394
1395
1396
1399
1399
1399
1401
1403
1403
1404
1405
1405
1411
1412
1410
1411
1411
1415
1413
1414
1415
1417
1420
1419
1418
1420
1421
1423
1422
1423
1424
1427
1431
1430
1429
1433
1432
1431
1436
1437
1434
1435
1440
1439
1441
1439
1443
1444
1442
1448
1447
1445
1447
1448
1450
1449
1451
1455
1454
1458
1454
1457
1459
1459
1460
1462
1461
1466
1466
1468
1469
1470
1468
1468
1470
1470
1470
1476
1472
1473
1477
1479
1481
1481
1478
1479
1481
1484
1487
1485
1484
1486
1488
1492
1488
1491
1493
1494
1495
1495
1497
1500
1499
1500
1503
1502
1501
1502
1505
1508
1508
1510
1509
1511
1511
1513
1511
1511
1512
1515
1516
1520
1517
1519
1522
1524
1520
1525
1525
1524
1527
1530
1526
1528
1528
1534
1530
1536
1536
1535
1536
1538
1538
1542
1543
1543
1544
1541
1546
1547
1546
1547
1550
1548
1550
1552
1550
1551
1557
1556
1558
1559
1558
1561
1561
1560
1561
1565
1566
1564
1568
1566
1570
1572
1572
1570
1570
1572
1574
1578
1575
1576
1576
1579
1583
1584
1581
1584
1582
1584
1587
1585
1591
1589
1589
1590
1592
1593
1595
1593
1597
1600
1600
1599
1599
1600
1601
1606
1605
1607
1605
1608
1608
1612
1611
1613
1614
1611
1615
1618
1618
1619
1619
1619
1622
1622
1624
1624
1623
1626
1626
1628
1626
1629
1632
1631
1633
1633
1632
1638
1635
1638
1639
1637
1641
1642
1641
1645
1642
1646
1647
1645
1646
1652
1652
1651
1655
1656
1654
1654
1659
1659
1657
1659
1660
1663
1664
1662
1664
1663
1665
1670
1671
1672
1671
1671
1672
1671
1677
1678
1676
1677
1676
1680
1683
1684
1681
1683
1682
1683
1686
1687
1690
1689
1691
1692
1693
1693
1692
1693
1697
1699
1697
1699
1700
1700
1701
1702
1705
1707
1705
1705
1706
1711
1708
1711
1714
1712
1717
1716
1719
1715
1718
1717
1719
1724
1721
1726
1724
1724
1729
1725
1730
1728
1728
1731
1733
1732
1732
1733
1735
1735
1736
1739
1743
1739
1743
1744
1746
1744
1744
1750
1747
1752
1750
1753
1751
1752
1752
1753
1757
1756
1756
1758
1762
1764
1762
1765
1764
1767
1765
1766
1770
1769
1770
1769
1774
1772
1777
1774
1778
1775
1776
1781
1782
1783
1782
1781
1786
1788
1789
1785
1788
1790
1792
1790
1793
1793
1793
1797
1799
1798
1801
1797
1802
1799
1800
1806
1806
1804
1807
1810
1809
1808
1808
1814
1811
1813
1816
1818
1816
1820
1816
1817
1819
1824
1824
1825
1826
1826
1825
1825
1830
1831
1833
1832
1834
1835
1835
1836
1838
1837
1836
1841
1842
1844
1841
1842
1846
1844
1847
1849
1851
1847
1853
1850
1852
1854
1857
1858
1858
1855
1860
1858
1863
1862
1865
1862
1864
1863
1865
1870
1870
1872
1873
1871
1870
1875
1872
1877
1876
