4
2
7
4
5
8
11
7
8
13
10
15
16
15
15
19
17
19
22
19
22
25
22
25
24
26
27
28
32
31
30
32
36
36
37
36
40
38
43
42
40
41
43
45
48
50
49
49
49
50
51
51
53
55
57
56
60
58
58
60
61
61
67
65
64
66
69
67
72
73
72
76
76
73
79
77
78
78
80
79
85
82
82
88
87
90
86
89
93
94
90
94
94
98
94
95
100
97
100
100
101
106
107
103
105
107
109
110
111
110
112
111
112
113
117
116
121
117
123
122
123
123
122
123
126
129
127
132
132
130
132
136
134
136
134
138
141
139
141
139
140
144
145
147
144
149
148
147
151
151
150
156
154
158
156
155
160
157
159
163
165
161
162
168
166
168
170
170
169
174
171
172
177
176
176
180
180
178
181
183
180
186
184
185
189
188
191
190
190
190
192
195
196
197
198
195
197
202
202
203
201
205
205
206
204
208
207
209
213
210
214
214
213
217
217
218
220
218
218
223
222
221
225
224
229
226
229
229
231
230
231
236
233
233
238
235
236
241
243
243
241
246
243
245
249
245
249
250
249
254
255
252
254
255
254
256
260
257
260
261
260
263
264
267
264
266
266
272
273
269
271
271
276
274
279
275
279
277
280
281
285
284
283
283
286
289
289
287
289
293
290
291
292
295
299
296
298
302
302
299
303
302
303
308
306
308
310
309
311
309
315
315
316
315
319
316
319
318
318
324
323
326
324
328
327
326
330
330
328
334
335
333
337
336
337
337
339
339
343
339
343
341
342
348
348
345
349
349
349
352
355
353
353
355
354
359
361
360
360
363
362
362
362
365
368
368
370
367
372
371
372
373
376
376
375
377
376
377
381
383
383
386
384
385
387
387
391
387
388
390
393
392
397
396
395
400
401
397
402
403
404
406
403
407
407
407
411
410
409
410
411
411
412
416
418
418
417
420
422
422
423
423
423
427
426
430
431
429
431
429
435
433
435
437
436
437
437
442
438
442
441
442
443
443
449
449
446
447
453
453
453
456
452
458
455
460
460
458
459
462
463
461
463
463
465
470
468
471
472
472
471
474
477
475
476
476
479
478
482
484
481
485
484
487
486
485
486
489
493
490
493
494
497
498
494
495
496
498
501
504
501
504
506
507
506
506
506
509
509
511
514
512
517
517
516
518
517
519
521
519
520
525
526
524
527
530
528
527
533
529
530
535
533
535
537
538
539
539
541
540
543
542
542
548
549
546
547
550
553
554
551
551
556
553
559
557
558
560
560
559
565
563
566
565
568
565
570
567
569
573
574
573
572
577
578
579
579
581
579
582
585
584
585
587
584
587
586
592
590
591
592
596
596
598
595
600
599
600
603
602
602
604
605
606
607
608
611
610
609
610
614
615
616
617
619
619
621
617
619
624
624
623
625
623
627
629
631
628
629
634
633
634
636
635
634
636
638
639
642
639
643
645
643
646
648
648
646
648
653
654
650
653
652
654
656
658
656
659
661
662
662
662
666
667
665
668
671
672
671
670
674
675
673
675
677
675
680
681
678
682
684
683
683
688
686
685
688
691
693
689
695
693
696
694
698
695
699
702
703
703
703
701
702
704
707
706
710
707
712
713
713
712
717
714
719
716
716
722
720
723
720
722
727
728
725
725
728
729
733
731
733
734
734
734
738
736
741
742
739
744
740
746
746
745
746
750
748
747
748
752
754
756
754
755
755
759
756
761
758
761
765
766
766
768
767
766
771
772
771
772
770
775
772
774
779
775
776
778
778
784
782
785
785
785
786
787
786
791
791
791
794
791
795
794
797
800
798
802
798
799
800
802
805
805
806
806
808
807
813
814
815
811
814
814
814
819
816
818
821
823
822
825
822
824
828
829
828
829
831
834
830
834
837
837
834
839
838
838
838
839
845
842
847
846
847
845
849
849
850
850
855
853
857
856
859
856
856
859
862
863
862
864
863
866
865
865
867
869
871
874
875
871
877
877
877
877
879
877
879
881
880
881
882
885
886
888
891
887
890
894
891
893
895
893
895
897
897
900
901
901
905
901
907
908
906
910
911
908
909
913
913
914
913
914
914
919
920
918
918
922
920
926
924
925
929
926
926
928
933
934
934
933
933
936
937
940
938
941
938
940
944
944
942
947
949
950
948
951
948
950
953
956
952
954
959
957
958
957
960
960
962
964
966
966
968
970
969
967
968
974
973
973
975
973
974
977
979
980
978
984
981
982
984
983
986
989
989
989
988
992
995
994
993
995
998
999
998
999
999
999
1001
1003
1006
1008
1009
1005
1009
1008
1012
1009
1014
1013
1014
1017
1018
1018
1017
1022
1019
1023
1021
1022
1024
1025
1028
1025
1030
1029
1029
1034
1032
1036
1033
1037
1038
1035
1037
1039
1040
1040
1043
1046
1045
1045
1044
1046
1046
1047
1051
1049
1053
1051
1056
1055
1056
1058
1056
1061
1062
1059
1062
1061
1066
1066
1069
1069
1071
1069
1069
1069
1075
1072
1077
1075
1074
1078
1081
1078
1083
1081
1080
1083
1086
1088
1086
1087
1089
1090
1089
1094
1091
1093
1095
1096
1099
1099
1098
1101
1099
1101
1105
1101
1107
1108
1107
1109
1107
1110
1110
1109
1113
1113
1112
1116
1118
1115
1118
1119
1120
1124
1122
1121
1125
1123
1127
1128
1127
1128
1129
1130
1135
1131
1133
1137
1134
1136
1141
1138
1141
1142
1144
1142
1143
1146
1146
1150
1146
1150
1151
1153
1154
1154
1153
1153
1154
1156
1160
1161
1158
1162
1163
1161
1167
1163
1166
1170
1171
1170
1171
1169
1171
1173
1172
1175
1176
1175
1180
1180
1178
1182
1184
1186
1183
1185
1184
1189
1188
1192
1189
1190
1190
1196
1197
1193
1199
1198
1198
1198
1203
1201
1201
1206
1202
1205
1209
1206
1209
1212
1213
1209
1210
1211
1216
1217
1214
1215
1220
1217
1221
1223
1221
1225
1227
1228
1224
1228
1231
1232
1233
1234
1235
1235
1237
1236
1234
1236
1239
1241
1243
1242
1242
1242
1243
1246
1244
1247
1247
1251
1249
1251
1253
1255
1254
1256
1255
1255
1260
1261
1260
1263
1260
1265
1266
1264
1268
1267
1267
1269
1268
1274
1272
1271
1273
1277
1277
1275
1281
1282
1280
1282
1285
1281
1286
1286
1288
1288
1290
1290
1288
1293
1293
1292
1295
1293
1299
1296
1296
1300
1299
1303
1301
1302
1305
1305
1305
1309
1311
1310
1312
1310
1313
1311
1317
1315
1317
1318
1318
1322
1320
1321
1323
1325
1325
1326
1328
1325
1330
1332
1331
1329
1331
1332
1337
1335
1334
1337
1339
1341
1338
1342
1343
1346
1345
1346
1347
1346
1348
1347
1353
1352
1352
1351
1356
1357
1355
1357
1357
1361
1360
1364
1361
1362
1363
1368
1368
1370
1367
1369
1368
1373
1375
1372
1375
1375
1379
1377
1381
1377
1379
1383
1380
1385
1383
1383
1389
1388
1391
1387
1390
1391
1394
1395
1393
1397
1398
1396
1396
1397
1398
1403
1402
1405
1403
1407
1405
1409
1407
1408
1411
1409
1410
1412
1413
1415
1414
1419
1418
1420
1423
1419
1421
1425
1424
1424
1429
1428
1427
1428
1428
1434
1432
1434
1433
1438
1439
1437
1437
1439
1438
1440
1440
1442
1442
1445
1447
1446
1448
1449
1451
1454
1454
1456
1452
1456
1456
1455
1461
1457
1458
1464
1462
1463
1464
1468
1467
1468
1467
1472
1471
1470
1471
1471
1472
1476
1476
1479
1479
1479
1480
1481
1484
1481
1482
1483
1486
1485
1488
1491
1490
1491
1493
1492
1492
1498
1498
1495
1498
1501
1498
1501
1500
1501
1502
1505
1509
1510
1510
1511
1513
1514
1512
1513
1514
1517
1517
1517
1516
1517
1523
1523
1521
1526
1527
1525
1528
1526
1530
1532
1532
1530
1532
1532
1537
1533
1539
1538
1539
1539
1538
1544
1545
1545
1545
1548
1548
1547
1550
1551
1549
1553
1551
1556
1553
1554
1555
1557
1557
1557
1558
1561
1562
1563
1567
1566
1566
1569
1570
1568
1573
1570
1570
1576
1572
1578
1575
1575
1577
1578
1579
1581
1584
1585
1584
1588
1588
1590
1586
1591
1592
1594
1590
1591
1596
1595
1595
1597
1601
1601
1600
1602
1604
1606
1602
1606
1604
1607
1610
1611
1609
1612
1614
1615
1613
1616
1616
1616
1621
1620
1620
1619
1623
1626
1626
1625
1627
1625
1630
1630
1631
1633
1634
1632
1634
1636
1638
1638
1637
1640
1639
1643
1645
1643
1642
1645
1649
1647
1648
1652
1650
1654
1650
1653
1655
1653
1656
1658
1659
1657
1660
1661
1661
1661
1664
1668
1669
1669
1670
1669
1672
1674
1672
1672
1675
1676
1677
1679
1676
1682
1683
1683
1684
1686
1687
1683
1687
1686
1691
1688
1693
1693
1690
1691
1697
1697
1699
1700
1701
1700
1699
1701
1703
1702
1704
1707
1704
1706
1707
1710
1708
1713
1710
1712
1714
1714
1716
1717
1718
1720
1723
1721
1723
1722
1723
1724
1729
1725
1726
1727
1730
1729
1731
1735
1733
1736
1735
1739
1737
1740
1741
1740
1744
1741
1745
1744
1746
1749
1749
1751
1751
1752
1751
1754
1753
1755
1756
1759
1757
1758
1762
1759
1761
1764
1766
1766
1766
1766
1771
1772
1770
1772
1770
1776
1775
1774
1777
1779
1779
1777
1781
1781
1784
1786
1787
1787
1787
1787
1787
1790
1792
1791
1792
1796
1793
1795
1797
1798
1800
1799
1798
1802
1804
1805
1806
1808
1806
1805
1806
1807
1809
1810
1814
1814
1812
1815
1818
1817
1818
1822
1822
1819
1822
1824
1826
1823
1828
1827
1826
1829
1832
1832
1834
1832
1832
1835
1839
1840
1841
1840
1839
1841
1844
1844
1844
1848
1847
1847
1847
1848
1850
1849
1854
1855
1855
1858
1855
1855
1859
1862
1858
1863
1862
1865
1866
1868
1867
1867
1867
1869
1869
1871
1871
1875
1873
1878
1879
