5
1
3
5
5
6
11
9
12
12
12
12
16
16
18
20
16
20
21
23
25
23
26
26
27
27
27
27
31
30
32
35
33
37
36
40
37
40
39
43
44
46
46
44
44
47
51
52
50
52
52
52
55
55
58
56
59
62
62
62
61
65
65
68
69
68
71
69
68
70
73
74
77
74
76
79
80
79
82
80
82
86
82
84
89
87
88
87
89
89
90
93
96
95
94
100
97
98
99
100
105
101
105
104
109
108
108
111
113
110
113
113
117
116
119
118
120
122
121
122
125
121
122
125
128
129
130
128
131
132
132
133
133
133
135
137
141
142
140
143
140
145
146
147
148
146
148
150
150
152
153
152
157
157
154
158
158
162
159
160
160
163
166
164
164
168
171
172
168
174
172
176
173
175
179
175
177
182
182
179
182
182
186
186
184
188
187
187
190
191
190
192
196
197
197
199
201
199
203
199
200
201
203
203
205
205
207
210
213
211
211
215
215
218
215
219
218
219
220
222
224
222
226
224
228
226
228
232
230
234
232
236
235
235
235
235
238
242
239
242
241
242
245
248
248
246
251
247
251
250
254
251
254
253
257
257
256
259
259
261
262
266
265
264
266
269
267
272
269
273
275
274
277
277
274
276
280
278
280
281
280
284
286
287
289
288
286
291
288
289
290
296
295
298
299
299
298
300
300
299
302
301
307
304
308
308
308
310
311
313
313
314
317
315
318
315
320
317
319
321
323
323
322
324
328
328
329
329
330
330
334
334
332
336
338
337
337
342
340
339
344
343
342
346
348
347
350
348
349
350
353
354
355
355
354
357
356
362
362
363
363
366
367
368
369
368
371
367
372
370
370
371
376
375
376
376
379
381
382
381
384
385
386
388
389
386
390
391
388
394
394
395
396
397
394
400
396
401
402
400
404
401
407
404
404
408
406
409
411
413
414
411
415
416
414
416
419
420
422
422
421
426
424
423
429
429
430
428
428
430
432
435
433
437
439
439
440
437
442
442
444
441
442
445
449
450
448
451
449
454
455
456
457
454
455
458
458
461
462
460
465
461
464
467
464
465
471
471
470
472
475
472
476
475
476
476
476
477
478
479
481
484
482
487
484
486
488
491
490
494
491
496
493
496
498
500
498
497
502
499
503
505
505
506
506
509
506
507
511
512
513
513
513
516
514
518
516
520
523
521
522
525
527
528
526
526
529
531
533
533
531
536
535
536
539
539
536
541
542
541
541
541
542
545
544
549
547
550
550
552
554
554
556
555
555
555
561
559
560
564
561
566
567
564
567
567
567
570
568
571
571
574
576
573
578
577
580
580
579
582
580
585
587
587
587
589
589
591
590
590
595
592
593
598
597
598
597
601
598
600
600
602
605
608
607
609
606
611
610
611
614
611
614
616
615
617
616
621
619
623
620
626
627
623
627
629
626
628
630
632
630
634
635
638
638
639
640
641
641
641
641
645
643
647
646
649
647
650
649
652
654
651
654
656
654
660
657
657
659
663
663
662
663
664
664
670
671
672
673
672
672
674
672
675
679
677
681
681
681
683
685
682
687
687
685
685
691
690
690
691
695
696
693
694
698
696
698
698
703
700
705
703
702
705
706
708
706
708
710
712
714
711
716
715
714
716
721
718
721
723
725
722
723
724
727
726
730
728
730
733
733
731
735
738
736
736
736
740
742
741
744
745
746
745
744
749
747
751
751
753
752
753
756
755
755
760
756
761
762
763
762
762
767
764
768
768
771
767
769
769
771
772
773
778
775
776
781
777
783
784
780
783
787
783
786
788
787
792
788
789
795
793
793
797
794
796
798
798
802
801
800
802
805
804
805
809
810
809
808
809
813
815
816
816
816
816
821
822
823
820
821
824
826
826
825
830
828
830
831
832
832
835
836
836
835
836
839
840
840
844
840
842
842
848
845
849
847
848
848
851
850
856
853
853
859
860
860
860
863
860
864
861
864
863
868
870
871
870
868
871
870
875
875
874
874
876
881
881
883
881
880
886
882
886
889
890
889
889
890
889
894
891
893
895
897
900
901
902
899
904
905
901
906
908
906
906
910
910
912
910
910
911
917
914
915
916
920
918
919
923
925
923
926
926
926
930
931
927
930
931
933
932
933
937
934
938
940
942
940
940
944
943
942
948
947
948
951
947
952
954
954
951
954
953
959
955
960
962
963
963
964
965
964
968
966
966
971
968
969
974
971
973
977
973
978
977
980
977
983
983
985
984
983
988
986
988
991
988
992
990
991
994
994
993
994
997
996
997
1001
1002
1004
1006
1006
1004
1007
1010
1008
1009
1009
1014
1015
1015
1016
1015
1018
1020
1017
1021
1023
1020
1020
1025
1025
1023
1026
1026
1029
1031
1031
1033
1032
1032
1035
1033
1035
1036
1039
1038
1042
1042
1045
1043
1047
1043
1047
1050
1047
1047
1049
1051
1050
1053
1056
1057
1058
1057
1060
1058
1063
1064
1064
1062
1067
1067
1068
1067
1068
1068
1070
1069
1071
1074
1077
1074
1077
1078
1081
1078
1083
1080
1080
1084
1086
1087
1089
1090
1086
1089
1093
1093
1095
1095
1093
1097
1096
1097
1099
1097
1103
1102
1102
1106
1105
1108
1107
1106
1107
1109
1112
1112
1114
1113
1114
1114
1118
1120
1117
1122
1121
1123
1120
1124
1127
1127
1125
1126
1128
1129
1132
1134
1130
1135
1136
1135
1138
1138
1141
1137
1143
1143
1143
1145
1147
1144
1148
1149
1150
1148
1150
1151
1152
1151
1153
1157
1154
1158
1158
1158
1160
1159
1161
1166
1163
1165
1167
1167
1167
1170
1170
1169
1171
1171
1174
1175
1177
1179
1178
1181
1183
1184
1182
1183
1186
1188
1187
1188
1191
1189
1189
1191
1194
1191
1197
1196
1196
1200
1201
1200
1201
1203
1200
1204
1204
1203
1208
1208
1207
1209
1213
1213
1211
1214
1213
1218
1218
1219
1216
1218
1220
1222
1220
1221
1224
1224
1225
1229
1231
1228
1229
1234
1233
1232
1235
1238
1239
1238
1237
1238
1238
1239
1240
1244
1245
1243
1245
1246
1250
1248
1250
1249
1254
1251
1256
1257
1257
1258
1260
1260
1261
1263
1261
1261
1265
1265
1269
1266
1267
1268
1270
1271
1270
1275
1275
1275
1275
1277
1276
1282
1281
1284
1285
1281
1283
1285
1288
1288
1290
1290
1288
1293
1294
1292
1294
1295
1298
1299
1300
1297
1301
1300
1300
1301
1303
1303
1309
1310
1307
1310
1312
1312
1315
1316
1313
1313
1317
1315
1318
1317
1321
1321
1324
1325
1326
1323
1325
1330
1326
1327
1330
1333
1332
1334
1336
1335
1338
1335
1339
1342
1338
1344
1342
1341
1346
1344
1347
1346
1346
1352
1351
1350
1353
1356
1353
1356
1356
1356
1359
1361
1360
1363
1365
1361
1366
1364
1365
1370
1366
1372
1373
1372
1370
1374
1373
1376
1375
1379
1381
1381
1379
1381
1380
1382
1382
1383
1385
1388
1387
1392
1393
1391
1394
1391
1394
1395
1397
1399
1400
1398
1402
1401
1401
1401
1406
1404
1406
1410
1407
1408
1409
1414
1412
1413
1412
1413
1414
1416
1418
1417
1421
1423
1425
1422
1422
1427
1429
1427
1427
1427
1428
1431
1432
1434
1436
1435
1434
1436
1441
1441
1440
1444
1442
1442
1447
1446
1445
1450
1448
1447
1453
1450
1450
1452
1457
1455
1454
1456
1461
1458
1458
1460
1461
1464
1465
1468
1467
1465
1471
1472
1473
1469
1470
1471
1477
1473
1475
1479
1476
1482
1482
1479
1480
1481
1486
1487
1487
1488
1490
1491
1490
1494
1491
1494
1495
1495
1497
1498
1497
1500
1502
1503
1502
1505
1505
1504
1504
1510
1508
1511
1511
1509
1515
1513
1515
1515
1519
1516
1516
1519
1518
1522
1522
1522
1523
1528
1528
1526
1527
1532
1532
1532
1533
1532
1537
1534
1535
1540
1536
1539
1542
1544
1540
1544
1546
1544
1546
1549
1547
1550
1553
1550
1555
1555
1555
1553
1554
1556
1561
1562
1562
1564
1565
1566
1564
1568
1566
1568
1568
1571
1569
1571
1574
1573
1572
1578
1577
1576
1581
1580
1581
1579
1583
1581
1583
1583
1588
1589
1591
1591
1592
1591
1591
1596
1592
1593
1594
1600
1599
1597
1598
1600
1601
1605
1605
1607
1606
1605
1609
1608
1609
1614
1614
1614
1615
1615
1618
1616
1621
1622
1619
1623
1621
1625
1622
1625
1625
1629
1627
1630
1629
1632
1632
1635
1632
1636
1639
1635
1638
1640
1638
1641
1644
1643
1644
1647
1646
1645
1648
1650
1650
1649
1650
1655
1656
1658
1655
1658
1659
1661
1662
1664
1661
1666
1662
1663
1668
1665
1670
1667
1673
1674
1675
1671
1676
1674
1679
1677
1678
1677
1681
1684
1685
1681
1682
1684
1687
1689
1690
1689
1688
1693
1692
1692
1694
1695
1697
1697
1699
1702
1701
1699
1700
1706
1704
1705
1707
1708
1709
1712
1708
1709
1711
1711
1714
1718
1714
1720
1717
1717
1718
1721
1724
1724
1725
1724
1725
1727
1731
1731
1728
1733
1735
1734
1733
1733
1738
1739
1739
1738
1743
1742
1743
1745
1747
1746
1749
1745
1749
1751
1751
1753
1751
1751
1752
1758
1755
1757
1759
1758
1758
1761
1763
1765
1763
1763
1765
1766
1766
1768
1773
1774
1771
1772
1776
1776
1777
1778
1777
1779
1778
1783
1782
1785
1783
1783
1788
1788
1786
1788
1788
1791
1793
1793
1796
1796
1797
1796
1796
1801
1800
1803
1804
1804
1807
1806
1806
1806
1806
1811
1812
1812
1814
1814
1813
1816
1814
1816
1820
1819
1818
1824
1824
1824
1822
1823
1827
1829
1826
1827
1829
1829
1832
1834
1832
1838
1839
1836
1838
1842
1840
1840
1840
1846
1845
1848
1844
1848
1850
1852
1850
1851
1851
1855
1857
1858
1856
1855
1858
1858
1861
1862
1864
1862
1867
1864
1865
1870
1869
1869
1872
1872
1873
1876
1874
1875
1879
