0
6
6
3
5
5
8
8
13
11
10
11
13
13
15
18
19
18
19
19
23
22
22
28
29
29
28
29
32
31
30
32
32
33
34
40
40
41
42
41
45
42
47
48
44
45
47
52
49
52
55
52
54
57
58
59
59
58
59
62
63
63
65
65
65
70
68
67
71
74
73
76
76
78
79
75
78
80
78
80
80
81
87
87
85
87
90
90
92
94
92
93
97
96
99
96
99
98
103
99
104
104
104
107
104
105
109
111
113
112
115
114
115
116
115
115
119
117
122
121
121
124
127
124
128
125
127
128
128
131
134
133
132
133
137
136
137
141
143
140
140
144
145
147
148
145
146
147
149
154
152
152
156
153
157
158
161
161
160
160
163
166
165
165
169
170
167
168
170
169
172
172
172
174
176
180
177
180
182
183
182
185
184
188
185
190
187
190
190
194
194
196
193
196
199
200
201
199
199
200
200
201
204
205
204
210
207
212
213
209
211
216
212
214
218
220
219
218
221
222
225
225
225
225
229
228
230
232
228
233
230
235
237
236
234
237
241
237
242
244
242
243
247
244
247
245
248
252
250
251
250
256
256
253
258
259
258
262
258
260
265
266
267
266
264
268
268
267
270
272
274
276
275
277
274
280
277
280
281
280
281
283
283
284
284
285
287
289
289
293
295
292
297
296
294
299
298
300
299
302
302
305
302
306
307
309
311
310
309
313
311
315
313
314
315
319
316
317
323
322
321
321
327
326
326
328
331
329
332
331
330
331
334
337
337
339
337
339
340
342
344
344
347
346
346
348
351
349
351
353
350
354
356
355
359
357
361
358
360
362
365
366
362
368
369
368
367
372
369
374
373
375
372
374
376
375
379
377
378
384
382
384
386
384
385
388
391
388
388
392
391
394
393
394
395
398
401
397
402
399
403
405
402
403
406
407
411
408
411
409
414
416
416
415
417
417
421
418
418
423
423
426
425
428
427
429
431
427
433
429
430
433
434
438
435
438
438
441
441
440
445
442
444
444
447
447
451
450
449
454
452
452
452
457
455
456
457
457
460
460
460
465
464
468
464
465
466
470
471
469
471
475
477
477
474
477
479
482
480
483
481
481
484
483
486
487
489
487
490
491
492
496
497
497
498
499
499
502
498
502
501
503
506
506
505
509
509
511
510
509
510
515
515
515
516
516
521
519
522
524
523
521
527
525
524
526
527
529
531
532
531
535
534
534
538
538
537
542
539
543
543
543
545
543
548
548
548
549
551
554
552
552
556
556
555
555
559
562
559
561
560
565
563
567
569
567
569
571
571
569
572
576
573
574
577
577
581
579
579
581
582
585
582
586
584
588
587
587
589
592
595
591
597
594
599
597
598
599
598
601
605
603
602
608
605
609
607
607
611
610
610
616
615
618
617
615
616
620
618
622
620
626
622
628
628
629
630
628
628
630
634
632
633
633
638
639
639
637
642
641
644
643
642
643
648
649
651
648
652
652
654
655
656
658
654
660
658
661
660
660
661
662
662
665
669
668
669
670
669
669
670
671
675
675
677
678
676
680
680
681
681
685
684
683
684
688
689
689
689
693
694
691
693
695
695
699
701
698
702
704
700
704
703
703
706
707
706
707
711
712
710
715
715
716
715
718
717
722
718
720
721
722
725
726
726
730
726
731
728
734
734
732
736
738
736
736
737
738
740
743
740
741
745
747
748
748
748
752
750
752
752
752
757
756
755
755
757
758
762
764
764
762
763
764
765
770
771
772
772
773
773
771
776
778
777
778
781
779
778
782
781
786
783
786
784
785
791
788
788
790
795
795
794
795
798
798
797
802
800
800
804
802
803
804
805
807
811
810
812
810
810
812
812
817
819
815
816
818
822
819
823
821
824
825
824
828
830
831
830
829
835
836
834
837
838
837
838
842
841
844
845
846
844
846
844
849
851
848
849
853
851
855
853
855
858
860
857
859
861
859
860
866
867
866
869
869
866
868
869
871
874
873
877
873
876
878
881
878
881
884
883
884
886
887
889
885
888
889
891
889
893
893
896
895
898
898
898
901
901
902
905
906
903
905
908
909
908
912
911
910
914
916
913
918
915
920
917
919
922
924
923
924
923
924
928
927
931
930
928
932
935
932
936
935
936
940
940
939
941
943
942
946
942
947
948
948
949
951
949
949
950
955
955
956
956
959
957
962
962
960
962
964
963
964
966
967
970
969
973
971
970
975
972
973
977
980
978
980
982
979
983
983
983
988
986
986
986
988
989
990
990
995
994
997
997
1000
999
1002
1003
1002
1002
1003
1002
1004
1007
1009
1008
1009
1009
1011
1011
1016
1014
1018
1018
1016
1019
1019
1023
1023
1021
1022
1022
1024
1024
1027
1029
1032
1032
1033
1030
1034
1037
1035
1039
1040
1040
1038
1038
1041
1044
1042
1047
1047
1044
1050
1050
1052
1053
1053
1050
1051
1052
1058
1056
1055
1060
1057
1062
1064
1061
1063
1064
1064
1068
1070
1067
1071
1069
1069
1071
1075
1076
1076
1079
1077
1079
1081
1078
1079
1084
1081
1085
1087
1086
1088
1088
1090
1091
1093
1095
1094
1095
1098
1098
1100
1098
1098
1099
1102
1105
1104
1103
1106
1107
1106
1110
1112
1110
1111
1110
1111
1112
1113
1119
1115
1119
1121
1119
1120
1120
1126
1122
1127
1129
1125
1131
1130
1128
1134
1132
1133
1137
1138
1135
1139
1139
1139
1140
1141
1145
1143
1144
1143
1147
1145
1147
1148
1148
1152
1151
1151
1157
1153
1157
1160
1156
1158
1159
1163
1162
1162
1164
1168
1164
1169
1169
1168
1170
1174
1172
1174
1176
1177
1174
1179
1180
1177
1179
1179
1182
1185
1183
1186
1188
1185
1190
1192
1191
1189
1193
1193
1193
1196
1196
1195
1201
1202
1198
1201
1202
1206
1202
1205
1208
1210
1206
1212
1210
1214
1210
1213
1215
1215
1216
1216
1218
1220
1223
1224
1225
1225
1227
1228
1226
1226
1229
1230
1229
1233
1235
1232
1232
1233
1237
1236
1239
1239
1242
1242
1245
1242
1245
1244
1245
1249
1247
1247
1248
1254
1250
1251
1252
1258
1259
1256
1261
1262
1263
1259
1262
1266
1267
1263
1266
1267
1270
1268
1268
1270
1270
1273
1277
1277
1276
1278
1279
1280
1279
1284
1280
1285
1285
1285
1284
1285
1288
1289
1288
1291
1291
1296
1296
1296
1296
1298
1297
1302
1299
1302
1300
1303
1302
1306
1304
1309
1309
1312
1310
1310
1310
1312
1314
1317
1314
1316
1319
1321
1320
1319
1321
1324
1323
1325
1324
1327
1331
1330
1330
1333
1330
1334
1334
1336
1335
1337
1338
1338
1342
1341
1345
1341
1346
1345
1344
1345
1346
1350
1349
1350
1352
1354
1357
1354
1359
1357
1358
1361
1362
1359
1364
1361
1362
1367
1368
1368
1369
1370
1372
1374
1371
1374
1375
1378
1378
1377
1376
1380
1379
1379
1382
1385
1386
1388
1385
1390
1389
1388
1390
1392
1390
1393
1394
1395
1396
1395
1401
1399
1401
1403
1403
1406
1407
1406
1405
1406
1409
1410
1412
1413
1411
1412
1417
1418
1417
1415
1421
1418
1418
1421
1425
1424
1426
1427
1426
1429
1427
1428
1433
1430
1434
1435
1435
1433
1437
1436
1441
1439
1440
1441
1442
1445
1444
1448
1445
1446
1450
1447
1450
1452
1451
1454
1453
1454
1458
1460
1460
1457
1461
1464
1461
1461
1462
1466
1464
1470
1471
1467
1469
1473
1475
1476
1476
1473
1475
1478
1477
1480
1479
1479
1485
1483
1486
1488
1488
1489
1490
1487
1488
1490
1490
1495
1495
1494
1496
1500
1496
1497
1502
1501
1505
1503
1506
1508
1505
1505
1509
1512
1512
1513
1513
1515
1515
1516
1518
1515
1517
1519
1522
1521
1525
1521
1526
1525
1525
1525
1531
1530
1528
1532
1532
1531
1535
1536
1534
1538
1541
1539
1542
1539
1542
1542
1546
1545
1546
1549
1551
1552
1551
1552
1554
1555
1555
1554
1554
1559
1561
1560
1563
1562
1563
1565
1566
1566
1569
1569
1569
1571
1572
1569
1574
1575
1574
1578
1575
1576
1578
1580
1579
1584
1585
1585
1587
1587
1587
1586
1589
1588
1592
1591
1591
1595
1596
1595
1599
1597
1597
1601
1600
1602
1601
1603
1603
1605
1607
1610
1611
1612
1613
1612
1610
1616
1615
1616
1614
1618
1616
1617
1622
1623
1622
1626
1625
1625
1627
1630
1627
1628
1630
1631
1630
1631
1634
1637
1638
1638
1638
1640
1640
1639
1643
1644
1644
1647
1645
1645
1650
1650
1650
1650
1651
1655
1653
1653
1657
1655
1656
1658
1661
1660
1660
1663
1666
1663
1665
1669
1666
1671
1669
1674
1673
1672
1677
1678
1679
1677
1681
1682
1679
1680
1685
1685
1682
1683
1688
1687
1690
1692
1692
1692
1691
1691
1696
1694
1694
1699
1698
1701
1703
1703
1705
1701
1705
1706
1705
1709
1708
1712
1713
1710
1713
1713
1715
1715
1714
1716
1717
1720
1722
1720
1723
1721
1723
1724
1725
1730
1730
1730
1728
1731
1733
1734
1732
1734
1735
1739
1736
1739
1741
1739
1740
1743
1747
1748
1749
1750
1748
1749
1750
1752
1754
1752
1756
1754
1758
1759
1756
1759
1758
1764
1763
1763
1764
1766
1767
1768
1771
1767
1773
1774
1774
1776
1772
1773
1775
1776
1777
1782
1781
1782
1785
1781
1783
1786
1784
1790
1790
1790
1788
1794
1792
1795
1793
1798
1799
1796
1798
1799
1799
1800
1803
1801
1805
1805
1806
1807
1810
1812
1810
1810
1814
1811
1817
1814
1815
1815
1817
1821
1821
1824
1821
1822
1824
1825
1828
1826
1829
1827
1831
1832
1830
1836
1836
1838
1838
1838
1836
1842
1839
1839
1844
1841
1847
1843
1844
1848
1849
1851
1851
1851
1853
1855
1856
1856
1859
1856
1861
1860
1858
1861
1863
1865
1865
1863
1868
1869
1869
1869
1871
1873
1874
1871
1876
1875
1877
