0
6
2
7
7
8
7
12
9
12
14
11
14
17
19
19
18
18
18
19
23
25
22
24
26
27
28
30
31
29
31
34
35
34
36
35
40
38
38
41
45
43
43
44
49
50
47
47
49
49
52
55
56
55
59
56
56
59
59
64
62
61
64
63
66
69
67
69
68
71
71
73
74
78
78
77
78
79
78
84
82
83
85
88
89
85
89
87
88
92
90
93
97
96
94
100
97
102
100
101
105
106
103
108
107
105
108
109
112
112
113
111
114
116
116
117
120
119
120
122
124
125
125
123
124
129
130
132
128
130
134
136
133
134
135
136
136
141
141
142
141
146
142
144
145
147
150
152
149
149
150
154
154
155
156
157
159
158
161
161
162
161
164
166
167
167
167
170
173
171
172
171
177
174
174
178
178
177
182
182
183
184
183
188
189
189
190
188
189
189
194
193
197
198
195
199
199
197
198
202
205
205
207
206
204
209
210
211
212
211
212
213
217
217
217
218
219
218
219
221
224
224
226
224
226
228
226
230
232
232
232
234
237
236
236
238
238
240
238
244
241
244
244
246
247
245
250
249
253
249
252
252
256
253
257
256
259
259
263
264
263
264
267
265
265
267
271
268
269
273
271
273
274
275
274
276
280
280
282
280
284
283
287
287
285
289
290
290
290
294
292
291
295
295
295
298
297
299
302
300
302
303
305
305
307
305
308
308
308
311
314
316
315
314
318
318
319
322
319
321
322
326
322
325
327
330
328
332
330
331
330
331
332
338
336
340
339
342
338
344
343
341
343
343
349
349
347
352
349
352
354
354
355
358
355
359
361
357
361
364
362
363
366
364
364
367
366
371
368
370
375
372
373
374
375
380
380
380
379
383
384
381
382
386
389
387
389
388
389
390
393
393
394
394
397
397
401
402
402
403
403
404
404
408
406
408
410
409
411
414
415
415
415
417
415
417
416
420
419
422
422
422
427
426
429
429
426
432
432
433
432
434
437
436
435
436
437
438
438
440
444
443
443
446
448
448
449
448
451
449
452
452
455
455
454
456
456
457
461
463
465
463
463
468
465
467
470
467
468
474
474
475
476
478
474
475
477
481
478
482
485
484
487
486
484
490
491
490
493
494
491
491
492
493
499
497
497
498
502
501
502
501
507
507
505
507
508
512
509
509
510
516
516
518
519
518
518
519
523
519
520
522
524
526
524
527
530
528
529
532
534
533
534
536
534
536
537
538
543
542
543
543
546
547
548
546
549
550
553
553
550
556
557
556
558
558
556
559
562
560
561
564
565
568
566
565
570
571
572
574
575
572
577
576
576
578
576
577
583
582
582
583
586
584
587
587
587
590
591
593
595
591
595
598
596
596
599
598
602
602
604
602
604
605
604
605
609
611
610
611
611
611
612
617
615
618
619
622
623
624
621
626
624
628
624
629
630
630
632
629
631
632
632
637
637
638
637
641
643
643
640
643
644
643
645
645
651
647
651
651
654
654
655
655
655
659
660
660
662
659
663
661
667
665
665
666
670
669
671
669
671
675
672
674
679
679
677
680
683
681
681
682
687
687
689
686
690
690
693
692
692
692
694
694
698
697
697
700
698
701
702
705
705
703
707
709
711
710
713
713
710
715
712
715
717
719
717
720
721
719
721
721
724
723
727
728
728
729
730
733
734
733
735
738
735
737
737
737
743
741
741
746
744
745
747
749
748
751
748
751
755
752
757
758
759
758
760
757
763
760
761
765
766
765
767
769
770
770
773
773
773
771
773
774
776
776
778
778
778
780
782
786
784
786
784
787
786
787
790
790
792
795
793
794
797
795
801
800
801
804
800
802
807
805
809
807
809
812
809
811
811
816
817
814
817
817
820
822
822
824
822
822
827
824
827
830
829
832
830
831
834
833
837
838
837
840
840
840
839
840
843
842
842
845
849
845
847
849
852
852
851
852
857
857
858
857
856
860
859
864
862
863
866
864
866
867
868
872
870
873
875
874
873
878
876
879
877
882
881
879
885
886
882
884
886
887
889
888
891
893
894
894
894
893
896
900
896
900
899
900
902
905
904
907
904
906
910
912
910
911
912
916
914
914
915
916
921
917
923
922
925
921
925
928
929
927
926
928
929
932
935
935
937
938
937
936
938
937
941
943
942
946
942
948
949
949
948
948
951
954
950
952
954
954
956
958
961
960
962
961
961
961
966
967
968
966
970
968
972
970
973
974
972
977
975
976
977
977
978
980
985
981
987
986
984
989
991
989
993
992
993
993
994
994
994
997
1001
1001
998
1002
1004
1001
1004
1008
1005
1007
1006
1008
1011
1009
1015
1016
1013
1014
1014
1015
1021
1018
1020
1019
1021
1026
1022
1023
1026
1026
1031
1032
1031
1031
1034
1035
1033
1034
1038
1035
1038
1037
1039
1041
1045
1046
1047
1048
1045
1050
1047
1047
1051
1054
1051
1053
1055
1057
1054
1059
1056
1058
1062
1059
1065
1062
1062
1066
1069
1068
1069
1068
1073
1071
1075
1072
1074
1078
1074
1076
1080
1078
1083
1079
1085
1085
1083
1086
1089
1086
1091
1091
1091
1089
1091
1095
1096
1098
1096
1097
1097
1100
1101
1103
1105
1102
1105
1105
1108
1109
1108
1107
1111
1113
1111
1116
1116
1115
1118
1115
1119
1119
1118
1124
1125
1124
1126
1127
1127
1127
1127
1132
1129
1134
1135
1136
1133
1136
1136
1137
1141
1139
1143
1143
1145
1142
1142
1148
1149
1147
1148
1149
1149
1152
1152
1156
1156
1156
1156
1160
1156
1157
1162
1164
1163
1163
1164
1165
1165
1165
1166
1171
1169
1174
1175
1176
1173
1173
1178
1177
1179
1177
1181
1183
1185
1183
1186
1186
1187
1189
1187
1190
1189
1192
1192
1195
1194
1196
1199
1195
1196
1200
1198
1204
1200
1204
1207
1207
1206
1209
1208
1211
1212
1210
1214
1211
1212
1218
1215
1220
1219
1219
1223
1223
1222
1224
1227
1226
1226
1230
1231
1228
1232
1234
1231
1231
1234
1234
1236
1240
1237
1239
1238
1241
1244
1246
1242
1246
1244
1248
1248
1248
1249
1250
1252
1253
1256
1256
1259
1258
1259
1262
1263
1263
1264
1261
1266
1266
1266
1267
1267
1267
1271
1269
1272
1273
1272
1273
1276
1278
1278
1281
1282
1284
1282
1281
1283
1285
1285
1290
1290
1289
1293
1294
1291
1294
1297
1295
1296
1298
1300
1299
1299
1302
1300
1301
1307
1303
1309
1306
1310
1307
1312
1310
1315
1313
1312
1316
1316
1315
1316
1320
1319
1322
1323
1322
1323
1326
1324
1326
1330
1327
1331
1332
1330
1332
1335
1334
1337
1335
1339
1342
1343
1340
1345
1345
1345
1343
1347
1350
1351
1347
1348
1349
1355
1354
1355
1353
1358
1359
1358
1359
1363
1360
1365
1361
1365
1368
1365
1368
1366
1370
1368
1369
1374
1376
1376
1377
1376
1379
1381
1382
1382
1382
1384
1386
1387
1386
1388
1390
1388
1392
1391
1394
1393
1392
1393
1398
1398
1400
1399
1400
1400
1399
1403
1402
1405
1408
1409
1406
1407
1409
1408
1413
1415
1416
1417
1416
1419
1415
1421
1418
1422
1423
1425
1423
1424
1427
1429
1426
1429
1427
1431
1430
1431
1433
1437
1433
1438
1438
1439
1440
1439
1439
1444
1442
1444
1447
1448
1445
1446
1451
1448
1451
1453
1451
1457
1458
1457
1460
1459
1457
1463
1460
1463
1465
1466
1463
1468
1469
1470
1468
1470
1469
1474
1476
1476
1477
1479
1477
1477
1477
1482
1484
1485
1482
1483
1487
1488
1486
1487
1492
1492
1491
1495
1493
1492
1497
1494
1496
1496
1497
1499
1500
1500
1503
1504
1507
1509
1509
1510
1509
1513
1511
1510
1511
1517
1517
1519
1515
1517
1521
1522
1521
1525
1526
1522
1524
1529
1529
1526
1527
1532
1530
1534
1535
1536
1538
1537
1539
1538
1539
1538
1543
1541
1541
1546
1547
1547
1550
1550
1550
1548
1553
1552
1555
1557
1553
1558
1556
1558
1562
1562
1560
1560
1563
1564
1563
1568
1565
1569
1568
1571
1572
1574
1575
1572
1574
1577
1579
1581
1582
1578
1580
1585
1581
1586
1583
1585
1590
1588
1591
1592
1590
1592
1592
1594
1598
1595
1595
1600
1599
1599
1600
1602
1601
1606
1603
1607
1607
1611
1611
1611
1611
1614
1613
1614
1613
1615
1615
1619
1620
1619
1624
1623
1623
1624
1623
1629
1626
1627
1632
1633
1629
1630
1633
1632
1637
1637
1639
1636
1638
1640
1643
1641
1646
1645
1644
1645
1648
1650
1647
1651
1650
1652
1654
1654
1657
1658
1659
1658
1662
1661
1664
1661
1664
1666
1665
1665
1670
1666
1670
1669
1674
1675
1675
1672
1678
1679
1677
1676
1678
1682
1683
1685
1684
1687
1688
1688
1689
1691
1689
1692
1690
1694
1694
1696
1695
1697
1699
1697
1699
1701
1699
1704
1706
1705
1706
1707
1706
1710
1710
1710
1714
1715
1714
1717
1718
1716
1718
1718
1719
1722
1723
1723
1722
1723
1723
1726
1727
1728
1731
1733
1734
1732
1736
1735
1734
1736
1738
1737
1738
1739
1744
1743
1743
1746
1748
1746
1749
1751
1747
1750
1753
1754
1753
1753
1758
1754
1760
1760
1757
1760
1759
1760
1764
1762
1764
1769
1765
1769
1768
1772
1771
1771
1772
1776
1775
1775
1775
1778
1781
1778
1780
1780
1781
1787
1785
1787
1785
1786
1790
1788
1791
1792
1793
1796
1795
1794
1797
1798
1799
1799
1802
1802
1803
1805
1806
1809
1806
1811
1808
1811
1813
1815
1813
1817
1816
1815
1816
1821
1820
1820
1821
1824
1823
1823
1827
1827
1826
1830
1828
1829
1830
1832
1833
1835
1833
1839
1838
1841
1839
1842
1843
1840
1845
1846
1845
1846
1846
1850
1847
1851
1852
1853
1854
1856
1855
1857
1855
1861
1857
1859
1863
1860
1865
1865
1867
1867
1867
1867
1870
1869
1872
1875
1874
1875
1874
1875
