4
5
5
7
4
6
9
10
9
9
15
15
14
15
17
17
21
21
18
24
20
25
26
25
24
28
28
27
30
29
30
36
37
38
34
36
37
40
39
43
44
46
44
48
45
50
51
50
49
54
52
55
56
58
54
58
59
59
59
64
62
66
64
65
65
67
71
71
73
69
73
74
72
75
77
75
80
78
80
80
80
86
87
84
84
88
91
92
90
91
92
94
93
93
94
100
99
97
102
99
104
101
103
105
107
107
110
112
108
109
110
114
112
118
116
119
121
118
122
124
122
126
125
126
126
125
130
132
132
134
135
135
135
133
135
135
139
139
138
140
141
146
145
147
145
149
150
149
151
152
152
155
154
158
157
157
159
161
162
164
161
164
165
166
164
170
171
170
172
173
175
171
173
174
174
177
179
178
180
182
181
185
187
188
189
186
190
190
188
190
194
195
192
194
195
200
198
197
201
201
205
205
205
207
209
206
210
208
210
210
212
211
214
213
214
218
216
217
220
220
220
225
222
225
227
229
230
229
231
234
233
231
237
238
239
237
239
242
241
241
240
242
244
248
249
246
246
247
250
250
250
253
254
255
258
258
257
261
258
262
264
262
266
265
264
268
271
272
270
270
271
272
272
274
278
277
278
279
281
279
282
286
286
288
289
286
287
288
291
289
295
296
294
294
294
300
301
300
298
304
300
302
305
308
305
308
311
308
311
314
311
312
314
318
315
318
316
321
320
324
324
325
326
325
328
325
329
329
331
333
331
334
335
337
337
335
339
341
342
340
340
346
342
344
344
347
347
350
353
350
351
354
355
357
359
359
359
360
358
364
360
365
367
368
364
365
369
370
371
369
374
372
377
376
376
379
376
381
379
382
384
382
382
384
384
390
386
392
392
390
391
395
394
395
397
400
396
402
398
403
401
406
406
403
407
409
406
412
412
413
415
415
412
416
419
420
421
420
420
423
425
422
424
423
424
427
430
429
432
434
432
436
437
437
435
438
437
440
438
444
444
446
445
446
446
450
448
450
448
453
453
453
454
455
456
460
457
460
460
462
460
461
464
468
468
469
470
468
473
471
474
472
472
477
474
480
477
482
481
479
485
484
482
488
489
486
487
487
490
494
491
495
492
497
498
499
501
497
498
502
501
502
503
503
504
506
506
509
513
509
514
515
515
516
514
517
520
518
519
519
522
523
526
527
526
529
530
529
533
533
532
535
536
538
536
540
541
537
543
542
540
541
547
543
544
550
547
547
553
554
552
551
552
556
555
558
557
557
561
560
562
566
567
565
565
566
570
571
573
569
575
573
575
578
574
580
577
578
583
580
582
584
583
587
585
585
589
589
592
594
593
591
594
595
594
598
601
602
601
603
605
604
604
605
609
608
607
610
613
612
614
615
613
615
619
616
619
617
622
622
625
622
622
627
626
629
626
628
630
631
634
636
637
637
634
636
638
639
639
644
644
642
645
647
646
646
651
650
651
653
652
651
654
653
655
657
656
657
661
659
663
661
667
668
667
670
668
669
673
672
675
674
677
676
674
677
676
680
681
679
685
683
682
687
687
690
688
690
692
691
695
696
697
696
696
695
700
697
699
701
702
701
703
703
707
705
707
712
710
711
713
714
716
716
716
717
719
717
721
719
722
725
724
727
724
727
727
732
731
730
731
733
735
738
737
740
736
738
740
739
745
744
743
747
747
747
748
747
753
750
754
751
752
755
757
756
759
759
762
760
761
761
763
763
767
765
771
772
768
772
771
774
774
774
779
775
778
779
779
783
785
784
787
787
787
785
789
789
788
789
794
792
796
797
794
798
797
802
799
799
803
802
802
805
809
807
811
810
810
809
812
816
812
818
815
819
816
818
818
821
822
823
823
828
828
825
831
827
830
831
830
835
832
837
835
839
840
837
842
839
843
845
842
847
844
847
848
852
853
853
851
851
854
856
858
855
857
860
858
859
863
865
867
867
868
865
870
867
873
869
871
876
873
874
877
877
876
881
880
881
885
883
885
884
888
888
887
891
888
890
893
894
896
895
895
898
898
898
903
901
900
903
902
905
909
906
909
912
908
914
914
911
914
916
914
915
919
918
920
921
920
922
925
925
924
929
929
927
931
932
932
932
936
934
935
937
940
937
938
939
942
944
942
944
945
950
949
948
951
954
953
956
956
956
954
960
959
959
960
963
963
961
966
963
966
970
966
972
968
971
971
974
976
978
978
977
978
980
979
983
985
983
982
983
987
987
988
990
991
990
995
992
993
993
994
1000
998
1000
999
1002
1004
1003
1004
1005
1009
1010
1009
1008
1013
1010
1010
1015
1013
1014
1017
1015
1020
1022
1023
1020
1020
1024
1023
1024
1029
1027
1026
1030
1028
1033
1035
1035
1034
1037
1035
1040
1040
1042
1042
1043
1040
1045
1042
1047
1048
1050
1051
1048
1051
1051
1050
1054
1054
1057
1059
1056
1061
1058
1061
1061
1065
1061
1066
1065
1069
1066
1070
1071
1068
1073
1071
1073
1072
1077
1076
1075
1079
1081
1079
1082
1085
1085
1085
1083
1085
1087
1089
1089
1089
1089
1095
1094
1097
1093
1094
1097
1096
1100
1099
1099
1105
1101
1104
1104
1106
1105
1106
1109
1110
1114
1115
1116
1112
1113
1116
1118
1116
1118
1118
1122
1124
1123
1125
1124
1128
1127
1126
1129
1130
1132
1133
1134
1137
1138
1134
1140
1141
1141
1142
1139
1143
1144
1142
1145
1144
1148
1148
1149
1149
1154
1153
1153
1152
1158
1155
1159
1158
1161
1161
1160
1163
1162
1162
1165
1165
1169
1171
1168
1168
1173
1172
1173
1177
1178
1174
1178
1176
1179
1183
1181
1185
1184
1182
1185
1184
1186
1186
1189
1188
1192
1195
1192
1196
1193
1198
1197
1196
1202
1202
1200
1205
1204
1203
1207
1207
1210
1210
1208
1208
1210
1213
1214
1214
1218
1219
1219
1216
1221
1222
1222
1223
1226
1226
1227
1228
1228
1230
1232
1228
1231
1231
1233
1234
1236
1237
1240
1239
1239
1239
1242
1242
1245
1245
1244
1247
1247
1246
1249
1248
1253
1251
1252
1252
1257
1255
1256
1259
1260
1258
1259
1260
1263
1266
1264
1267
1267
1271
1271
1273
1273
1275
1276
1274
1274
1279
1275
1279
1279
1283
1280
1284
1286
1282
1286
1289
1286
1289
1288
1293
1293
1294
1295
1293
1297
1294
1296
1300
1298
1301
1301
1302
1303
1302
1306
1309
1306
1311
1312
1311
1311
1314
1315
1316
1315
1317
1316
1317
1322
1322
1321
1321
1321
1326
1328
1329
1327
1329
1331
1332
1329
1331
1336
1336
1334
1336
1335
1337
1337
1343
1343
1343
1346
1346
1348
1346
1348
1349
1349
1350
1351
1355
1354
1357
1354
1359
1357
1356
1360
1363
1359
1361
1366
1365
1367
1366
1369
1366
1369
1373
1374
1375
1376
1372
1377
1376
1375
1377
1379
1380
1384
1380
1385
1383
1383
1388
1388
1390
1390
1392
1389
1391
1395
1394
1398
1395
1397
1396
1400
1400
1402
1405
1406
1405
1405
1406
1406
1406
1410
1413
1410
1413
1416
1416
1418
1416
1415
1417
1418
1421
1419
1422
1421
1425
1425
1429
1428
1429
1432
1431
1434
1433
1435
1434
1438
1438
1440
1437
1439
1442
1440
1443
1445
1443
1446
1446
1450
1446
1450
1448
1454
1452
1453
1455
1456
1458
1455
1456
1457
1462
1464
1461
1462
1465
1465
1467
1465
1470
1468
1468
1471
1472
1476
1475
1476
1475
1480
1481
1481
1481
1483
1480
1483
1482
1485
1487
1488
1487
1491
1488
1489
1494
1493
1496
1496
1497
1497
1499
1498
1500
1502
1505
1501
1506
1503
1507
1506
1507
1507
1509
1510
1512
1512
1517
1514
1515
1520
1518
1518
1520
1523
1523
1524
1526
1524
1528
1525
1529
1527
1531
1529
1534
1536
1534
1536
1539
1538
1540
1541
1542
1540
1542
1544
1547
1548
1545
1548
1548
1549
1549
1553
1553
1556
1554
1558
1558
1560
1560
1561
1562
1563
1565
1562
1567
1564
1566
1567
1570
1570
1570
1574
1570
1575
1574
1575
1575
1579
1579
1581
1581
1583
1585
1582
1582
1587
1584
1585
1590
1592
1592
1590
1592
1595
1595
1595
1596
1596
1599
1601
1602
1600
1605
1601
1607
1608
1604
1606
1610
1609
1612
1612
1615
1614
1615
1614
1618
1616
1618
1621
1623
1624
1621
1625
1627
1623
1624
1626
1631
1631
1631
1634
1633
1631
1632
1634
1636
1640
1638
1637
1638
1639
1645
1643
1645
1647
1644
1646
1648
1647
1650
1651
1654
1652
1653
1656
1655
1656
1659
1662
1661
1660
1662
1663
1662
1666
1665
1669
1668
1670
1673
1671
1671
1675
1677
1674
1679
1675
1680
1677
1679
1682
1683
1684
1687
1686
1685
1690
1687
1689
1691
1691
1695
1694
1697
1694
1695
1697
1698
1697
1700
1699
1703
1702
1706
1705
1708
1710
1709
1710
1712
1714
1715
1715
1714
1717
1717
1716
1720
1721
1720
1722
1721
1721
1724
1725
1724
1728
1727
1732
1731
1732
1735
1735
1732
1738
1737
1740
1736
1741
1740
1742
1740
1746
1743
1746
1749
1748
1748
1747
1753
1752
1750
1753
1754
1753
1759
1757
1757
1761
1759
1759
1762
1765
1765
1764
1768
1767
1768
1769
1770
1771
1771
1774
1776
1776
1775
1780
1781
1778
1783
1784
1784
1786
1784
1784
1788
1789
1786
1787
1793
1793
1791
1792
1795
1798
1794
1799
1800
1797
1800
1799
1802
1805
1807
1808
1807
1805
1810
1808
1808
1814
1815
1812
1817
1813
1815
1815
1817
1822
1822
1822
1823
1822
1825
1826
1827
1827
1826
1831
1828
1829
1833
1835
1834
1834
1834
1835
1841
1837
1843
1843
1841
1842
1844
1848
1848
1849
1849
1852
1848
1851
1852
1856
1854
1853
1858
1860
1860
1859
1860
1861
1864
1865
1865
1868
1865
1867
1870
1871
1868
1871
1873
1871
1872
1878
1875
