0
1
4
5
4
7
9
8
12
14
10
16
13
18
15
20
17
17
18
19
21
22
26
23
27
26
30
28
28
30
31
31
32
36
36
40
38
40
42
43
41
46
47
45
49
45
46
52
53
53
52
51
54
57
59
60
61
60
60
59
64
66
66
66
64
66
70
71
71
71
73
75
73
78
74
77
81
77
80
80
84
83
86
84
85
87
87
89
89
93
93
94
95
94
96
100
98
102
99
100
103
101
103
105
107
105
109
108
113
113
112
116
115
114
119
116
116
118
123
121
120
123
127
123
126
125
131
129
130
133
132
131
132
134
137
139
138
141
139
143
144
141
144
143
146
146
150
149
149
152
152
152
153
158
159
157
160
158
160
161
163
161
166
167
167
166
167
172
173
169
174
174
177
175
179
180
179
179
183
184
182
184
182
187
185
189
190
192
192
191
190
191
194
193
194
195
196
200
201
203
201
206
207
204
207
205
208
207
209
213
213
215
217
216
215
219
220
222
218
222
221
223
226
225
229
227
227
228
229
232
233
231
237
237
239
237
236
239
243
240
245
241
247
246
247
248
246
252
249
250
250
251
254
258
259
260
256
259
259
260
264
265
266
263
268
268
271
268
269
271
270
276
276
275
275
277
279
282
281
284
282
285
287
285
285
285
286
291
291
292
290
296
293
297
299
298
297
298
301
304
304
306
306
307
305
310
306
308
313
312
315
315
316
313
315
319
319
322
319
320
325
324
322
328
329
326
329
332
329
331
331
336
332
334
339
340
340
337
343
342
342
341
345
345
347
345
351
350
350
354
350
355
355
353
356
356
361
357
363
361
361
365
363
366
367
368
366
371
369
374
370
375
376
378
374
377
376
378
382
380
383
382
383
388
386
389
386
392
388
390
390
396
394
397
398
396
397
400
401
400
403
406
407
404
408
408
407
409
411
409
412
415
415
414
416
419
416
421
422
421
423
425
425
425
424
427
428
429
428
429
434
435
434
435
437
436
436
441
439
439
443
446
444
445
448
449
449
447
448
450
450
456
454
458
455
459
457
458
458
461
461
466
466
463
466
470
466
468
470
473
473
474
475
473
475
475
477
480
478
483
484
482
485
486
487
487
490
490
489
494
495
494
496
496
498
497
501
499
501
501
503
506
503
504
508
510
510
511
512
510
510
515
513
518
517
516
516
517
521
520
524
523
525
525
525
530
527
530
531
531
535
536
535
533
534
540
539
540
542
544
543
545
542
547
549
546
549
551
550
552
551
556
557
554
554
555
557
558
563
559
564
561
566
564
566
569
570
568
573
573
574
571
572
574
576
579
576
580
583
583
585
583
587
587
586
585
588
587
589
590
595
592
597
598
596
595
599
600
601
604
604
606
604
603
605
609
608
608
610
609
613
614
614
618
614
616
619
618
619
619
623
624
625
624
626
629
629
631
630
632
633
634
636
634
637
638
641
640
642
644
643
645
644
646
644
650
650
652
648
652
651
655
657
656
655
657
661
658
659
661
663
661
663
668
669
666
666
667
670
670
674
673
673
676
677
676
681
681
682
681
684
682
685
684
687
688
689
688
689
692
694
696
697
693
697
696
700
700
702
699
703
706
705
703
708
709
707
710
708
714
715
715
714
718
717
717
721
719
719
720
720
723
727
727
727
730
726
728
729
730
732
736
736
737
738
738
740
737
740
741
742
746
747
747
744
746
748
752
752
749
752
752
756
756
757
760
756
758
763
762
765
763
766
763
769
766
766
772
768
770
771
775
777
777
778
776
780
780
779
784
784
782
787
784
785
788
786
790
789
793
792
794
792
795
795
798
798
798
799
799
800
802
805
803
806
807
806
808
812
812
813
815
816
815
814
819
821
821
820
823
824
822
826
823
826
825
827
829
828
833
833
833
833
834
835
837
837
840
841
841
844
841
845
843
847
849
846
850
850
849
850
855
853
856
855
859
860
862
858
863
864
865
862
865
867
867
871
872
870
872
875
874
872
878
878
879
876
877
879
882
883
883
883
883
885
886
888
892
888
891
892
894
895
896
899
898
901
902
901
902
901
901
904
904
907
908
908
909
913
909
912
913
916
916
918
915
920
918
922
921
925
923
922
927
926
927
931
930
929
930
934
933
933
937
937
939
940
941
939
942
941
943
947
947
944
949
947
949
948
954
952
956
955
956
954
956
959
957
962
964
964
963
967
967
965
966
968
970
972
970
972
971
972
973
977
978
980
979
980
979
984
986
986
985
988
988
988
991
992
993
991
995
995
994
999
997
999
1002
999
1001
1005
1004
1005
1005
1004
1008
1006
1008
1010
1011
1012
1012
1012
1015
1016
1018
1019
1017
1019
1024
1021
1024
1022
1025
1027
1029
1026
1032
1033
1030
1035
1035
1035
1034
1037
1038
1039
1039
1039
1040
1043
1041
1044
1045
1049
1049
1051
1052
1048
1053
1053
1051
1057
1053
1059
1059
1061
1058
1059
1062
1062
1064
1067
1067
1064
1066
1070
1069
1070
1073
1075
1071
1074
1077
1074
1078
1076
1081
1082
1081
1084
1082
1086
1084
1084
1088
1089
1092
1093
1091
1090
1096
1096
1096
1095
1097
1101
1101
1101
1101
1104
1106
1106
1103
1107
1110
1111
1108
1112
1110
1113
1115
1116
1113
1116
1120
1117
1121
1118
1123
1124
1125
1125
1123
1128
1129
1131
1131
1129
1134
1134
1136
1135
1138
1139
1136
1137
1140
1140
1144
1140
1141
1143
1144
1144
1146
1151
1147
1151
1150
1152
1156
1157
1153
1159
1159
1159
1161
1158
1159
1165
1164
1162
1166
1167
1168
1167
1171
1168
1174
1174
1175
1175
1174
1178
1175
1180
1180
1181
1180
1182
1186
1182
1188
1186
1188
1191
1192
1190
1191
1193
1191
1193
1197
1194
1196
1201
1199
1199
1201
1202
1205
1205
1207
1208
1207
1207
1210
1208
1209
1213
1215
1213
1214
1215
1216
1218
1221
1219
1219
1223
1224
1227
1224
1229
1229
1231
1231
1232
1232
1234
1233
1236
1234
1238
1240
1239
1237
1241
1243
1240
1243
1244
1243
1246
1250
1247
1247
1251
1251
1254
1251
1253
1256
1254
1256
1258
1262
1258
1259
1264
1262
1266
1264
1264
1270
1267
1271
1272
1274
1271
1276
1272
1273
1277
1279
1277
1279
1282
1282
1280
1282
1283
1285
1284
1285
1286
1287
1292
1293
1292
1293
1296
1296
1297
1295
1300
1299
1299
1304
1303
1301
1304
1305
1307
1310
1308
1310
1313
1313
1311
1312
1313
1317
1315
1315
1318
1319
1323
1324
1321
1325
1323
1328
1326
1325
1326
1332
1333
1329
1331
1333
1335
1334
1338
1335
1336
1338
1341
1343
1341
1345
1345
1346
1348
1349
1348
1349
1351
1353
1354
1353
1357
1358
1359
1355
1361
1361
1360
1360
1364
1364
1365
1365
1364
1368
1369
1370
1372
1369
1373
1376
1372
1375
1375
1375
1379
1379
1379
1384
1383
1382
1383
1387
1385
1389
1387
1387
1389
1392
1394
1396
1392
1393
1397
1395
1400
1401
1399
1404
1403
1403
1406
1404
1408
1409
1409
1409
1413
1413
1413
1412
1413
1416
1415
1416
1418
1419
1420
1421
1420
1422
1425
1426
1424
1429
1429
1428
1431
1430
1435
1434
1436
1435
1436
1440
1441
1438
1438
1444
1442
1442
1442
1448
1449
1447
1450
1451
1448
1451
1452
1455
1455
1457
1456
1458
1456
1459
1459
1461
1460
1465
1464
1466
1466
1468
1466
1471
1470
1470
1474
1474
1477
1475
1478
1477
1477
1480
1482
1483
1482
1484
1487
1484
1486
1488
1489
1490
1492
1489
1493
1493
1495
1494
1499
1496
1497
1499
1498
1502
1500
1504
1503
1505
1509
1508
1509
1512
1513
1513
1515
1515
1515
1517
1518
1519
1520
1519
1523
1524
1524
1525
1525
1523
1528
1527
1531
1529
1530
1529
1531
1531
1534
1535
1534
1539
1540
1541
1540
1544
1545
1546
1547
1547
1545
1550
1550
1547
1548
1553
1554
1552
1556
1556
1558
1557
1556
1558
1561
1564
1565
1564
1566
1564
1567
1566
1571
1568
1572
1574
1572
1575
1572
1573
1577
1578
1576
1578
1578
1584
1582
1585
1584
1584
1587
1589
1588
1590
1589
1591
1595
1595
1595
1596
1595
1598
1597
1601
1598
1599
1602
1606
1607
1608
1604
1607
1606
1610
1608
1609
1610
1614
1614
1617
1617
1618
1621
1622
1620
1619
1625
1625
1626
1628
1624
1629
1627
1631
1633
1629
1635
1632
1633
1636
1637
1637
1638
1639
1643
1642
1640
1643
1644
1647
1649
1647
1646
1651
1652
1649
1652
1656
1655
1657
1656
1659
1659
1659
1660
1663
1664
1661
1666
1667
1665
1668
1669
1671
1669
1669
1673
1676
1673
1674
1675
1678
1677
1677
1683
1684
1683
1683
1683
1687
1685
1689
1691
1687
1689
1690
1690
1693
1692
1693
1698
1695
1696
1701
1703
1701
1704
1705
1703
1703
1709
1709
1709
1711
1708
1714
1712
1712
1714
1714
1716
1718
1718
1720
1718
1723
1720
1721
1722
1724
1726
1729
1731
1729
1733
1732
1730
1735
1735
1735
1734
1736
1736
1740
1739
1741
1741
1743
1742
1745
1746
1745
1749
1747
1753
1754
1752
1755
1752
1753
1759
1760
1759
1760
1761
1762
1764
1763
1762
1768
1769
1766
1767
1770
1771
1772
1774
1773
1776
1774
1779
1780
1778
1780
1778
1780
1784
1782
1784
1786
1788
1788
1791
1788
1790
1790
1792
1796
1797
1798
1796
1800
1800
1798
1800
1799
1804
1805
1804
1808
1809
1807
1807
1808
1810
1814
1811
1816
1812
1817
1818
1817
1816
1820
1820
1820
1821
1823
1823
1826
1827
1828
1830
1827
1830
1829
1830
1831
1835
1835
1838
1837
1839
1840
1841
1839
1841
1842
1843
1846
1844
1845
1848
1848
1853
1849
1854
1855
1857
1854
1859
1860
1859
1860
1860
1862
1862
1862
1866
1864
1868
1870
1868
1872
1869
1874
1870
1874
1877
1875
1878
