2
3
3
8
4
9
10
8
11
11
15
11
15
16
15
17
21
19
18
22
22
21
24
26
27
29
29
29
28
30
32
32
34
36
38
36
38
39
43
40
40
46
45
46
44
49
48
50
51
51
55
53
56
56
55
58
59
57
58
62
65
64
66
65
68
65
70
68
73
71
74
71
74
77
75
78
79
81
82
83
85
86
83
84
87
85
88
91
88
93
93
92
95
93
95
96
101
100
102
101
105
103
104
107
104
105
107
107
112
110
111
111
116
116
116
118
121
117
119
120
123
124
125
127
129
129
128
132
130
134
130
131
137
138
138
140
139
139
140
139
144
144
146
145
147
149
148
152
152
151
153
152
152
154
159
159
156
157
162
162
165
164
163
164
165
168
171
167
171
174
173
173
172
174
174
178
176
178
182
184
181
181
187
186
185
190
188
189
190
193
192
193
192
194
196
198
200
199
201
204
200
202
207
204
207
207
211
208
208
209
214
211
216
213
218
217
218
219
218
220
222
225
225
224
224
226
229
232
230
234
230
231
237
233
237
239
238
237
238
243
243
244
247
248
247
250
248
252
253
250
255
255
254
254
257
255
258
259
261
263
264
264
265
268
264
266
270
271
273
274
275
273
277
275
278
279
279
277
279
281
282
281
286
284
285
290
288
289
290
294
293
294
297
297
298
296
301
298
303
299
302
305
305
305
307
310
311
308
309
309
312
315
317
315
319
316
317
321
323
321
321
326
322
327
328
328
328
328
332
334
335
334
336
336
335
335
341
342
339
343
345
342
344
347
349
347
346
352
351
349
353
353
353
358
355
357
361
357
358
362
364
364
367
364
366
366
366
372
371
374
372
371
375
373
375
377
381
381
378
379
385
385
382
387
388
389
391
390
389
390
392
396
392
397
399
400
401
400
398
399
404
401
402
403
404
410
411
407
413
410
410
412
412
416
414
416
418
419
423
420
423
426
425
425
426
428
428
428
429
429
432
435
434
434
438
438
441
442
440
442
443
444
446
444
447
447
449
451
449
452
454
452
456
458
455
455
461
462
462
463
460
461
465
464
467
466
469
468
472
474
470
475
472
478
479
479
481
482
482
480
481
481
483
487
485
489
488
487
489
490
491
494
493
498
495
495
498
497
502
504
500
503
503
504
509
509
511
508
508
509
514
513
512
518
516
519
519
517
522
519
521
523
524
526
528
529
529
528
531
531
530
532
534
537
539
535
541
538
541
539
544
546
546
544
546
548
546
550
553
553
550
555
554
553
559
559
557
558
559
562
562
562
567
564
566
568
570
567
573
570
573
575
572
574
579
576
578
581
582
579
583
581
583
588
589
585
589
589
592
590
591
591
596
595
595
600
599
602
602
603
604
601
607
608
605
609
608
607
611
610
611
615
616
615
617
619
621
621
620
619
622
622
624
626
626
629
630
630
632
630
634
634
637
636
637
638
637
638
641
642
644
641
642
648
646
646
651
649
650
653
653
651
653
653
657
660
656
660
661
662
661
664
663
663
666
667
668
669
670
669
673
675
672
678
676
676
679
682
679
681
680
681
686
684
687
686
689
688
690
692
695
692
694
698
694
697
699
698
703
699
701
703
704
707
704
705
711
712
710
709
713
716
717
716
716
718
721
722
719
719
725
725
727
728
728
726
727
728
730
733
732
732
732
733
737
738
740
737
740
742
740
741
742
744
747
747
749
748
752
754
754
755
755
757
754
759
756
759
760
764
761
765
765
767
768
767
769
770
772
770
774
774
772
776
777
779
779
780
782
784
783
783
786
787
787
785
790
789
792
794
793
793
792
794
794
800
798
801
798
802
801
801
806
804
805
806
808
812
811
810
813
814
812
815
818
816
817
822
820
823
823
825
822
826
828
826
831
831
829
831
834
835
836
833
835
835
836
841
841
839
844
843
844
843
844
847
847
848
848
850
853
855
855
855
855
860
857
858
860
864
860
861
867
864
866
865
871
871
868
872
874
872
873
874
878
876
877
877
881
883
882
884
884
885
888
890
889
891
892
890
892
896
893
893
894
897
897
897
903
903
904
906
904
904
905
910
911
912
911
909
915
913
913
915
918
915
919
922
920
922
923
924
922
926
926
925
931
931
932
933
931
936
934
933
935
940
937
937
943
939
945
943
947
947
949
946
946
951
951
949
952
951
952
953
958
955
960
962
958
961
960
964
964
965
967
970
969
968
972
970
974
976
975
976
977
979
978
978
982
980
981
981
984
986
985
988
986
989
990
990
990
993
992
994
997
997
1000
1000
998
999
1004
1001
1005
1006
1007
1006
1006
1011
1010
1014
1013
1016
1016
1016
1015
1020
1018
1017
1020
1020
1024
1021
1026
1024
1027
1026
1027
1028
1029
1032
1030
1036
1032
1036
1037
1038
1040
1040
1042
1042
1041
1043
1042
1048
1044
1049
1046
1050
1053
1054
1055
1052
1052
1058
1054
1055
1057
1061
1061
1059
1065
1063
1063
1067
1067
1070
1066
1072
1069
1069
1075
1072
1073
1075
1074
1079
1079
1082
1082
1081
1085
1085
1087
1084
1084
1087
1088
1088
1093
1089
1093
1094
1094
1094
1098
1100
1100
1102
1098
1104
1105
1105
1103
1107
1106
1110
1110
1107
1112
1113
1115
1111
1117
1118
1118
1118
1120
1118
1119
1123
1122
1125
1126
1125
1128
1129
1127
1130
1133
1131
1130
1134
1132
1137
1135
1140
1136
1142
1143
1140
1144
1143
1143
1148
1149
1146
1150
1152
1153
1153
1154
1154
1156
1157
1154
1155
1161
1158
1162
1163
1161
1166
1163
1168
1165
1170
1169
1167
1173
1172
1174
1174
1175
1177
1174
1180
1180
1181
1179
1180
1184
1183
1187
1187
1184
1187
1186
1187
1190
1189
1191
1195
1194
1196
1194
1198
1200
1200
1201
1204
1203
1205
1202
1205
1209
1206
1209
1208
1212
1211
1215
1213
1216
1215
1217
1215
1220
1222
1220
1222
1224
1223
1222
1227
1225
1230
1230
1228
1232
1231
1232
1234
1235
1236
1239
1237
1238
1242
1241
1239
1243
1245
1244
1245
1248
1247
1251
1247
1249
1253
1253
1255
1257
1254
1256
1258
1257
1259
1259
1264
1260
1262
1263
1264
1264
1270
1267
1270
1269
1274
1274
1272
1276
1273
1275
1277
1278
1281
1280
1281
1284
1283
1284
1284
1289
1288
1291
1289
1289
1293
1291
1293
1296
1294
1296
1298
1301
1300
1302
1303
1304
1302
1302
1304
1307
1306
1311
1311
1309
1314
1310
1315
1314
1314
1316
1317
1319
1321
1320
1324
1321
1321
1327
1328
1327
1330
1327
1332
1333
1329
1334
1331
1337
1333
1338
1338
1341
1338
1339
1343
1342
1342
1346
1344
1346
1349
1347
1350
1350
1354
1350
1354
1357
1354
1357
1358
1356
1359
1359
1360
1361
1366
1365
1366
1365
1367
1367
1371
1369
1369
1374
1376
1374
1377
1376
1376
1378
1380
1381
1379
1381
1383
1382
1386
1386
1390
1386
1388
1392
1391
1390
1392
1393
1393
1398
1396
1397
1397
1403
1399
1402
1405
1403
1404
1406
1410
1410
1411
1413
1414
1412
1415
1417
1416
1415
1417
1421
1419
1419
1419
1423
1421
1423
1424
1427
1429
1430
1428
1429
1432
1434
1432
1436
1434
1439
1440
1436
1439
1441
1442
1441
1446
1446
1443
1448
1445
1446
1448
1453
1452
1452
1454
1456
1455
1456
1459
1458
1462
1460
1464
1461
1464
1467
1464
1469
1468
1466
1467
1470
1473
1475
1475
1473
1476
1477
1475
1477
1482
1479
1480
1484
1482
1482
1485
1486
1486
1491
1487
1489
1493
1491
1493
1492
1494
1496
1500
1500
1500
1499
1503
1504
1501
1502
1503
1507
1508
1507
1510
1511
1509
1513
1515
1517
1515
1514
1519
1521
1518
1520
1521
1525
1523
1522
1526
1527
1525
1529
1531
1528
1532
1533
1532
1536
1535
1536
1539
1540
1538
1539
1542
1545
1544
1542
1548
1549
1548
1547
1550
1553
1550
1554
1554
1553
1554
1557
1559
1557
1561
1563
1564
1562
1566
1563
1564
1564
1569
1569
1571
1569
1569
1571
1576
1577
1573
1579
1576
1577
1578
1578
1582
1581
1583
1584
1587
1586
1590
1590
1592
1593
1590
1593
1595
1594
1593
1597
1596
1599
1598
1600
1602
1601
1601
1606
1605
1607
1610
1611
1608
1611
1609
1613
1611
1617
1616
1615
1620
1621
1619
1619
1622
1620
1624
1622
1623
1625
1629
1627
1631
1630
1632
1635
1634
1632
1637
1634
1640
1641
1639
1643
1643
1645
1645
1644
1648
1644
1649
1651
1652
1648
1651
1654
1651
1655
1655
1658
1657
1660
1661
1658
1661
1665
1664
1666
1665
1665
1667
1667
1671
1670
1670
1675
1676
1674
1675
1676
1677
1678
1677
1680
1684
1684
1686
1684
1685
1686
1690
1689
1689
1693
1693
1694
1696
1697
1698
1696
1697
1698
1698
1701
1702
1705
1701
1706
1704
1708
1706
1711
1707
1712
1711
1714
1715
1716
1714
1715
1715
1716
1718
1722
1720
1722
1721
1722
1724
1726
1730
1729
1731
1731
1733
1733
1736
1735
1734
1738
1735
1738
1741
1743
1740
1740
1743
1746
1746
1746
1747
1746
1751
1748
1751
1751
1751
1757
1754
1758
1755
1757
1760
1759
1762
1760
1764
1765
1764
1768
1769
1769
1769
1770
1773
1771
1773
1774
1774
1778
1779
1781
1780
1780
1779
1783
1785
1787
1785
1788
1788
1791
1792
1792
1789
1792
1793
1793
1795
1796
1798
1799
1797
1802
1800
1804
1806
1806
1806
1807
1809
1807
1809
1809
1811
1814
1812
1812
1813
1818
1818
1817
1817
1822
1821
1820
1824
1827
1827
1829
1829
1829
1830
1831
1833
1834
1832
1832
1835
1835
1838
1839
1842
1838
1844
1845
1846
1844
1844
1848
1847
1848
1848
1851
1853
1851
1856
1857
1854
1854
1859
1859
1862
1863
1862
1861
1863
1867
1865
1865
1865
1868
1869
1870
1874
1875
1872
1876
1878
1875
