5
4
2
3
7
7
8
9
11
10
15
13
16
14
14
20
17
17
23
23
22
23
26
23
28
28
29
29
33
32
33
32
34
37
34
36
36
40
40
44
42
44
43
48
47
45
46
52
48
52
51
54
52
54
58
56
61
59
60
64
63
64
63
67
67
66
66
70
70
73
73
76
77
74
75
78
80
78
83
84
80
85
84
86
84
90
91
89
89
92
91
92
93
95
96
99
99
99
103
99
105
106
107
104
108
110
108
107
112
111
110
114
112
114
114
118
119
121
120
121
124
126
126
125
124
130
129
129
132
134
131
132
132
137
134
138
139
142
139
141
141
144
143
148
145
149
146
149
148
151
152
153
153
153
155
158
159
161
161
161
162
165
162
165
168
169
166
172
172
169
170
173
172
173
177
177
181
182
183
179
183
185
187
183
186
185
191
190
189
189
192
191
196
195
194
197
196
197
198
200
202
204
207
206
208
209
207
207
211
211
212
215
217
213
218
215
217
221
221
219
224
221
222
228
224
225
231
229
232
233
234
234
234
235
235
235
236
238
239
239
244
243
247
245
245
248
249
251
253
254
255
253
253
256
257
259
257
257
263
264
260
262
263
268
266
265
270
270
272
271
274
272
274
275
275
280
276
280
280
283
285
286
285
284
289
289
289
292
290
290
292
295
295
295
294
299
301
302
298
303
301
301
303
308
306
310
309
312
309
313
315
311
315
313
317
315
321
318
321
324
321
323
327
327
325
328
330
332
333
334
334
335
337
336
337
337
336
339
342
341
344
341
342
345
344
350
346
352
353
352
353
355
355
358
354
357
359
359
360
363
364
365
367
365
365
369
366
371
368
369
371
371
374
374
377
379
381
377
381
382
384
381
382
387
385
387
391
389
390
394
393
391
395
396
397
396
398
397
398
400
402
402
406
403
406
410
411
412
412
409
411
413
414
413
417
419
417
417
419
422
424
421
423
428
426
427
426
430
432
431
431
433
434
434
435
436
436
438
438
440
441
443
444
445
448
448
447
452
451
452
451
451
455
457
459
455
457
460
462
459
464
462
465
463
466
470
471
467
473
473
475
471
477
473
474
478
476
481
483
479
481
483
486
485
485
490
491
487
490
492
492
491
496
493
499
500
501
498
502
500
505
504
504
507
505
508
509
509
509
511
511
511
517
517
519
520
521
519
522
521
520
526
522
525
528
527
531
530
533
533
535
533
534
538
537
540
536
537
542
542
544
543
543
544
549
550
549
552
553
550
552
555
553
555
558
556
559
562
561
564
560
561
563
563
568
570
566
569
573
573
570
576
573
576
574
579
581
580
579
581
581
581
585
587
584
585
586
588
589
594
593
591
595
593
595
597
600
598
598
602
602
601
606
608
605
609
606
612
608
613
613
613
614
618
619
619
617
622
619
619
620
623
624
625
626
628
628
629
628
634
631
636
633
636
639
638
641
638
642
641
641
643
642
647
645
648
646
647
650
654
651
651
654
655
656
659
661
659
660
660
665
664
663
663
669
667
668
672
671
674
673
671
677
677
676
677
681
680
681
681
685
686
683
687
684
690
690
688
688
690
694
691
692
693
694
695
700
701
698
700
701
705
707
708
704
705
709
712
711
709
711
716
716
715
715
720
721
718
720
724
725
722
725
726
728
726
728
729
732
734
734
732
735
733
739
735
736
737
742
740
742
746
745
744
745
745
746
752
749
752
752
755
752
754
757
756
758
760
761
764
760
762
763
765
769
766
768
772
773
772
775
772
773
776
776
776
780
780
780
782
784
783
787
784
785
790
791
791
790
791
791
791
793
798
798
800
796
802
802
802
804
802
803
807
809
807
809
812
810
811
810
814
814
816
818
819
821
820
818
823
820
823
822
827
825
827
829
827
830
830
832
835
837
833
839
839
839
840
843
843
843
845
846
848
848
846
851
850
852
849
854
852
857
857
854
855
858
860
859
863
863
866
865
865
866
869
871
867
868
873
870
874
876
875
874
877
879
880
882
881
885
883
887
887
884
886
891
890
888
891
895
892
894
894
895
897
898
902
901
901
903
903
902
907
904
906
910
907
909
910
913
913
913
914
916
918
921
920
920
923
923
926
925
928
924
926
926
928
931
929
931
935
937
935
939
937
938
938
938
942
943
942
943
943
947
949
951
950
948
949
952
952
952
958
954
957
960
961
963
964
964
963
964
966
967
970
966
969
969
972
971
974
975
975
975
978
976
981
980
984
983
986
983
988
986
985
989
990
990
991
993
991
994
996
996
995
999
997
1002
1000
1001
1005
1007
1006
1009
1007
1011
1012
1013
1013
1014
1011
1016
1018
1016
1015
1019
1020
1022
1021
1024
1026
1023
1028
1029
1029
1027
1030
1028
1031
1032
1031
1036
1034
1034
1040
1037
1041
1040
1043
1044
1041
1044
1048
1047
1049
1047
1051
1052
1049
1050
1054
1056
1054
1056
1055
1057
1059
1060
1061
1060
1062
1062
1064
1068
1069
1069
1070
1071
1072
1073
1072
1076
1075
1077
1079
1081
1079
1082
1079
1080
1083
1085
1086
1089
1090
1090
1090
1090
1094
1095
1093
1095
1094
1095
1097
1098
1101
1102
1102
1101
1101
1102
1105
1104
1108
1106
1109
1111
1111
1110
1111
1113
1117
1114
1115
1119
1121
1119
1119
1125
1124
1127
1125
1126
1127
1126
1130
1132
1131
1132
1133
1137
1134
1134
1138
1138
1142
1142
1143
1143
1143
1147
1147
1146
1148
1150
1152
1148
1151
1151
1153
1157
1155
1157
1158
1159
1160
1158
1164
1164
1166
1167
1163
1166
1165
1170
1172
1173
1171
1175
1171
1172
1178
1178
1178
1181
1178
1183
1182
1185
1181
1186
1186
1184
1187
1187
1189
1190
1192
1193
1195
1195
1196
1196
1198
1200
1199
1201
1200
1204
1202
1203
1206
1209
1209
1211
1211
1210
1210
1214
1214
1215
1215
1218
1220
1221
1222
1221
1220
1224
1223
1226
1224
1225
1229
1230
1229
1233
1231
1232
1234
1232
1238
1234
1236
1241
1239
1240
1240
1241
1242
1243
1243
1245
1245
1250
1252
1251
1253
1250
1252
1257
1254
1258
1259
1261
1262
1260
1260
1260
1262
1264
1268
1267
1268
1266
1271
1270
1270
1270
1274
1274
1276
1274
1277
1276
1277
1283
1283
1281
1285
1283
1284
1285
1287
1291
1292
1293
1294
1295
1291
1293
1298
1298
1296
1296
1301
1300
1299
1305
1303
1302
1304
1305
1307
1309
1309
1312
1311
1312
1314
1316
1313
1314
1317
1320
1320
1318
1323
1323
1322
1324
1328
1324
1327
1331
1331
1332
1333
1335
1334
1336
1337
1335
1335
1339
1339
1342
1342
1344
1346
1347
1343
1349
1346
1346
1351
1348
1351
1354
1354
1356
1355
1356
1359
1359
1360
1360
1361
1362
1366
1367
1368
1364
1368
1367
1370
1370
1369
1370
1372
1377
1376
1375
1378
1380
1377
1381
1383
1380
1381
1387
1384
1385
1386
1390
1387
1391
1394
1391
1393
1393
1398
1396
1398
1399
1402
1402
1404
1400
1404
1403
1405
1406
1410
1407
1407
1408
1409
1412
1416
1416
1414
1416
1418
1418
1418
1419
1423
1422
1424
1426
1424
1428
1425
1429
1428
1432
1430
1434
1433
1435
1433
1436
1435
1439
1438
1439
1444
1442
1444
1442
1443
1448
1446
1449
1449
1453
1449
1452
1451
1457
1457
1455
1456
1459
1460
1459
1463
1464
1464
1462
1466
1468
1466
1468
1467
1469
1471
1475
1473
1472
1477
1479
1478
1481
1481
1481
1483
1483
1483
1482
1487
1485
1488
1489
1489
1491
1489
1492
1496
1496
1498
1498
1499
1496
1502
1501
1499
1500
1506
1506
1504
1505
1510
1506
1511
1510
1511
1513
1514
1516
1516
1519
1520
1521
1522
1519
1520
1523
1522
1525
1524
1529
1527
1526
1529
1530
1530
1534
1535
1536
1534
1537
1537
1537
1538
1542
1541
1544
1541
1547
1547
1544
1548
1551
1548
1549
1553
1553
1551
1553
1558
1557
1559
1558
1559
1563
1561
1560
1565
1566
1567
1567
1566
1569
1569
1568
1572
1572
1575
1577
1575
1579
1578
1578
1577
1578
1579
1583
1581
1587
1586
1584
1585
1586
1589
1588
1592
1592
1596
1595
1597
1595
1597
1596
1601
1600
1604
1603
1604
1607
1603
1606
1609
1610
1607
1608
1610
1614
1612
1615
1615
1615
1618
1620
1619
1619
1621
1621
1621
1622
1627
1629
1627
1626
1632
1630
1634
1630
1631
1636
1637
1635
1635
1641
1638
1641
1643
1641
1646
1642
1644
1647
1647
1647
1648
1650
1650
1650
1654
1657
1656
1655
1655
1660
1661
1660
1662
1661
1661
1662
1665
1665
1666
1669
1669
1671
1672
1671
1671
1674
1676
1678
1679
1681
1680
1681
1683
1680
1681
1683
1688
1685
1687
1688
1691
1692
1691
1695
1696
1696
1693
1695
1696
1696
1701
1699
1704
1704
1702
1706
1705
1706
1709
1707
1710
1713
1711
1715
1715
1715
1715
1718
1717
1720
1722
1718
1723
1721
1721
1725
1726
1729
1725
1730
1727
1732
1730
1735
1735
1732
1734
1736
1736
1741
1740
1740
1744
1743
1746
1745
1746
1749
1747
1746
1752
1753
1751
1751
1756
1757
1756
1754
1757
1761
1759
1758
1763
1765
1765
1767
1766
1764
1769
1766
1769
1769
1769
1770
1776
1775
1773
1775
1780
1781
1780
1779
1781
1780
1784
1785
1784
1785
1789
1787
1788
1792
1790
1791
1796
1797
1793
1794
1797
1800
1801
1803
1802
1803
1806
1805
1804
1805
1808
1811
1808
1808
1814
1811
1814
1814
1818
1815
1818
1816
1822
1821
1820
1823
1821
1823
1828
1824
1829
1828
1827
1829
1833
1835
1832
1837
1837
1834
1836
1836
1837
1842
1842
1845
1844
1845
1845
1844
1848
1851
1852
1851
1851
1851
1853
1856
1855
1854
1857
1856
1857
1861
1864
1864
1863
1862
1867
1865
1865
1867
1872
1870
1871
1872
1876
1872
1875
1877
