1
2
6
7
9
10
10
12
9
14
11
16
16
14
14
19
16
22
19
19
23
22
23
28
24
27
26
29
32
33
35
35
34
35
37
36
40
37
41
42
41
44
42
43
47
45
46
49
50
50
55
52
54
53
58
58
58
60
61
61
60
65
64
67
64
68
67
70
71
71
72
75
73
73
79
77
79
78
79
80
82
84
85
86
89
86
90
88
92
94
91
94
92
98
96
95
99
98
98
100
104
104
102
105
109
107
106
109
112
114
115
115
115
114
115
118
116
117
120
122
121
123
126
123
124
128
126
130
133
129
134
131
132
137
136
136
138
141
139
140
143
141
145
144
146
150
146
147
148
151
153
152
155
158
156
155
161
159
161
164
163
164
164
165
164
167
166
167
169
171
173
173
173
176
174
178
181
178
178
184
181
181
185
184
188
188
190
188
189
190
193
191
193
194
196
199
200
199
199
200
200
202
207
206
207
206
209
210
211
212
215
214
214
217
218
219
218
221
220
224
220
222
223
225
226
230
230
227
233
231
235
236
234
234
236
235
237
241
238
243
242
243
242
245
247
245
246
250
252
252
254
255
253
255
256
256
256
261
260
259
261
261
266
264
269
268
266
270
271
271
273
274
272
278
278
279
280
277
279
279
282
282
283
283
286
288
291
288
289
293
292
293
295
296
294
299
301
302
298
299
303
303
303
305
307
310
309
309
311
312
313
311
315
317
314
316
319
322
322
319
323
325
326
324
328
329
331
329
330
330
333
335
335
334
335
335
337
342
338
340
341
341
344
346
349
350
346
347
352
352
354
356
352
358
354
357
361
358
361
361
362
366
362
363
367
369
367
369
370
373
374
374
374
373
377
375
381
377
380
382
385
381
386
386
388
387
391
388
388
389
390
395
393
393
397
398
397
402
402
404
404
404
404
405
405
407
410
409
412
409
415
415
417
418
417
415
417
419
421
424
422
422
422
428
428
428
430
432
428
430
435
432
435
436
436
440
437
441
438
440
440
443
444
448
444
447
447
451
450
451
451
454
457
454
458
459
460
458
461
462
460
462
464
467
468
467
469
471
469
471
474
471
476
475
479
479
477
479
483
484
480
483
483
484
485
486
488
487
489
490
494
491
494
494
497
497
500
497
498
502
503
501
503
506
504
505
506
510
509
513
510
511
517
514
518
520
518
522
520
521
524
521
526
524
524
525
528
532
528
533
533
535
535
533
539
537
539
542
541
543
541
545
543
547
545
548
546
547
548
552
551
552
554
556
555
555
557
559
562
559
563
565
563
564
567
565
571
567
570
570
570
572
572
577
577
577
581
579
583
583
584
584
586
583
589
586
589
591
588
592
591
595
597
593
594
596
601
600
600
600
600
603
606
608
606
606
607
609
612
609
613
611
617
617
616
616
616
622
621
624
625
623
627
628
626
629
630
628
633
630
632
635
635
637
636
637
636
637
638
642
641
646
646
647
644
649
650
652
651
653
653
651
655
657
658
655
658
658
661
661
664
662
666
665
666
669
670
671
671
669
673
672
674
677
679
675
681
679
678
682
685
684
684
685
685
686
687
689
693
691
695
692
695
696
698
695
696
700
702
702
702
702
703
707
705
705
711
712
709
710
711
713
713
716
714
720
716
722
720
721
720
724
723
727
724
729
730
727
729
731
735
735
737
736
736
738
737
740
742
744
745
745
745
747
744
749
748
752
750
752
750
755
757
753
754
758
756
760
760
763
765
764
764
766
766
766
767
772
771
769
771
773
773
774
775
779
781
777
783
784
780
783
784
785
784
786
787
789
792
790
793
792
792
793
799
795
796
801
799
799
805
803
804
808
805
807
806
810
813
810
815
814
817
816
815
818
817
817
821
824
823
826
825
825
829
827
827
829
833
834
835
833
836
834
835
836
839
839
838
839
842
846
844
843
849
845
848
849
850
854
851
854
856
856
857
856
858
859
860
864
864
862
866
866
866
866
866
872
873
869
872
876
875
875
876
877
877
881
882
883
882
881
882
888
887
887
886
887
890
891
891
895
897
894
896
898
901
902
900
900
904
905
902
907
905
909
911
912
909
910
913
912
916
917
916
920
921
919
920
920
925
926
922
926
924
925
930
929
933
932
935
931
934
938
935
935
938
937
941
940
943
941
942
943
948
949
946
951
951
952
955
954
954
956
959
960
957
958
958
962
962
965
964
967
968
970
967
967
968
969
971
976
972
973
976
975
979
982
980
980
983
986
982
986
987
985
987
992
992
989
991
994
995
995
998
998
1000
997
998
1002
1005
1002
1002
1006
1009
1010
1009
1008
1013
1009
1010
1011
1013
1014
1015
1016
1019
1018
1018
1024
1022
1025
1025
1024
1025
1026
1029
1028
1033
1029
1034
1036
1035
1034
1039
1039
1040
1039
1039
1041
1044
1044
1043
1044
1048
1048
1048
1051
1052
1054
1050
1056
1057
1057
1057
1058
1056
1058
1059
1062
1063
1065
1064
1065
1065
1068
1066
1070
1070
1069
1073
1072
1075
1076
1077
1076
1081
1082
1079
1084
1084
1082
1083
1088
1084
1087
1089
1092
1092
1092
1092
1091
1093
1094
1099
1100
1099
1102
1098
1104
1102
1103
1106
1106
1109
1110
1109
1108
1110
1113
1112
1111
1116
1117
1115
1119
1116
1122
1119
1120
1122
1125
1122
1124
1126
1130
1130
1131
1133
1134
1135
1131
1137
1134
1135
1138
1136
1140
1140
1140
1140
1143
1142
1146
1148
1148
1149
1147
1152
1149
1150
1152
1153
1155
1158
1155
1157
1157
1159
1159
1161
1161
1164
1168
1166
1167
1169
1170
1169
1173
1175
1172
1176
1175
1177
1175
1180
1181
1180
1184
1184
1186
1184
1185
1189
1190
1187
1192
1188
1189
1193
1194
1197
1198
1197
1200
1201
1201
1201
1200
1203
1202
1205
1206
1205
1208
1211
1208
1213
1209
1211
1211
1215
1215
1216
1215
1221
1217
1223
1224
1224
1226
1227
1226
1228
1227
1228
1230
1228
1230
1231
1233
1236
1236
1236
1236
1240
1242
1241
1239
1245
1244
1242
1244
1248
1247
1247
1249
1248
1253
1253
1254
1254
1254
1254
1259
1257
1257
1258
1262
1263
1262
1263
1263
1267
1269
1269
1269
1272
1272
1271
1272
1277
1278
1276
1275
1280
1282
1278
1281
1285
1286
1285
1287
1285
1285
1286
1287
1289
1291
1295
1291
1296
1296
1294
1300
1299
1300
1303
1299
1305
1304
1306
1304
1308
1310
1308
1312
1313
1311
1313
1313
1313
1317
1316
1317
1321
1321
1318
1323
1323
1324
1323
1323
1324
1327
1327
1330
1333
1330
1333
1335
1334
1338
1335
1339
1338
1340
1340
1340
1341
1346
1344
1343
1349
1346
1350
1352
1350
1352
1354
1351
1353
1356
1354
1357
1358
1361
1360
1363
1365
1361
1367
1365
1366
1367
1366
1371
1372
1369
1370
1375
1374
1375
1379
1376
1377
1381
1380
1380
1383
1386
1384
1388
1384
1390
1388
1390
1390
1391
1391
1396
1397
1397
1395
1400
1401
1399
1398
1401
1400
1401
1404
1405
1405
1407
1406
1408
1408
1411
1415
1413
1417
1413
1414
1420
1416
1419
1418
1424
1424
1423
1426
1427
1429
1429
1428
1432
1433
1429
1430
1436
1435
1438
1437
1440
1437
1440
1439
1444
1445
1444
1447
1447
1448
1446
1449
1451
1448
1449
1450
1451
1456
1454
1459
1455
1456
1457
1458
1463
1464
1462
1463
1467
1468
1468
1469
1467
1469
1473
1471
1472
1475
1478
1476
1479
1476
1482
1483
1483
1481
1481
1486
1484
1487
1487
1486
1488
1493
1489
1493
1492
1492
1498
1498
1500
1501
1500
1500
1503
1505
1504
1506
1508
1505
1509
1508
1507
1512
1514
1514
1513
1515
1517
1516
1519
1521
1519
1522
1521
1523
1523
1523
1523
1526
1528
1530
1528
1533
1530
1533
1532
1536
1538
1537
1540
1537
1538
1538
1539
1542
1545
1542
1547
1545
1550
1548
1547
1549
1549
1554
1554
1554
1556
1556
1556
1556
1558
1559
1562
1564
1562
1567
1567
1569
1570
1569
1571
1573
1570
1572
1571
1577
1574
1579
1577
1579
1577
1579
1580
1581
1584
1582
1584
1586
1588
1589
1591
1591
1594
1595
1593
1592
1594
1599
1599
1599
1598
1598
1603
1602
1601
1606
1607
1608
1607
1608
1609
1608
1609
1615
1613
1617
1615
1615
1618
1619
1617
1620
1622
1625
1624
1626
1625
1624
1629
1631
1628
1632
1632
1633
1632
1637
1633
1635
1635
1637
1640
1641
1641
1641
1642
1646
1648
1646
1647
1647
1647
1649
1654
1650
1651
1657
1657
1656
1655
1659
1659
1659
1661
1664
1665
1666
1668
1668
1670
1666
1670
1668
1673
1672
1673
1672
1678
1679
1677
1681
1678
1682
1680
1683
1684
1684
1684
1687
1689
1690
1688
1689
1689
1695
1691
1695
1697
1696
1695
1700
1701
1700
1699
1703
1701
1702
1705
1707
1706
1707
1712
1712
1710
1710
1711
1712
1713
1714
1717
1716
1720
1720
1722
1724
1724
1723
1723
1728
1726
1726
1728
1728
1733
1735
1733
1732
1736
1737
1735
1741
1740
1741
1741
1741
1744
1745
1743
1748
1746
1750
1749
1750
1753
1754
1751
1755
1754
1754
1757
1760
1762
1762
1759
1765
1765
1766
1764
1764
1768
1766
1768
1773
1769
1771
1773
1777
1773
1776
1777
1781
1780
1779
1781
1782
1786
1785
1783
1784
1788
1787
1792
1789
1793
1792
1791
1797
1797
1794
1798
1796
1802
1802
1803
1800
1801
1807
1808
1807
1808
1806
1811
1810
1813
1812
1812
1815
1816
1817
1819
1820
1819
1823
1824
1822
1825
1825
1824
1826
1829
1830
1827
1833
1831
1833
1834
1833
1838
1835
1836
1840
1838
1843
1839
1842
1844
1845
1843
1845
1848
1848
1848
1851
1852
1854
1855
1856
1858
1856
1858
1861
1861
1858
1861
1862
1866
1862
1863
1868
1865
1869
1867
1868
1870
1873
1872
1875
1876
1879
