3
1
3
7
8
8
8
11
10
9
14
16
12
18
19
19
16
17
22
20
24
21
26
27
25
25
26
31
33
33
30
32
37
34
34
37
38
39
42
44
43
42
44
47
46
46
51
48
49
51
52
54
52
54
58
56
59
58
63
64
62
61
62
68
68
68
68
72
69
71
71
73
77
78
76
79
80
77
82
81
85
83
87
84
87
89
90
90
92
91
93
93
96
95
97
97
98
99
100
104
105
101
104
107
107
109
107
111
108
109
110
111
116
114
118
117
117
120
123
120
121
124
126
125
129
130
128
130
129
131
133
134
133
134
135
135
140
137
139
143
145
143
142
148
146
150
148
150
148
153
153
153
156
154
155
158
158
159
163
159
162
165
167
167
169
168
166
170
168
170
172
173
176
178
176
179
181
181
180
182
185
181
183
185
187
188
189
191
192
189
192
195
194
197
196
199
198
200
202
201
205
206
206
206
204
206
208
209
211
210
210
216
214
214
216
216
221
220
219
219
221
224
226
227
224
226
230
231
228
232
235
231
234
238
235
235
236
238
242
239
241
244
247
246
244
248
251
248
249
251
252
253
254
258
254
258
258
257
263
259
263
264
265
268
269
270
267
271
272
270
273
274
272
273
276
276
276
282
283
281
285
281
282
287
287
285
286
292
288
294
294
292
296
294
295
300
299
300
300
302
304
304
304
306
307
305
308
311
309
309
315
311
315
315
314
315
316
317
318
321
320
321
327
326
324
329
331
327
328
333
335
332
337
338
337
338
339
341
341
339
345
342
346
345
347
349
346
352
352
351
354
354
353
353
357
355
356
359
359
362
362
362
366
367
369
369
367
367
373
372
370
373
377
374
374
375
379
381
380
384
385
381
387
388
387
389
391
387
393
392
392
392
392
394
399
398
397
400
401
402
404
401
403
403
407
409
410
409
413
413
413
412
417
418
414
419
419
422
422
421
423
422
426
423
427
426
431
432
430
433
435
432
436
437
439
438
441
437
443
444
444
443
446
445
446
445
446
449
453
451
452
456
453
457
457
456
456
462
463
460
463
464
462
465
467
465
468
470
471
469
474
474
472
475
477
475
477
479
478
484
480
484
484
488
484
485
487
492
488
489
490
493
497
498
498
495
500
497
503
504
504
505
502
506
507
509
510
509
512
510
515
516
515
515
517
519
520
520
523
521
520
522
522
528
524
528
527
528
529
530
531
533
533
534
536
536
538
542
542
544
541
542
546
548
546
546
546
552
550
549
552
555
553
554
559
556
557
559
562
562
563
566
563
563
569
565
568
572
573
570
572
574
577
574
577
580
581
579
580
579
581
581
584
588
584
587
590
592
593
590
594
596
592
594
599
598
599
598
600
601
605
602
605
605
606
607
607
608
610
613
613
613
613
617
618
620
616
618
622
619
620
624
627
625
629
625
628
627
629
631
631
635
637
633
634
638
638
640
641
639
642
642
645
647
644
649
647
649
651
651
652
656
657
658
655
655
656
662
660
664
660
662
663
667
666
666
669
670
670
670
673
676
677
675
674
676
680
682
680
681
685
683
682
687
689
688
686
689
688
694
694
692
697
693
699
695
698
702
698
699
702
701
705
705
705
708
707
712
709
714
715
714
717
714
714
719
721
721
722
721
722
722
726
726
726
730
728
729
733
734
734
733
732
735
736
736
740
742
738
743
743
745
742
743
744
746
749
748
751
751
752
751
755
757
758
758
759
757
760
764
763
762
762
768
765
769
769
768
769
770
770
771
775
776
775
778
781
781
782
783
784
782
787
787
788
787
788
787
790
791
793
792
793
796
798
795
796
801
799
800
803
805
805
803
804
807
808
810
808
812
813
813
816
817
817
818
816
819
820
820
822
822
827
828
827
829
829
832
833
829
830
836
835
836
834
839
836
839
838
840
844
842
843
846
848
848
847
849
851
849
850
852
854
854
856
858
861
860
859
862
864
862
862
863
866
868
868
868
871
874
875
871
873
876
878
878
880
880
881
879
885
885
882
887
884
886
889
892
888
892
894
891
892
898
899
897
901
899
900
903
902
901
904
903
904
906
908
911
909
909
910
913
912
918
916
918
918
922
918
919
920
922
926
925
928
929
930
930
931
932
931
935
937
934
938
936
938
939
941
941
940
944
946
947
949
947
947
948
950
954
952
951
952
954
955
960
957
958
959
963
963
966
964
967
967
968
968
968
968
972
970
976
977
977
975
979
976
979
983
982
985
983
986
987
985
988
988
991
991
990
993
992
995
997
999
998
996
999
999
1002
1003
1003
1004
1008
1007
1009
1007
1007
1008
1009
1010
1011
1016
1015
1018
1020
1018
1019
1018
1023
1023
1024
1022
1028
1028
1025
1028
1027
1032
1032
1033
1034
1036
1038
1037
1040
1036
1037
1038
1042
1045
1046
1043
1044
1049
1045
1046
1050
1053
1052
1051
1052
1056
1056
1054
1059
1056
1060
1062
1062
1061
1061
1067
1065
1068
1069
1066
1071
1073
1070
1074
1074
1075
1074
1076
1077
1078
1081
1079
1081
1081
1082
1086
1085
1089
1087
1090
1092
1093
1094
1090
1091
1093
1096
1097
1097
1096
1098
1100
1101
1103
1106
1102
1106
1109
1110
1111
1109
1113
1109
1113
1113
1116
1117
1115
1118
1119
1118
1121
1124
1122
1121
1124
1126
1124
1130
1131
1132
1131
1132
1133
1134
1132
1135
1135
1138
1136
1142
1143
1140
1142
1145
1147
1145
1146
1146
1149
1151
1149
1152
1152
1155
1154
1158
1155
1157
1159
1159
1163
1163
1160
1165
1165
1165
1164
1166
1166
1167
1170
1174
1170
1176
1175
1178
1177
1180
1179
1177
1182
1184
1180
1184
1186
1187
1185
1187
1191
1191
1189
1191
1191
1194
1195
1195
1196
1196
1200
1201
1200
1200
1200
1203
1202
1207
1206
1205
1207
1212
1210
1212
1215
1211
1216
1213
1214
1218
1216
1221
1223
1221
1224
1222
1227
1227
1224
1226
1227
1227
1228
1234
1235
1236
1236
1236
1239
1237
1240
1242
1243
1241
1244
1244
1243
1243
1245
1246
1248
1247
1250
1252
1252
1254
1257
1258
1254
1255
1258
1261
1262
1264
1260
1264
1265
1266
1266
1268
1269
1270
1270
1269
1270
1275
1274
1277
1275
1277
1281
1279
1282
1283
1281
1284
1284
1286
1284
1288
1289
1292
1288
1293
1293
1296
1294
1298
1299
1295
1296
1301
1298
1304
1305
1302
1307
1306
1306
1308
1307
1308
1311
1309
1313
1312
1312
1314
1314
1316
1319
1320
1322
1324
1325
1321
1323
1328
1329
1328
1327
1330
1329
1332
1332
1336
1336
1335
1336
1335
1339
1341
1341
1344
1342
1341
1347
1343
1349
1350
1351
1348
1348
1350
1351
1356
1357
1353
1355
1356
1358
1358
1363
1364
1363
1362
1362
1367
1367
1370
1369
1369
1368
1370
1373
1376
1374
1377
1374
1375
1377
1379
1379
1384
1382
1386
1384
1385
1384
1387
1389
1391
1391
1394
1393
1395
1397
1398
1399
1399
1399
1398
1399
1399
1403
1402
1402
1403
1406
1406
1406
1412
1410
1413
1415
1413
1417
1414
1414
1415
1419
1422
1419
1424
1422
1422
1425
1428
1426
1430
1426
1431
1431
1429
1433
1435
1432
1433
1439
1436
1436
1439
1441
1440
1442
1442
1447
1445
1448
1448
1447
1451
1451
1452
1455
1453
1457
1456
1458
1460
1459
1462
1461
1463
1461
1464
1467
1465
1469
1466
1470
1468
1468
1472
1472
1473
1476
1474
1474
1478
1477
1482
1479
1482
1484
1484
1483
1485
1484
1490
1488
1488
1492
1490
1492
1496
1492
1493
1496
1495
1497
1501
1503
1502
1501
1506
1502
1503
1509
1507
1510
1507
1509
1513
1510
1516
1515
1514
1517
1519
1516
1521
1523
1524
1524
1522
1524
1526
1527
1530
1528
1532
1531
1532
1532
1536
1533
1535
1535
1539
1539
1540
1542
1543
1541
1545
1546
1544
1546
1547
1548
1550
1552
1553
1552
1553
1557
1553
1559
1556
1556
1557
1563
1563
1560
1566
1562
1568
1568
1568
1569
1572
1571
1570
1572
1571
1573
1573
1576
1580
1578
1580
1581
1582
1585
1586
1585
1583
1586
1585
1589
1589
1592
1589
1590
1595
1595
1596
1597
1597
1599
1601
1601
1600
1603
1604
1606
1606
1604
1607
1608
1610
1609
1609
1613
1616
1614
1615
1615
1620
1619
1619
1619
1619
1623
1621
1624
1623
1628
1628
1628
1627
1630
1629
1634
1631
1635
1637
1639
1637
1638
1641
1641
1642
1642
1643
1642
1643
1648
1650
1649
1647
1649
1650
1654
1651
1656
1655
1659
1659
1658
1662
1662
1662
1661
1665
1663
1665
1668
1670
1667
1672
1673
1672
1674
1671
1675
1673
1676
1679
1679
1680
1678
1683
1681
1682
1686
1688
1688
1690
1688
1687
1690
1692
1690
1694
1696
1695
1699
1698
1696
1699
1700
1700
1705
1703
1702
1703
1708
1709
1708
1709
1710
1710
1711
1712
1712
1716
1719
1716
1716
1720
1723
1719
1724
1722
1725
1724
1728
1727
1727
1728
1732
1732
1730
1735
1734
1734
1739
1738
1736
1739
1738
1740
1745
1743
1746
1744
1744
1749
1750
1747
1751
1754
1755
1756
1753
1756
1759
1760
1758
1762
1762
1764
1763
1766
1763
1763
1764
1768
1770
1768
1772
1773
1774
1771
1777
1776
1778
1779
1778
1777
1780
1781
1780
1781
1782
1788
1785
1785
1791
1789
1791
1793
1795
1791
1793
1796
1796
1800
1801
1800
1803
1803
1803
1801
1806
1808
1809
1809
1808
1809
1810
1812
1810
1812
1813
1814
1814
1816
1816
1818
1818
1822
1824
1822
1827
1826
1829
1828
1831
1827
1831
1829
1830
1831
1832
1838
1839
1840
1838
1839
1840
1841
1844
1845
1843
1848
1845
1846
1850
1848
1853
1850
1850
1851
1857
1857
1855
1860
1857
1861
1858
1861
1862
1862
1865
1865
1864
1869
1871
1870
1873
1873
1875
1873
1875
1874
1876
