2
3
7
5
6
8
11
8
12
9
11
13
15
14
19
20
21
22
23
20
20
21
24
23
24
30
27
30
30
33
31
34
33
35
36
38
36
40
40
41
45
44
43
43
46
45
48
50
49
51
54
53
54
58
57
56
60
57
59
63
64
66
65
63
69
67
71
69
72
69
72
75
72
75
79
76
77
79
83
80
80
86
84
83
87
88
88
92
89
92
95
93
93
97
97
96
101
97
99
102
102
101
103
108
106
106
111
110
108
109
113
112
114
113
114
116
119
117
122
122
121
123
122
127
125
129
126
131
129
134
135
135
137
135
136
135
138
141
142
144
141
144
142
145
144
149
147
151
151
152
154
152
153
153
157
160
160
160
161
163
161
163
164
163
167
166
171
167
169
174
173
172
177
175
175
176
179
177
182
181
184
186
183
183
184
190
187
190
192
194
193
193
193
194
197
197
197
201
199
200
203
203
206
207
205
207
211
210
210
210
214
216
216
214
214
217
216
218
220
222
223
226
222
224
224
229
230
227
230
232
234
234
235
237
237
239
237
240
238
239
245
241
246
247
246
246
248
251
249
251
252
256
254
253
258
258
259
258
261
263
261
262
265
266
266
268
267
271
272
272
271
276
272
278
274
276
277
282
278
282
281
284
286
288
284
285
288
287
291
291
294
294
294
297
297
295
300
297
299
304
301
305
305
304
304
309
311
310
310
312
311
316
317
318
316
319
321
320
320
321
325
321
325
326
328
325
329
331
328
330
335
334
336
334
334
335
339
342
340
344
345
345
346
348
345
346
347
347
350
351
354
351
352
353
355
356
358
361
359
359
365
362
366
365
366
369
368
370
368
373
371
375
375
373
377
377
377
379
379
381
383
385
384
388
388
388
388
392
389
392
391
393
393
395
394
400
396
399
399
400
403
401
405
405
407
410
409
407
409
412
411
411
417
414
417
416
417
419
421
419
420
422
424
427
426
427
431
428
429
430
435
431
433
437
435
435
440
442
438
439
441
445
444
445
444
448
449
452
449
453
452
454
453
454
454
455
458
461
459
461
462
466
462
464
468
468
467
470
469
471
473
472
473
477
475
476
480
479
481
481
484
482
484
483
487
489
491
487
492
494
492
495
497
495
495
497
498
499
500
499
502
505
503
507
505
509
509
510
513
512
513
512
516
514
518
519
517
521
523
523
520
524
522
525
525
525
526
532
532
532
533
536
535
538
538
540
538
542
541
541
541
541
545
547
548
548
551
551
549
553
554
555
555
557
556
557
556
559
560
559
563
565
564
563
565
569
567
569
568
573
575
571
577
573
577
577
580
578
578
579
584
585
584
587
588
585
587
590
592
589
592
591
592
597
595
595
600
599
599
604
602
604
605
608
604
607
610
610
612
612
615
614
616
615
615
618
617
622
618
624
622
626
627
624
629
625
630
628
629
631
630
634
632
638
636
639
639
640
643
639
643
644
642
644
649
645
650
648
652
652
654
652
657
656
654
657
661
662
660
662
665
662
665
666
666
668
669
670
669
672
672
676
674
677
677
679
677
679
679
681
683
685
685
688
684
686
690
688
688
690
694
696
692
698
696
697
701
701
698
700
704
706
703
706
709
705
706
709
711
714
715
711
714
715
716
720
717
717
718
722
720
723
725
728
724
727
728
731
730
730
733
732
737
733
738
739
736
737
742
742
745
743
744
747
745
750
751
750
750
750
751
753
757
757
756
758
759
762
760
759
764
766
766
765
767
769
766
772
772
771
774
774
774
776
775
780
777
781
779
781
780
782
785
787
786
787
790
788
790
789
795
796
797
793
796
796
799
799
802
800
800
805
804
804
805
805
810
807
813
813
815
811
812
813
816
819
819
820
822
824
822
826
826
825
829
829
831
828
830
830
832
832
834
838
835
838
838
838
842
840
842
841
844
844
847
846
851
852
848
852
853
856
855
854
855
856
856
860
862
859
865
866
864
868
865
868
868
872
870
872
870
875
874
873
877
876
881
882
878
880
885
881
883
885
888
886
886
887
889
889
895
895
893
894
898
900
899
898
901
902
900
906
904
903
904
910
906
909
911
913
914
911
913
916
916
915
917
921
918
919
923
924
927
924
924
930
931
928
930
931
930
932
934
934
934
939
936
942
939
944
943
946
942
948
949
948
947
948
950
950
955
951
953
957
956
955
958
962
962
962
963
964
966
965
966
968
966
970
970
972
974
976
977
973
979
979
978
982
978
983
985
982
983
985
989
990
991
989
993
994
995
992
994
995
994
997
999
1000
999
1001
1000
1002
1006
1008
1007
1005
1009
1011
1011
1009
1011
1012
1013
1018
1014
1015
1016
1019
1019
1020
1025
1021
1022
1026
1028
1025
1031
1031
1028
1032
1034
1036
1034
1034
1039
1040
1039
1039
1039
1039
1045
1044
1046
1048
1048
1046
1046
1047
1053
1053
1050
1051
1057
1054
1054
1060
1057
1062
1058
1061
1064
1066
1064
1063
1069
1065
1071
1070
1073
1069
1070
1073
1073
1075
1074
1078
1080
1082
1081
1084
1085
1085
1087
1088
1088
1085
1086
1090
1093
1090
1090
1094
1092
1097
1094
1098
1099
1101
1101
1099
1100
1104
1104
1103
1109
1106
1107
1108
1108
1113
1112
1111
1116
1116
1114
1116
1121
1119
1120
1124
1121
1123
1123
1127
1125
1129
1127
1129
1129
1130
1132
1133
1133
1137
1139
1140
1137
1142
1139
1144
1140
1144
1146
1143
1148
1147
1150
1151
1151
1151
1154
1155
1154
1156
1156
1156
1158
1158
1158
1160
1161
1166
1163
1168
1169
1166
1170
1168
1169
1170
1170
1174
1175
1177
1176
1177
1180
1182
1183
1184
1185
1183
1185
1183
1187
1185
1188
1190
1193
1193
1194
1192
1196
1196
1196
1196
1201
1202
1203
1200
1201
1206
1205
1207
1206
1210
1209
1210
1208
1212
1212
1213
1216
1216
1216
1215
1216
1220
1223
1219
1221
1222
1222
1224
1228
1225
1228
1229
1229
1233
1230
1232
1236
1236
1238
1240
1240
1237
1243
1239
1245
1241
1245
1243
1248
1248
1251
1247
1250
1249
1253
1251
1257
1253
1257
1256
1257
1258
1263
1260
1264
1263
1263
1268
1264
1265
1270
1272
1272
1272
1272
1274
1273
1275
1276
1276
1281
1277
1279
1280
1284
1282
1287
1283
1286
1285
1289
1290
1289
1290
1293
1295
1292
1295
1298
1299
1299
1300
1299
1304
1303
1303
1307
1303
1305
1305
1309
1311
1312
1311
1315
1312
1315
1316
1317
1320
1320
1319
1318
1323
1324
1325
1324
1327
1326
1329
1328
1332
1333
1330
1334
1333
1334
1333
1339
1340
1338
1339
1340
1342
1344
1344
1345
1344
1348
1346
1346
1351
1352
1352
1350
1355
1357
1356
1358
1357
1359
1362
1362
1359
1363
1362
1365
1363
1368
1369
1370
1372
1371
1373
1375
1374
1374
1374
1375
1376
1379
1377
1383
1380
1384
1383
1385
1387
1386
1386
1386
1391
1389
1394
1395
1396
1395
1393
1394
1398
1401
1402
1401
1402
1405
1406
1406
1403
1407
1407
1410
1407
1410
1409
1413
1414
1412
1416
1418
1418
1420
1418
1423
1419
1425
1424
1424
1428
1424
1426
1429
1431
1433
1432
1432
1433
1433
1438
1434
1440
1437
1438
1441
1441
1445
1445
1447
1444
1444
1447
1446
1447
1449
1449
1451
1452
1453
1456
1454
1457
1460
1459
1459
1459
1460
1465
1464
1466
1465
1466
1471
1472
1473
1470
1475
1476
1475
1477
1474
1476
1481
1478
1478
1481
1482
1482
1484
1488
1485
1488
1486
1488
1490
1490
1493
1494
1492
1496
1497
1495
1496
1502
1498
1501
1505
1502
1503
1504
1506
1510
1508
1511
1509
1513
1511
1512
1514
1514
1514
1518
1516
1517
1523
1522
1523
1524
1523
1523
1525
1528
1527
1531
1529
1530
1533
1531
1537
1536
1534
1537
1541
1540
1540
1541
1542
1543
1544
1544
1546
1550
1546
1549
1550
1553
1553
1552
1556
1557
1557
1555
1556
1558
1558
1559
1564
1565
1562
1567
1564
1567
1567
1567
1569
1570
1573
1572
1576
1573
1579
1580
1576
1579
1583
1583
1584
1581
1586
1585
1586
1590
1591
1587
1591
1591
1594
1593
1594
1597
1598
1595
1600
1600
1599
1603
1601
1606
1602
1605
1604
1608
1610
1612
1610
1610
1614
1611
1615
1615
1614
1620
1616
1617
1618
1623
1622
1624
1625
1626
1627
1630
1628
1630
1629
1633
1632
1635
1637
1634
1638
1635
1639
1641
1639
1644
1645
1641
1647
1644
1646
1647
1651
1649
1650
1652
1652
1655
1654
1654
1659
1656
1658
1659
1662
1661
1661
1661
1665
1666
1665
1666
1668
1669
1670
1671
1672
1675
1672
1674
1675
1675
1679
1682
1678
1681
1685
1681
1686
1686
1685
1690
1691
1692
1688
1694
1692
1695
1692
1695
1697
1696
1697
1701
1703
1701
1701
1706
1704
1708
1708
1705
1707
1711
1709
1714
1710
1713
1716
1715
1715
1718
1718
1719
1721
1724
1721
1726
1724
1726
1726
1725
1726
1731
1731
1731
1735
1733
1732
1736
1734
1738
1737
1741
1742
1744
1745
1744
1744
1748
1749
1746
1750
1747
1751
1754
1751
1753
1755
1753
1759
1760
1758
1759
1759
1760
1762
1765
1763
1763
1765
1768
1767
1768
1773
1769
1774
1773
1777
1776
1779
1780
1780
1777
1780
1784
1784
1781
1787
1788
1786
1787
1788
1788
1791
1794
1795
1791
1796
1793
1794
1797
1796
1801
1803
1799
1805
1804
1806
1804
1806
1809
1806
1807
1810
1814
1815
1816
1814
1814
1816
1815
1820
1818
1818
1822
1825
1823
1827
1825
1827
1830
1828
1828
1830
1832
1832
1832
1837
1833
1834
1839
1838
1838
1841
1844
1840
1842
1847
1843
1845
1848
1850
1850
1851
1853
1854
1854
1856
1856
1857
1855
1856
1861
1859
1861
1863
1862
1867
1865
1869
1866
1867
1871
1872
1869
1875
1872
1877
1877
1876
