0
1
3
8
8
6
11
11
9
12
12
12
15
18
15
20
20
19
23
24
20
21
25
28
26
27
29
28
33
32
30
33
37
36
36
35
36
41
41
44
42
43
47
46
44
48
48
48
52
49
50
52
57
53
54
59
59
62
59
64
62
64
66
67
68
70
66
70
69
74
74
75
77
74
78
77
79
82
80
80
81
81
83
85
89
86
87
91
93
93
95
96
94
97
99
99
99
97
100
101
105
104
103
106
105
106
106
110
108
113
111
111
117
114
118
115
119
120
119
120
120
123
122
126
126
125
126
130
130
130
133
134
137
138
139
135
138
138
138
144
141
142
142
146
148
147
151
149
151
153
150
154
153
153
155
160
158
161
159
159
161
165
166
168
166
170
166
172
168
174
174
175
173
178
179
177
180
180
181
181
182
186
183
185
187
187
187
191
193
191
193
194
195
195
197
199
199
201
203
199
205
206
204
205
205
206
209
210
213
214
211
214
212
217
214
218
221
222
219
224
221
224
224
224
229
227
230
232
232
232
233
233
235
233
239
240
238
242
242
242
241
242
246
243
244
245
251
247
252
249
250
254
254
258
257
258
257
258
261
262
263
263
265
267
264
265
267
271
269
271
275
272
272
274
274
277
277
281
283
282
280
284
285
285
289
285
288
288
290
294
294
292
296
294
298
296
301
298
301
300
301
305
307
307
306
306
311
309
310
311
312
311
316
313
318
316
318
321
319
324
321
321
322
323
328
327
327
332
331
333
333
333
332
336
337
338
336
341
340
344
342
341
344
345
348
345
351
347
348
350
355
353
352
358
355
358
361
359
358
359
361
363
363
368
364
369
370
367
369
370
374
374
373
375
378
380
381
379
383
382
385
381
383
388
388
389
386
390
391
391
393
395
394
397
399
400
396
401
401
404
405
406
406
403
409
410
406
408
409
411
411
415
417
415
415
416
417
420
422
422
424
421
426
426
426
430
428
428
430
430
430
434
433
433
435
437
441
438
443
442
443
444
444
444
448
445
447
451
450
453
452
455
452
457
459
459
457
458
458
462
464
466
467
464
467
468
471
470
472
472
471
476
477
473
476
479
478
482
478
484
483
485
484
487
487
489
488
488
493
494
493
495
495
494
494
497
496
498
502
503
501
501
504
507
504
509
510
510
509
509
510
511
516
513
519
517
518
520
521
520
524
525
522
523
524
530
531
529
533
530
533
535
535
533
534
538
537
541
540
543
540
542
545
547
548
548
549
551
551
553
554
555
557
554
557
558
559
560
561
561
564
563
564
565
565
566
567
570
568
571
570
573
572
576
579
578
577
577
578
581
580
582
584
585
587
587
586
588
592
591
590
592
594
596
594
595
598
597
603
603
604
602
605
608
607
610
610
610
611
610
610
613
613
617
614
616
621
617
621
619
625
626
627
628
626
629
629
630
628
630
631
632
636
635
634
640
640
641
641
642
645
642
642
645
648
648
649
651
652
651
650
653
654
656
655
657
656
657
662
659
660
662
667
668
666
665
669
671
672
672
674
671
676
678
678
676
677
680
681
684
685
682
684
684
687
689
689
692
693
693
693
696
692
696
696
700
697
701
702
701
703
702
704
705
704
705
710
707
709
714
713
716
712
716
719
717
716
721
721
721
721
723
723
726
726
727
726
729
728
734
731
732
732
738
735
737
736
737
738
742
742
744
743
745
748
749
747
747
751
753
753
753
752
754
755
755
759
761
760
760
764
763
763
764
764
765
770
770
770
770
773
776
772
774
777
780
779
780
779
784
783
782
785
786
787
787
789
788
792
792
791
791
797
793
794
795
797
800
801
804
801
801
806
806
809
809
811
809
809
810
814
814
817
816
819
817
820
821
823
822
825
825
824
823
825
827
829
832
832
831
830
833
833
838
834
839
839
837
838
844
840
843
843
845
844
847
847
850
850
854
855
854
854
853
859
859
857
860
862
864
860
866
863
863
867
865
866
868
869
873
873
873
872
876
875
879
879
878
882
881
885
884
887
885
888
888
891
892
888
894
894
891
896
898
898
900
896
901
902
903
905
905
905
908
906
909
910
911
910
911
914
912
915
913
918
918
921
918
920
920
921
925
925
928
926
925
931
931
932
934
932
936
936
935
937
935
939
939
942
939
944
941
947
944
947
948
951
951
948
952
954
954
955
953
956
956
959
959
960
960
963
963
962
963
969
965
966
967
973
969
971
975
973
974
975
980
978
979
983
982
982
986
984
984
987
988
989
992
993
989
993
995
994
993
994
998
999
998
1000
999
1000
1002
1004
1007
1008
1007
1008
1012
1009
1012
1011
1012
1012
1013
1019
1020
1016
1021
1019
1022
1020
1023
1026
1025
1026
1028
1029
1032
1028
1031
1033
1035
1033
1033
1038
1039
1037
1038
1043
1040
1042
1043
1046
1047
1044
1050
1046
1048
1051
1050
1050
1051
1057
1053
1055
1060
1058
1058
1058
1060
1065
1066
1066
1065
1064
1068
1069
1070
1071
1072
1072
1073
1073
1077
1076
1076
1076
1077
1083
1084
1081
1086
1083
1083
1088
1086
1090
1088
1092
1091
1092
1096
1094
1094
1094
1096
1100
1102
1099
1103
1105
1101
1107
1106
1108
1109
1106
1107
1109
1109
1111
1113
1116
1114
1114
1116
1117
1121
1119
1121
1123
1126
1123
1128
1128
1127
1127
1131
1131
1130
1133
1133
1133
1135
1137
1138
1140
1139
1143
1140
1142
1141
1144
1143
1148
1146
1151
1152
1150
1149
1150
1155
1152
1155
1156
1158
1160
1159
1162
1163
1161
1163
1162
1166
1167
1169
1167
1171
1172
1173
1170
1171
1172
1176
1177
1176
1179
1181
1182
1179
1183
1185
1186
1183
1186
1185
1190
1190
1191
1192
1192
1192
1193
1197
1194
1198
1197
1200
1198
1199
1203
1206
1205
1208
1209
1205
1210
1212
1209
1210
1215
1214
1212
1216
1216
1218
1218
1222
1218
1224
1221
1221
1226
1223
1229
1229
1230
1230
1232
1231
1233
1232
1234
1233
1235
1238
1236
1241
1239
1239
1241
1244
1246
1246
1245
1250
1246
1248
1250
1254
1251
1255
1256
1256
1256
1257
1259
1262
1262
1262
1262
1264
1263
1264
1265
1269
1267
1272
1268
1274
1272
1272
1277
1277
1274
1278
1278
1282
1283
1282
1280
1286
1283
1285
1287
1287
1286
1291
1291
1289
1292
1291
1297
1293
1294
1300
1296
1299
1300
1304
1305
1304
1302
1307
1307
1305
1311
1311
1310
1314
1312
1313
1315
1318
1319
1317
1321
1322
1323
1320
1322
1326
1324
1325
1328
1329
1330
1328
1328
1332
1333
1332
1334
1338
1338
1336
1340
1339
1339
1340
1340
1342
1346
1346
1345
1350
1346
1347
1350
1352
1353
1354
1357
1357
1359
1357
1361
1359
1362
1360
1365
1361
1362
1367
1369
1366
1368
1371
1368
1370
1375
1373
1374
1373
1379
1376
1376
1382
1382
1381
1384
1381
1385
1383
1385
1385
1390
1391
1389
1391
1390
1391
1393
1394
1396
1399
1400
1398
1400
1399
1404
1405
1404
1405
1404
1405
1410
1410
1411
1409
1411
1413
1415
1414
1414
1420
1418
1422
1421
1422
1424
1426
1422
1428
1424
1430
1431
1427
1432
1432
1431
1434
1437
1434
1437
1435
1440
1439
1442
1443
1440
1445
1445
1447
1447
1445
1449
1448
1452
1449
1450
1456
1457
1456
1458
1458
1458
1459
1459
1460
1465
1461
1466
1467
1468
1470
1466
1470
1469
1469
1473
1476
1474
1476
1476
1480
1478
1477
1481
1479
1483
1481
1483
1487
1485
1490
1486
1488
1491
1492
1493
1496
1495
1494
1497
1497
1498
1498
1498
1503
1505
1501
1506
1508
1508
1509
1507
1510
1508
1514
1514
1516
1515
1513
1519
1515
1518
1518
1522
1523
1525
1522
1527
1525
1525
1529
1531
1532
1528
1534
1531
1534
1535
1538
1537
1540
1541
1537
1538
1543
1544
1543
1545
1548
1549
1547
1551
1550
1553
1549
1550
1554
1555
1555
1554
1556
1556
1557
1558
1562
1561
1565
1565
1566
1565
1567
1568
1571
1572
1572
1573
1571
1573
1573
1579
1575
1577
1579
1578
1580
1583
1583
1582
1584
1584
1585
1589
1592
1592
1590
1595
1594
1594
1594
1597
1595
1599
1600
1598
1602
1605
1603
1605
1606
1606
1609
1611
1607
1612
1610
1612
1616
1613
1615
1615
1618
1620
1622
1618
1624
1624
1626
1626
1628
1624
1630
1626
1631
1628
1630
1633
1636
1632
1633
1636
1636
1637
1639
1641
1639
1640
1643
1646
1648
1647
1645
1648
1650
1651
1653
1653
1652
1657
1658
1654
1660
1658
1661
1662
1660
1660
1666
1665
1665
1665
1668
1666
1667
1672
1671
1672
1675
1675
1676
1675
1676
1681
1678
1680
1681
1682
1683
1682
1684
1689
1687
1688
1691
1692
1693
1691
1691
1694
1695
1697
1700
1698
1702
1701
1702
1703
1706
1703
1705
1705
1708
1710
1707
1710
1710
1715
1716
1714
1718
1714
1716
1718
1720
1722
1723
1724
1723
1726
1725
1725
1727
1728
1728
1728
1731
1730
1735
1734
1738
1736
1740
1739
1738
1739
1743
1743
1744
1745
1748
1749
1749
1747
1752
1753
1750
1755
1751
1752
1753
1758
1756
1757
1759
1761
1761
1761
1764
1764
1764
1764
1765
1767
1769
1772
1769
1774
1774
1775
1776
1778
1776
1776
1782
1778
1783
1781
1785
1786
1786
1786
1787
1789
1792
1788
1791
1793
1792
1796
1797
1797
1800
1800
1801
1803
1801
1804
1806
1805
1808
1805
1808
1806
1807
1812
1810
1812
1811
1814
1814
1818
1815
1821
1818
1819
1819
1821
1822
1825
1827
1828
1827
1826
1831
1832
1833
1831
1836
1832
1834
1836
1835
1841
1841
1838
1839
1845
1844
1843
1847
1845
1850
1847
1848
1850
1851
1855
1854
1852
1857
1855
1857
1858
1862
1860
1859
1860
1861
1865
1866
1864
1866
1868
1868
1871
1871
1872
1874
1873
1876
1879
