1
3
7
8
9
10
6
12
11
10
12
15
16
18
15
16
21
19
23
20
24
23
26
28
24
27
27
29
33
29
32
33
32
36
36
40
39
38
38
44
43
41
43
47
47
46
46
52
50
52
53
56
53
54
54
55
59
58
60
60
61
64
63
64
69
68
68
69
73
70
72
76
76
78
77
80
76
77
83
84
81
84
85
86
84
89
87
87
92
93
93
95
96
96
94
98
100
98
99
101
105
106
104
107
108
107
111
111
110
109
114
111
115
116
114
118
120
118
123
123
120
122
122
124
127
129
128
130
128
133
132
133
134
137
139
137
136
141
139
139
143
143
142
148
146
147
147
149
152
152
150
155
155
154
158
158
161
162
163
161
163
161
167
163
166
169
166
168
172
174
170
172
173
175
179
180
177
177
181
180
184
185
187
184
186
186
190
192
188
191
195
192
196
193
198
195
199
197
200
204
202
205
203
204
204
205
211
212
213
211
212
214
215
218
219
215
219
219
222
219
223
222
226
224
225
226
231
232
233
231
230
232
235
233
239
238
239
237
240
244
245
245
246
247
244
249
247
248
253
253
253
253
255
258
257
260
258
259
259
261
260
262
267
268
264
265
266
268
269
273
273
272
277
276
274
275
279
279
283
279
285
282
285
286
289
286
291
287
291
292
292
296
297
297
296
300
298
302
298
303
301
301
302
305
306
305
311
310
310
309
311
316
316
313
319
320
321
317
318
320
325
325
327
326
328
325
327
330
332
332
330
336
335
333
339
337
337
338
339
344
343
345
344
346
347
350
349
352
349
353
355
354
355
354
356
356
359
360
358
359
364
362
367
363
366
368
367
372
373
370
370
371
374
375
377
377
381
382
380
381
380
385
386
388
388
385
389
389
392
392
395
396
396
394
395
399
397
398
398
404
403
404
403
405
404
406
406
411
408
412
414
411
416
415
418
416
417
417
419
423
420
421
424
427
426
426
429
428
429
429
431
436
432
433
438
435
441
439
440
439
442
441
444
445
449
447
447
452
449
451
454
454
452
457
457
455
460
461
460
461
461
466
463
465
469
470
468
470
472
471
474
472
474
473
476
477
477
477
481
483
485
481
485
485
485
490
486
488
491
491
493
495
492
496
496
499
496
501
498
502
503
506
506
503
505
510
508
512
511
509
515
514
516
513
518
520
518
521
523
519
523
522
522
523
527
526
526
527
528
530
535
532
536
533
535
536
539
541
539
543
542
545
544
545
549
547
547
547
550
552
551
551
554
558
555
559
559
557
562
559
561
566
563
568
569
567
569
567
572
571
573
573
573
573
574
579
581
580
578
581
583
586
584
585
588
585
589
588
593
592
592
596
595
594
596
598
597
598
600
601
604
604
607
607
606
607
610
609
608
609
615
616
612
615
619
620
619
617
623
622
620
626
622
626
624
629
630
631
629
633
632
636
635
635
634
640
636
638
640
641
642
643
646
647
644
647
646
650
652
653
652
651
656
655
658
659
658
660
660
660
661
663
664
666
669
667
671
667
671
673
670
673
673
678
674
679
678
679
680
683
680
684
685
688
687
690
688
687
688
692
693
695
692
693
696
698
698
697
701
699
705
704
702
708
709
706
707
710
710
710
715
714
714
714
719
716
718
717
721
719
724
722
722
725
727
729
731
729
728
730
735
732
735
735
739
739
740
738
742
741
745
742
745
748
745
750
746
748
750
752
753
752
754
753
755
756
759
757
763
760
760
766
763
768
768
768
769
768
769
770
774
773
772
773
775
778
776
777
781
780
783
784
783
784
785
785
789
791
789
794
793
793
797
798
794
799
796
798
800
801
802
802
804
808
806
807
808
807
810
814
812
812
815
816
818
819
821
819
822
820
821
823
825
825
826
829
830
832
831
834
830
835
833
833
839
836
838
838
840
839
844
846
842
844
849
846
847
849
851
854
851
856
855
856
855
857
856
860
858
862
863
864
862
863
869
866
866
869
870
870
870
873
873
875
875
878
880
878
883
882
883
884
886
884
884
885
889
891
890
892
891
896
894
893
895
898
897
902
901
903
901
902
902
904
907
907
908
910
911
910
911
912
914
918
919
920
917
922
920
921
923
923
927
924
925
927
927
928
930
930
933
933
935
933
936
940
936
941
941
941
942
943
945
945
944
945
951
949
948
953
950
951
954
957
955
959
958
959
959
960
961
961
962
964
969
970
969
972
972
972
974
974
977
977
976
979
979
978
983
984
980
982
984
985
986
989
989
990
990
991
990
994
996
997
997
1000
997
999
999
1002
1001
1003
1004
1008
1005
1010
1009
1009
1012
1010
1015
1013
1014
1018
1014
1020
1017
1019
1020
1022
1024
1023
1026
1023
1024
1029
1031
1030
1032
1029
1034
1032
1033
1034
1038
1038
1041
1037
1040
1043
1042
1041
1045
1048
1045
1048
1048
1052
1048
1050
1052
1053
1054
1054
1056
1060
1060
1057
1059
1059
1060
1061
1066
1064
1069
1065
1067
1071
1072
1073
1073
1071
1072
1076
1075
1075
1081
1078
1079
1084
1084
1081
1087
1087
1089
1085
1089
1089
1088
1093
1091
1091
1093
1095
1097
1097
1097
1099
1099
1100
1105
1101
1103
1108
1104
1105
1111
1109
1109
1113
1113
1112
1116
1117
1117
1118
1118
1119
1119
1122
1124
1122
1124
1126
1129
1130
1128
1131
1133
1130
1133
1134
1134
1137
1134
1136
1136
1140
1138
1144
1140
1145
1146
1144
1147
1147
1148
1148
1150
1154
1154
1152
1157
1156
1155
1160
1157
1157
1163
1160
1165
1166
1164
1166
1168
1166
1167
1171
1170
1173
1170
1172
1173
1174
1174
1180
1180
1178
1179
1184
1180
1181
1185
1188
1189
1190
1187
1192
1190
1191
1195
1194
1192
1196
1194
1197
1200
1198
1203
1204
1200
1206
1207
1205
1207
1208
1208
1211
1213
1213
1215
1216
1213
1218
1215
1216
1219
1218
1222
1223
1222
1223
1225
1227
1225
1229
1227
1230
1232
1231
1233
1233
1237
1234
1236
1240
1236
1238
1242
1243
1242
1246
1243
1244
1246
1245
1249
1249
1253
1254
1254
1256
1256
1257
1254
1256
1261
1262
1260
1263
1261
1261
1267
1266
1269
1269
1268
1270
1273
1272
1271
1276
1275
1278
1274
1279
1277
1282
1279
1281
1281
1282
1282
1287
1287
1289
1287
1287
1289
1289
1290
1296
1293
1295
1297
1300
1297
1302
1303
1302
1300
1302
1302
1303
1306
1305
1311
1312
1309
1314
1311
1316
1315
1318
1318
1320
1321
1319
1321
1323
1320
1326
1325
1326
1325
1327
1326
1328
1328
1331
1331
1331
1333
1334
1337
1336
1339
1342
1339
1343
1340
1344
1344
1343
1349
1348
1349
1350
1351
1353
1354
1352
1353
1353
1356
1360
1360
1358
1362
1361
1360
1364
1363
1364
1367
1367
1371
1369
1370
1370
1374
1371
1373
1378
1378
1378
1377
1381
1380
1384
1380
1384
1384
1386
1384
1390
1387
1388
1390
1390
1393
1392
1397
1393
1397
1398
1397
1401
1399
1400
1400
1401
1407
1404
1409
1405
1410
1411
1411
1412
1412
1416
1414
1418
1415
1418
1418
1421
1418
1423
1425
1425
1422
1427
1426
1425
1427
1430
1429
1429
1433
1431
1432
1437
1437
1439
1441
1437
1442
1440
1441
1443
1444
1447
1449
1448
1450
1450
1451
1449
1452
1453
1456
1454
1458
1458
1458
1458
1458
1463
1462
1462
1463
1463
1469
1465
1471
1467
1473
1474
1475
1472
1474
1477
1478
1478
1476
1479
1478
1482
1485
1484
1486
1485
1485
1488
1490
1490
1488
1493
1493
1493
1492
1498
1498
1495
1498
1500
1500
1502
1505
1505
1504
1507
1507
1507
1508
1507
1513
1514
1515
1514
1514
1517
1515
1520
1516
1522
1522
1521
1522
1523
1522
1523
1525
1527
1530
1529
1531
1530
1531
1533
1535
1533
1535
1538
1537
1537
1542
1540
1545
1542
1544
1547
1544
1547
1546
1550
1548
1550
1551
1553
1555
1557
1556
1558
1558
1559
1558
1562
1560
1561
1563
1567
1569
1567
1567
1570
1573
1569
1573
1573
1575
1578
1578
1580
1580
1581
1578
1581
1585
1584
1584
1584
1584
1590
1590
1591
1590
1589
1592
1596
1594
1593
1599
1600
1600
1598
1599
1604
1602
1601
1602
1608
1607
1609
1606
1612
1608
1611
1614
1614
1613
1616
1618
1616
1618
1621
1621
1623
1621
1623
1625
1628
1626
1625
1630
1629
1631
1630
1635
1634
1632
1638
1637
1635
1640
1637
1641
1643
1643
1646
1642
1648
1649
1648
1649
1652
1648
1653
1652
1652
1653
1658
1655
1658
1660
1662
1658
1659
1661
1664
1665
1665
1668
1668
1668
1668
1670
1671
1670
1676
1673
1676
1677
1678
1676
1679
1683
1681
1684
1682
1683
1685
1687
1689
1690
1690
1689
1689
1692
1692
1692
1696
1697
1697
1699
1701
1702
1702
1703
1706
1703
1707
1706
1707
1707
1710
1713
1713
1712
1711
1714
1716
1714
1716
1716
1722
1720
1721
1725
1722
1724
1724
1727
1729
1730
1731
1733
1729
1734
1734
1735
1735
1739
1737
1738
1742
1739
1744
1745
1741
1747
1743
1749
1748
1751
1748
1750
1754
1755
1753
1757
1756
1754
1759
1760
1757
1759
1764
1765
1763
1766
1763
1769
1766
1768
1771
1768
1772
1774
1772
1775
1777
1775
1776
1780
1782
1779
1781
1780
1786
1782
1784
1786
1787
1790
1791
1791
1789
1793
1795
1797
1798
1794
1798
1796
1802
1800
1801
1802
1805
1804
1804
1805
1810
1811
1808
1810
1811
1812
1815
1813
1814
1816
1816
1816
1817
1818
1822
1823
1822
1823
1827
1828
1825
1831
1829
1830
1830
1835
1832
1834
1836
1838
1840
1841
1840
1843
1844
1844
1845
1842
1846
1848
1847
1847
1848
1848
1849
1851
1852
1855
1854
1859
1858
1858
1861
1860
1861
1864
1862
1863
1868
1865
1865
1869
1871
1871
1870
1875
1872
1874
1873
1876
