5
5
5
5
7
5
6
10
9
10
13
15
16
14
16
15
20
17
19
22
22
25
22
25
26
30
31
29
31
33
35
32
36
37
34
37
39
41
38
40
45
45
43
43
44
45
46
49
52
51
53
53
57
57
59
58
58
57
59
62
61
61
63
63
68
65
69
68
70
70
74
71
73
77
79
80
77
78
83
83
85
85
85
84
88
85
86
87
88
94
91
93
95
95
96
99
98
101
100
104
104
105
102
103
108
108
107
111
110
113
112
111
112
117
114
119
116
118
121
124
121
124
124
127
126
129
128
127
129
131
133
134
135
135
137
140
140
137
141
139
144
145
147
147
147
145
146
147
148
149
153
152
153
156
156
157
160
157
161
161
164
161
162
168
168
170
170
170
168
174
175
172
174
175
179
180
177
178
182
182
184
186
185
187
185
185
189
189
192
189
190
193
195
194
196
196
201
202
202
201
200
203
205
204
204
207
209
211
211
209
215
214
215
214
219
220
217
220
221
220
221
225
223
225
228
225
230
232
229
230
235
231
236
234
239
237
241
241
242
244
242
245
243
247
245
245
249
250
251
252
253
252
254
253
256
256
256
260
263
264
263
261
263
265
268
270
268
272
272
274
271
275
272
273
276
276
278
277
282
283
280
285
286
284
285
286
287
288
288
294
290
293
297
293
299
297
297
297
302
302
305
301
304
304
308
309
311
309
309
313
315
313
317
318
319
319
321
317
321
323
322
324
325
325
326
328
328
328
330
333
330
335
334
337
335
336
338
337
343
340
344
345
345
346
348
349
346
349
353
352
351
355
356
354
358
355
361
357
359
363
362
366
362
363
365
367
369
369
369
374
373
375
376
376
379
377
381
377
382
379
384
381
384
387
386
388
390
392
393
392
394
395
396
396
395
395
396
399
399
399
404
406
404
407
408
407
410
409
410
414
411
411
414
418
419
417
418
421
420
422
420
425
423
425
428
429
431
432
433
434
431
434
435
438
437
439
439
439
443
441
441
445
445
448
447
449
447
449
449
449
455
452
455
455
455
457
458
462
461
461
461
462
463
465
468
466
469
471
471
469
471
476
474
475
474
477
476
478
482
484
480
485
487
484
486
488
489
491
491
491
495
491
496
493
494
497
496
500
502
503
501
505
505
508
505
507
506
508
511
513
514
513
513
517
515
520
521
518
520
523
525
522
526
525
528
529
528
532
530
529
532
533
532
534
537
538
538
542
541
540
543
543
547
548
546
550
547
550
551
553
551
555
556
558
555
556
558
557
562
560
564
563
565
563
565
565
570
572
570
572
574
573
576
574
576
577
580
578
579
580
585
585
582
588
585
586
591
587
589
593
592
592
597
595
595
596
596
599
603
603
601
604
607
607
608
606
606
612
608
612
613
614
615
618
615
615
616
619
619
621
620
622
625
627
628
626
630
629
628
634
630
631
634
638
634
640
637
638
641
641
644
643
643
643
648
645
649
647
649
650
652
653
654
657
656
657
656
657
659
663
665
666
662
664
669
667
667
672
669
670
673
671
677
674
677
679
676
682
682
684
683
684
683
683
688
689
686
689
692
689
693
692
692
696
697
700
698
700
703
703
704
705
702
708
705
707
708
710
711
710
715
712
713
718
716
717
717
719
722
723
721
725
724
724
725
726
727
730
733
732
735
735
732
735
738
736
738
742
740
742
745
745
745
747
745
749
749
751
750
752
754
754
757
756
759
758
756
760
759
761
763
765
767
764
765
766
770
769
768
774
771
775
772
778
774
780
777
779
780
783
785
785
785
788
786
787
791
788
788
789
790
794
793
798
799
796
800
797
801
804
803
803
802
806
809
807
807
810
810
811
815
814
812
816
815
819
819
820
818
820
824
825
826
826
829
828
828
831
831
833
832
832
834
833
839
836
839
839
843
840
840
844
847
844
848
850
850
852
849
852
851
856
852
856
855
856
858
857
861
861
861
862
862
866
868
867
868
872
871
871
872
876
876
875
874
876
878
882
882
879
882
886
887
888
887
888
889
892
893
889
892
895
897
897
895
895
900
899
902
899
901
905
902
903
908
910
906
907
908
914
911
916
913
914
914
917
919
921
920
921
923
924
922
926
928
929
927
929
928
931
930
934
937
934
937
937
937
937
939
941
944
941
943
943
948
946
951
948
951
952
954
955
955
953
954
960
959
960
961
964
962
963
967
963
967
967
968
968
971
973
970
971
975
977
976
977
978
979
981
979
984
986
983
986
988
986
991
992
988
991
990
992
992
994
998
998
999
998
999
1000
1003
1005
1007
1004
1005
1008
1007
1010
1012
1009
1010
1014
1013
1014
1017
1016
1017
1018
1023
1024
1021
1022
1024
1028
1028
1029
1028
1032
1031
1033
1034
1035
1037
1033
1036
1038
1037
1041
1042
1041
1045
1041
1042
1045
1044
1046
1047
1051
1053
1050
1054
1056
1054
1053
1059
1055
1059
1060
1061
1062
1061
1064
1064
1066
1069
1068
1067
1069
1068
1069
1073
1075
1072
1076
1078
1080
1079
1079
1080
1080
1085
1081
1084
1083
1087
1087
1086
1087
1091
1094
1090
1091
1095
1097
1096
1097
1097
1097
1103
1104
1105
1101
1102
1107
1107
1106
1110
1107
1108
1113
1114
1115
1112
1114
1114
1116
1116
1121
1120
1123
1123
1125
1124
1124
1125
1129
1126
1132
1131
1132
1132
1132
1137
1136
1134
1136
1140
1139
1141
1139
1142
1143
1146
1143
1147
1149
1146
1147
1149
1150
1154
1154
1157
1153
1154
1159
1158
1162
1162
1159
1165
1165
1166
1163
1167
1169
1166
1171
1168
1170
1172
1174
1176
1178
1175
1176
1181
1180
1178
1180
1181
1184
1183
1188
1184
1188
1190
1192
1189
1190
1192
1192
1195
1196
1196
1196
1198
1197
1201
1200
1200
1203
1205
1208
1206
1207
1211
1212
1213
1209
1214
1213
1213
1216
1215
1217
1221
1217
1221
1224
1223
1222
1225
1228
1227
1228
1226
1230
1230
1231
1230
1232
1235
1234
1234
1239
1238
1239
1240
1240
1245
1244
1244
1248
1246
1248
1248
1251
1253
1251
1251
1256
1255
1258
1259
1259
1260
1262
1259
1259
1264
1261
1263
1268
1268
1269
1269
1269
1270
1271
1271
1275
1277
1276
1274
1277
1277
1277
1281
1280
1280
1285
1282
1287
1285
1287
1288
1290
1293
1291
1291
1296
1294
1294
1299
1299
1300
1301
1303
1302
1300
1305
1305
1308
1306
1309
1308
1310
1310
1310
1315
1311
1314
1313
1314
1316
1316
1320
1321
1323
1322
1326
1327
1324
1327
1330
1331
1327
1329
1333
1330
1334
1334
1333
1339
1339
1337
1337
1341
1339
1343
1341
1346
1343
1347
1345
1346
1349
1349
1352
1353
1356
1353
1355
1357
1359
1361
1357
1361
1363
1360
1366
1362
1366
1364
1366
1368
1371
1370
1373
1375
1373
1377
1374
1375
1377
1377
1379
1380
1382
1385
1382
1383
1383
1385
1386
1386
1391
1388
1393
1390
1394
1396
1393
1398
1398
1399
1401
1403
1401
1401
1402
1402
1405
1406
1405
1406
1410
1411
1413
1411
1413
1414
1416
1419
1418
1416
1419
1420
1423
1420
1423
1425
1427
1424
1426
1426
1427
1433
1429
1433
1432
1437
1435
1437
1438
1441
1442
1439
1440
1445
1446
1445
1443
1448
1446
1450
1450
1451
1452
1455
1454
1452
1458
1458
1455
1457
1457
1458
1461
1463
1465
1462
1467
1465
1465
1470
1469
1470
1470
1475
1474
1475
1476
1476
1478
1481
1478
1482
1480
1483
1481
1486
1486
1486
1485
1489
1490
1491
1489
1494
1491
1494
1498
1498
1498
1501
1500
1499
1503
1504
1506
1506
1506
1504
1510
1506
1507
1510
1512
1514
1516
1516
1517
1515
1520
1516
1521
1520
1519
1523
1526
1523
1525
1524
1529
1531
1529
1528
1529
1530
1533
1535
1536
1537
1537
1540
1538
1541
1542
1542
1542
1543
1544
1548
1549
1547
1548
1553
1554
1552
1556
1554
1557
1558
1558
1559
1562
1562
1563
1563
1561
1567
1566
1568
1569
1569
1568
1569
1570
1571
1572
1572
1577
1579
1578
1579
1578
1578
1584
1580
1585
1584
1584
1588
1589
1587
1590
1592
1594
1595
1595
1595
1595
1599
1599
1600
1600
1600
1600
1604
1604
1602
1603
1609
1605
1611
1609
1608
1614
1611
1615
1617
1616
1618
1616
1620
1620
1621
1624
1620
1622
1625
1625
1625
1628
1630
1628
1631
1634
1633
1633
1635
1635
1634
1635
1637
1640
1639
1640
1641
1641
1644
1648
1646
1645
1651
1650
1652
1654
1653
1655
1654
1656
1657
1658
1661
1662
1660
1664
1660
1664
1662
1667
1665
1666
1671
1669
1673
1671
1674
1675
1675
1676
1675
1675
1676
1681
1680
1681
1683
1683
1682
1685
1684
1688
1688
1688
1692
1691
1691
1691
1693
1693
1699
1700
1697
1699
1701
1703
1705
1703
1705
1706
1706
1706
1706
1710
1708
1712
1712
1715
1712
1716
1716
1716
1720
1720
1720
1724
1720
1721
1723
1727
1726
1730
1728
1727
1733
1732
1731
1732
1736
1735
1735
1740
1737
1738
1740
1741
1742
1744
1746
1743
1748
1745
1750
1750
1748
1751
