4
4
7
5
5
10
7
8
9
9
12
11
13
15
16
15
16
21
19
19
24
23
24
27
28
25
30
27
32
33
32
31
35
37
38
38
40
42
38
42
40
41
45
48
44
47
51
49
49
49
53
52
57
53
54
60
61
59
61
64
61
66
62
65
68
65
69
68
68
70
71
73
74
78
78
75
80
78
83
83
84
81
84
86
89
90
87
88
90
94
91
94
94
95
97
95
99
101
99
104
100
103
103
108
108
110
110
107
110
112
112
111
112
115
119
117
118
119
121
121
125
125
122
128
125
125
130
127
129
133
134
134
133
133
137
135
136
139
142
143
145
145
143
148
145
149
146
149
148
152
150
153
155
157
156
158
161
161
161
160
160
163
162
164
168
165
166
168
171
172
171
175
174
177
179
180
178
180
182
184
183
182
182
186
185
186
189
190
188
194
191
195
194
198
194
199
199
197
198
203
203
206
206
203
205
206
207
210
212
210
214
213
215
216
219
220
217
217
222
223
221
225
226
228
225
228
228
227
232
234
234
235
235
235
235
235
236
241
243
241
242
243
246
243
246
248
251
250
253
249
250
254
257
254
258
257
259
261
262
264
262
261
266
268
264
265
267
267
268
274
275
275
272
277
275
277
276
280
279
279
280
282
287
283
286
290
290
290
292
289
295
292
296
296
296
297
298
299
300
302
303
303
304
304
304
307
306
312
312
313
313
315
315
313
314
318
316
317
318
320
323
321
324
327
327
328
328
332
330
330
335
334
333
336
337
336
337
339
338
339
340
346
342
345
344
350
346
350
350
350
351
352
355
356
356
360
356
357
361
359
360
362
367
366
367
370
369
369
372
370
370
371
374
373
378
376
378
377
379
382
380
381
386
384
385
389
386
391
390
391
394
396
392
393
394
398
400
399
403
399
403
405
406
404
406
406
406
407
411
411
413
412
417
415
419
416
421
418
423
419
421
425
423
425
426
427
430
432
429
431
435
431
434
438
437
437
436
437
443
444
445
444
445
445
444
449
451
452
450
454
453
452
455
454
458
460
456
459
461
463
465
466
467
468
468
467
468
471
471
474
472
476
477
476
475
476
479
482
478
480
485
486
486
484
485
490
489
490
490
489
493
495
496
493
496
495
496
499
499
499
500
504
503
505
504
506
507
508
509
511
514
513
517
516
516
518
521
517
521
523
524
523
526
526
529
530
531
528
529
530
535
532
532
537
537
535
540
537
539
540
545
546
542
545
544
546
547
552
548
552
551
551
554
556
556
556
560
559
558
560
565
561
567
566
569
566
567
572
571
571
573
571
576
574
576
575
577
577
581
580
581
583
584
584
588
586
586
590
589
594
592
591
594
593
594
595
601
601
602
603
605
606
603
606
606
606
608
610
610
614
615
614
615
615
617
616
618
621
621
622
621
622
625
628
629
625
628
632
632
632
634
632
633
637
637
635
641
639
642
644
644
642
642
648
645
649
649
650
649
651
653
655
654
653
658
657
661
659
662
660
662
661
662
666
664
670
671
672
672
670
672
676
677
673
676
676
680
680
683
680
680
685
685
687
686
690
691
690
692
690
694
693
692
693
698
698
701
702
699
703
705
706
702
705
706
709
708
710
709
712
711
713
712
714
714
716
716
721
720
723
725
726
722
724
728
728
728
727
729
732
732
733
732
733
735
737
740
741
742
744
742
744
745
745
744
748
750
747
750
752
750
756
754
753
759
758
759
760
760
761
762
765
767
763
766
765
767
770
768
769
771
771
774
774
774
777
778
782
783
781
782
782
786
785
785
790
790
787
789
789
792
796
792
793
796
797
798
799
800
799
805
803
806
808
804
809
811
809
809
811
813
815
814
817
817
819
818
818
820
821
822
821
822
828
826
828
830
831
832
830
831
835
836
838
839
839
841
840
840
843
844
846
846
847
848
845
849
847
852
851
853
856
855
854
856
858
858
859
859
860
864
862
867
865
865
865
868
870
873
872
870
871
872
875
878
877
876
882
878
882
884
886
887
886
889
890
889
887
888
894
895
894
893
895
896
897
897
898
901
900
903
906
904
907
905
909
906
910
908
914
912
913
917
913
919
919
920
921
920
921
921
926
922
924
924
927
926
928
930
931
934
934
933
934
934
935
936
940
938
941
943
944
944
944
946
948
949
948
953
954
954
955
955
953
959
956
958
959
962
961
962
965
965
963
968
969
969
968
968
971
971
971
974
974
976
980
979
979
982
983
980
981
983
987
985
990
987
987
988
991
993
994
995
996
997
996
999
1001
998
1001
1000
1006
1004
1007
1005
1005
1011
1008
1010
1013
1013
1013
1014
1013
1019
1015
1016
1020
1019
1020
1021
1025
1027
1026
1026
1027
1030
1027
1031
1031
1031
1036
1037
1037
1039
1035
1036
1042
1043
1043
1040
1043
1042
1044
1047
1045
1048
1048
1052
1054
1052
1055
1055
1055
1057
1055
1059
1060
1059
1063
1061
1063
1064
1066
1067
1068
1067
1070
1073
1074
1075
1074
1073
1076
1076
1078
1078
1081
1078
1084
1083
1083
1084
1088
1087
1085
1086
1088
1088
1093
1093
1095
1095
1095
1096
1099
1096
1102
1098
1099
1101
1102
1106
1104
1106
1107
1109
1108
1109
1111
1111
1114
1117
1117
1118
1117
1121
1120
1120
1123
1121
1122
1127
1123
1129
1126
1131
1131
1128
1131
1130
1135
1134
1138
1136
1140
1141
1139
1140
1144
1140
1142
1144
1143
1144
1146
1147
1147
1152
1151
1153
1155
1155
1153
1157
1160
1160
1157
1161
1161
1164
1163
1162
1165
1169
1167
1170
1168
1171
1172
1170
1171
1173
1178
1179
1180
1176
1178
1182
1184
1183
1183
1182
1183
1186
1185
1189
1187
1189
1192
1195
1191
1193
1194
1199
1195
1197
1198
1202
1200
1200
1204
1206
1204
1207
1207
1208
1208
1213
1211
1213
1212
1214
1217
1218
1218
1221
1221
1222
1221
1220
1221
1226
1227
1229
1230
1229
1231
1229
1234
1234
1232
1237
1237
1234
1239
1240
1238
1243
1242
1242
1243
1245
1243
1244
1245
1246
1252
1251
1254
1250
1255
1255
1254
1256
1260
1260
1262
1259
1259
1260
1266
1266
1265
1268
1268
1270
1271
1269
1270
1271
1271
1277
1275
1274
1277
1278
1278
1280
1282
1284
1281
1283
1287
1284
1287
1288
1292
1293
1289
1294
1295
1297
1297
1294
1296
1299
1298
1298
1301
1305
1303
1307
1305
1307
1307
1306
1309
1311
1314
1314
1313
1314
1315
1316
1317
1316
1319
1319
1323
1323
1326
1322
1323
1328
1330
1328
1327
1328
1331
1333
1331
1332
1333
1337
1339
1341
1342
1341
1339
1343
1345
1343
1343
1349
1347
1346
1352
1353
1353
1354
1351
1352
1353
1355
1360
1357
1359
1359
1361
1365
1365
1366
1363
1367
1370
1367
1367
1371
1371
1371
1374
1373
1376
1378
1376
1378
1377
1378
1382
1380
1385
1386
1386
1388
1386
1387
1387
1390
1389
1391
1391
1392
1397
1396
1396
1397
1402
1402
1400
1405
1401
1404
1403
1406
1408
1408
1411
1410
1413
1410
1412
1414
1415
1419
1415
1421
1421
1421
1421
1421
1426
1426
1423
1426
1428
1426
1428
1428
1431
1435
1435
1436
1437
1436
1438
1437
1440
1442
1440
1441
1441
1442
1447
1444
1448
1450
1449
1453
1452
1450
1454
1457
1457
1454
1460
1458
1457
1461
1464
1463
1464
1463
1464
1465
1469
1468
1471
1468
1473
1474
1476
1473
1474
1477
1478
1476
1479
1482
1483
1484
1486
1484
1487
1489
1490
1487
1487
1490
1490
1492
1496
1494
1494
1498
1495
1499
1497
1502
1501
1505
1504
1504
1506
1508
1508
1509
1507
1508
1510
1513
1513
1513
1513
1519
1520
1518
1521
1521
1524
1520
1521
1524
1526
1528
1528
1528
1532
1532
1529
1531
1531
1533
1534
1538
1535
1536
1541
1539
1541
1543
1542
1546
1545
1548
1550
1546
1550
1552
1554
1551
1554
1557
1553
1556
1555
1556
1559
1562
1561
1564
1563
1563
1566
1569
1566
1571
1571
1571
1571
1574
1575
1577
1576
1578
1578
1579
1581
1580
1583
1582
1584
1587
1587
1589
1587
1588
1589
1588
1590
1594
1592
1597
1598
1598
1599
1600
1599
1599
1600
1605
1603
1604
1603
1606
1607
1606
1609
1613
1609
1613
1612
1615
1616
1618
1616
1620
1620
1618
1623
1622
1624
1624
1625
1628
1628
1630
1632
1630
1634
1630
1633
1634
1636
1637
1640
1640
1639
1640
1644
1640
1645
1644
1647
1646
1647
1651
1647
1650
1652
1651
1652
1653
1653
1655
1657
1656
1662
1660
1662
1661
1661
1665
1667
1666
1667
1670
1671
1671
1674
1671
1671
1677
1673
1676
1677
1681
1679
1683
1679
1680
1684
1687
1685
1684
1688
1690
1691
1689
1691
1694
1696
1695
1696
1694
1700
1701
1698
1700
1703
1701
1703
1702
1703
1709
1709
1709
1709
1711
1713
1712
1716
1714
1716
1718
1720
1720
1719
1721
1723
1725
1723
1727
1728
1726
1725
1728
1730
1728
1729
1733
1733
1733
1737
1736
1736
1737
1741
1738
1742
1742
1745
1747
1744
1745
1747
1751
1747
1753
1749
