5
2
7
6
4
6
11
11
11
13
12
15
16
16
19
16
18
20
23
21
21
25
24
26
28
30
30
32
33
30
30
36
33
37
36
36
40
41
40
39
41
44
43
46
46
49
50
50
48
50
51
51
53
58
59
58
61
59
60
61
63
66
62
64
67
65
70
72
72
72
73
74
75
78
74
78
81
77
82
81
85
82
87
83
84
88
91
89
93
90
90
94
97
96
94
95
99
98
99
102
101
103
105
105
108
108
110
107
113
110
111
112
117
118
119
116
117
121
120
120
121
125
127
126
129
129
129
129
128
131
133
135
133
138
139
140
136
140
141
144
142
141
144
147
148
148
150
151
148
150
151
155
152
154
154
159
160
159
160
161
164
164
163
167
164
168
168
169
169
172
175
171
172
173
176
177
181
182
182
183
183
184
187
187
184
188
186
189
193
193
191
193
193
195
196
196
199
201
203
203
202
203
204
205
205
208
209
210
212
211
215
215
212
215
215
218
217
219
222
224
225
225
227
226
225
225
231
229
230
229
230
233
232
236
235
237
240
237
243
240
242
241
243
248
249
250
251
251
249
253
251
255
252
256
259
259
256
260
259
264
261
261
267
263
264
269
270
270
273
271
275
271
277
278
277
280
281
280
283
279
284
284
283
286
287
288
291
288
293
290
294
293
297
295
296
295
296
302
302
302
304
303
302
304
304
308
309
309
309
314
313
312
314
313
315
315
318
319
321
323
324
326
323
326
325
328
330
328
332
332
330
333
332
335
334
338
339
340
339
342
342
346
344
348
347
347
347
351
350
349
350
353
354
354
355
359
357
358
358
364
362
365
363
365
364
370
371
372
372
373
375
376
377
375
379
378
378
377
382
379
380
384
383
383
389
386
387
388
393
390
393
395
392
395
395
396
401
400
400
402
400
404
403
408
408
406
410
407
413
414
412
412
413
414
419
416
421
422
421
424
421
421
425
423
426
429
426
428
432
430
430
431
432
434
438
439
440
440
441
442
444
441
446
444
445
447
451
451
451
452
450
454
452
458
455
459
458
458
461
464
461
465
467
468
465
467
468
468
469
474
470
475
474
476
477
476
478
480
481
482
480
483
484
485
485
490
489
492
493
491
493
492
492
497
494
498
497
501
503
502
505
503
502
507
505
509
511
507
512
510
511
512
515
516
518
516
521
521
519
519
521
523
526
526
528
526
531
532
532
530
532
533
532
533
536
540
539
538
540
541
543
544
547
548
547
545
547
550
553
549
550
552
555
553
556
560
556
561
559
564
563
566
565
566
569
567
570
571
569
570
574
574
577
575
576
575
576
581
581
583
580
585
587
588
584
588
589
590
589
591
593
596
594
596
595
595
596
600
598
601
601
606
603
603
605
608
610
610
613
614
615
614
613
615
617
615
620
620
620
623
621
625
623
626
628
625
626
628
630
633
630
633
636
636
634
639
641
641
641
640
640
646
646
647
648
645
646
651
650
654
654
656
656
655
655
660
660
657
659
659
663
662
664
663
666
666
670
670
668
674
670
672
675
676
674
677
677
680
683
681
685
686
685
683
684
690
689
692
688
689
692
695
692
694
695
698
698
699
703
702
705
704
704
704
709
710
708
707
710
713
711
716
715
717
718
718
719
719
720
720
720
721
726
723
724
726
727
730
728
734
731
734
735
737
734
739
739
742
743
744
741
744
745
748
747
749
746
751
751
750
752
756
752
755
756
759
761
762
761
762
764
765
762
764
766
767
770
769
768
773
775
776
774
775
777
775
776
778
779
784
783
781
786
784
784
787
786
787
790
792
794
792
792
798
796
800
800
801
799
801
801
805
803
806
809
809
808
809
808
812
812
816
816
817
815
815
821
818
820
820
820
821
822
827
829
826
829
828
832
831
831
834
837
838
836
835
840
839
841
843
841
842
845
843
845
848
850
849
848
852
851
855
857
857
855
859
860
862
858
863
863
866
864
864
865
870
867
872
871
872
870
876
877
873
878
876
877
881
879
883
885
882
887
883
886
886
887
892
891
894
895
896
892
893
899
899
897
898
900
904
904
904
906
908
907
909
910
907
910
909
911
911
916
913
914
920
920
917
918
921
925
921
925
925
926
929
926
928
928
934
930
934
935
937
938
938
938
937
942
942
945
942
944
948
948
947
950
952
948
953
954
952
953
957
956
957
959
962
962
960
960
963
966
963
967
970
966
968
968
969
975
975
973
978
975
976
979
978
979
984
981
984
986
987
987
988
988
992
990
994
995
992
992
997
995
1000
997
1001
999
1002
1000
1002
1003
1004
1009
1010
1009
1009
1009
1009
1011
1014
1012
1014
1017
1020
1019
1018
1018
1020
1022
1021
1026
1028
1028
1027
1026
1032
1033
1032
1032
1036
1036
1035
1038
1038
1037
1040
1042
1043
1043
1046
1044
1045
1044
1049
1046
1052
1049
1054
1054
1051
1054
1057
1056
1056
1059
1061
1058
1060
1062
1066
1066
1064
1068
1069
1068
1070
1070
1072
1075
1075
1075
1078
1079
1080
1076
1078
1081
1081
1080
1081
1087
1088
1084
1088
1088
1087
1091
1091
1093
1091
1092
1095
1099
1098
1099
1101
1099
1103
1104
1106
1103
1104
1108
1109
1110
1112
1108
1109
1115
1113
1113
1118
1116
1120
1121
1119
1120
1119
1120
1123
1123
1127
1124
1129
1128
1130
1133
1132
1132
1133
1132
1137
1137
1139
1140
1137
1143
1144
1145
1144
1145
1144
1146
1149
1149
1152
1148
1151
1152
1154
1157
1156
1159
1155
1158
1160
1161
1159
1163
1166
1166
1167
1165
1166
1169
1171
1173
1171
1172
1175
1172
1175
1175
1180
1179
1182
1178
1182
1182
1186
1185
1185
1187
1190
1186
1190
1193
1190
1190
1195
1196
1196
1194
1195
1200
1197
1202
1202
1200
1202
1203
1207
1206
1206
1210
1211
1211
1213
1215
1215
1213
1217
1216
1217
1221
1222
1218
1223
1221
1224
1227
1223
1226
1229
1228
1228
1228
1231
1232
1236
1237
1236
1238
1237
1241
1242
1241
1240
1243
1241
1246
1247
1244
1247
1250
1247
1250
1249
1254
1251
1254
1257
1255
1258
1256
1257
1259
1262
1264
1263
1262
1267
1267
1269
1267
1268
1269
1272
1270
1271
1274
1278
1277
1277
1279
1280
1279
1279
1284
1283
1283
1283
1286
1289
1286
1288
1290
1292
1295
1293
1294
1298
1299
1299
1297
1297
1299
1302
1301
1302
1303
1303
1308
1309
1306
1308
1312
1309
1311
1314
1312
1316
1314
1318
1316
1321
1319
1323
1321
1324
1322
1324
1325
1328
1326
1332
1328
1334
1331
1336
1337
1338
1334
1337
1341
1342
1339
1343
1345
1345
1343
1348
1345
1345
1350
1350
1351
1351
1352
1353
1355
1354
1358
1355
1359
1358
1358
1359
1363
1362
1364
1366
1367
1370
1370
1371
1373
1373
1373
1371
1372
1375
1375
1380
1378
1380
1383
1379
1382
1383
1386
1388
1389
1389
1386
1391
1390
1390
1393
1395
1395
1393
1395
1398
1396
1400
1402
1404
1405
1403
1402
1406
1404
1406
1410
1407
1412
1414
1414
1411
1414
1415
1415
1420
1419
1417
1418
1420
1425
1423
1423
1423
1429
1429
1429
1432
1431
1431
1432
1432
1436
1437
1435
1440
1439
1439
1438
1443
1445
1446
1445
1445
1447
1449
1446
1448
1448
1450
1452
1451
1457
1455
1455
1456
1458
1459
1459
1464
1460
1465
1464
1463
1465
1470
1471
1469
1468
1469
1473
1472
1475
1478
1478
1475
1480
1482
1480
1484
1481
1482
1483
1486
1484
1486
1491
1492
1493
1489
1493
1495
1496
1493
1495
1499
1501
1499
1502
1504
1505
1501
1503
1503
1506
1508
1511
1507
1512
1509
1515
1511
1513
1516
1516
1520
1516
1517
1519
1519
1524
1525
1523
1524
1528
1529
1527
1529
1530
1532
1535
1532
1535
1538
1539
1537
1540
1537
1540
1542
1544
1542
1542
1546
1544
1546
1550
1548
1550
1549
1551
1555
1555
1557
1555
1558
1559
1559
1563
1562
1561
1565
1562
1566
1565
1569
1571
1568
1572
1573
1574
1575
1572
1573
1579
1576
1580
1579
1581
1583
1582
1582
1587
1587
1588
1589
1588
1588
1590
1594
1593
1593
1596
1596
1595
1599
1600
1600
1599
1602
1603
1606
1602
1608
1609
1610
1607
1607
1610
1613
1611
1614
1612
1613
1619
1620
1617
1621
1621
1621
1621
1621
1622
1623
1627
1627
1626
1629
1628
1630
1631
1631
1637
1638
1638
1638
1639
1641
1639
1644
1642
1646
1642
1647
1644
1647
1648
1651
1650
1654
1651
1656
1655
1655
1656
1658
1660
1658
1659
1662
1662
1662
1663
1667
1668
1667
1668
1670
1669
1670
1673
1672
1676
1678
1676
1678
1676
1679
1679
1683
1682
1683
1684
1687
1689
1687
1689
1689
1691
1690
1695
1695
1697
1693
1699
1697
1698
1699
1698
1701
1700
1705
1707
1707
1707
1705
1706
1707
1711
1709
1715
1716
1716
1717
1715
1718
1721
1718
1721
1723
1725
1722
1722
1727
1725
1729
1731
1729
1732
1733
1730
1734
1736
1736
1738
1740
1737
1741
1740
1743
1744
1742
1742
1745
1745
1745
1749
1747
1748
1751
