4
4
4
4
8
5
6
11
12
14
13
13
16
14
14
16
19
20
22
24
20
22
24
24
28
27
31
28
28
34
32
35
35
37
36
36
39
38
41
39
41
44
45
48
44
45
51
47
53
51
55
54
55
54
59
55
60
59
61
62
63
66
64
66
65
65
69
69
71
69
71
76
72
75
79
75
81
79
81
84
81
82
87
86
88
88
86
87
93
92
90
96
92
98
98
98
100
100
99
99
105
105
104
105
109
110
110
110
110
112
113
114
114
115
117
117
120
121
118
124
124
125
126
124
124
130
130
127
131
129
134
136
132
134
138
135
141
142
142
141
141
146
143
144
146
148
148
149
148
151
153
153
155
153
154
155
160
162
160
160
160
162
164
163
169
170
168
171
173
174
170
173
175
176
179
180
181
181
182
180
181
183
183
186
187
189
186
191
189
194
191
196
196
195
198
199
198
201
203
204
202
204
206
208
209
207
211
211
208
210
211
211
212
218
219
219
217
222
220
219
224
225
224
223
224
228
228
227
229
232
234
235
237
237
234
238
241
238
239
243
241
241
245
244
244
249
246
249
251
251
252
251
252
256
255
257
261
261
261
263
265
266
262
263
264
270
268
267
268
272
272
272
272
278
278
276
276
278
282
279
281
281
286
288
289
287
290
291
292
290
291
295
296
298
296
296
298
302
298
300
305
306
305
304
309
310
306
310
313
314
310
314
316
318
317
315
321
318
320
319
325
323
326
325
328
325
328
328
330
332
335
335
336
338
335
338
337
339
343
341
344
344
343
343
346
348
348
352
352
353
354
353
353
353
359
355
357
361
359
361
364
364
364
366
364
370
367
367
372
374
375
372
377
373
375
380
379
379
380
379
381
382
385
387
389
386
388
389
388
392
391
395
393
394
397
397
396
398
400
400
403
403
405
404
409
410
407
407
412
414
411
412
414
418
419
417
420
417
423
422
424
423
425
426
428
425
431
430
430
433
430
433
437
435
435
439
440
437
438
441
444
445
446
447
444
445
447
450
453
451
453
451
456
457
454
458
459
457
459
461
465
462
466
468
466
469
467
470
470
469
470
475
477
474
479
479
476
481
481
483
482
483
486
483
487
487
489
492
489
489
491
491
492
497
498
497
501
502
501
502
500
504
503
507
504
507
510
508
509
514
511
516
512
518
514
516
517
521
519
522
522
526
522
528
524
529
528
531
531
532
532
534
536
536
535
537
538
542
538
541
543
542
543
546
546
548
548
549
550
553
554
556
555
554
555
555
556
561
562
564
561
566
564
564
567
565
567
567
569
569
570
574
576
575
577
577
581
577
583
583
584
583
586
583
585
589
589
591
590
590
595
596
596
593
597
597
601
600
602
599
602
605
604
604
604
609
607
611
608
612
610
616
613
614
614
618
617
622
619
620
625
623
623
624
627
625
630
631
633
633
634
632
632
633
634
635
636
641
638
642
640
643
643
643
644
647
647
652
653
651
654
652
657
657
655
659
656
657
658
660
665
665
667
665
668
668
668
667
669
673
670
675
673
674
676
677
676
678
681
683
684
685
686
687
689
688
687
690
693
693
690
695
694
694
698
700
696
700
702
700
702
703
702
708
709
706
711
708
710
711
714
713
715
714
718
717
718
722
721
722
724
725
726
726
724
730
731
730
728
732
735
734
733
738
737
735
739
737
743
739
743
746
747
748
747
748
749
747
748
754
750
751
754
757
756
758
756
757
761
761
761
763
763
768
767
767
768
768
768
773
771
774
773
774
776
779
778
779
782
781
780
781
782
785
787
790
789
792
792
789
790
796
793
795
799
795
799
799
802
804
804
805
803
805
805
807
809
812
809
810
813
812
817
817
819
819
817
818
822
820
824
822
826
828
827
827
826
829
833
832
832
832
833
834
839
836
841
841
843
840
843
842
847
848
845
847
848
847
850
851
851
853
856
855
854
855
861
859
861
859
864
866
865
868
865
868
871
869
870
871
874
875
873
873
879
875
876
882
880
884
881
884
884
883
887
889
891
888
892
889
890
892
893
898
897
896
897
902
902
900
900
902
905
907
904
908
908
910
911
913
914
915
914
917
917
915
921
918
922
919
921
922
926
927
926
930
931
932
930
934
933
931
933
936
938
939
937
939
940
940
943
942
945
943
944
945
951
948
951
953
950
953
953
958
956
959
957
957
960
960
961
965
966
965
964
965
967
968
972
972
973
971
973
976
974
980
980
982
983
981
983
982
982
986
989
986
991
992
990
989
990
996
996
994
994
999
998
1001
999
1004
1003
1004
1005
1006
1008
1009
1010
1010
1009
1013
1013
1012
1012
1015
1017
1015
1016
1018
1018
1021
1021
1024
1025
1027
1025
1028
1031
1031
1029
1034
1032
1036
1032
1038
1038
1038
1040
1037
1040
1039
1045
1046
1044
1045
1045
1045
1048
1051
1052
1054
1051
1055
1055
1054
1055
1059
1057
1057
1060
1059
1064
1063
1062
1064
1067
1068
1066
1072
1072
1069
1074
1074
1074
1077
1077
1075
1081
1078
1081
1084
1080
1085
1086
1087
1086
1090
1086
1092
1093
1089
1093
1091
1094
1093
1094
1097
1098
1102
1102
1102
1104
1102
1105
1108
1105
1109
1109
1109
1108
1113
1113
1114
1112
1113
1115
1120
1117
1118
1121
1119
1120
1123
1126
1123
1125
1126
1127
1130
1132
1132
1130
1133
1137
1135
1135
1138
1137
1141
1143
1142
1142
1144
1144
1144
1146
1145
1151
1150
1153
1153
1154
1156
1156
1158
1159
1155
1158
1159
1160
1163
1165
1162
1163
1166
1167
1167
1171
1168
1168
1171
1172
1176
1177
1178
1174
1180
1180
1177
1180
1182
1185
1184
1187
1183
1186
1185
1186
1192
1192
1191
1190
1195
1197
1193
1198
1198
1199
1201
1199
1201
1201
1202
1203
1206
1208
1207
1209
1210
1208
1209
1210
1212
1216
1213
1219
1217
1218
1221
1223
1219
1221
1223
1223
1224
1224
1229
1226
1230
1233
1234
1234
1232
1236
1235
1234
1240
1240
1237
1240
1240
1241
1244
1244
1247
1245
1247
1249
1250
1250
1254
1255
1255
1253
1258
1259
1260
1260
1257
1258
1263
1265
1266
1267
1266
1264
1268
1270
1272
1268
1273
1273
1271
1277
1276
1274
1278
1277
1277
1279
1280
1283
1282
1287
1288
1284
1287
1290
1288
1291
1291
1295
1296
1294
1295
1296
1296
1299
1299
1300
1300
1305
1301
1302
1305
1306
1305
1309
1310
1313
1310
1315
1311
1316
1315
1316
1318
1316
1320
1319
1322
1322
1324
1323
1328
1327
1327
1328
1327
1330
1332
1333
1335
1337
1333
1337
1338
1336
1342
1343
1342
1340
1344
1346
1346
1345
1350
1350
1352
1353
1349
1353
1352
1352
1354
1358
1357
1357
1357
1359
1360
1360
1364
1366
1363
1366
1370
1370
1367
1373
1369
1375
1375
1376
1375
1378
1380
1378
1377
1379
1383
1382
1381
1384
1385
1389
1386
1390
1392
1392
1389
1390
1393
1396
1397
1399
1399
1396
1399
1400
1399
1400
1403
1407
1403
1406
1409
1406
1408
1412
1412
1415
1412
1416
1418
1419
1419
1417
1422
1423
1420
1420
1423
1427
1428
1425
1430
1431
1431
1429
1429
1435
1433
1437
1434
1438
1437
1440
1440
1438
1443
1442
1445
1442
1444
1446
1449
1451
1449
1452
1453
1451
1456
1455
1458
1456
1456
1456
1462
1462
1461
1462
1461
1462
1468
1465
1465
1470
1470
1473
1473
1470
1472
1477
1476
1475
1477
1481
1477
1478
1484
1482
1486
1482
1484
1487
1485
1491
1488
1492
1490
1493
1493
1494
1495
1494
1498
1499
1497
1501
1503
1504
1503
1503
1503
1508
1510
1506
1507
1513
1514
1511
1514
1517
1515
1519
1517
1520
1519
1519
1519
1521
1522
1522
1528
1526
1530
1530
1527
1529
1533
1534
1536
1535
1533
1534
1535
1537
1537
1540
1541
1540
1546
1547
1546
1545
1550
1551
1550
1552
1551
1552
1553
1554
1555
1554
1558
1559
1561
1559
1564
1561
1565
1563
1564
1564
1568
1568
1568
1569
1570
1570
1575
1577
1574
1578
1580
1581
1577
1582
1583
1583
1586
1583
1588
1585
1586
1589
1591
1588
1594
1595
1596
1593
1594
1594
1598
1596
1601
1602
1601
1602
1603
1607
1606
1608
1609
1610
1610
1612
1613
1611
1616
1615
1615
1614
1615
1621
1621
1621
1620
1625
1623
1625
1628
1626
1630
1631
1630
1632
1631
1631
1633
1637
1638
1638
1638
1640
1639
1640
1640
1645
1645
1647
1647
1646
1650
1646
1648
1653
1651
1653
1652
1652
1657
1658
1659
1657
1657
1663
1660
1663
1664
1662
1663
1665
1669
1671
1670
1670
1670
1674
1674
1674
1677
1675
1676
1677
1681
1680
1682
1685
1686
1685
1685
1689
1688
1691
1691
1689
1689
1695
1691
1695
1698
1695
1695
1699
1702
1699
1699
1703
1702
1703
1705
1708
1705
1707
1712
1708
1710
1714
1716
1714
1715
1717
1717
1716
1722
1721
1719
1723
1725
1722
1728
1724
1727
1726
1732
1732
1731
1733
1736
1734
1735
1736
1737
1736
1741
1741
1742
1741
1741
1744
1744
1748
1750
1748
1749
1753
1754
