0
3
7
8
5
7
6
8
12
9
12
16
12
14
18
16
21
21
20
21
23
25
22
28
26
29
29
30
30
29
31
31
32
33
37
35
41
38
41
39
45
46
44
43
48
45
49
50
50
50
51
52
54
54
54
59
58
62
58
60
60
66
67
68
64
69
66
72
72
70
72
74
72
77
77
76
76
80
83
82
81
83
85
86
85
90
88
87
92
92
90
94
97
96
99
98
98
100
103
101
102
101
104
104
106
107
108
110
111
113
112
115
112
118
114
118
121
119
118
121
124
121
123
123
125
130
130
129
132
132
135
135
136
137
138
140
137
139
140
142
145
144
146
146
144
148
151
147
152
151
153
153
154
153
155
155
160
158
161
163
160
164
166
168
165
170
167
170
173
169
174
174
174
173
177
180
179
182
183
181
183
182
185
186
188
188
190
192
188
190
195
192
192
194
199
197
200
198
202
203
201
201
204
205
207
210
207
208
210
214
212
211
214
216
215
215
219
219
220
224
225
226
223
227
229
228
226
227
231
230
235
232
232
236
234
235
238
240
242
241
245
241
242
244
247
246
246
248
248
254
251
251
253
256
257
255
260
261
263
259
265
261
266
265
269
265
266
271
271
270
274
275
276
277
274
276
281
277
279
283
284
286
283
288
289
288
287
288
292
291
290
292
292
294
295
300
296
300
302
299
303
306
304
307
307
305
308
310
311
313
311
312
315
315
317
319
317
321
321
324
324
326
324
327
326
325
328
327
333
334
330
334
336
338
335
336
341
341
343
340
342
343
345
345
349
348
347
349
353
351
350
355
354
356
357
355
357
357
363
361
360
362
363
364
366
367
368
368
369
373
373
376
375
376
378
375
381
377
381
382
385
381
387
384
386
387
390
391
388
394
394
392
392
393
397
398
400
401
402
400
405
405
403
405
407
405
407
412
410
414
410
414
417
416
418
418
418
417
420
423
420
423
424
426
427
427
429
430
429
430
434
436
435
433
438
437
440
441
438
444
442
444
445
447
447
449
450
452
452
451
452
451
457
454
456
455
458
461
463
459
462
462
464
465
465
470
470
467
471
470
473
474
477
478
477
478
477
477
478
480
484
485
484
485
486
486
491
492
493
491
493
492
492
493
496
496
500
501
500
504
500
503
505
508
504
508
510
508
512
513
510
516
512
513
516
516
517
520
523
523
520
522
525
526
524
525
527
527
529
532
531
531
534
538
536
538
538
537
541
542
545
542
542
543
545
546
551
550
553
549
551
554
553
557
555
558
556
560
560
560
563
565
566
565
564
568
568
569
573
572
574
576
576
575
577
576
576
577
579
580
585
585
586
588
588
590
591
590
591
592
592
592
595
593
596
595
601
602
600
599
604
601
603
605
607
610
609
607
611
611
611
615
615
614
614
615
617
620
623
619
621
623
622
627
625
628
627
628
631
631
635
633
637
633
634
640
639
637
641
643
641
646
647
646
647
647
646
652
648
652
652
654
654
653
655
658
658
658
662
663
663
665
667
664
666
665
671
671
670
671
670
676
673
676
674
676
678
681
681
681
684
685
685
686
689
688
690
689
691
694
692
694
697
695
698
700
701
701
699
702
705
703
705
706
708
710
711
707
710
713
712
715
712
714
719
715
716
722
718
721
721
724
726
724
728
730
727
731
729
734
733
734
735
733
735
739
738
740
741
740
741
744
742
748
749
746
751
750
748
753
751
754
756
755
754
755
758
759
761
760
763
766
762
767
764
770
769
770
768
770
772
775
776
776
779
780
781
777
778
784
785
781
783
787
787
790
787
787
790
794
790
794
796
793
797
795
800
800
798
802
802
803
804
808
809
808
807
812
809
813
811
815
815
813
814
820
820
821
823
824
822
825
824
825
828
829
828
832
829
833
834
833
835
837
836
840
838
841
842
839
843
842
845
843
849
846
847
851
852
849
855
854
852
856
859
855
856
860
860
863
862
863
867
867
869
870
870
871
873
871
874
875
874
878
874
877
879
881
878
882
882
883
887
884
885
885
889
887
893
893
891
896
896
897
897
900
899
902
901
903
903
904
904
906
909
907
909
912
913
911
914
912
913
915
916
920
917
921
921
923
921
924
927
923
924
926
927
929
930
933
930
932
933
937
937
936
938
938
938
940
943
945
946
946
949
946
949
950
953
952
954
952
956
955
954
957
960
961
961
963
965
963
967
967
967
969
969
967
968
971
971
974
976
973
979
978
976
981
979
982
982
984
983
986
988
988
986
989
989
989
990
992
993
996
995
995
997
998
998
1004
1000
1001
1004
1004
1005
1007
1006
1010
1013
1010
1011
1016
1017
1017
1017
1017
1019
1021
1020
1023
1024
1021
1022
1028
1028
1027
1029
1030
1030
1033
1031
1035
1037
1033
1034
1035
1037
1038
1041
1044
1043
1042
1044
1043
1044
1046
1050
1052
1049
1053
1053
1052
1057
1056
1056
1059
1056
1062
1061
1062
1061
1064
1065
1064
1068
1067
1068
1067
1072
1072
1071
1075
1076
1075
1077
1075
1081
1082
1080
1079
1085
1085
1084
1086
1087
1087
1086
1088
1088
1094
1094
1091
1093
1095
1096
1096
1098
1098
1103
1103
1105
1103
1106
1103
1109
1109
1106
1112
1113
1113
1114
1113
1115
1113
1118
1116
1120
1118
1121
1119
1125
1125
1124
1126
1129
1129
1126
1132
1131
1131
1132
1132
1133
1137
1134
1135
1136
1142
1141
1144
1142
1146
1142
1144
1144
1147
1148
1152
1149
1150
1150
1154
1154
1156
1154
1159
1160
1160
1158
1164
1163
1163
1163
1167
1168
1168
1166
1167
1168
1173
1175
1172
1174
1177
1177
1176
1180
1182
1178
1182
1181
1183
1187
1187
1189
1190
1187
1187
1192
1192
1195
1195
1192
1194
1198
1200
1199
1200
1201
1200
1201
1204
1203
1205
1205
1210
1207
1211
1211
1214
1211
1212
1214
1213
1215
1215
1218
1219
1223
1224
1223
1222
1223
1224
1228
1229
1226
1228
1229
1230
1235
1235
1233
1238
1239
1239
1241
1240
1242
1243
1242
1246
1242
1246
1249
1248
1251
1252
1249
1250
1254
1252
1255
1258
1258
1255
1256
1261
1258
1264
1261
1265
1262
1268
1265
1267
1271
1269
1269
1269
1271
1276
1272
1278
1279
1277
1277
1282
1281
1281
1284
1284
1284
1288
1285
1288
1287
1292
1292
1290
1294
1294
1296
1295
1299
1298
1297
1299
1302
1304
1303
1304
1306
1308
1306
1309
1306
1310
1313
1312
1313
1313
1315
1318
1318
1317
1318
1317
1319
1321
1324
1321
1325
1328
1327
1328
1326
1331
1333
1331
1332
1333
1333
1336
1338
1336
1340
1340
1341
1344
1344
1343
1344
1347
1344
1345
1347
1347
1349
1349
1351
1351
1356
1355
1357
1356
1361
1360
1362
1360
1364
1365
1364
1363
1367
1365
1366
1368
1370
1374
1372
1376
1375
1374
1376
1379
1379
1382
1381
1382
1382
1386
1386
1387
1388
1386
1390
1390
1392
1392
1394
1391
1395
1393
1399
1397
1401
1399
1402
1401
1403
1403
1403
1405
1406
1410
1410
1408
1409
1410
1413
1415
1413
1417
1418
1419
1418
1419
1421
1423
1424
1426
1427
1423
1427
1426
1430
1431
1429
1434
1432
1436
1433
1438
1436
1438
1436
1440
1441
1441
1442
1443
1445
1446
1444
1447
1451
1452
1450
1451
1453
1451
1452
1454
1458
1455
1457
1458
1458
1462
1460
1463
1465
1468
1466
1468
1466
1467
1470
1470
1472
1474
1476
1475
1476
1475
1481
1481
1481
1483
1481
1483
1484
1487
1489
1488
1489
1489
1491
1490
1490
1496
1495
1495
1498
1500
1496
1498
1503
1504
1501
1502
1503
1508
1509
1510
1511
1510
1509
1510
1510
1511
1514
1514
1517
1518
1521
1522
1521
1522
1521
1525
1522
1525
1529
1530
1528
1531
1529
1532
1533
1533
1535
1533
1535
1535
1539
1537
1540
1539
1544
1546
1545
1548
1548
1545
1548
1548
1551
1551
1555
1554
1552
1554
1554
1558
1557
1562
1558
1562
1561
1562
1565
1568
1564
1567
1569
1572
1569
1570
1571
1573
1573
1576
1576
1576
1576
1582
1580
1581
1585
1583
1582
1583
1584
1586
1588
1587
1589
1589
1592
1596
1596
1593
1597
1596
1598
1602
1601
1599
1602
1601
1607
1603
1604
1609
1607
1607
1608
1613
1615
1616
1617
1616
1617
1620
1621
1620
1618
1623
1624
1623
1625
1626
1624
1630
1627
1632
1630
1630
1631
1631
1632
1634
1637
1640
1641
1640
1642
1639
1643
1643
1646
1647
1649
1648
1650
1652
1652
1652
1655
1653
1657
1654
1655
1656
1659
1661
1662
1660
1662
1666
1662
1664
1668
1668
1671
1670
1673
1671
1673
1672
1673
1678
1677
1680
1679
1682
1683
1679
1683
1684
1686
1688
1688
1687
1690
1691
1692
1691
1695
1696
1697
1696
1697
1697
1700
1702
1702
1704
1703
1702
1702
1708
1709
1710
1706
1710
1713
1711
1712
1713
1715
1715
1714
1716
1721
1719
1723
1720
1721
1723
1727
1724
1726
1727
1730
1730
1731
1734
1735
1736
1736
1734
1739
1739
1736
1739
1742
1741
1743
1742
1744
1743
1746
1748
1751
1750
1750
1752
