3
3
7
7
4
7
6
12
9
14
12
13
15
13
14
16
19
20
22
23
21
24
27
28
27
30
29
31
30
31
32
34
33
38
37
37
41
40
41
44
42
45
46
48
48
49
50
47
51
49
54
53
57
55
59
60
58
57
61
61
62
64
64
67
69
69
66
71
73
69
74
76
72
77
74
76
76
77
79
79
80
86
85
86
85
87
89
87
93
90
91
95
96
94
99
98
99
101
98
100
100
104
104
105
105
106
106
112
113
110
111
111
113
113
117
119
120
120
121
119
120
121
126
124
129
128
128
129
133
134
130
131
137
133
134
138
137
139
140
140
141
144
146
146
147
149
146
149
152
149
151
153
157
154
157
159
157
159
158
164
164
164
166
163
169
165
169
169
173
174
171
174
175
176
177
177
180
181
182
181
181
182
183
187
186
188
186
192
189
193
192
194
194
193
196
197
197
198
201
199
202
201
205
205
206
207
206
210
209
214
215
214
212
215
215
215
216
218
221
221
221
221
227
225
229
227
226
229
231
234
234
235
232
237
238
239
236
240
238
239
244
246
246
248
246
245
246
249
251
251
250
255
254
258
257
260
256
259
258
262
264
263
265
264
264
269
268
269
273
273
271
274
273
276
277
275
276
280
281
282
281
282
282
287
286
287
291
287
291
291
292
295
297
295
296
296
299
297
302
299
303
305
305
308
304
305
307
310
312
313
313
316
316
318
316
319
320
322
323
324
321
321
325
325
324
327
327
331
332
334
332
336
337
334
336
337
336
339
339
342
341
342
345
348
348
348
349
351
348
351
354
356
354
356
359
358
359
362
360
364
365
366
362
365
364
365
371
371
372
369
372
373
375
375
379
380
380
377
383
384
383
384
384
388
384
388
391
389
389
389
394
391
392
394
397
398
399
402
402
400
405
405
404
404
405
408
409
407
411
411
412
411
415
416
418
420
418
417
421
422
425
423
423
423
428
429
430
432
428
429
435
435
435
436
439
440
440
438
440
443
440
445
446
447
444
447
448
449
452
452
451
454
456
455
457
457
460
458
458
459
463
462
462
463
468
469
468
467
473
471
475
476
473
474
474
475
478
477
482
481
484
486
484
484
486
490
487
492
493
492
492
493
492
496
499
499
497
499
500
501
501
505
506
503
508
510
506
508
512
509
510
513
512
517
516
519
517
522
523
521
525
523
526
524
524
526
528
531
528
533
531
535
536
534
535
535
538
541
541
541
540
543
547
548
549
547
549
550
553
550
554
552
553
558
554
555
556
558
558
564
561
565
563
568
568
570
570
569
572
573
574
573
572
574
577
579
577
581
581
583
581
585
586
583
585
588
587
590
593
592
594
594
595
593
597
596
600
598
598
604
601
603
606
603
604
605
609
607
612
613
610
613
614
615
617
615
616
619
620
621
623
624
624
623
626
628
628
629
632
629
632
634
636
634
637
637
639
641
642
644
641
643
647
646
646
650
650
648
651
650
650
652
656
655
659
659
658
658
658
663
665
664
667
663
664
666
670
667
672
669
675
672
674
675
679
679
680
680
682
681
682
681
685
686
689
685
690
690
689
690
691
694
695
698
699
697
701
698
701
701
704
703
705
708
708
705
707
709
708
713
715
716
712
713
714
719
717
718
720
720
725
725
724
726
724
726
728
731
730
731
733
733
735
738
734
738
736
742
742
742
742
744
745
744
746
750
750
747
749
752
754
752
753
758
754
759
758
758
761
763
763
766
763
767
765
765
770
767
771
770
773
774
772
778
776
776
777
778
778
782
782
784
787
788
785
785
790
792
791
794
793
793
795
797
799
799
796
799
799
803
802
802
803
808
809
808
806
808
813
812
814
812
814
817
817
818
816
822
823
819
820
822
822
826
825
826
829
831
833
831
834
831
835
836
837
840
837
840
843
840
843
846
847
846
844
846
847
849
852
853
852
851
852
857
857
860
861
861
861
863
865
863
864
865
866
870
870
867
872
873
874
875
875
877
874
878
879
879
883
881
881
886
882
883
887
886
886
891
889
889
893
893
896
894
896
898
900
900
898
900
904
906
906
904
905
907
910
909
913
909
915
913
916
917
919
918
921
920
920
919
925
924
924
923
927
930
928
927
931
934
931
936
933
934
935
940
937
941
942
943
941
942
943
944
947
946
948
947
953
949
952
954
954
958
956
957
958
957
963
961
961
965
963
967
968
969
966
969
970
969
971
975
976
976
978
979
976
978
982
980
982
982
983
984
986
987
987
992
993
989
991
993
993
994
995
996
997
998
998
1004
1002
1001
1005
1008
1009
1009
1007
1012
1011
1010
1015
1016
1013
1018
1017
1016
1018
1019
1020
1024
1021
1021
1024
1028
1025
1025
1028
1032
1029
1031
1030
1034
1032
1038
1038
1036
1040
1040
1043
1043
1040
1044
1043
1044
1044
1048
1051
1049
1050
1050
1050
1051
1056
1057
1057
1058
1061
1059
1058
1060
1065
1064
1062
1065
1064
1066
1071
1069
1069
1072
1074
1071
1076
1075
1078
1080
1078
1078
1078
1081
1080
1086
1087
1088
1089
1088
1091
1090
1091
1093
1091
1095
1092
1097
1094
1098
1097
1098
1103
1100
1105
1103
1104
1106
1108
1107
1109
1111
1111
1110
1115
1111
1113
1114
1118
1118
1116
1120
1120
1120
1122
1124
1122
1123
1124
1125
1127
1130
1131
1133
1133
1131
1133
1137
1136
1138
1138
1139
1142
1139
1144
1146
1143
1143
1148
1145
1149
1152
1151
1149
1150
1152
1153
1156
1159
1158
1158
1157
1161
1161
1160
1162
1165
1166
1169
1168
1171
1172
1169
1174
1172
1174
1175
1178
1177
1177
1176
1177
1181
1183
1181
1183
1183
1187
1184
1188
1189
1188
1192
1191
1191
1196
1197
1194
1199
1195
1199
1197
1202
1200
1200
1202
1202
1204
1207
1205
1206
1210
1208
1214
1213
1211
1212
1214
1217
1220
1219
1220
1221
1224
1221
1223
1222
1224
1224
1225
1226
1230
1229
1230
1234
1231
1233
1238
1236
1236
1239
1240
1238
1244
1245
1242
1242
1244
1248
1245
1246
1250
1253
1252
1254
1254
1254
1258
1258
1259
1257
1257
1263
1259
1261
1264
1265
1267
1267
1268
1271
1269
1269
1269
1272
1271
1274
1278
1278
1278
1276
1282
1278
1281
1281
1285
1287
1288
1284
1288
1289
1290
1292
1294
1290
1292
1292
1295
1297
1298
1298
1297
1303
1302
1302
1305
1305
1307
1306
1309
1310
1308
1309
1314
1311
1314
1316
1313
1315
1320
1316
1322
1319
1323
1320
1321
1323
1327
1327
1329
1328
1331
1328
1334
1335
1336
1336
1334
1336
1340
1341
1337
1340
1339
1341
1346
1342
1345
1348
1347
1346
1351
1349
1352
1353
1356
1357
1355
1356
1355
1361
1362
1363
1364
1362
1365
1362
1367
1366
1367
1367
1367
1370
1374
1375
1371
1375
1375
1374
1377
1377
1377
1379
1379
1380
1381
1387
1384
1387
1388
1387
1389
1392
1392
1395
1394
1392
1393
1394
1395
1399
1398
1401
1403
1405
1403
1402
1405
1408
1408
1407
1412
1411
1409
1415
1411
1413
1414
1416
1417
1420
1422
1422
1424
1422
1424
1425
1425
1429
1428
1427
1430
1428
1431
1431
1435
1437
1438
1438
1440
1437
1437
1441
1442
1444
1442
1447
1448
1444
1446
1447
1452
1449
1449
1451
1454
1453
1456
1455
1458
1457
1462
1462
1462
1461
1466
1465
1468
1465
1470
1466
1467
1470
1473
1473
1471
1473
1474
1479
1477
1479
1478
1478
1480
1481
1483
1482
1488
1484
1485
1489
1490
1489
1490
1492
1496
1496
1494
1499
1495
1497
1502
1503
1503
1503
1504
1502
1505
1509
1509
1511
1510
1510
1512
1514
1516
1513
1517
1519
1520
1518
1518
1519
1522
1521
1522
1524
1528
1524
1528
1531
1527
1529
1529
1534
1535
1532
1538
1539
1535
1537
1540
1538
1540
1541
1544
1544
1544
1548
1545
1551
1550
1553
1554
1550
1553
1556
1558
1554
1557
1556
1557
1560
1561
1560
1564
1565
1567
1567
1565
1570
1569
1570
1569
1570
1571
1573
1574
1575
1580
1581
1580
1579
1584
1583
1586
1582
1585
1584
1588
1587
1591
1591
1589
1595
1595
1597
1597
1594
1596
1601
1597
1602
1600
1600
1603
1602
1605
1606
1607
1607
1612
1608
1613
1611
1614
1616
1615
1617
1615
1621
1619
1622
1621
1620
1622
1622
1628
1627
1630
1631
1632
1633
1630
1632
1631
1637
1638
1636
1638
1639
1637
1643
1641
1642
1646
1644
1644
1649
1650
1650
1647
1648
1651
1651
1652
1652
1654
1659
1656
1659
1660
1662
1659
1662
1664
1664
1663
1669
1670
1669
1669
1672
1670
1671
1674
1672
1678
1677
1676
1679
1677
1682
1682
1680
1682
1686
1684
1686
1690
1690
1690
1691
1690
1690
1696
1692
1693
1698
1698
1701
1698
1701
1701
1700
1701
1707
1708
1705
1710
1707
1709
1711
1710
1710
1715
1717
1713
1716
1720
1719
1717
1722
1719
1724
1724
1726
1725
1729
1726
1728
1728
1733
1729
1734
1736
1737
1735
1738
1739
1736
1740
1739
1741
1742
1741
1743
1746
1746
1750
1751
1747
1753
1751
