3
4
2
4
4
5
10
9
12
13
13
12
17
17
17
20
18
20
21
24
20
25
24
23
25
26
29
29
32
33
34
35
37
33
34
36
41
41
39
42
42
41
42
45
45
50
51
49
51
49
53
52
57
56
58
55
61
57
58
63
62
63
63
68
66
69
69
68
69
72
72
73
76
73
77
76
76
81
79
82
83
83
82
86
84
87
90
92
91
90
92
93
92
93
98
95
97
101
98
101
100
105
106
105
104
109
108
109
110
112
115
112
115
115
119
115
120
119
119
121
123
121
122
125
126
128
130
131
133
132
135
132
136
135
138
139
138
141
141
141
144
141
142
148
145
146
150
147
152
150
150
151
157
157
155
156
157
161
160
159
160
166
165
167
167
167
168
169
170
174
175
175
176
175
175
178
181
180
178
184
184
181
187
183
188
188
186
189
189
192
194
196
196
195
197
200
196
202
202
200
204
205
204
206
205
209
209
210
208
213
212
216
212
216
219
216
220
221
221
221
220
225
224
228
229
226
227
230
232
229
232
232
235
235
235
235
237
241
240
240
243
241
243
246
247
247
250
252
251
249
252
255
253
257
254
259
259
262
259
259
261
263
266
264
269
265
271
268
273
274
274
276
273
273
276
278
280
277
279
282
283
285
287
283
285
289
287
290
291
290
291
292
295
296
298
299
300
300
301
303
305
305
302
306
307
308
308
309
312
313
315
313
312
313
315
318
316
317
320
321
325
326
322
324
329
329
331
330
329
332
331
333
337
333
338
336
337
340
341
342
342
343
343
346
344
347
349
352
349
349
353
353
353
353
355
355
357
360
360
360
361
364
362
367
365
367
366
369
371
371
372
376
372
378
378
377
380
378
380
381
380
383
382
385
384
385
387
388
389
394
393
392
396
398
395
398
396
399
399
402
405
405
403
405
409
406
409
412
408
414
413
416
417
417
416
418
416
417
420
422
420
423
425
428
425
429
426
428
433
434
435
435
436
433
438
436
441
442
443
443
444
445
443
446
444
448
447
447
448
449
452
454
453
458
455
455
461
458
461
460
461
463
466
466
467
465
469
470
468
469
472
471
475
476
477
480
477
482
482
482
480
485
485
485
487
485
490
491
493
492
495
492
494
493
498
495
499
499
498
504
501
502
506
508
504
508
507
508
509
512
511
515
513
517
518
517
520
522
521
524
522
526
527
525
527
525
526
528
531
530
535
531
535
535
539
536
538
540
540
543
545
541
545
547
548
546
551
548
549
549
551
553
552
555
558
558
557
561
563
563
561
565
567
568
568
567
571
567
573
570
573
573
574
578
577
579
576
580
581
583
580
584
584
586
587
585
588
590
590
590
594
593
594
593
599
598
596
598
599
604
600
603
606
605
604
609
611
607
613
611
615
612
614
618
616
620
618
619
618
623
622
622
623
627
624
629
627
630
628
630
630
632
632
636
636
640
638
642
640
641
641
644
646
646
649
648
649
651
653
650
651
654
654
658
658
658
657
662
662
661
661
663
664
663
667
670
671
667
673
672
673
672
674
678
674
679
678
680
683
683
684
685
684
686
686
687
689
689
693
692
693
691
692
694
699
695
697
700
698
704
700
702
705
703
707
708
708
710
708
713
715
715
712
713
716
716
719
721
718
719
724
725
724
727
726
727
729
730
730
729
730
734
732
736
736
738
738
739
739
743
740
743
742
744
747
746
749
747
752
750
750
756
755
757
757
756
757
757
759
762
763
765
766
766
764
769
766
771
772
773
771
774
775
774
777
775
778
777
778
779
784
781
785
786
786
789
791
788
788
792
794
795
795
793
797
795
799
798
801
799
800
804
804
803
807
810
808
812
810
809
815
812
816
815
816
820
820
821
823
820
823
823
825
828
829
825
831
832
833
831
833
833
836
833
836
839
840
840
838
842
845
846
843
847
844
850
850
847
853
852
850
852
857
858
859
858
859
861
862
861
861
864
865
868
866
866
868
872
870
874
873
875
872
876
874
877
877
879
881
882
880
884
882
887
887
889
889
889
888
894
892
893
896
897
894
900
896
902
903
902
902
905
906
906
905
907
908
909
912
913
910
912
914
913
915
916
920
920
919
922
921
925
924
923
925
930
928
930
930
930
932
936
935
936
935
938
936
939
940
943
945
946
947
944
945
948
946
951
951
949
952
951
953
958
957
955
959
962
963
959
964
963
967
963
967
966
971
970
972
974
970
974
972
976
978
975
976
979
978
981
982
982
986
987
985
988
991
992
993
994
994
996
994
997
996
995
1001
997
1003
999
1001
1005
1006
1004
1008
1007
1009
1009
1013
1010
1012
1012
1013
1013
1018
1020
1019
1020
1022
1020
1020
1023
1024
1026
1027
1027
1028
1032
1029
1031
1035
1032
1034
1037
1038
1036
1037
1041
1040
1041
1040
1043
1042
1043
1044
1050
1050
1050
1051
1050
1050
1054
1054
1054
1058
1058
1057
1062
1061
1063
1065
1065
1066
1067
1069
1065
1070
1071
1071
1074
1073
1072
1075
1077
1079
1075
1080
1082
1078
1082
1084
1083
1082
1088
1084
1085
1091
1088
1089
1093
1091
1094
1097
1093
1094
1097
1096
1102
1102
1100
1100
1104
1102
1103
1109
1110
1110
1111
1112
1111
1111
1116
1114
1118
1119
1120
1121
1119
1121
1124
1122
1124
1127
1124
1127
1130
1129
1128
1131
1134
1130
1136
1136
1137
1136
1140
1136
1141
1138
1144
1140
1145
1142
1143
1146
1148
1146
1150
1148
1154
1150
1156
1152
1157
1154
1157
1161
1161
1159
1164
1160
1163
1165
1165
1169
1169
1170
1168
1170
1171
1170
1171
1176
1175
1176
1177
1180
1178
1179
1180
1180
1185
1184
1185
1185
1185
1188
1192
1192
1191
1195
1192
1194
1198
1194
1195
1199
1200
1200
1203
1205
1203
1207
1206
1205
1210
1208
1209
1211
1213
1213
1216
1214
1213
1217
1215
1216
1222
1222
1222
1225
1221
1225
1223
1224
1226
1230
1230
1233
1234
1230
1232
1236
1237
1239
1240
1237
1240
1240
1240
1241
1242
1243
1246
1246
1245
1247
1249
1251
1253
1255
1251
1255
1254
1259
1258
1258
1258
1263
1260
1261
1265
1265
1265
1265
1268
1268
1270
1269
1270
1273
1275
1273
1278
1278
1279
1277
1281
1282
1283
1280
1285
1282
1284
1285
1285
1289
1287
1290
1291
1291
1291
1293
1293
1297
1297
1300
1300
1303
1303
1305
1305
1306
1308
1306
1307
1309
1310
1313
1310
1310
1313
1316
1315
1315
1316
1317
1317
1319
1319
1324
1323
1322
1326
1328
1326
1330
1328
1329
1330
1330
1331
1332
1338
1334
1337
1338
1339
1338
1339
1341
1343
1346
1344
1344
1347
1347
1348
1353
1350
1352
1352
1352
1357
1356
1357
1361
1361
1358
1359
1364
1365
1364
1368
1366
1366
1370
1369
1368
1373
1375
1371
1374
1373
1374
1379
1379
1382
1383
1381
1384
1383
1383
1383
1386
1389
1387
1392
1389
1392
1390
1395
1393
1395
1397
1398
1400
1402
1398
1403
1403
1404
1407
1407
1409
1407
1408
1410
1413
1414
1413
1415
1416
1413
1415
1416
1420
1417
1418
1420
1421
1424
1423
1428
1429
1427
1430
1427
1429
1429
1432
1432
1437
1435
1434
1440
1440
1441
1442
1441
1442
1441
1442
1446
1449
1446
1448
1447
1453
1452
1452
1456
1456
1454
1458
1459
1459
1462
1460
1462
1461
1463
1467
1463
1465
1465
1471
1468
1470
1471
1475
1471
1475
1477
1475
1475
1476
1482
1482
1479
1480
1481
1483
1487
1488
1488
1486
1490
1489
1489
1491
1493
1492
1496
1499
1496
1497
1499
1499
1501
1503
1503
1505
1508
1508
1505
1510
1510
1509
1511
1515
1514
1517
1515
1519
1520
1516
1517
1522
1521
1521
1526
1526
1525
1528
1528
1526
1528
1532
1529
1530
1534
1533
1535
1539
1537
1541
1542
1542
1541
1542
1545
1544
1547
1548
1546
1547
1550
1553
1552
1553
1556
1557
1555
1554
1558
1559
1557
1558
1559
1562
1563
1567
1564
1569
1569
1570
1571
1570
1573
1570
1576
1575
1573
1575
1575
1576
1582
1580
1581
1580
1581
1587
1588
1586
1587
1586
1590
1589
1592
1590
1594
1592
1593
1596
1598
1601
1602
1599
1599
1605
1606
1605
1603
1604
1606
1610
1608
1608
1611
1610
1612
1613
1617
1619
1616
1616
1622
1623
1624
1621
1621
1626
1628
1624
1630
1629
1627
1630
1632
1631
1635
1636
1637
1635
1637
1640
1641
1639
1642
1643
1645
1646
1648
1648
1650
1647
1647
1649
1653
1651
1656
1654
1655
1655
1656
1656
1661
1663
1664
1665
1665
1667
1665
1665
1670
1666
1670
1668
1674
1671
1675
1672
1677
1674
1678
1678
1679
1680
1684
1682
1681
1682
1686
1689
1690
1688
1692
1689
1692
1695
1691
1694
1696
1695
1698
1696
1701
1700
1704
1705
1703
1702
1704
1704
1710
1709
1708
1711
1712
1713
1716
1712
1715
1718
1715
1717
1720
1719
1724
1721
1721
1722
1725
1728
1730
1726
1730
1731
1731
1733
1734
1732
1736
1738
1737
1741
1737
1740
1739
1740
1743
1746
1745
1745
1748
1747
1752
1750
1754
