1
5
2
8
4
7
8
7
11
9
12
13
12
15
14
20
19
19
23
20
24
22
22
24
28
28
28
31
28
34
35
31
34
35
36
37
41
37
38
39
40
46
44
47
45
46
47
51
51
52
55
51
57
57
56
58
61
60
61
59
65
63
62
67
68
67
66
71
70
72
75
71
73
78
79
76
81
81
81
84
80
84
87
84
89
90
89
87
92
92
90
91
94
98
96
100
100
101
101
102
103
101
106
105
109
109
106
111
110
113
114
114
113
113
119
116
119
118
120
121
121
123
122
128
126
129
128
132
132
129
135
132
134
134
135
138
141
137
140
144
142
145
144
147
149
145
150
150
153
153
151
152
156
156
154
159
160
157
158
164
165
163
163
168
169
166
169
171
172
172
171
173
175
173
178
178
176
180
183
180
181
183
184
185
185
190
189
191
190
191
192
195
193
195
198
200
196
198
203
202
203
203
206
206
207
207
209
209
209
211
215
214
216
215
219
220
219
219
222
222
220
223
223
224
229
225
229
229
230
234
233
235
233
237
235
237
238
237
242
239
242
242
247
248
247
247
246
249
252
250
251
256
254
258
254
255
260
258
261
263
265
261
265
264
264
265
269
269
268
272
271
273
273
273
279
278
276
280
283
284
282
284
287
287
284
287
291
290
292
289
294
294
292
295
295
297
301
301
298
301
305
301
304
308
304
305
311
308
308
312
312
313
315
316
317
317
317
321
323
320
325
325
325
324
327
329
331
329
328
333
335
335
336
335
335
337
339
339
341
339
344
346
343
347
349
348
351
348
350
350
354
355
357
358
359
355
361
359
361
362
363
362
364
363
369
365
369
370
369
371
371
371
372
376
377
376
380
382
380
384
381
386
385
384
384
387
391
389
388
392
392
395
394
396
398
397
396
397
399
399
401
401
406
403
405
409
411
411
408
414
413
414
417
417
419
418
417
421
421
424
423
426
425
427
429
428
428
431
432
431
433
436
437
435
438
439
439
440
439
440
444
445
447
447
447
445
450
451
448
454
452
453
456
455
456
455
457
460
458
459
465
463
466
464
469
466
466
471
468
471
470
471
472
477
476
477
478
480
482
483
481
482
482
483
488
485
487
491
493
492
491
492
497
498
499
499
496
498
502
504
503
506
504
504
504
506
510
509
510
512
512
512
516
513
517
516
521
520
518
520
521
522
525
526
528
525
527
530
531
533
532
532
534
536
534
535
541
540
541
540
544
543
542
548
544
549
550
551
548
550
551
555
552
556
554
557
557
559
561
560
562
566
567
565
567
569
571
571
571
569
573
572
574
575
577
578
581
582
578
581
585
583
584
583
585
585
588
591
588
589
594
594
592
595
599
599
600
602
603
604
603
603
605
605
607
608
607
608
608
609
610
612
614
618
614
618
621
622
620
623
621
624
626
625
624
629
626
631
630
630
630
635
635
634
637
639
637
641
640
641
642
645
647
644
644
648
648
650
651
653
654
655
653
655
656
657
658
657
663
662
663
663
662
668
668
669
666
670
669
670
673
671
675
673
679
680
677
681
678
684
683
683
687
686
689
689
691
689
690
691
691
696
695
694
696
699
700
697
703
703
701
703
706
704
705
706
708
710
712
712
712
711
717
717
716
719
719
722
723
720
725
721
722
723
725
727
726
731
728
731
732
735
734
736
739
737
737
741
742
743
743
746
747
747
747
747
751
749
748
752
753
751
753
756
756
755
757
761
762
760
764
762
763
768
767
765
770
768
769
773
773
773
772
778
778
776
776
777
780
784
785
784
782
783
788
786
786
790
788
793
793
793
793
797
794
795
800
797
798
800
801
804
804
803
809
806
806
809
811
813
813
814
812
816
819
817
821
819
820
823
825
824
823
828
827
828
827
831
830
830
832
833
834
833
835
838
840
842
841
840
840
843
846
844
844
845
849
849
850
850
855
853
852
853
859
857
859
862
858
861
864
863
866
865
866
867
867
869
868
870
874
876
873
878
878
879
879
879
883
881
885
884
883
886
889
887
886
890
888
890
893
893
892
893
899
897
896
898
903
901
903
902
903
905
905
905
911
910
911
911
910
911
913
916
917
919
920
921
921
922
925
924
924
923
928
928
931
930
929
933
932
934
937
938
939
935
938
939
939
944
945
942
945
947
949
946
946
950
953
950
953
951
957
955
957
955
960
962
963
961
962
963
965
965
967
969
970
967
971
973
974
972
977
975
979
979
979
977
979
983
982
982
982
986
984
990
987
989
988
989
995
996
995
996
996
995
1001
1002
1002
1004
1003
1004
1003
1006
1006
1005
1007
1009
1010
1013
1011
1015
1015
1016
1019
1019
1019
1018
1021
1024
1025
1024
1024
1028
1028
1029
1029
1032
1030
1031
1030
1033
1033
1038
1037
1039
1036
1037
1038
1044
1041
1045
1043
1047
1046
1049
1047
1048
1051
1054
1055
1051
1052
1055
1056
1057
1061
1060
1063
1060
1060
1065
1067
1064
1064
1070
1071
1072
1071
1069
1071
1072
1073
1078
1078
1078
1079
1078
1082
1079
1082
1082
1087
1087
1086
1087
1090
1092
1090
1093
1094
1096
1094
1093
1096
1096
1097
1099
1098
1103
1101
1101
1107
1108
1109
1106
1106
1110
1111
1109
1114
1111
1112
1117
1117
1116
1121
1120
1123
1121
1125
1125
1126
1128
1127
1125
1127
1132
1130
1132
1133
1132
1136
1133
1135
1136
1140
1137
1138
1139
1141
1144
1146
1145
1147
1146
1148
1149
1148
1153
1152
1156
1157
1158
1156
1155
1159
1158
1162
1159
1165
1164
1163
1164
1164
1167
1167
1167
1173
1172
1172
1173
1177
1176
1175
1179
1179
1178
1182
1179
1183
1186
1182
1184
1186
1185
1190
1192
1193
1194
1193
1191
1194
1195
1199
1195
1197
1198
1200
1201
1205
1206
1203
1205
1205
1210
1211
1211
1210
1209
1210
1215
1217
1215
1214
1215
1219
1221
1222
1223
1221
1222
1224
1225
1225
1226
1227
1231
1233
1230
1234
1232
1237
1234
1237
1236
1238
1241
1241
1244
1240
1246
1242
1243
1246
1247
1246
1248
1253
1250
1251
1256
1253
1253
1257
1259
1257
1262
1260
1261
1260
1264
1262
1268
1265
1268
1269
1268
1269
1269
1271
1271
1272
1275
1275
1279
1280
1282
1281
1284
1280
1284
1282
1284
1289
1288
1289
1291
1288
1290
1295
1292
1294
1293
1297
1300
1297
1301
1298
1299
1301
1301
1302
1306
1307
1309
1307
1310
1312
1311
1314
1316
1316
1318
1318
1318
1316
1322
1318
1321
1325
1326
1327
1324
1326
1326
1328
1330
1331
1329
1335
1335
1336
1336
1334
1338
1338
1337
1342
1342
1343
1342
1346
1347
1346
1347
1347
1351
1353
1353
1354
1352
1353
1357
1354
1357
1357
1360
1360
1360
1361
1363
1366
1367
1365
1367
1369
1370
1371
1369
1375
1371
1377
1378
1374
1376
1381
1380
1378
1384
1384
1381
1385
1384
1389
1389
1391
1392
1390
1393
1391
1391
1396
1398
1396
1400
1399
1402
1398
1403
1400
1402
1402
1403
1404
1410
1409
1411
1412
1410
1414
1414
1413
1417
1415
1419
1416
1418
1419
1422
1421
1424
1422
1423
1424
1430
1426
1431
1432
1430
1430
1436
1435
1438
1437
1438
1436
1437
1439
1439
1441
1442
1444
1443
1449
1446
1451
1451
1452
1454
1454
1456
1454
1453
1457
1457
1459
1458
1462
1461
1462
1465
1464
1464
1466
1470
1470
1471
1473
1470
1474
1475
1474
1477
1475
1479
1478
1480
1481
1480
1484
1484
1485
1488
1485
1490
1489
1487
1490
1493
1494
1491
1493
1496
1496
1495
1500
1497
1499
1504
1505
1506
1503
1508
1508
1505
1506
1509
1508
1511
1510
1515
1516
1515
1519
1520
1517
1520
1523
1524
1522
1526
1522
1526
1524
1530
1526
1528
1529
1529
1533
1535
1532
1537
1536
1539
1537
1541
1541
1542
1543
1541
1546
1546
1547
1546
1550
1551
1550
1554
1550
1552
1555
1557
1557
1558
1560
1557
1563
1563
1565
1566
1564
1567
1567
1566
1566
1571
1568
1569
1573
1571
1572
1573
1579
1579
1581
1580
1580
1581
1580
1585
1587
1586
1586
1590
1591
1587
1589
1592
1590
1593
1592
1598
1596
1598
1596
1598
1603
1599
1605
1606
1606
1608
1609
1608
1610
1607
1612
1611
1613
1611
1614
1617
1617
1620
1621
1622
1621
1621
1623
1621
1624
1627
1626
1627
1630
1632
1630
1630
1635
1635
1636
1634
1636
1635
1639
1638
1639
1642
1644
1646
1645
1646
1644
1649
1646
1650
1652
1651
1655
1652
1654
1654
1655
1655
1659
1659
1663
1660
1662
1665
1664
1663
1668
1666
1667
1670
1671
1674
1673
1674
1677
1674
1675
1677
1679
1681
1681
1681
1681
1681
1682
1685
1685
1686
1689
1692
1690
1692
1692
1693
1696
1693
1696
1695
1701
1699
1698
1701
1705
1701
1702
1704
1704
1706
1707
1707
1709
1710
1710
1711
1714
1715
1717
1720
1720
1721
1720
1723
1724
1725
1725
1726
1726
1728
1726
1728
1731
1733
1733
1733
1736
1735
1734
1736
1739
1738
1739
1744
1745
1744
1742
1748
1745
1749
1751
1751
1752
1749
