1
5
6
3
9
7
11
9
8
10
12
11
15
15
18
20
20
19
19
20
25
23
22
23
29
28
27
27
30
30
31
36
37
36
38
36
37
38
40
42
42
41
47
48
48
45
50
47
49
54
50
56
53
58
54
56
59
59
62
63
62
63
63
66
66
66
68
70
69
69
73
75
76
73
76
80
78
81
83
82
84
81
87
85
88
87
86
89
91
91
92
95
97
97
96
97
99
100
98
100
105
105
103
107
104
105
106
112
112
113
110
113
114
113
117
119
121
122
121
121
124
126
127
127
126
127
126
127
130
129
133
131
134
135
138
135
138
138
139
141
141
144
146
144
146
148
149
148
148
154
155
156
156
154
155
157
157
160
159
160
164
166
167
168
167
168
171
167
168
169
172
173
173
175
176
176
180
180
182
179
180
183
183
187
186
189
188
190
188
189
194
193
195
198
196
198
197
197
202
204
203
201
207
207
209
208
206
211
208
210
212
215
213
213
215
218
219
221
221
224
221
226
227
228
224
225
227
230
231
234
232
234
234
234
238
237
240
239
241
243
242
245
247
245
248
248
249
252
252
251
252
255
254
256
256
260
260
258
259
264
264
265
265
267
266
266
266
270
268
272
273
276
277
277
274
276
277
278
279
281
282
283
287
287
285
286
291
291
291
294
293
291
294
294
299
298
301
302
302
302
300
305
306
303
309
306
309
311
312
309
313
312
314
314
318
315
319
319
321
321
321
322
323
326
329
329
326
332
333
330
335
334
332
333
335
335
338
339
341
342
341
344
346
347
348
346
350
349
348
349
354
351
355
358
354
355
359
359
362
363
363
364
363
367
369
366
369
369
370
372
373
371
374
375
374
380
376
379
379
383
380
383
384
388
384
387
387
390
390
394
392
392
397
397
398
395
400
401
398
404
403
405
404
408
404
410
410
411
412
414
414
413
417
418
419
417
420
417
420
423
423
421
422
425
428
428
431
427
431
434
435
432
437
433
437
439
441
438
439
442
445
441
447
447
446
446
446
448
453
452
455
456
453
458
457
458
460
461
459
464
461
466
466
466
469
468
468
471
471
473
470
476
475
478
474
475
480
481
481
483
485
483
486
488
486
485
490
491
489
490
495
494
493
495
495
498
498
501
501
503
500
502
502
507
504
507
506
510
508
510
512
516
512
518
518
520
518
519
522
523
525
525
524
523
526
530
531
530
529
533
533
532
533
538
538
538
537
540
539
543
543
542
547
543
544
547
549
552
551
551
551
555
556
553
559
560
559
560
560
561
562
561
564
567
567
570
570
571
572
573
575
571
577
573
579
578
578
582
580
582
580
581
583
586
584
586
589
587
591
593
593
591
596
595
598
595
599
602
598
599
602
605
604
606
608
609
610
610
610
613
610
612
614
616
615
620
617
621
621
624
623
622
626
628
627
625
626
627
632
633
635
633
636
635
636
639
636
638
639
640
640
642
647
646
644
647
650
651
652
649
654
652
653
655
656
656
658
658
658
659
664
661
667
666
667
669
670
670
668
672
675
673
677
678
674
677
677
680
679
681
684
681
686
688
687
687
688
689
690
691
692
696
697
696
694
697
701
700
698
702
700
704
705
704
706
708
710
709
711
713
711
711
715
715
719
719
720
720
721
724
724
722
723
727
727
728
729
730
729
733
735
732
732
734
735
738
737
741
741
740
742
742
743
748
746
746
751
747
751
754
753
754
757
755
759
756
757
759
761
761
763
766
763
766
769
765
768
772
770
774
772
773
775
778
779
776
776
780
782
779
781
784
786
787
785
786
788
790
790
791
794
794
793
796
799
800
801
802
800
801
802
802
802
807
804
808
810
810
810
813
811
816
816
814
816
816
819
822
823
822
823
822
826
824
827
825
827
828
829
829
834
834
832
838
837
837
837
841
842
841
845
845
842
846
846
847
849
848
850
849
851
856
855
858
857
858
860
862
859
862
865
865
863
863
867
865
867
872
872
872
870
874
874
875
879
876
877
878
882
883
881
883
882
884
886
890
891
890
889
893
891
893
893
896
896
895
898
899
902
904
905
902
907
906
908
906
911
908
910
912
915
916
913
918
918
915
917
917
918
924
920
926
925
928
926
925
931
931
931
929
934
935
936
933
939
938
938
939
943
944
943
942
943
946
945
946
947
948
949
951
955
954
955
954
955
957
961
962
958
961
960
964
967
964
969
965
970
968
969
970
972
975
975
976
977
979
980
982
982
982
983
981
985
983
988
988
987
990
988
992
991
996
996
993
995
998
998
997
998
1003
1003
1004
1007
1004
1006
1010
1011
1009
1011
1011
1015
1012
1016
1018
1017
1016
1018
1018
1021
1020
1021
1023
1023
1027
1028
1026
1028
1030
1028
1029
1032
1035
1032
1036
1038
1040
1038
1037
1040
1044
1041
1045
1045
1044
1047
1046
1049
1050
1048
1050
1053
1055
1056
1053
1055
1059
1060
1057
1060
1064
1062
1062
1065
1064
1064
1069
1068
1067
1073
1071
1074
1071
1074
1074
1075
1080
1077
1078
1082
1083
1085
1082
1085
1086
1088
1088
1086
1092
1091
1091
1094
1091
1097
1093
1095
1100
1101
1100
1102
1099
1105
1104
1104
1107
1108
1106
1110
1108
1111
1111
1110
1116
1115
1118
1117
1117
1119
1119
1122
1122
1120
1121
1122
1128
1129
1126
1126
1128
1128
1131
1132
1131
1134
1136
1135
1137
1136
1137
1143
1141
1142
1143
1143
1145
1149
1149
1148
1151
1149
1151
1155
1155
1152
1156
1159
1155
1158
1157
1158
1161
1162
1161
1164
1163
1169
1170
1167
1167
1173
1174
1171
1175
1175
1178
1179
1177
1176
1179
1182
1184
1185
1184
1184
1183
1187
1187
1186
1190
1191
1192
1195
1193
1197
1197
1194
1197
1198
1201
1202
1201
1201
1203
1203
1206
1205
1205
1209
1210
1212
1214
1212
1213
1216
1218
1216
1219
1220
1220
1220
1221
1221
1223
1223
1226
1224
1228
1229
1228
1233
1233
1231
1235
1237
1233
1234
1239
1240
1240
1240
1242
1240
1243
1245
1247
1246
1248
1249
1250
1250
1251
1255
1253
1254
1258
1255
1259
1260
1262
1263
1264
1263
1263
1267
1266
1268
1266
1270
1268
1272
1273
1272
1274
1275
1276
1279
1279
1279
1282
1278
1279
1282
1282
1287
1284
1287
1285
1289
1287
1289
1290
1294
1292
1297
1295
1299
1300
1300
1300
1300
1302
1305
1306
1304
1304
1307
1307
1309
1310
1309
1313
1311
1316
1316
1313
1318
1319
1317
1322
1321
1322
1320
1324
1325
1328
1325
1327
1326
1330
1332
1329
1333
1331
1334
1334
1334
1337
1341
1340
1338
1339
1341
1345
1347
1344
1349
1348
1348
1348
1349
1350
1352
1353
1352
1356
1357
1360
1356
1360
1360
1361
1361
1365
1362
1363
1366
1365
1371
1367
1372
1371
1371
1374
1375
1375
1377
1379
1378
1377
1383
1380
1383
1386
1383
1387
1384
1386
1389
1388
1391
1394
1394
1394
1393
1396
1396
1397
1401
1397
1403
1400
1402
1403
1407
1403
1404
1405
1407
1411
1413
1409
1411
1414
1417
1416
1419
1416
1418
1422
1421
1419
1423
1421
1422
1424
1425
1425
1431
1430
1431
1432
1433
1431
1433
1435
1436
1440
1438
1437
1442
1442
1443
1442
1443
1443
1449
1450
1449
1449
1448
1451
1453
1451
1452
1454
1457
1456
1459
1458
1458
1461
1463
1464
1467
1466
1469
1468
1469
1467
1468
1472
1471
1473
1474
1473
1476
1480
1476
1477
1478
1484
1483
1481
1483
1487
1489
1488
1487
1491
1491
1490
1490
1493
1493
1495
1498
1499
1497
1502
1502
1500
1500
1503
1503
1507
1509
1509
1507
1508
1511
1514
1511
1514
1513
1514
1519
1517
1518
1518
1520
1524
1520
1522
1522
1525
1526
1526
1528
1530
1533
1532
1533
1534
1535
1536
1538
1535
1540
1541
1542
1542
1540
1542
1543
1545
1545
1548
1546
1552
1549
1554
1554
1553
1556
1554
1558
1555
1560
1560
1562
1563
1561
1562
1564
1566
1565
1569
1566
1568
1569
1570
1570
1575
1577
1574
1577
1578
1576
1577
1580
1579
1583
1583
1582
1584
1588
1588
1589
1589
1589
1591
1592
1592
1597
1594
1598
1596
1598
1599
1600
1600
1605
1601
1607
1606
1605
1609
1607
1607
1609
1613
1612
1614
1614
1614
1617
1617
1616
1619
1619
1619
1624
1621
1626
1623
1625
1630
1631
1631
1631
1629
1632
1635
1632
1635
1637
1639
1639
1639
1641
1641
1645
1644
1647
1646
1649
1645
1651
1651
1653
1654
1651
1656
1656
1656
1658
1657
1657
1660
1663
1663
1660
1663
1662
1665
1666
1666
1667
1672
1670
1669
1671
1674
1675
1678
1676
1678
1677
1679
1683
1680
1685
1686
1684
1684
1689
1688
1691
1688
1689
1692
1690
1694
1694
1694
1695
1695
1701
1698
1703
1704
1702
1704
1702
1708
1707
1710
1707
1711
1711
1713
1710
1711
1715
1718
1715
1719
1716
1717
1719
1723
1724
1725
1724
1724
1724
1729
1726
1729
1733
1729
1733
1732
1732
1734
1737
1735
1740
1737
1739
1743
1743
1741
1747
1746
1746
1749
1751
1748
1748
1750
