4
4
3
8
6
9
8
10
9
11
11
14
17
16
18
16
20
22
21
23
25
22
23
26
28
29
29
32
31
29
34
33
34
38
38
39
37
37
42
41
40
45
42
48
45
50
46
48
52
49
51
53
56
55
57
58
61
61
62
61
63
62
66
65
67
70
66
72
73
71
74
76
75
77
77
79
79
82
78
83
82
85
85
83
86
89
90
91
88
91
94
96
94
96
96
98
101
102
100
101
101
105
102
106
107
109
109
112
111
113
115
113
114
114
116
115
120
117
118
124
123
124
122
124
126
125
128
130
131
131
131
135
134
135
139
138
136
140
139
143
144
141
143
146
148
147
151
152
152
149
152
154
155
154
155
159
158
157
162
159
160
161
167
166
165
168
170
170
172
172
175
176
173
173
175
180
181
179
181
182
181
185
187
187
184
190
189
192
189
193
194
192
195
196
195
195
198
201
199
200
202
201
205
203
209
209
207
211
208
212
211
216
217
214
215
220
217
221
222
222
220
222
227
225
224
230
226
231
233
231
230
233
235
234
239
236
238
242
238
242
244
244
246
246
246
249
248
247
248
252
251
255
255
256
259
258
257
258
262
260
260
265
266
266
269
269
269
271
272
270
275
275
275
273
279
278
278
281
282
281
280
285
282
284
289
286
286
290
293
292
292
291
295
293
295
296
297
302
303
300
301
303
302
307
306
309
311
307
311
314
310
311
312
316
318
319
321
321
320
323
324
322
324
328
327
330
329
327
329
333
331
334
334
337
334
338
340
340
339
342
344
346
346
344
345
348
349
351
352
354
352
351
357
353
359
356
357
362
363
360
360
364
367
368
365
367
370
367
368
374
375
375
376
378
379
380
380
381
383
381
382
381
386
385
388
387
386
389
390
392
395
396
397
397
394
396
399
397
401
401
405
402
405
403
409
406
411
411
413
409
413
411
413
417
416
416
417
422
421
424
423
425
423
427
425
428
428
432
430
432
431
431
434
433
434
439
439
441
440
440
442
445
446
448
444
446
450
451
448
454
450
455
455
454
456
459
461
458
463
459
460
464
462
464
467
466
466
469
473
473
472
473
472
475
474
478
477
478
483
481
480
483
483
485
486
489
488
491
490
492
491
496
493
494
496
495
499
498
503
500
501
501
505
505
508
505
511
512
512
514
515
513
517
514
515
515
518
520
523
524
521
521
524
524
524
528
530
531
532
531
531
532
532
538
535
536
538
538
538
543
541
541
546
545
545
549
547
549
550
552
555
555
552
553
557
560
558
560
562
559
562
566
563
564
568
568
568
572
573
574
570
571
575
575
575
580
580
581
579
581
585
583
582
587
586
587
590
588
592
591
591
593
593
596
596
595
601
601
603
599
601
606
607
607
608
605
611
611
611
613
612
612
614
617
614
615
619
621
619
622
625
623
624
624
624
629
626
629
628
631
635
636
634
636
634
640
639
637
638
642
640
646
643
645
646
647
649
651
650
653
654
655
654
655
657
655
659
660
658
660
662
664
662
663
665
668
669
668
669
670
674
672
675
677
678
678
680
678
680
683
680
683
686
685
688
689
687
692
693
690
691
691
694
693
695
696
696
699
698
699
701
705
704
708
706
706
709
710
713
709
712
716
715
715
717
717
717
722
721
723
725
724
725
724
727
730
726
730
731
729
730
731
736
737
735
738
741
737
739
743
742
744
746
743
747
750
750
747
749
752
751
751
756
754
755
755
758
758
761
762
764
763
767
767
768
768
769
772
768
772
771
772
775
774
775
776
779
778
781
783
780
781
787
784
788
786
789
791
789
792
795
791
792
798
795
800
801
802
798
803
802
803
805
807
808
808
811
812
812
814
810
814
814
817
819
817
820
821
821
820
821
821
826
828
827
829
826
830
829
831
834
831
834
833
838
835
840
842
838
842
840
842
845
846
846
847
849
851
853
854
850
853
855
856
858
857
858
858
861
864
860
865
866
865
868
870
871
869
871
870
872
871
874
877
877
878
879
880
879
879
880
883
882
884
886
888
886
887
890
890
895
893
892
898
895
900
900
902
902
902
901
904
905
908
908
907
908
912
912
911
912
914
916
917
915
919
917
917
923
921
922
926
927
923
925
925
928
932
931
929
935
931
935
933
934
938
936
940
939
941
942
944
942
948
949
950
948
949
950
951
955
954
952
958
959
958
959
962
958
961
961
966
963
964
969
969
968
970
973
973
972
975
975
975
979
980
977
977
980
983
980
986
985
985
985
990
989
990
992
993
990
992
993
995
999
997
1001
997
998
1001
1004
1001
1005
1005
1009
1007
1009
1007
1008
1012
1014
1012
1015
1017
1016
1019
1018
1022
1018
1022
1023
1022
1023
1027
1026
1028
1027
1031
1032
1033
1034
1032
1033
1035
1039
1037
1039
1038
1042
1044
1041
1045
1046
1044
1044
1047
1046
1051
1051
1050
1052
1056
1054
1053
1059
1056
1056
1058
1063
1062
1060
1066
1064
1065
1064
1068
1070
1067
1073
1069
1071
1075
1074
1075
1078
1079
1079
1079
1082
1082
1080
1085
1085
1086
1085
1087
1089
1090
1092
1089
1094
1092
1095
1098
1099
1100
1099
1102
1098
1102
1104
1101
1106
1108
1104
1107
1107
1109
1112
1113
1115
1114
1115
1115
1117
1116
1117
1118
1123
1122
1125
1122
1122
1124
1127
1129
1126
1132
1131
1131
1133
1133
1136
1137
1139
1136
1138
1137
1141
1142
1141
1146
1146
1147
1146
1146
1146
1148
1150
1150
1155
1153
1156
1153
1154
1156
1161
1160
1162
1160
1164
1164
1162
1165
1167
1166
1168
1168
1171
1172
1175
1174
1173
1177
1177
1176
1181
1181
1178
1181
1180
1184
1182
1183
1188
1188
1186
1190
1190
1190
1194
1196
1193
1194
1196
1200
1196
1202
1201
1203
1204
1205
1202
1208
1207
1210
1210
1208
1212
1213
1215
1214
1214
1216
1217
1218
1219
1220
1220
1221
1223
1225
1225
1223
1224
1228
1227
1227
1230
1230
1235
1235
1234
1233
1239
1238
1240
1240
1241
1244
1245
1241
1243
1248
1248
1249
1247
1249
1253
1253
1254
1255
1255
1257
1255
1257
1257
1258
1259
1261
1263
1262
1265
1266
1269
1265
1271
1271
1269
1271
1271
1275
1272
1274
1279
1276
1278
1280
1279
1282
1282
1286
1287
1287
1288
1285
1288
1289
1288
1292
1294
1296
1296
1293
1294
1300
1296
1299
1299
1304
1300
1302
1306
1305
1307
1306
1310
1307
1312
1309
1310
1314
1312
1317
1315
1316
1317
1322
1319
1320
1322
1324
1324
1328
1324
1329
1328
1330
1333
1333
1330
1331
1335
1333
1339
1336
1340
1342
1343
1344
1342
1345
1344
1344
1344
1346
1348
1347
1349
1353
1353
1351
1352
1356
1354
1356
1358
1360
1359
1361
1361
1364
1363
1363
1367
1370
1367
1368
1370
1369
1372
1372
1375
1378
1377
1377
1379
1378
1379
1384
1384
1385
1387
1384
1386
1389
1390
1388
1388
1391
1392
1394
1395
1395
1396
1399
1397
1397
1400
1402
1400
1402
1404
1408
1408
1405
1409
1407
1412
1412
1411
1414
1417
1417
1415
1415
1418
1418
1421
1419
1425
1425
1427
1423
1429
1428
1427
1430
1432
1434
1435
1431
1434
1434
1436
1437
1436
1442
1442
1440
1441
1441
1443
1447
1445
1450
1448
1451
1450
1454
1451
1454
1454
1454
1454
1456
1460
1461
1461
1462
1462
1464
1466
1465
1466
1467
1469
1468
1471
1471
1471
1473
1476
1477
1478
1477
1476
1481
1481
1479
1484
1483
1482
1485
1489
1488
1490
1492
1493
1491
1490
1496
1492
1494
1495
1497
1499
1499
1499
1503
1504
1506
1503
1505
1508
1506
1506
1508
1511
1511
1511
1512
1517
1517
1516
1515
1517
1520
1520
1522
1525
1523
1523
1523
1524
1528
1526
1528
1532
1532
1530
1536
1534
1534
1538
1537
1541
1540
1541
1543
1545
1546
1544
1544
1544
1546
1548
1550
1548
1554
1550
1551
1555
1555
1557
1559
1560
1561
1561
1562
1560
1565
1563
1566
1564
1565
1567
1572
1573
1570
1575
1572
1577
1576
1574
1578
1576
1577
1578
1581
1583
1585
1587
1585
1586
1588
1587
1591
1588
1589
1590
1593
1593
1594
1598
1598
1596
1600
1601
1599
1600
1603
1602
1607
1608
1610
1611
1607
1610
1612
1611
1613
1616
1618
1617
1619
1620
1620
1621
1623
1625
1621
1626
1623
1624
1625
1630
1632
1630
1633
1634
1636
1632
1636
1636
1639
1636
1642
1640
1639
1645
1646
1645
1643
1649
1648
1647
1650
1650
1653
1652
1654
1657
1656
1657
1660
1656
1662
1659
1662
1664
1666
1665
1667
1666
1665
1670
1670
1670
1674
1671
1674
1674
1678
1676
1677
1677
1680
1682
1680
1680
1684
1682
1688
1684
1690
1688
1689
1689
1691
1693
1695
1694
1694
1699
1697
1697
1699
1699
1700
1703
1701
1702
1707
1706
1710
1710
1711
1712
1714
1710
1714
1714
1717
1716
1717
1717
1719
1720
1723
1720
1721
1723
1724
1729
1728
1731
1729
1728
1731
1730
1731
1733
1737
1734
1739
1739
1742
1740
1743
1742
1744
1745
1743
1744
1748
1747
1752
1749
1754
