0
5
5
7
4
7
6
7
8
14
11
14
13
18
15
17
21
20
18
21
25
23
25
28
27
27
27
31
29
32
32
31
34
35
34
37
38
38
38
44
40
43
46
45
44
48
49
48
48
49
50
51
54
57
54
55
56
61
59
63
63
62
67
68
64
69
67
71
72
74
70
71
77
77
76
76
76
77
83
81
81
81
84
85
84
87
87
88
93
92
91
93
93
95
95
100
96
99
103
100
100
104
107
108
109
108
107
111
113
109
110
114
116
117
117
120
119
118
119
123
122
122
127
127
127
127
127
129
129
129
134
132
133
138
135
140
138
139
142
142
145
146
143
145
144
145
148
150
149
150
150
151
152
154
154
156
157
158
163
159
164
162
166
167
168
170
167
170
172
169
172
172
172
177
175
175
177
181
183
183
182
186
187
185
189
188
187
191
189
194
194
192
194
197
199
197
197
201
198
204
200
203
204
207
207
205
206
209
210
213
210
213
216
218
219
217
220
217
219
221
223
221
227
223
227
230
231
229
232
230
233
231
235
238
238
237
239
240
238
241
242
246
244
246
245
245
247
249
253
253
253
253
253
254
254
255
261
261
260
260
264
263
262
264
266
266
267
268
268
271
270
271
272
277
277
279
276
280
282
281
282
286
286
287
284
285
291
290
293
294
291
294
293
298
294
300
299
301
299
300
301
306
304
307
304
305
306
308
311
312
313
313
317
315
315
316
319
319
322
324
325
325
327
328
327
325
331
329
328
329
332
335
335
336
335
337
338
339
341
340
345
346
342
347
345
350
349
352
348
352
355
354
352
354
354
356
361
361
362
360
365
364
366
365
366
367
371
371
373
374
373
374
377
375
377
378
378
379
381
383
383
385
385
384
384
388
390
392
388
394
393
393
396
398
397
395
396
400
400
401
401
402
403
407
409
406
406
412
410
414
415
412
415
416
416
416
420
420
422
422
421
425
425
427
428
429
426
432
433
434
433
431
433
434
436
437
438
441
439
444
443
446
447
447
446
448
450
449
451
454
455
451
453
456
458
459
461
462
460
461
460
462
466
463
466
466
466
467
472
470
470
475
477
473
475
475
476
478
481
482
482
486
482
484
486
487
491
491
493
493
495
496
497
494
497
497
499
502
499
504
504
505
502
505
509
506
506
512
509
509
515
511
513
517
517
516
519
519
519
522
521
526
527
523
525
525
530
528
532
531
534
536
535
533
538
537
538
537
540
544
541
541
546
547
544
550
547
548
551
549
555
552
557
554
555
556
557
561
559
563
562
563
565
564
569
568
570
569
573
572
574
571
573
576
579
579
578
582
580
583
585
583
583
583
586
590
589
590
592
591
591
592
596
594
597
596
601
598
598
599
600
605
605
606
605
606
611
612
608
612
615
614
616
613
618
619
620
618
619
622
622
626
624
623
627
630
629
628
633
629
633
636
636
638
634
639
637
642
643
644
645
646
647
648
645
647
651
648
650
652
651
653
656
658
655
657
660
657
659
662
662
663
666
664
664
668
666
668
671
672
674
673
675
678
676
675
676
680
682
679
682
681
684
685
686
687
690
689
688
689
695
696
696
695
699
698
699
700
699
699
700
701
704
704
709
706
708
710
711
713
714
711
717
717
718
719
717
721
718
719
724
723
726
727
726
730
731
729
730
734
733
731
736
735
735
737
741
739
738
739
741
744
742
746
745
746
751
750
749
750
755
753
753
753
759
760
757
758
759
761
765
761
764
763
768
770
768
768
769
769
772
773
772
773
777
775
778
777
783
780
784
782
782
787
789
789
787
790
792
792
792
792
793
797
795
796
797
797
803
801
805
805
807
806
806
807
809
811
810
814
814
816
813
813
814
820
820
820
821
823
823
822
824
824
826
828
827
830
828
832
834
834
832
835
838
835
836
839
838
840
842
843
846
847
845
846
851
852
852
852
854
854
856
856
857
855
856
857
863
861
861
866
862
865
867
865
869
867
868
871
872
875
873
875
874
879
878
878
882
880
884
886
886
887
885
888
891
891
889
889
893
892
892
896
898
898
900
902
899
899
903
902
906
908
906
910
908
908
910
911
911
911
912
913
919
916
918
920
921
919
920
924
926
927
928
927
929
927
931
932
930
931
937
933
938
935
938
940
943
944
942
942
947
948
949
948
951
951
949
954
951
954
953
954
954
960
958
958
962
960
962
964
962
963
969
967
969
972
969
970
973
975
972
976
976
978
978
978
978
982
984
984
983
986
987
990
989
992
993
990
993
992
992
993
995
995
998
999
999
1000
1001
1004
1005
1004
1007
1009
1009
1010
1011
1012
1015
1014
1017
1018
1015
1020
1019
1019
1018
1020
1025
1023
1027
1023
1029
1025
1030
1027
1029
1030
1035
1035
1032
1035
1036
1039
1041
1042
1039
1040
1040
1046
1045
1047
1045
1048
1047
1049
1049
1053
1053
1056
1054
1055
1054
1060
1059
1058
1058
1061
1063
1063
1065
1064
1067
1066
1069
1070
1073
1070
1071
1072
1075
1073
1077
1078
1077
1077
1082
1083
1080
1085
1082
1087
1089
1086
1089
1091
1090
1089
1095
1092
1095
1094
1097
1096
1098
1099
1101
1100
1102
1105
1103
1107
1105
1105
1109
1110
1112
1110
1114
1113
1113
1115
1116
1119
1118
1122
1119
1124
1124
1122
1122
1128
1125
1127
1126
1129
1131
1133
1135
1136
1136
1136
1134
1139
1137
1140
1143
1140
1142
1145
1142
1143
1146
1150
1147
1152
1151
1151
1154
1153
1157
1154
1159
1155
1158
1157
1161
1160
1165
1165
1164
1167
1166
1170
1170
1171
1168
1171
1172
1175
1172
1178
1177
1179
1179
1177
1181
1179
1184
1184
1183
1187
1188
1190
1187
1188
1192
1191
1194
1196
1195
1198
1195
1196
1199
1200
1201
1199
1201
1205
1202
1203
1208
1210
1209
1209
1211
1213
1212
1215
1213
1215
1215
1218
1219
1218
1222
1219
1223
1225
1224
1224
1228
1225
1230
1229
1232
1231
1232
1232
1236
1238
1239
1235
1239
1241
1243
1240
1241
1245
1242
1244
1248
1246
1247
1249
1251
1253
1250
1252
1253
1254
1259
1260
1258
1257
1263
1264
1263
1265
1265
1266
1264
1268
1270
1269
1272
1271
1273
1273
1276
1278
1275
1277
1277
1282
1280
1279
1282
1286
1284
1288
1285
1288
1288
1287
1292
1289
1293
1296
1294
1296
1294
1297
1297
1297
1298
1302
1301
1303
1307
1307
1308
1305
1309
1311
1310
1313
1313
1313
1312
1316
1317
1319
1320
1322
1319
1322
1325
1326
1324
1325
1327
1328
1330
1331
1333
1332
1333
1331
1335
1333
1338
1338
1341
1337
1342
1341
1340
1342
1344
1346
1347
1346
1350
1349
1351
1349
1352
1356
1352
1356
1354
1359
1361
1359
1360
1360
1364
1363
1367
1365
1366
1370
1367
1367
1370
1372
1375
1376
1372
1374
1379
1379
1378
1382
1381
1383
1382
1386
1383
1385
1389
1388
1388
1388
1391
1394
1391
1396
1397
1393
1395
1400
1401
1401
1400
1400
1405
1401
1406
1405
1408
1407
1408
1407
1410
1411
1412
1412
1415
1414
1417
1417
1420
1419
1418
1422
1420
1422
1426
1427
1428
1430
1426
1432
1430
1430
1432
1432
1432
1437
1438
1437
1436
1437
1441
1439
1440
1444
1442
1447
1447
1446
1448
1448
1452
1452
1451
1453
1456
1453
1457
1456
1460
1460
1458
1463
1465
1462
1463
1465
1469
1468
1467
1471
1469
1471
1472
1476
1477
1477
1479
1479
1477
1479
1480
1479
1481
1482
1484
1485
1488
1489
1486
1487
1491
1493
1495
1493
1494
1497
1499
1495
1496
1502
1500
1502
1501
1504
1504
1503
1509
1507
1508
1509
1513
1512
1510
1514
1512
1513
1514
1520
1516
1519
1521
1519
1523
1526
1527
1525
1524
1525
1526
1531
1529
1534
1533
1532
1534
1538
1536
1539
1538
1540
1543
1541
1542
1544
1546
1544
1548
1546
1549
1549
1550
1549
1553
1553
1552
1557
1559
1558
1561
1561
1562
1563
1565
1561
1562
1563
1564
1567
1567
1567
1570
1570
1573
1574
1577
1577
1577
1575
1578
1580
1579
1584
1581
1584
1584
1585
1588
1589
1586
1587
1589
1591
1590
1596
1593
1594
1596
1595
1600
1597
1603
1603
1605
1602
1607
1606
1608
1605
1611
1608
1611
1613
1611
1615
1615
1613
1617
1616
1621
1620
1621
1624
1620
1624
1626
1627
1628
1628
1627
1631
1630
1631
1630
1631
1632
1635
1639
1638
1640
1638
1641
1639
1645
1646
1644
1648
1644
1649
1649
1649
1650
1649
1651
1654
1657
1656
1654
1659
1658
1658
1663
1659
1665
1664
1664
1666
1669
1668
1671
1672
1672
1670
1674
1676
1673
1677
1676
1676
1681
1679
1679
1681
1681
1685
1686
1684
1686
1687
1689
1690
1689
1693
1693
1691
1696
1696
1694
1697
1700
1701
1700
1704
1700
1703
1703
1707
1705
1709
1709
1710
1712
1712
1715
1711
1712
1715
1719
1718
1720
1719
1722
1721
1723
1721
1726
1726
1724
1728
1729
1729
1728
1731
1730
1731
1732
1736
1737
1740
1736
1742
1742
1739
1745
1743
1744
1748
1744
1745
1748
1750
1750
1749
