2
6
5
8
9
10
6
11
8
12
15
12
15
14
16
16
20
17
22
24
20
24
23
28
26
27
27
30
28
31
35
35
32
37
34
36
40
40
43
43
41
41
45
48
45
45
46
47
51
53
52
53
53
54
57
60
61
60
62
64
64
62
66
64
68
68
68
69
70
72
71
74
73
75
76
79
80
80
83
82
80
81
84
87
88
86
86
90
91
92
93
96
95
93
95
98
98
97
101
101
105
106
103
108
104
106
110
108
111
110
111
116
115
114
114
117
119
117
119
123
124
125
125
126
128
130
129
132
130
133
130
132
136
137
134
135
140
141
138
144
142
141
145
144
148
146
150
151
153
149
154
153
156
157
158
160
156
158
160
159
161
161
164
165
167
169
168
171
169
174
171
174
177
174
179
180
181
179
182
181
180
182
184
184
184
189
188
191
188
193
192
194
196
194
195
200
200
198
200
199
204
201
203
207
206
205
210
212
209
212
210
215
215
214
218
218
218
221
223
222
223
226
225
226
226
226
226
228
232
229
233
232
234
236
238
235
240
242
242
242
241
246
242
248
246
247
246
247
251
251
250
255
253
253
255
259
261
258
258
262
264
264
267
267
266
265
270
272
270
272
274
273
272
277
274
278
278
280
281
279
281
282
283
288
287
287
291
288
292
289
292
292
292
296
299
297
298
298
303
302
303
301
305
303
309
310
309
312
309
313
311
314
314
317
317
317
318
322
322
321
325
324
324
328
329
328
328
327
331
330
332
332
335
334
339
337
338
338
338
344
341
344
346
347
348
345
350
349
350
350
350
356
356
354
355
358
359
358
360
361
361
362
366
363
366
366
366
370
369
370
374
375
376
375
375
375
381
380
381
382
382
385
384
386
384
385
389
391
388
393
392
395
395
393
395
396
400
401
399
400
400
404
403
405
404
409
409
408
413
413
414
416
416
417
417
419
419
418
422
422
425
425
425
425
425
429
427
432
429
430
431
431
434
435
435
435
441
437
438
442
443
443
445
446
446
450
448
452
449
453
452
454
453
453
457
455
459
457
462
460
464
463
467
466
467
467
470
467
468
474
471
471
476
476
474
475
477
482
479
482
482
484
483
483
485
489
486
488
490
494
493
495
497
495
497
500
496
500
503
504
500
503
505
508
506
510
509
508
508
512
515
515
512
514
518
518
518
518
519
524
520
525
522
525
529
530
527
530
530
533
531
533
532
537
536
540
538
542
539
543
542
543
545
546
548
547
549
551
550
550
553
551
557
554
559
560
557
560
563
560
561
565
564
565
565
570
571
568
570
573
575
571
577
574
578
577
580
579
581
580
583
581
582
588
589
590
586
590
590
594
591
592
595
598
594
600
596
599
599
601
602
602
605
608
609
607
609
608
612
614
614
613
616
614
614
615
617
619
620
622
621
624
625
624
629
626
631
632
629
633
634
634
636
635
635
638
639
640
638
641
645
644
646
648
644
649
648
652
650
650
651
655
652
657
657
657
661
657
663
664
660
662
663
667
665
670
669
671
673
671
670
674
675
674
675
680
677
680
679
681
681
685
686
684
686
688
686
687
691
692
693
691
696
698
699
695
699
702
700
701
701
703
707
705
705
705
706
711
713
713
710
711
714
714
716
717
720
718
719
719
720
723
727
727
725
726
728
728
731
730
730
732
735
737
737
738
739
740
740
739
741
742
747
748
745
747
747
750
753
754
752
751
754
756
756
759
757
762
763
764
764
762
764
763
766
769
768
768
771
770
774
775
774
776
778
777
780
781
781
783
782
781
787
786
789
787
791
792
790
791
790
791
794
795
795
800
801
798
799
802
805
804
804
808
805
806
809
809
812
814
811
816
814
816
816
815
816
820
820
821
824
821
824
825
826
828
826
829
833
834
834
834
834
837
837
837
841
837
843
840
840
842
843
845
849
850
848
847
851
850
854
853
857
854
854
856
858
862
859
864
864
862
865
868
866
866
868
869
869
869
870
872
873
877
877
877
881
877
879
881
884
881
887
888
888
887
890
890
893
893
891
891
897
895
895
896
897
899
900
899
905
906
907
904
909
906
907
909
912
910
910
915
913
917
916
919
920
922
919
923
922
926
927
926
927
926
926
930
931
932
931
936
936
937
938
939
937
941
938
944
944
941
947
944
944
950
950
948
952
951
952
952
955
957
959
958
957
961
960
961
962
964
965
964
969
968
966
967
973
970
971
972
976
977
978
975
981
980
979
979
981
982
982
984
989
987
990
988
991
994
995
996
994
998
994
997
998
1002
1000
1001
1004
1005
1004
1008
1007
1006
1009
1010
1008
1011
1013
1011
1017
1015
1018
1018
1018
1022
1021
1022
1024
1021
1027
1024
1024
1026
1031
1030
1029
1029
1033
1034
1032
1034
1038
1036
1038
1042
1038
1043
1041
1046
1045
1046
1044
1045
1048
1050
1050
1050
1050
1055
1055
1055
1056
1056
1057
1060
1060
1063
1061
1064
1064
1063
1067
1069
1068
1069
1069
1073
1073
1074
1075
1073
1077
1075
1080
1081
1080
1083
1085
1082
1084
1087
1086
1086
1088
1092
1089
1092
1092
1091
1093
1098
1095
1096
1101
1101
1099
1099
1105
1101
1104
1103
1106
1109
1110
1108
1113
1114
1112
1116
1114
1115
1116
1116
1116
1117
1120
1119
1123
1121
1123
1124
1126
1125
1127
1131
1128
1130
1134
1134
1137
1138
1139
1137
1140
1138
1141
1141
1144
1142
1144
1144
1149
1148
1150
1152
1152
1152
1155
1151
1155
1157
1158
1156
1158
1160
1162
1161
1163
1163
1167
1168
1168
1169
1167
1171
1168
1169
1172
1175
1174
1176
1175
1177
1177
1182
1178
1182
1185
1186
1183
1188
1186
1189
1186
1188
1191
1190
1193
1192
1194
1198
1198
1197
1200
1199
1201
1203
1204
1202
1205
1204
1204
1210
1211
1210
1209
1212
1212
1212
1217
1216
1219
1220
1219
1218
1218
1222
1223
1225
1222
1227
1229
1229
1231
1229
1232
1230
1234
1233
1237
1235
1236
1240
1237
1238
1241
1240
1243
1244
1243
1248
1246
1249
1250
1248
1251
1254
1254
1256
1253
1256
1258
1260
1260
1262
1261
1263
1262
1262
1265
1267
1269
1268
1269
1268
1270
1270
1271
1271
1276
1275
1275
1278
1279
1281
1283
1279
1284
1284
1283
1287
1287
1288
1286
1291
1291
1289
1292
1293
1295
1294
1295
1296
1300
1300
1300
1302
1304
1305
1303
1305
1307
1307
1306
1312
1312
1313
1315
1314
1317
1318
1317
1319
1319
1318
1319
1321
1320
1321
1327
1324
1324
1326
1328
1329
1333
1329
1335
1332
1336
1333
1335
1335
1340
1339
1339
1341
1342
1346
1345
1344
1346
1348
1351
1352
1353
1351
1355
1354
1356
1356
1355
1355
1356
1362
1362
1361
1362
1366
1365
1366
1369
1369
1370
1369
1371
1374
1372
1373
1376
1377
1377
1379
1379
1378
1378
1381
1385
1385
1386
1386
1384
1390
1390
1392
1393
1392
1393
1392
1393
1394
1399
1396
1397
1398
1401
1400
1403
1403
1406
1406
1407
1405
1410
1407
1408
1413
1414
1414
1413
1415
1416
1416
1418
1417
1422
1424
1420
1421
1425
1428
1428
1427
1430
1427
1428
1431
1434
1435
1437
1437
1439
1437
1438
1439
1443
1444
1442
1441
1444
1443
1447
1445
1449
1451
1449
1450
1453
1455
1456
1455
1458
1458
1461
1457
1462
1459
1462
1461
1466
1466
1468
1466
1470
1468
1472
1471
1475
1471
1473
1477
1474
1479
1478
1482
1483
1481
1482
1482
1482
1487
1487
1485
1486
1487
1493
1491
1491
1493
1493
1493
1499
1497
1500
1498
1501
1500
1503
1503
1504
1506
1506
1508
1509
1512
1513
1514
1510
1514
1516
1518
1518
1518
1517
1520
1522
1523
1522
1525
1526
1523
1529
1529
1526
1529
1529
1533
1531
1533
1534
1535
1535
1538
1536
1538
1543
1542
1543
1541
1547
1548
1547
1546
1548
1550
1549
1554
1555
1553
1555
1553
1555
1556
1560
1558
1563
1561
1564
1565
1564
1568
1568
1569
1567
1567
1572
1571
1574
1571
1575
1576
1578
1576
1577
1577
1579
1583
1580
1582
1587
1587
1588
1590
1586
1590
1590
1590
1593
1595
1592
1593
1597
1595
1600
1597
1602
1602
1603
1602
1603
1604
1605
1606
1611
1612
1608
1610
1611
1612
1615
1613
1617
1616
1621
1620
1618
1619
1621
1623
1623
1626
1628
1627
1628
1630
1631
1632
1630
1635
1634
1638
1637
1639
1641
1641
1641
1643
1641
1641
1645
1643
1649
1648
1650
1650
1648
1651
1651
1656
1654
1655
1659
1660
1660
1661
1659
1663
1662
1662
1667
1668
1668
1670
1668
1672
1670
1669
1671
1671
1673
1677
1676
1676
1677
1681
1678
1683
1684
1685
1687
1684
1684
1690
1687
1689
1689
1689
1691
1692
1694
1694
1697
1700
1697
1700
1699
1703
1701
1704
1704
1705
1709
1708
1708
1711
1708
1710
1712
1716
1714
1713
1718
1716
1716
1722
1720
1722
1725
1726
1722
1726
1724
1728
1726
1731
1731
1733
1730
1734
1733
1735
1737
1740
1736
1742
1739
1741
1743
1742
1743
1748
1746
1748
1747
1751
1748
1749
