5
2
4
3
8
10
11
11
9
13
15
15
12
16
17
16
18
18
22
21
20
21
23
24
24
28
27
31
30
33
35
31
33
37
35
37
41
42
42
43
45
42
43
48
47
48
50
48
48
54
52
52
55
57
54
57
61
57
62
59
60
64
65
63
64
67
67
68
68
69
73
73
74
77
74
78
78
82
83
82
84
84
84
86
84
89
90
87
93
89
93
93
94
96
97
99
98
102
101
101
101
106
104
106
104
109
107
112
111
112
111
114
112
114
114
117
116
117
120
119
125
122
122
124
129
129
129
131
131
130
132
133
133
135
135
135
138
141
142
140
141
141
145
144
144
147
148
151
148
154
154
155
153
156
157
158
156
160
163
164
163
162
164
167
166
169
170
168
171
173
170
176
173
174
177
176
176
177
182
180
183
184
183
185
186
190
190
189
188
191
195
195
195
198
197
195
201
201
203
201
203
201
202
205
205
206
206
211
208
210
215
212
214
217
215
216
220
221
220
220
225
221
223
228
228
225
230
229
230
229
235
231
237
233
236
239
239
242
239
243
242
245
245
246
249
247
248
249
248
253
253
255
256
256
257
260
257
257
261
262
264
263
262
268
267
269
267
271
268
273
273
274
277
275
275
277
279
277
279
280
283
282
282
286
287
287
288
287
288
294
294
292
292
294
299
296
301
298
302
299
302
302
304
306
308
310
307
310
308
314
310
316
316
316
318
317
321
320
318
323
320
326
322
326
328
328
329
330
330
329
335
335
336
337
336
340
337
341
343
340
343
344
347
346
346
350
349
347
353
353
354
354
352
358
354
358
358
361
361
363
365
363
367
367
367
366
371
367
369
373
373
374
372
377
377
377
378
379
378
383
382
382
385
383
385
385
386
389
391
391
395
392
393
395
397
400
398
399
403
403
400
406
405
403
406
409
406
412
409
410
414
412
417
414
417
419
421
420
421
421
425
422
423
428
428
425
430
431
428
434
434
432
432
435
435
436
440
441
440
443
440
445
443
448
444
447
448
447
452
449
450
452
456
453
455
459
457
459
463
463
461
464
464
465
467
469
470
467
473
470
475
473
473
478
478
480
478
482
480
484
481
482
483
488
485
488
488
488
489
493
495
492
496
495
497
497
496
502
499
499
502
503
504
503
506
506
509
510
512
514
514
515
514
515
515
518
516
520
522
520
522
526
526
524
524
529
531
531
533
534
530
535
535
533
536
536
536
538
542
543
540
546
543
547
545
546
550
551
551
554
555
555
555
557
557
556
559
559
563
562
560
562
564
563
567
566
567
572
571
569
570
574
574
576
575
575
581
581
583
583
580
586
586
587
585
585
588
587
589
593
591
591
594
597
599
599
598
600
602
604
602
603
602
608
608
608
606
612
613
613
615
613
617
618
616
620
621
621
618
619
620
621
627
625
629
630
626
632
632
631
630
633
633
633
639
636
636
639
638
642
644
646
646
644
649
649
650
651
650
649
653
653
656
656
655
659
660
661
661
660
665
661
665
665
668
667
668
671
673
671
670
675
672
674
676
677
678
681
678
680
680
682
685
685
689
689
686
689
691
691
694
694
697
697
698
696
701
697
703
700
702
704
706
703
706
708
711
709
712
711
711
713
714
718
716
717
717
719
720
721
721
724
723
728
727
725
727
732
731
729
734
731
734
738
738
740
737
740
743
744
740
745
745
746
744
746
748
749
751
750
751
752
757
757
757
757
761
762
763
764
760
762
766
764
764
768
767
772
769
772
772
775
772
777
775
778
777
780
779
779
782
783
786
788
784
785
790
788
793
791
795
796
795
797
797
800
799
797
798
801
801
801
803
808
809
806
811
812
810
812
812
814
815
814
818
819
818
819
823
819
825
826
822
823
828
827
827
831
829
834
833
833
832
834
834
838
837
842
839
839
843
842
844
847
848
849
847
848
853
851
850
856
853
853
858
859
860
857
861
863
861
861
865
865
869
868
871
872
873
871
875
875
874
874
879
880
878
879
880
883
884
886
883
888
888
888
888
888
890
891
893
895
892
897
898
896
897
898
903
902
901
903
907
903
908
908
909
910
913
909
913
916
916
916
919
919
920
922
921
921
925
924
922
923
927
930
931
927
931
930
932
935
935
933
937
938
937
941
938
941
940
944
946
944
945
950
946
951
953
951
951
952
954
956
955
957
958
957
959
960
961
966
963
964
966
965
966
971
970
970
971
973
976
974
974
976
980
982
981
983
982
982
983
987
986
985
987
989
990
993
995
995
992
993
996
996
1000
999
1000
1003
1001
1001
1004
1007
1004
1009
1008
1009
1008
1011
1015
1015
1014
1013
1017
1017
1018
1020
1019
1020
1020
1023
1023
1023
1026
1027
1029
1032
1031
1032
1033
1032
1035
1034
1039
1040
1041
1042
1043
1044
1041
1042
1044
1046
1045
1047
1048
1052
1053
1053
1055
1054
1057
1053
1055
1056
1057
1062
1058
1060
1061
1062
1067
1065
1064
1070
1067
1067
1068
1071
1072
1076
1074
1075
1078
1075
1080
1080
1083
1079
1085
1085
1082
1084
1085
1088
1089
1089
1092
1091
1093
1094
1097
1096
1095
1095
1099
1100
1103
1103
1100
1103
1103
1105
1107
1107
1106
1110
1111
1114
1112
1112
1112
1116
1116
1116
1120
1120
1120
1124
1120
1122
1122
1123
1125
1129
1126
1130
1128
1131
1132
1133
1136
1136
1135
1139
1141
1140
1141
1141
1144
1141
1146
1147
1146
1147
1146
1151
1150
1154
1151
1154
1152
1158
1157
1159
1157
1159
1162
1163
1160
1164
1162
1164
1168
1168
1169
1167
1173
1170
1171
1172
1174
1178
1177
1177
1176
1181
1179
1181
1185
1183
1187
1186
1187
1189
1189
1187
1188
1189
1191
1193
1194
1195
1198
1197
1200
1202
1198
1199
1200
1201
1204
1205
1205
1208
1210
1208
1208
1213
1214
1211
1217
1216
1215
1217
1221
1220
1220
1224
1224
1222
1223
1224
1227
1229
1228
1232
1229
1230
1231
1233
1235
1236
1234
1236
1241
1240
1238
1244
1240
1245
1247
1244
1248
1245
1251
1247
1253
1254
1255
1255
1252
1255
1259
1256
1256
1260
1260
1260
1262
1264
1262
1265
1264
1265
1271
1268
1268
1272
1270
1274
1275
1277
1277
1275
1281
1282
1279
1284
1282
1285
1285
1286
1286
1289
1290
1292
1293
1289
1294
1293
1295
1296
1299
1297
1300
1301
1300
1304
1302
1301
1307
1308
1307
1310
1310
1309
1311
1310
1315
1313
1315
1316
1315
1319
1320
1318
1323
1324
1324
1323
1325
1324
1325
1326
1329
1330
1333
1333
1330
1336
1337
1336
1338
1340
1341
1337
1338
1343
1341
1343
1342
1345
1346
1350
1350
1351
1353
1354
1354
1351
1356
1355
1357
1358
1361
1357
1358
1360
1363
1364
1366
1365
1369
1369
1367
1370
1371
1374
1373
1374
1372
1377
1376
1380
1379
1378
1382
1380
1382
1381
1387
1388
1386
1387
1388
1388
1390
1391
1391
1392
1396
1394
1396
1396
1400
1400
1400
1404
1405
1403
1404
1407
1406
1409
1406
1412
1412
1410
1410
1413
1416
1418
1415
1418
1418
1419
1422
1424
1425
1425
1427
1425
1429
1429
1431
1431
1431
1433
1435
1432
1433
1433
1435
1438
1440
1440
1439
1444
1442
1442
1446
1446
1449
1447
1450
1447
1453
1454
1452
1453
1457
1458
1454
1457
1457
1457
1459
1462
1464
1463
1466
1464
1464
1468
1468
1471
1471
1472
1470
1471
1472
1477
1479
1480
1481
1478
1479
1483
1485
1484
1485
1487
1489
1489
1490
1490
1489
1490
1493
1493
1493
1496
1499
1496
1499
1500
1499
1502
1500
1504
1505
1508
1508
1505
1510
1512
1512
1511
1513
1511
1515
1513
1515
1520
1517
1522
1519
1519
1523
1521
1524
1524
1527
1527
1530
1528
1529
1532
1531
1536
1533
1535
1537
1538
1540
1540
1540
1540
1544
1546
1543
1547
1547
1547
1546
1547
1548
1552
1550
1554
1555
1555
1555
1559
1559
1558
1559
1563
1565
1564
1564
1568
1567
1567
1566
1570
1568
1572
1572
1573
1575
1577
1575
1575
1577
1582
1579
1583
1585
1586
1584
1587
1584
1590
1587
1591
1590
1593
1594
1596
1593
1595
1599
1598
1601
1597
1602
1602
1603
1604
1602
1604
1609
1608
1609
1612
1613
1612
1614
1613
1617
1615
1619
1618
1619
1619
1620
1620
1621
1625
1624
1627
1624
1627
1628
1632
1630
1634
1634
1636
1635
1633
1637
1636
1640
1637
1641
1640
1643
1644
1645
1643
1646
1650
1649
1651
1648
1652
1650
1655
1655
1654
1657
1658
1660
1662
1659
1661
1660
1663
1664
1665
1669
1670
1669
1672
1671
1672
1674
1674
1672
1678
1677
1678
1676
1681
1681
1681
1684
1684
1685
1688
1689
1690
1690
1689
1693
1693
1691
1692
1696
1697
1696
1695
1700
1699
1698
1702
1702
1704
1703
1703
1709
1707
1711
1711
1712
1714
1713
1716
1714
1718
1716
1720
1716
1718
1718
1721
1720
1725
1722
1725
1729
1727
1726
1729
1728
1730
1735
1736
1732
1734
1735
1735
1736
1739
1741
1742
1742
1744
1743
1745
1747
1746
1750
1747
1752
1751
