4
6
2
4
5
9
8
8
11
10
15
13
15
18
16
20
17
20
22
23
24
25
26
25
28
30
31
30
31
29
33
31
35
33
34
38
41
39
42
43
42
45
46
43
49
49
47
52
52
53
54
54
57
58
56
55
57
60
62
60
61
65
66
67
65
69
71
69
72
72
72
73
77
74
74
78
76
80
83
80
81
82
83
86
84
86
90
89
88
89
93
96
97
98
96
95
98
102
100
101
102
102
104
104
104
106
106
109
113
109
113
111
116
113
115
117
121
119
119
119
122
126
125
128
127
125
128
132
131
133
135
135
133
136
139
135
139
139
141
140
141
146
146
146
149
146
146
150
153
152
153
152
154
154
154
155
156
157
162
163
162
166
167
166
166
170
169
171
173
174
170
175
173
175
177
176
179
178
183
181
180
183
183
183
189
188
189
188
191
190
194
193
196
195
194
195
200
197
198
199
200
206
204
206
204
209
210
207
208
214
212
211
215
215
215
215
216
219
223
220
222
226
225
228
228
226
231
229
228
233
235
234
237
235
236
236
236
242
241
240
245
246
247
248
246
248
246
247
248
253
250
252
254
254
254
256
261
258
263
260
264
262
263
267
264
265
269
270
271
274
272
272
272
277
275
278
280
278
278
280
283
281
283
288
287
288
291
292
289
291
295
291
293
295
295
298
298
299
298
299
302
301
304
305
304
307
310
311
309
313
312
315
315
318
317
319
321
318
321
323
324
322
322
328
328
328
330
331
328
334
332
331
332
338
336
337
338
339
338
341
343
345
342
344
345
346
349
348
350
354
350
351
356
355
358
357
356
362
363
360
363
365
366
363
366
369
371
372
372
370
370
373
372
376
377
376
380
380
381
384
385
384
382
387
387
390
390
389
390
394
390
393
397
394
396
400
401
399
403
399
405
403
407
403
405
407
406
408
411
409
410
411
416
414
419
416
421
422
421
421
424
425
425
423
428
426
429
427
432
429
433
431
434
435
435
437
440
439
442
444
444
446
442
447
444
447
450
448
448
450
452
456
453
453
458
456
458
459
462
461
464
464
465
468
469
466
467
472
472
470
471
471
476
473
476
477
477
477
480
483
481
485
487
485
488
487
489
490
492
493
495
496
496
494
496
498
496
499
501
500
504
504
503
506
507
506
506
512
511
510
514
513
512
518
518
516
516
518
521
520
521
521
522
525
527
530
526
531
530
534
530
536
537
536
535
538
536
539
539
544
540
541
545
547
545
546
546
547
549
553
554
556
554
557
556
556
556
559
559
560
563
561
567
563
564
570
569
571
573
572
574
575
574
578
579
577
581
577
582
584
584
585
585
585
589
589
590
587
591
589
595
592
592
593
596
596
599
601
598
599
602
603
607
604
608
606
607
609
610
609
614
611
615
617
614
619
621
617
623
619
620
625
622
623
625
629
627
630
631
629
635
632
634
634
635
639
641
639
640
644
642
646
644
646
646
645
648
649
648
653
655
655
657
658
657
659
657
662
659
659
664
661
664
663
669
666
670
668
672
673
672
673
677
677
677
678
679
678
678
683
682
682
684
684
684
689
687
687
692
691
690
692
694
697
695
697
700
698
702
699
703
705
707
703
709
707
707
712
712
714
713
712
714
714
718
717
717
722
721
723
723
723
723
725
725
728
726
731
729
732
735
734
735
734
735
739
740
741
739
744
740
745
746
745
744
749
750
749
751
753
750
755
753
753
755
757
757
760
758
759
761
765
762
765
769
768
766
772
772
772
771
774
773
778
779
779
781
782
778
781
784
785
783
783
785
789
786
787
789
794
791
795
795
793
794
798
799
798
798
799
802
801
805
807
805
807
810
812
810
813
815
814
816
815
817
819
818
821
818
819
823
826
826
826
827
827
830
832
830
830
832
835
833
834
836
840
836
842
840
843
844
841
845
847
849
846
851
847
850
850
851
855
855
856
854
860
859
857
860
864
862
862
863
866
865
867
868
867
872
874
873
871
876
878
876
876
876
877
878
880
880
883
887
883
887
889
888
890
891
890
892
892
897
898
898
896
896
899
901
900
903
901
905
905
905
910
907
910
913
911
910
916
915
917
917
918
916
920
922
920
920
922
925
925
926
929
929
928
929
931
933
934
936
936
939
937
937
941
938
942
941
946
945
944
948
945
947
950
953
953
955
954
955
956
957
956
961
962
958
962
961
962
962
963
965
965
971
970
968
971
972
972
973
977
974
979
976
979
978
981
984
982
986
985
989
988
988
987
990
989
990
996
997
997
999
999
1000
998
1002
1001
1004
1006
1007
1007
1008
1009
1010
1010
1008
1014
1011
1013
1015
1016
1017
1016
1021
1020
1023
1022
1021
1023
1026
1027
1026
1030
1030
1030
1028
1029
1035
1033
1036
1033
1036
1039
1038
1042
1043
1044
1043
1041
1044
1046
1046
1047
1049
1047
1050
1053
1055
1055
1056
1057
1059
1060
1061
1059
1062
1060
1062
1066
1067
1063
1064
1066
1069
1068
1070
1069
1072
1076
1072
1077
1078
1079
1081
1082
1080
1084
1085
1085
1084
1084
1084
1085
1086
1091
1092
1089
1094
1095
1096
1093
1094
1097
1100
1098
1099
1103
1103
1101
1105
1108
1104
1108
1109
1107
1110
1110
1111
1113
1117
1114
1114
1119
1121
1122
1120
1122
1123
1122
1124
1127
1127
1129
1128
1132
1131
1132
1133
1132
1135
1137
1137
1136
1138
1137
1141
1142
1144
1144
1145
1148
1147
1150
1149
1151
1151
1152
1153
1156
1153
1157
1155
1156
1159
1162
1162
1162
1160
1163
1167
1167
1166
1170
1170
1169
1169
1172
1174
1176
1174
1177
1174
1178
1176
1180
1180
1181
1183
1184
1186
1183
1185
1185
1189
1192
1192
1190
1191
1193
1194
1193
1196
1196
1201
1199
1198
1203
1200
1201
1206
1204
1207
1206
1211
1208
1211
1210
1215
1216
1216
1215
1214
1217
1218
1217
1219
1222
1224
1223
1222
1225
1229
1229
1226
1230
1233
1229
1234
1232
1235
1236
1239
1238
1240
1242
1238
1243
1245
1245
1243
1246
1246
1248
1247
1250
1251
1254
1251
1252
1253
1253
1256
1257
1260
1262
1260
1260
1262
1263
1263
1264
1265
1267
1270
1268
1268
1273
1270
1272
1274
1276
1276
1277
1277
1281
1281
1279
1283
1285
1286
1283
1284
1287
1290
1292
1291
1290
1295
1291
1295
1296
1296
1298
1297
1297
1299
1301
1302
1302
1303
1306
1307
1308
1308
1310
1310
1310
1312
1315
1315
1316
1317
1315
1316
1322
1320
1322
1324
1324
1326
1328
1328
1329
1330
1327
1332
1330
1334
1332
1337
1334
1339
1336
1338
1340
1338
1339
1345
1341
1342
1348
1347
1347
1350
1352
1352
1354
1350
1351
1353
1353
1354
1359
1361
1358
1359
1363
1365
1366
1367
1366
1369
1365
1368
1370
1371
1371
1373
1374
1373
1374
1378
1379
1376
1381
1380
1381
1382
1385
1384
1384
1386
1387
1386
1389
1390
1391
1393
1393
1397
1394
1398
1395
1396
1401
1399
1404
1403
1406
1403
1407
1404
1410
1410
1407
1410
1412
1414
1411
1416
1414
1415
1420
1416
1422
1419
1423
1422
1425
1426
1427
1426
1429
1431
1427
1429
1434
1431
1431
1436
1434
1435
1436
1440
1439
1440
1442
1443
1442
1446
1444
1444
1445
1446
1451
1448
1449
1451
1453
1454
1457
1454
1455
1459
1458
1463
1459
1464
1461
1464
1467
1469
1469
1466
1468
1472
1474
1475
1474
1475
1478
1477
1475
1478
1480
1480
1483
1482
1484
1485
1486
1484
1487
1486
1492
1488
1492
1495
1492
1496
1496
1499
1497
1500
1499
1503
1504
1502
1506
1504
1504
1506
1509
1511
1510
1509
1509
1514
1516
1516
1516
1519
1520
1520
1520
1519
1522
1520
1523
1522
1528
1527
1527
1527
1527
1531
1531
1535
1536
1532
1537
1534
1535
1541
1539
1543
1539
1540
1544
1544
1545
1544
1547
1550
1549
1548
1554
1551
1552
1556
1555
1557
1559
1557
1559
1563
1561
1561
1566
1567
1563
1567
1565
1571
1568
1573
1573
1574
1574
1577
1578
1574
1578
1581
1581
1579
1579
1585
1586
1585
1585
1584
1587
1586
1589
1593
1589
1594
1595
1593
1593
1597
1597
1599
1601
1600
1602
1600
1605
1602
1607
1605
1609
1606
1610
1612
1613
1610
1614
1612
1615
1618
1616
1619
1619
1618
1620
1622
1621
1623
1623
1629
1625
1627
1628
1628
1629
1635
1632
1637
1633
1635
1637
1640
1638
1642
1643
1641
1644
1644
1645
1649
1649
1648
1652
1653
1651
1651
1656
1656
1656
1658
1660
1657
1662
1663
1660
1664
1665
1662
1666
1667
1668
1668
1670
1673
1673
1674
1671
1673
1678
1677
1680
1680
1681
1681
1680
1685
1685
1685
1688
1688
1686
1688
1687
1689
1692
1692
1695
1696
1695
1698
1697
1697
1697
1698
1700
1705
1706
1706
1703
1705
1705
1711
1710
1713
1713
1714
1715
1714
1718
1719
1720
1717
1719
1721
1720
1721
1724
1723
1727
1729
1727
1729
1728
1733
1732
1730
1735
1736
1738
1734
1739
1738
1737
1742
1743
1744
1742
1742
1747
1744
1750
1749
1747
1748
1750
