4
3
6
7
4
9
7
11
12
10
12
16
12
18
17
17
17
22
18
20
25
23
25
24
29
27
29
31
32
33
33
36
32
34
38
36
39
37
38
42
43
44
44
45
47
50
51
49
48
52
52
51
56
54
57
58
59
62
63
61
64
64
67
68
67
68
66
68
73
70
75
74
74
77
79
80
81
80
81
83
81
82
82
85
84
90
91
87
90
93
90
96
94
95
96
99
96
99
99
101
103
101
107
105
106
109
107
112
109
114
115
114
115
116
118
115
117
121
121
120
124
126
126
123
128
127
128
129
132
132
132
134
132
138
134
136
139
140
141
143
144
146
145
143
148
148
150
150
149
150
154
151
153
155
155
160
157
162
161
161
165
166
167
168
166
167
169
168
170
170
172
176
174
173
177
179
178
181
181
179
182
185
187
183
185
187
191
190
188
189
195
192
192
193
199
200
200
197
201
202
205
205
204
205
205
206
206
208
213
209
210
214
215
215
218
220
218
217
221
224
222
221
226
225
229
229
227
229
231
234
233
232
232
236
234
237
239
241
240
243
243
245
242
247
246
249
248
248
250
250
254
253
253
256
259
259
261
262
260
264
264
262
264
263
269
268
268
272
270
269
275
276
272
277
274
277
278
281
279
281
284
281
284
286
286
289
289
289
288
294
292
291
296
296
296
298
300
302
300
303
304
306
304
306
309
310
310
312
308
313
313
314
313
315
314
320
317
318
321
324
320
323
325
326
325
328
326
329
330
333
332
332
335
334
339
338
341
342
339
341
344
342
344
343
347
350
348
348
353
353
350
351
354
358
358
356
356
361
358
361
363
364
363
366
369
366
367
368
371
374
375
371
372
378
375
379
377
379
383
382
381
384
385
385
387
390
386
391
391
389
394
393
395
393
397
395
398
397
403
404
405
402
404
405
404
407
408
409
409
410
412
415
416
418
419
416
416
419
418
421
423
422
427
425
429
428
428
427
429
433
433
436
433
433
439
436
438
441
443
440
442
444
446
445
448
445
448
452
453
452
450
456
457
457
458
456
456
460
461
463
461
461
465
466
467
470
468
468
470
471
473
476
474
476
475
480
478
477
482
482
482
486
483
487
488
485
489
488
492
491
494
496
496
497
495
497
500
498
501
499
500
506
503
507
508
505
508
512
513
513
512
513
513
517
518
515
517
518
522
522
524
526
527
527
528
525
526
532
529
532
535
531
536
538
535
536
541
537
540
542
542
546
543
547
548
546
551
548
553
549
550
554
556
557
555
555
557
561
561
562
562
565
564
566
568
570
568
570
570
569
575
575
574
577
578
576
580
577
583
581
581
586
587
585
587
589
591
587
589
592
595
591
594
597
599
597
596
597
603
603
601
606
602
604
604
605
606
612
608
614
612
615
617
616
615
620
621
619
622
620
620
625
622
624
628
626
627
628
632
633
634
636
636
637
636
635
640
638
640
640
640
644
647
643
647
650
646
649
648
651
650
651
655
658
654
660
659
661
660
664
665
666
666
663
669
667
668
669
671
674
671
676
676
678
679
676
676
677
680
684
683
683
685
683
685
690
688
688
692
693
694
694
692
697
697
697
696
698
700
700
700
706
705
703
707
708
710
707
708
712
715
715
717
713
719
718
716
720
722
724
721
724
724
724
725
729
730
732
733
729
732
736
733
737
735
738
741
739
741
742
743
743
746
745
748
745
751
752
748
749
751
752
754
755
756
756
761
759
761
763
762
763
767
765
767
770
771
772
769
772
770
773
774
773
776
780
780
779
779
780
780
784
785
783
787
788
787
791
793
792
795
791
793
796
799
798
798
800
798
802
801
802
802
807
805
808
810
808
813
812
814
811
812
814
819
820
818
817
823
823
822
823
825
823
826
828
829
827
828
834
831
836
833
838
838
836
839
842
839
842
843
842
846
845
848
850
849
847
848
852
855
852
856
857
858
855
859
861
860
862
864
865
866
867
864
865
870
869
869
874
870
875
872
878
879
875
881
879
879
882
884
885
886
885
887
887
886
892
892
892
892
891
897
897
898
898
900
897
899
900
903
901
902
903
904
910
908
912
912
913
912
914
916
917
917
920
919
919
919
921
923
924
927
924
925
925
928
927
931
934
930
934
937
935
938
936
938
941
942
943
941
944
945
944
949
945
950
951
949
950
955
951
955
958
958
958
958
960
961
961
962
965
966
964
964
967
971
971
972
974
972
974
974
974
976
975
980
981
983
983
984
985
985
985
986
987
986
990
988
991
990
993
997
995
995
1000
997
1002
1002
1003
1005
1006
1005
1006
1007
1007
1011
1008
1013
1011
1010
1014
1015
1016
1014
1015
1017
1021
1019
1021
1020
1026
1022
1025
1029
1027
1031
1031
1028
1031
1031
1033
1037
1038
1035
1036
1036
1040
1043
1039
1045
1044
1042
1048
1044
1046
1050
1051
1049
1050
1050
1054
1052
1057
1055
1057
1059
1061
1059
1062
1063
1061
1062
1064
1069
1068
1066
1072
1073
1072
1073
1071
1074
1076
1079
1078
1077
1078
1083
1084
1080
1085
1086
1088
1084
1087
1091
1091
1093
1091
1094
1091
1096
1093
1098
1095
1099
1098
1102
1103
1105
1102
1107
1103
1106
1106
1109
1112
1108
1111
1110
1111
1115
1116
1116
1120
1118
1117
1120
1124
1120
1126
1122
1127
1128
1127
1128
1127
1132
1130
1132
1132
1134
1135
1137
1136
1137
1142
1142
1141
1140
1145
1146
1145
1147
1145
1147
1147
1148
1151
1150
1156
1153
1155
1158
1155
1158
1162
1159
1164
1161
1165
1167
1164
1169
1169
1169
1172
1168
1174
1172
1172
1174
1173
1177
1177
1181
1182
1183
1180
1180
1182
1185
1188
1189
1190
1186
1192
1190
1191
1192
1195
1196
1193
1195
1199
1196
1202
1200
1202
1202
1202
1207
1204
1207
1206
1206
1208
1210
1210
1211
1215
1215
1216
1218
1220
1218
1220
1222
1220
1222
1225
1225
1225
1227
1225
1227
1227
1229
1231
1234
1233
1232
1238
1239
1235
1241
1238
1242
1240
1243
1244
1245
1245
1247
1247
1250
1252
1252
1254
1251
1253
1255
1258
1255
1257
1259
1260
1258
1261
1265
1262
1265
1265
1266
1270
1266
1269
1268
1273
1270
1272
1276
1278
1279
1280
1277
1279
1281
1281
1284
1285
1285
1286
1287
1286
1286
1288
1291
1291
1294
1292
1297
1295
1297
1299
1297
1299
1298
1301
1305
1301
1302
1306
1306
1310
1309
1308
1311
1309
1312
1316
1316
1317
1318
1317
1321
1319
1323
1319
1320
1325
1326
1328
1328
1330
1326
1327
1329
1333
1331
1335
1337
1334
1334
1337
1336
1340
1343
1339
1340
1343
1344
1348
1345
1346
1349
1351
1349
1354
1355
1354
1357
1358
1354
1356
1361
1357
1359
1360
1364
1365
1365
1363
1367
1370
1369
1367
1368
1371
1372
1376
1375
1373
1374
1376
1379
1381
1379
1380
1385
1381
1382
1383
1387
1389
1386
1391
1388
1389
1393
1392
1393
1398
1399
1395
1396
1400
1401
1402
1404
1405
1407
1404
1407
1405
1409
1409
1412
1412
1413
1415
1414
1415
1419
1419
1416
1417
1421
1424
1420
1423
1422
1427
1427
1426
1431
1429
1433
1434
1434
1432
1435
1434
1434
1439
1441
1440
1439
1439
1440
1445
1444
1443
1445
1447
1448
1450
1449
1453
1450
1456
1452
1458
1458
1457
1459
1457
1462
1459
1461
1464
1464
1468
1468
1469
1471
1467
1470
1472
1474
1472
1474
1477
1475
1475
1481
1479
1478
1480
1484
1485
1487
1485
1484
1489
1490
1490
1491
1493
1492
1494
1497
1495
1499
1496
1499
1499
1502
1503
1505
1502
1505
1505
1504
1508
1510
1511
1513
1514
1515
1515
1516
1518
1516
1520
1521
1518
1521
1523
1525
1525
1525
1523
1524
1526
1529
1531
1531
1532
1534
1535
1532
1535
1538
1539
1539
1542
1543
1540
1541
1543
1547
1544
1549
1549
1549
1550
1553
1553
1553
1555
1553
1558
1557
1557
1557
1559
1558
1564
1560
1561
1563
1568
1565
1565
1567
1568
1571
1570
1574
1576
1577
1573
1574
1578
1576
1577
1582
1579
1585
1585
1587
1583
1587
1586
1589
1591
1591
1589
1594
1591
1597
1594
1596
1596
1598
1599
1599
1599
1605
1602
1604
1603
1608
1607
1610
1608
1612
1613
1613
1614
1615
1613
1619
1615
1618
1621
1621
1624
1620
1625
1624
1623
1628
1630
1627
1629
1631
1632
1634
1636
1634
1638
1638
1640
1638
1637
1640
1641
1640
1641
1642
1648
1646
1649
1651
1649
1650
1651
1650
1656
1652
1658
1654
1655
1657
1659
1662
1663
1660
1665
1667
1666
1665
1666
1667
1670
1669
1671
1672
1676
1674
1674
1676
1679
1680
1678
1678
1682
1683
1684
1684
1685
1688
1688
1687
1689
1689
1694
1690
1696
1692
1696
1698
1699
1698
1699
1700
1702
1704
1701
1705
1703
1707
1709
1708
1711
1711
1711
1713
1711
1715
1713
1718
1717
1719
1718
1721
1724
1722
1721
1726
1728
1727
1728
1730
1729
1732
1732
1733
1736
1735
1735
1738
1736
1736
1739
1739
1740
1742
1741
1742
1747
1745
1750
1748
1751
1752
1753
