942
937
940
934
934
936
931
934
931
929
928
931
925
926
926
923
926
922
921
921
918
918
916
914
914
916
916
914
912
909
912
907
909
907
907
907
904
901
903
901
900
899
899
898
898
895
894
893
894
893
892
891
887
887
885
882
881
881
880
879
881
881
879
877
873
876
872
870
869
869
872
868
865
869
868
866
866
861
859
863
857
860
856
859
858
853
855
851
854
849
847
849
848
849
847
847
846
842
843
840
842
837
837
838
834
833
831
831
832
829
830
826
829
827
824
823
822
820
824
823
818
818
820
814
814
813
811
810
811
810
808
811
807
807
807
802
806
804
804
801
799
799
798
798
794
794
791
795
792
791
789
788
788
787
784
782
783
785
781
783
777
781
780
778
773
773
772
771
772
768
767
771
766
765
765
765
764
765
763
760
757
760
760
756
755
753
751
755
752
752
750
750
749
747
744
743
746
742
743
739
740
737
735
739
736
735
736
730
734
730
727
731
725
726
726
724
721
724
722
722
717
717
715
714
716
713
715
710
710
709
709
706
709
709
705
705
704
703
701
703
699
696
695
695
698
693
693
694
694
693
689
691
689
687
685
684
684
683
682
679
677
677
675
675
678
675
674
674
669
671
670
670
670
664
664
667
662
660
662
659
661
661
656
659
657
656
653
654
653
648
650
646
647
648
644
645
641
641
641
643
639
636
640
637
635
637
636
634
631
632
628
628
629
625
624
624
622
622
620
618
618
619
617
619
613
617
613
613
613
608
612
611
606
608
603
603
602
605
602
598
601
597
596
597
597
596
596
591
589
589
587
588
588
586
586
582
583
581
581
583
578
576
579
579
578
573
576
575
572
571
568
569
570
565
565
563
563
563
560
558
557
561
556
556
554
553
551
553
551
548
549
548
545
545
543
545
543
543
543
543
540
536
535
537
537
533
531
531
532
532
527
528
525
528
523
522
522
524
522
519
517
519
520
516
517
517
516
513
511
513
507
506
506
504
507
504
504
503
503
499
499
499
495
497
497
496
496
493
493
493
491
491
486
488
484
485
483
480
482
480
479
477
475
479
474
476
476
473
474
473
471
469
470
467
464
465
466
465
461
463
457
459
460
459
454
456
456
451
449
450
449
446
448
448
445
443
446
444
442
439
442
437
435
438
434
432
435
433
431
429
428
427
427
425
426
422
426
421
419
421
420
420
420
416
417
413
412
412
411
410
411
408
407
409
408
405
406
400
399
399
398
401
398
396
395
396
394
390
389
388
387
390
388
385
386
387
385
381
379
380
381
378
378
374
374
375
372
373
371
370
372
366
370
367
364
364
362
364
360
358
357
361
355
358
354
357
353
352
350
350
350
347
347
349
344
342
344
343
343
341
340
337
337
337
334
333
334
330
329
328
332
328
327
329
327
322
325
321
320
319
319
318
316
315
316
315
311
314
314
310
308
306
309
309
306
303
302
302
302
302
301
301
299
296
298
296
292
291
294
292
291
287
290
284
288
286
282
285
282
280
282
277
275
274
278
272
274
275
274
269
269
269
267
266
268
267
264
265
263
258
259
258
259
255
257
257
253
254
249
251
249
247
248
248
243
246
241
245
239
243
240
240
237
235
234
235
232
231
234
230
227
226
230
227
228
227
225
224
222
220
218
219
217
216
213
214
215
212
212
211
208
206
209
206
208
206
201
203
203
198
197
196
195
194
198
193
191
190
192
188
187
186
186
184
188
182
185
180
180
182
179
180
175
177
174
173
171
173
173
169
172
166
166
165
164
166
166
164
159
162
162
159
157
159
153
156
152
151
152
151
152
148
150
144
145
146
144
140
140
140
137
140
136
138
136
132
135
130
132
133
128
131
128
129
126
127
126
122
119
122
117
120
120
115
115
113
112
112
114
109
107
107
107
109
107
106
104
102
103
100
100
98
99
99
98
94
96
90
93
93
88
90
86
88
87
84
84
84
80
82
78
81
77
77
78
73
76
72
70
73
70
66
68
66
67
63
61
62
62
58
62
58
58
55
58
56
52
53
50
53
50
46
48
46
47
44
46
42
41
43
42
39
35
38
38
37
31
30
31
33
31
31
25
27
23
27
26
24
20
20
20
17
15
15
17
16
11
10
14
12
11
9
9
6
8
5
4
1
6
4
8
7
9
7
10
13
11
13
13
14
18
18
18
19
21
23
23
24
25
22
27
27
26
27
28
29
33
35
31
36
37
39
39
41
38
38
42
43
46
42
47
46
48
46
48
50
51
54
55
54
58
56
60
58
61
60
61
63
66
63
66
65
65
69
67
70
71
71
73
77
73
78
79
80
78
81
80
80
86
85
87
86
87
87
89
92
93
92
96
95
97
94
98
97
102
99
101
100
105
103
108
109
106
107
109
112
110
112
115
115
116
118
117
116
118
120
122
124
121
126
125
125
126
130
130
128
134
130
134
135
133
137
140
137
140
140
140
145
141
144
147
146
147
151
152
148
153
150
152
152
155
157
157
160
161
160
162
163
164
165
167
164
165
168
171
171
170
174
175
173
174
174
176
177
181
179
181
183
181
187
185
189
190
189
192
188
193
195
191
195
195
199
200
198
199
198
202
200
206
205
208
208
210
207
212
208
209
215
212
214
215
215
219
217
222
219
220
223
221
225
226
226
228
226
227
228
234
231
234
236
235
235
236
239
238
240
241
240
246
242
248
246
250
247
252
253
249
250
254
257
258
258
260
259
261
259
261
260
262
267
266
268
269
269
271
270
272
271
272
276
273
279
276
278
280
278
284
282
283
285
286
284
287
290
290
291
291
290
293
295
293
299
295
296
299
299
302
303
303
305
306
305
308
307
309
312
313
314
313
312
313
314
318
316
318
320
322
323
322
324
324
325
330
328
331
331
331
334
334
334
338
338
335
338
337
338
343
344
341
347
344
345
349
351
351
348
350
354
356
355
357
355
359
361
359
362
359
365
363
367
368
365
370
369
367
369
370
373
376
372
375
376
380
378
379
380
380
384
384
386
385
387
386
388
390
391
394
391
391
395
398
395
398
401
399
398
402
401
402
404
408
409
409
409
412
409
414
410
416
416
416
416
416
420
418
423
423
425
421
426
423
429
428
431
431
431
429
432
434
436
434
434
435
439
442
443
441
442
443
444
444
449
448
450
452
448
452
451
453
453
454
454
460
457
461
461
464
464
461
467
463
464
467
469
472
468
471
475
473
472
476
478
480
477
478
479
480
482
486
487
484
486
485
490
487
489
490
492
491
493
498
494
499
500
501
502
502
503
504
506
505
509
505
509
510
511
512
513
511
514
513
518
519
516
519
519
522
521
523
525
524
528
528
530
527
530
531
532
535
536
535
534
539
536
539
538
544
545
542
543
547
544
550
548
548
550
549
555
553
556
558
557
560
560
559
561
560
560
565
563
564
565
566
569
570
570
569
571
576
573
578
575
578
576
581
583
580
581
581
583
583
586
588
586
590
593
589
590
593
597
596
597
597
596
598
602
604
602
601
604
607
605
605
610
611
609
614
610
611
612
614
616
617
617
622
619
619
620
622
624
624
626
625
627
630
630
629
631
635
637
636
634
640
637
639
641
644
642
645
643
647
647
646
649
647
651
654
653
651
656
657
656
655
659
661
663
663
660
665
663
663
668
669
668
672
673
669
674
672
674
674
675
675
676
680
680
682
684
684
683
686
686
686
688
692
692
691
692
693
694
693
696
698
700
697
702
701
702
705
705
703
708
706
706
710
709
714
710
716
715
714
719
718
720
720
723
723
725
725
725
728
725
728
730
728
733
734
730
735
735
737
735
737
739
737
741
742
744
745
744
748
749
750
751
750
751
751
752
754
755
753
758
757
758
760
760
760
765
764
765
765
768
770
769
768
768
774
771
772
773
778
779
775
776
778
782
780
781
782
783
786
784
788
789
789
788
794
790
792
796
798
795
797
800
799
799
802
805
806
807
806
807
805
806
812
813
810
810
811
816
816
817
815
817
817
821
823
825
823
822
825
827
826
826
829
828
834
834
835
834
835
839
837
837
837
843
840
842
843
843
844
845
850
848
849
849
853
854
853
857
856
857
858
856
862
861
860
860
862
864
865
865
868
870
871
868
870
871
871
877
877
878
876
881
880
880
880
884
884
886
886
889
885
889
892
893
892
890
892
896
897
898
895
901
900
900
899
901
901
903
903
904
909
907
908
912
912
915
914
915
918
918
917
921
918
919
919
923
921
925
927
929
926
928
930
928
929
932
936
934
936
937
936
941
937
