941
937
938
936
934
936
934
934
933
932
927
926
927
925
927
926
921
922
923
922
922
918
915
917
914
912
916
911
914
911
912
909
906
904
905
905
906
901
899
900
900
901
898
896
896
892
892
894
890
888
890
888
885
885
883
885
881
884
880
883
879
876
878
876
873
874
873
872
873
869
869
871
867
869
868
864
863
864
863
859
861
859
856
859
857
852
853
850
853
852
851
847
846
846
846
843
841
843
840
843
841
839
837
834
838
834
833
833
829
829
828
830
828
824
827
822
825
820
822
823
820
817
820
818
817
814
813
815
811
810
811
809
809
809
807
806
805
803
800
803
797
800
795
796
798
795
792
792
789
793
788
789
788
784
783
784
782
782
781
780
779
779
780
779
774
772
776
775
772
770
767
767
766
767
767
767
762
762
760
759
761
759
755
759
756
753
753
750
752
748
747
751
748
745
743
747
742
744
741
740
740
740
738
739
734
735
731
732
730
730
730
730
727
726
723
724
723
721
722
721
719
718
717
716
713
715
716
711
713
708
707
711
709
708
706
705
706
704
700
698
699
698
697
696
698
694
691
692
691
688
687
688
685
689
687
684
682
680
682
678
678
679
678
676
674
674
676
670
674
672
670
671
669
666
664
663
664
662
663
660
661
657
656
659
657
654
655
654
654
649
650
651
646
649
648
646
641
642
642
638
641
639
640
636
637
636
635
634
633
633
630
628
628
627
624
625
626
624
619
619
622
618
615
614
613
615
611
611
614
612
612
608
607
609
603
605
604
605
599
599
600
597
597
597
595
597
596
591
593
592
590
588
590
587
584
586
584
582
580
578
578
579
576
575
573
574
572
570
573
571
569
571
568
569
568
562
566
561
561
561
557
560
560
558
557
552
556
553
549
551
547
546
547
547
546
543
544
545
542
542
541
536
535
539
536
534
535
533
533
530
530
531
527
528
528
525
523
525
523
520
520
521
515
517
515
513
516
512
511
511
511
508
510
505
506
507
504
503
502
502
497
496
497
495
496
492
494
492
493
493
488
486
487
488
488
482
484
484
480
482
479
481
476
474
477
476
473
475
473
472
468
467
470
467
466
464
461
461
462
463
457
457
457
455
457
457
456
455
453
448
452
449
447
444
447
446
446
441
439
443
439
440
439
439
436
433
434
430
434
428
427
429
429
428
427
425
421
422
424
419
420
419
420
419
418
414
412
411
409
411
411
409
405
408
405
402
401
400
404
403
398
401
398
396
395
397
391
395
392
392
392
390
390
385
385
383
386
382
384
381
381
376
380
379
376
372
371
374
371
372
369
368
367
369
366
367
366
361
362
360
359
356
360
356
357
354
351
354
354
348
350
346
347
348
345
343
346
344
341
338
338
340
339
339
337
336
332
332
333
331
327
327
325
329
326
327
325
322
321
323
321
318
317
318
318
316
311
314
310
308
307
306
306
305
308
303
304
302
303
300
298
296
296
295
293
295
293
290
291
290
291
291
288
285
287
284
284
283
283
281
277
281
280
274
277
276
275
270
271
269
269
271
268
268
268
266
261
262
263
263
262
257
259
257
257
252
253
252
249
253
252
248
247
247
244
242
244
243
243
238
238
238
238
239
236
237
231
234
234
230
227
227
230
228
225
224
221
223
219
223
221
220
217
218
213
213
216
215
211
212
208
208
209
207
204
203
206
204
200
198
197
201
198
199
194
195
196
192
189
189
187
187
190
186
184
182
185
184
180
180
177
180
176
174
177
172
175
173
171
168
171
168
167
167
164
165
162
161
162
161
161
159
155
157
156
156
151
153
150
149
148
151
145
144
145
145
144
143
143
140
140
139
138
134
137
133
133
131
131
130
130
127
130
125
128
124
123
123
124
120
117
119
117
117
116
115
111
111
110
111
108
107
108
104
103
105
106
101
100
101
101
98
95
97
95
97
93
90
93
89
92
86
88
89
84
83
84
84
81
80
77
81
77
78
77
77
71
72
74
72
69
70
66
69
66
65
66
64
61
59
62
61
58
54
53
54
55
51
53
48
49
49
47
45
47
46
42
44
42
40
42
38
36
39
37
32
35
32
30
30
31
29
30
28
23
25
26
20
22
18
22
19
19
19
17
12
12
12
14
10
12
8
8
9
7
4
4
4
2
6
6
5
10
9
10
12
10
15
15
17
13
16
15
21
17
18
20
24
23
27
27
26
27
27
31
33
30
30
31
32
33
37
38
41
38
43
41
40
43
46
47
45
45
48
51
48
52
54
56
57
56
59
58
61
59
58
64
64
65
67
68
67
68
68
69
68
74
72
75
72
78
78
78
80
82
80
80
85
81
84
86
87
87
86
89
89
92
91
93
92
95
97
98
101
99
99
104
102
105
103
108
105
105
106
107
108
110
110
114
116
116
115
119
119
122
118
120
123
124
126
125
124
130
129
130
131
131
130
132
134
137
138
137
141
139
142
144
141
143
146
145
148
149
149
149
148
151
152
152
152
154
157
155
160
161
158
160
162
164
167
164
164
170
168
172
170
171
170
173
174
173
179
180
181
180
180
179
182
182
182
184
185
190
188
188
188
189
190
194
196
195
197
197
200
201
200
201
205
205
203
207
205
207
208
209
209
210
213
213
212
216
218
220
217
218
218
221
221
222
222
224
224
229
226
231
230
232
232
233
234
237
236
235
237
240
243
240
242
241
245
244
247
249
247
248
251
249
254
253
255
253
259
256
258
261
258
263
263
265
265
265
266
265
270
269
273
270
271
272
276
275
275
279
276
280
283
279
283
285
286
288
288
290
288
288
289
290
291
293
297
296
296
300
297
302
303
304
303
301
303
305
305
309
310
312
313
309
311
313
314
315
317
319
320
320
323
323
322
326
324
324
327
330
327
331
333
333
331
331
333
336
339
340
341
341
340
340
345
342
345
345
347
347
347
349
350
350
353
352
352
358
354
356
356
360
361
363
360
364
366
367
368
369
370
368
370
374
371
375
375
376
379
379
378
379
380
383
382
382
383
383
386
389
388
392
388
392
391
391
397
396
397
395
399
400
399
401
405
406
404
407
405
409
406
410
408
412
414
413
413
418
417
419
421
420
422
421
423
423
425
428
429
427
426
429
431
429
431
434
437
436
434
435
436
438
440
439
445
442
446
443
445
446
450
448
452
454
453
451
453
457
458
458
457
459
462
460
461
463
462
465
467
466
467
467
472
473
470
471
474
473
474
477
480
477
478
482
483
486
486
483
488
487
486
489
488
492
492
491
496
497
494
500
500
500
498
502
500
502
503
507
505
510
509
512
508
512
510
513
514
513
514
518
519
517
523
524
523
526
527
526
526
525
527
528
529
532
530
534
535
535
534
539
537
542
540
541
540
546
542
548
544
548
547
551
551
554
550
551
556
558
558
558
556
562
559
562
565
565
563
564
564
570
569
569
570
572
573
572
576
578
576
575
578
582
580
583
583
585
584
584
588
588
588
592
593
591
594
593
596
596
594
599
599
597
599
604
605
602
607
607
605
609
608
609
609
609
611
612
615
618
617
617
617
621
623
620
623
624
622
625
624
630
628
629
628
630
634
636
634
634
634
637
639
641
643
642
641
645
646
647
645
646
648
649
649
653
654
656
655
655
657
659
656
662
662
663
660
663
664
663
664
669
668
672
668
673
675
673
677
678
678
676
680
679
683
679
682
682
686
683
685
690
687
688
692
689
691
695
697
696
699
695
697
698
700
703
704
703
703
706
704
710
710
712
710
711
715
712
716
714
714
716
720
720
718
721
725
723
724
724
728
727
727
731
730
730
730
736
732
735
737
739
741
742
738
744
745
743
745
748
744
749
746
752
749
753
750
752
753
757
756
760
761
761
761
764
762
765
766
764
767
769
770
770
773
774
770
774
772
773
775
779
780
777
783
779
782
784
783
783
788
789
790
791
792
792
791
794
797
795
798
799
798
798
798
800
803
806
805
806
805
805
806
808
813
812
811
816
812
813
815
815
817
821
819
823
821
823
825
823
826
830
831
827
829
833
835
834
836
835
838
838
841
840
842
841
841
841
845
845
848
848
849
848
851
849
850
853
857
856
858
857
861
862
858
863
864
862
865
863
866
870
868
869
873
872
870
873
877
876
875
878
879
878
882
882
884
886
884
885
885
889
888
887
888
892
894
894
893
896
894
900
897
901
901
900
905
902
906
905
906
907
907
908
910
911
912
915
915
914
914
915
919
917
921
919
922
921
925
928
925
929
926
930
928
932
930
934
936
934
937
939
940
939
