940
940
935
934
936
933
935
934
934
932
927
929
930
927
925
925
921
923
920
921
921
920
920
915
913
914
912
912
913
913
912
907
908
908
908
906
903
900
903
899
897
898
898
896
895
894
896
892
893
890
889
888
888
885
886
882
881
880
882
880
881
876
877
878
875
872
872
870
870
868
871
866
865
866
868
862
866
865
863
859
858
861
860
858
854
854
856
851
852
853
852
846
850
849
843
847
846
842
844
841
838
839
838
839
837
832
832
834
830
828
827
826
825
827
827
827
824
825
824
821
820
816
815
816
818
814
813
812
813
809
807
807
806
806
808
805
806
800
801
801
800
799
798
797
797
794
796
795
789
792
788
790
789
784
787
782
784
784
782
778
780
779
780
777
773
775
775
773
772
769
770
767
766
768
764
762
763
764
764
763
757
760
759
755
754
755
754
755
754
753
747
747
745
747
744
745
744
740
741
739
739
739
735
738
734
732
735
730
733
728
731
731
727
724
725
727
726
722
722
723
718
716
717
719
713
714
715
711
709
708
708
710
710
706
703
703
706
700
701
701
699
698
698
696
696
695
691
692
694
691
687
689
688
688
686
685
681
684
684
679
679
681
680
675
675
674
675
675
674
670
672
668
666
665
668
664
666
665
663
661
659
656
657
657
657
655
654
654
652
653
649
647
648
645
648
642
641
645
644
638
642
638
637
634
634
636
636
630
633
628
629
631
627
626
627
626
621
623
621
623
618
619
617
614
616
613
616
610
610
609
607
607
606
605
606
604
604
601
602
602
600
597
597
596
594
594
592
590
594
593
590
586
590
587
588
583
585
585
581
578
580
580
579
579
574
574
573
573
573
570
571
568
570
566
567
565
561
563
561
561
557
558
559
559
554
555
555
553
554
550
550
546
545
544
543
542
542
543
543
538
538
540
535
534
534
533
536
530
531
532
528
530
527
528
527
525
523
523
522
523
520
518
515
514
517
516
513
515
514
512
511
510
507
506
506
503
501
500
503
501
499
501
495
494
493
495
494
495
490
492
489
487
486
487
486
484
483
483
484
480
478
477
475
474
476
474
471
470
474
471
468
471
465
464
466
466
464
463
461
459
460
456
460
454
453
456
453
455
451
452
449
447
447
448
444
442
444
440
443
443
441
437
437
438
433
432
431
430
429
433
430
427
428
424
428
426
423
423
421
423
422
420
418
415
416
414
415
410
413
410
411
409
409
408
404
403
403
402
400
403
397
400
399
397
397
396
394
392
394
388
390
387
390
388
387
385
385
380
382
378
379
376
376
379
374
377
373
373
371
372
370
369
369
366
368
367
366
362
363
360
357
356
360
356
354
356
353
350
353
351
352
349
345
346
348
342
345
342
339
342
341
337
339
335
337
333
332
335
329
330
332
331
328
324
327
326
326
322
319
323
322
321
319
317
316
314
315
312
311
313
307
307
309
306
308
307
305
301
304
303
302
296
298
294
296
295
296
290
291
290
287
290
287
286
286
286
282
285
283
278
280
281
277
278
275
274
273
271
272
271
267
270
267
267
264
266
264
261
264
261
261
261
255
256
254
252
252
255
253
248
249
250
245
249
243
247
241
241
239
242
237
237
239
238
234
236
233
231
234
233
230
227
227
227
226
222
222
220
224
222
221
219
217
216
217
215
211
210
213
212
210
211
205
209
206
203
206
205
204
198
197
200
196
199
198
194
194
190
193
190
190
186
189
186
186
183
184
180
181
183
182
177
177
174
175
172
173
175
170
173
169
167
168
164
164
164
161
165
164
163
157
161
159
155
158
154
152
151
150
153
149
147
147
149
144
146
142
141
144
138
140
140
137
139
135
132
131
132
129
130
127
130
129
128
125
126
121
122
119
121
122
117
115
118
113
117
114
113
114
110
109
108
105
109
105
104
106
104
104
102
98
101
98
96
96
96
91
92
91
88
92
87
90
86
86
85
81
84
83
79
82
80
78
75
75
74
71
70
72
69
68
69
69
65
63
67
61
62
64
61
57
58
57
54
58
52
54
51
53
52
52
51
45
49
47
46
45
43
42
43
39
39
36
34
33
35
31
33
33
28
31
27
29
25
27
22
21
24
23
22
22
17
16
19
17
14
11
10
9
10
8
10
6
6
7
2
4
4
2
6
3
6
7
7
9
10
14
12
11
12
17
14
16
20
22
23
24
21
25
26
26
27
28
30
29
32
29
33
34
34
35
36
40
41
38
38
41
43
44
44
48
46
45
50
48
53
53
55
53
54
58
58
57
57
60
58
64
60
63
62
64
68
67
69
71
68
74
72
72
77
78
75
79
78
78
79
79
84
86
85
85
86
90
91
92
91
92
93
95
97
95
98
100
97
97
103
100
100
106
103
107
105
109
109
109
109
111
115
116
113
117
119
117
118
122
120
119
120
122
123
126
128
126
131
131
131
132
131
132
133
136
137
136
136
142
139
139
141
144
145
147
147
147
149
150
150
152
155
154
157
158
159
157
159
160
158
160
162
163
164
167
166
167
166
170
171
173
171
172
175
177
178
178
177
180
178
183
183
182
185
186
184
186
190
189
189
190
191
196
197
193
197
199
200
201
199
201
204
201
203
206
206
208
207
208
213
209
214
216
213
218
219
217
218
218
218
220
223
222
223
225
224
228
228
229
232
231
235
231
235
234
239
235
240
240
240
240
240
241
247
243
248
247
249
249
253
252
252
256
253
255
259
257
261
261
262
261
263
263
263
268
268
265
267
272
271
269
275
272
273
274
279
280
278
281
279
280
283
285
284
286
288
290
287
292
290
292
292
294
296
295
297
300
300
300
300
302
302
303
304
308
307
307
306
310
311
310
314
316
315
317
314
319
319
317
321
322
325
321
327
328
328
326
331
332
328
334
332
336
334
333
335
338
337
340
338
342
344
345
347
344
346
350
350
348
350
350
352
355
356
354
359
355
360
362
358
362
365
366
366
365
366
367
368
372
372
372
370
371
374
378
374
376
380
380
378
381
383
386
383
385
384
390
388
390
388
393
395
396
397
393
395
399
400
397
402
400
403
404
405
403
404
408
406
407
408
410
411
415
412
417
416
420
421
418
423
421
422
424
424
428
428
430
429
431
432
431
434
434
432
438
435
440
441
442
441
442
441
446
443
446
445
447
448
448
451
451
453
453
455
455
456
459
458
462
458
461
465
463
462
468
464
467
466
470
472
470
474
473
473
473
474
478
481
478
479
480
485
485
487
485
488
489
487
487
488
489
490
495
494
497
495
495
499
499
503
500
505
502
504
507
508
507
509
509
508
514
515
514
513
517
516
519
520
519
522
522
520
525
523
526
525
525
529
532
528
533
533
535
537
537
539
540
538
542
538
543
540
541
543
547
549
548
550
551
549
550
554
552
552
558
558
559
559
557
563
560
562
565
563
566
564
570
566
569
571
573
575
572
575
575
574
578
579
578
578
580
583
585
583
586
587
586
586
589
589
589
595
592
593
594
595
595
597
600
600
603
603
601
604
608
609
606
607
612
610
612
611
615
612
613
617
618
618
622
618
622
623
623
627
628
625
626
629
631
633
633
632
631
633
633
637
640
641
642
643
643
642
643
642
648
649
645
648
647
648
652
655
652
653
655
659
657
661
660
661
660
663
661
663
668
666
670
671
667
673
671
673
671
675
674
674
677
679
681
681
680
680
682
683
685
685
686
688
690
690
694
695
693
696
696
694
698
701
702
702
701
704
705
707
705
704
705
709
710
711
711
710
712
714
714
716
719
718
721
722
721
722
725
724
724
728
726
728
727
729
731
731
732
732
733
736
737
738
737
739
741
745
744
745
747
745
748
748
751
753
752
755
753
757
757
754
756
761
762
760
763
760
765
766
763
768
767
770
769
768
771
774
775
777
774
774
777
777
779
779
781
780
783
783
786
785
788
788
791
793
791
792
795
797
797
796
795
799
799
803
803
802
805
803
807
805
807
807
807
811
809
812
815
815
815
818
820
819
817
820
820
823
823
824
823
827
825
829
828
832
834
833
835
836
838
838
837
838
842
838
839
843
843
843
846
845
848
850
852
848
849
853
856
853
853
856
858
859
862
858
863
860
863
865
863
867
867
867
870
873
869
870
871
874
873
876
878
877
881
881
879
880
883
884
888
887
889
886
890
890
894
893
892
896
896
899
900
896
899
899
904
904
906
903
907
904
907
909
912
913
910
914
914
915
914
918
916
919
917
922
923
923
924
926
924
925
926
926
928
930
933
931
931
934
935
939
940
937
940
