937
939
937
939
935
935
933
934
930
930
927
931
930
927
923
925
922
920
921
921
920
921
919
916
915
915
912
912
913
913
907
911
905
909
905
905
906
902
900
903
899
899
895
894
897
896
891
893
889
888
892
888
888
888
888
887
886
883
881
881
877
876
876
877
876
872
875
875
869
871
867
869
868
866
865
867
865
864
863
858
861
861
855
858
858
852
854
851
854
851
847
849
846
848
843
847
845
840
843
838
837
839
840
839
836
837
834
835
834
833
829
826
826
829
828
826
825
820
819
823
818
821
817
816
818
812
812
813
810
808
811
811
805
804
803
805
804
803
799
799
798
800
799
794
794
794
795
791
790
792
788
786
787
784
784
784
786
783
779
782
778
781
779
774
774
774
775
774
773
772
770
771
769
769
767
763
766
760
759
761
758
760
759
759
758
756
755
750
754
752
752
750
747
746
748
743
743
743
742
738
738
740
739
738
736
735
732
734
731
729
728
728
729
726
724
724
723
723
720
722
719
719
715
717
713
717
714
713
711
709
710
707
708
704
705
706
704
705
703
701
702
700
695
695
693
696
692
691
694
688
688
689
687
684
683
684
681
681
680
683
681
681
679
679
673
672
671
675
673
673
671
666
670
664
664
664
663
661
664
659
660
660
657
654
653
654
651
653
653
650
648
651
650
647
644
644
645
642
641
641
642
640
640
634
633
633
635
630
632
629
628
627
626
626
626
626
626
623
620
623
622
616
616
619
617
612
615
614
611
613
610
609
609
608
607
603
604
603
602
603
597
599
597
594
597
592
596
594
592
593
591
589
586
589
587
586
584
585
584
580
580
576
577
574
577
572
574
574
570
572
570
571
568
565
568
565
563
565
564
558
562
561
559
558
557
556
553
554
554
553
550
548
547
546
543
547
544
544
543
539
541
536
538
539
534
536
533
531
529
531
530
529
528
525
525
522
525
524
519
518
517
517
515
518
513
514
515
513
509
508
508
511
508
509
508
502
503
504
501
501
498
501
496
496
497
494
494
494
490
489
491
489
487
489
483
483
485
485
480
483
482
481
476
479
478
472
474
474
473
470
468
470
467
466
465
464
465
462
461
459
458
456
457
455
457
456
451
452
449
451
450
446
450
446
447
443
441
445
441
443
437
439
440
435
436
434
434
432
431
430
430
428
426
427
428
424
426
423
423
419
418
418
417
414
414
413
414
412
412
413
408
410
407
406
403
403
401
401
399
400
399
401
396
395
397
396
395
394
390
392
391
391
387
384
384
384
381
381
380
378
378
379
376
375
376
376
373
374
371
372
371
367
367
368
365
367
363
360
363
360
357
358
360
357
356
355
354
353
352
353
348
346
350
346
345
347
345
342
344
339
338
336
338
335
338
337
334
335
332
332
331
330
326
324
328
322
323
324
322
321
322
320
318
315
317
315
312
311
309
312
311
311
306
305
303
304
303
303
299
300
302
298
297
295
295
297
292
295
290
291
290
288
288
285
285
283
281
282
280
279
277
281
278
275
273
276
276
274
273
270
267
271
266
264
267
264
266
261
262
262
260
259
260
255
256
252
254
253
254
251
247
246
246
249
246
246
241
245
244
242
239
238
235
239
234
234
233
235
229
230
231
226
227
227
224
225
226
225
224
222
219
221
219
215
214
216
216
214
213
212
208
209
207
209
204
207
203
202
199
199
198
200
200
197
195
193
194
191
190
188
188
189
187
189
186
186
186
180
179
180
178
181
179
178
178
172
172
172
169
170
168
171
170
164
165
167
163
162
161
162
162
156
160
154
154
157
151
153
150
153
148
147
150
148
147
145
146
140
139
141
137
137
140
135
133
133
132
134
131
128
127
128
125
126
126
123
123
124
123
121
117
119
116
114
118
116
116
113
114
109
109
106
107
106
108
104
102
100
99
99
102
98
95
94
98
96
91
90
93
92
87
89
87
84
87
86
85
84
82
81
78
76
76
75
76
73
71
73
72
68
71
71
67
64
66
66
64
62
63
58
58
56
55
59
55
53
53
55
50
53
47
49
48
47
45
46
45
41
42
43
39
37
39
36
35
37
33
34
29
32
32
28
29
28
28
27
21
22
24
23
20
20
17
14
15
16
14
12
11
13
9
9
6
6
8
2
4
4
1
2
6
7
6
8
7
9
13
14
14
16
17
14
18
18
17
23
23
23
22
22
23
27
26
29
30
29
33
34
35
32
36
35
40
36
40
40
39
43
42
46
44
44
45
51
52
48
50
51
51
57
57
57
56
56
59
62
61
61
62
67
63
69
68
68
71
71
73
74
73
75
75
78
79
79
81
79
81
82
81
82
83
88
90
89
89
91
89
94
96
92
96
95
100
100
99
99
101
101
102
104
107
106
109
111
110
111
109
110
112
115
115
119
118
117
119
118
123
121
123
124
126
124
128
126
129
131
132
135
133
135
137
134
137
137
138
138
140
141
145
144
143
144
147
148
147
153
153
150
156
154
157
157
158
156
159
162
163
162
164
163
166
169
167
168
167
169
172
173
175
172
173
179
176
179
179
179
182
184
186
185
185
189
186
186
189
188
194
192
196
193
193
197
199
198
201
198
203
200
205
202
208
208
209
207
208
208
210
212
215
212
218
219
215
220
221
220
224
222
223
224
223
229
227
226
228
230
232
231
232
234
236
239
235
237
242
242
242
241
244
245
247
245
248
251
251
251
253
252
252
255
256
258
257
259
258
262
259
263
266
264
268
268
268
270
268
268
270
273
274
273
278
278
277
280
277
282
280
284
285
284
287
286
288
289
292
290
292
290
296
294
294
298
296
301
298
302
299
300
304
305
304
307
305
306
309
311
314
314
313
317
315
316
315
321
321
318
323
324
323
322
323
324
325
331
330
329
331
334
331
336
334
336
340
336
339
339
339
344
341
343
345
349
345
348
349
349
351
354
353
354
357
354
356
359
360
361
361
362
361
367
363
367
368
371
372
371
370
375
374
376
374
375
377
380
379
382
380
381
381
382
385
387
387
389
388
390
391
394
394
392
393
399
397
400
397
398
403
401
406
402
408
409
405
411
411
411
411
411
411
415
416
416
420
417
419
420
422
420
425
423
426
428
427
429
430
429
434
434
436
434
438
437
439
437
442
440
442
440
441
443
443
447
448
449
450
451
452
453
451
457
458
458
460
457
458
458
463
460
461
464
468
468
467
470
468
470
474
471
473
476
474
475
478
479
480
481
484
480
483
485
488
488
487
489
487
492
494
491
496
493
494
495
495
499
497
502
500
503
505
507
506
509
510
507
508
511
511
511
516
517
516
517
515
521
519
519
519
521
522
526
525
529
525
530
532
531
529
535
532
533
536
539
540
539
539
540
542
544
545
542
547
544
545
550
547
551
553
551
555
554
556
559
556
561
562
563
559
565
564
564
563
568
567
571
572
572
573
570
576
573
575
575
579
578
581
580
582
584
585
583
585
589
590
589
587
592
591
592
595
596
596
595
595
601
598
600
602
600
602
603
605
609
607
610
612
608
613
614
615
617
616
616
615
619
621
619
624
623
625
625
626
629
628
630
628
629
630
634
635
635
638
637
640
636
639
640
644
644
645
647
646
644
645
649
651
649
652
654
651
652
655
655
656
659
659
663
659
662
662
664
667
665
670
668
670
670
670
673
673
674
677
679
679
681
678
683
684
684
683
682
687
685
687
686
692
692
694
693
694
696
694
694
700
698
702
702
700
704
702
704
707
705
706
707
707
711
710
712
715
714
717
714
720
719
721
721
721
725
723
722
725
728
727
727
729
730
729
735
733
732
737
735
737
737
740
738
742
741
746
744
745
745
745
750
750
750
752
755
756
757
754
757
760
759
757
760
759
764
764
763
764
769
770
771
770
768
770
774
773
776
773
779
776
779
779
783
783
783
785
787
787
784
790
789
788
790
790
793
795
797
794
796
799
799
802
800
802
802
806
803
803
806
809
807
807
813
813
815
812
814
815
815
815
821
817
822
823
824
822
824
825
828
830
827
832
833
833
832
834
832
833
838
837
837
841
840
841
841
841
845
843
845
850
846
847
852
851
851
855
853
853
856
859
856
861
858
860
860
865
862
865
867
870
869
867
872
874
872
874
877
874
878
879
876
880
883
884
880
885
886
888
884
890
888
887
892
893
890
891
894
895
896
897
896
899
899
900
904
904
905
908
906
905
909
909
912
911
911
915
912
913
914
920
921
919
921
923
923
923
927
927
929
930
929
930
933
929
932
934
937
934
938
940
939
939
