941
938
935
937
935
935
932
931
933
933
930
931
930
928
926
923
921
923
922
918
922
919
916
916
917
916
916
912
912
913
910
910
906
904
908
904
901
900
901
898
898
898
896
896
893
897
892
895
894
888
889
890
888
884
887
885
886
883
881
881
877
881
876
876
878
873
875
870
870
872
868
866
867
864
867
866
863
860
862
862
859
861
859
858
857
853
854
851
853
852
850
851
850
848
846
846
845
841
844
839
841
838
839
836
836
832
834
832
834
829
832
828
825
826
826
822
825
820
821
823
821
818
816
816
817
816
811
811
813
810
811
807
809
808
803
804
803
802
800
798
799
797
797
799
798
793
793
794
794
789
791
791
787
786
785
787
781
781
781
782
781
780
775
779
774
772
773
771
771
773
767
767
769
769
766
764
763
760
764
758
761
760
760
757
755
754
753
750
749
752
751
747
746
746
744
745
746
742
739
740
739
741
738
734
738
735
731
730
730
731
729
726
729
726
727
727
725
723
721
723
721
716
715
716
718
717
714
714
713
708
708
710
705
708
704
707
702
704
703
699
702
697
699
696
697
695
693
695
693
690
688
687
689
687
683
686
681
681
684
681
678
678
677
678
676
674
673
670
670
672
671
667
667
665
663
667
664
662
661
659
659
659
655
658
654
652
655
650
654
649
650
646
647
645
645
646
641
643
642
640
638
641
637
635
636
637
632
632
629
631
630
630
627
625
627
624
624
625
624
622
619
617
615
618
616
615
615
614
609
608
607
609
605
604
608
607
602
603
601
599
599
596
595
596
593
594
594
594
590
588
590
586
585
587
586
587
584
580
582
582
582
576
576
576
573
575
573
574
573
573
568
571
566
565
567
562
565
564
562
561
560
560
557
554
554
557
553
553
550
549
548
546
547
547
544
542
545
545
543
540
539
537
539
535
538
537
535
534
529
529
527
526
530
525
525
523
522
520
521
518
522
519
518
514
516
513
516
513
513
513
507
508
507
504
503
502
503
505
503
499
498
498
497
499
496
497
495
495
492
488
491
488
485
487
486
486
484
484
484
478
480
476
476
479
477
477
474
472
470
468
472
466
468
464
467
464
464
463
462
460
457
461
458
457
454
456
452
455
449
450
449
446
446
444
446
442
442
444
442
442
438
441
440
436
437
432
435
433
431
431
427
428
428
424
427
427
424
422
421
422
420
421
417
415
415
415
414
410
414
408
412
411
406
404
408
404
403
401
403
403
401
399
400
394
394
395
393
392
393
390
387
387
387
384
386
383
383
384
381
381
380
378
376
378
374
375
374
370
371
371
367
368
365
369
364
366
366
361
363
358
359
357
359
359
355
356
356
355
353
353
351
347
346
349
347
342
342
343
342
341
342
336
336
338
334
332
334
331
333
333
327
327
326
329
325
326
322
320
321
320
319
319
320
315
313
313
312
314
311
312
311
306
307
308
303
304
303
303
300
299
302
296
298
299
294
297
292
295
292
288
290
288
286
286
284
285
285
282
284
283
281
276
279
278
277
274
271
272
271
272
267
271
268
265
266
265
264
261
263
261
257
261
257
255
258
256
255
251
250
250
250
250
248
244
248
246
245
243
244
241
241
236
235
235
235
235
234
235
231
233
230
226
226
226
224
225
223
220
224
222
218
219
219
214
213
213
212
214
210
213
208
206
205
208
205
204
202
200
202
202
199
198
198
195
198
192
193
194
191
192
192
187
186
187
185
182
181
182
182
179
177
179
179
177
174
172
173
170
174
172
168
168
169
165
165
167
161
164
164
161
161
161
155
156
154
157
151
152
150
149
151
149
150
149
147
142
145
145
141
141
137
136
140
134
137
136
135
132
132
129
127
126
130
125
123
123
124
123
122
123
120
121
116
118
115
116
116
112
113
108
110
110
107
104
107
103
103
102
102
101
102
97
95
95
95
92
96
93
94
91
92
90
85
85
87
87
81
85
79
82
78
78
75
77
76
77
75
70
73
70
67
68
69
69
65
62
63
62
64
60
61
58
57
58
57
53
52
50
52
51
47
48
45
49
47
43
44
43
42
39
39
38
40
35
34
34
35
32
33
31
28
28
26
25
26
22
21
21
21
22
21
18
19
15
14
15
12
10
10
9
7
7
7
6
4
3
3
4
4
3
3
5
10
6
7
9
9
11
12
13
17
15
15
18
20
19
22
23
21
22
25
26
28
28
30
33
30
32
36
37
38
34
38
40
38
42
41
40
43
43
45
45
46
47
51
51
50
51
54
52
53
54
58
57
61
60
60
60
62
67
68
68
66
66
68
69
70
72
76
72
74
78
80
76
78
80
84
81
81
83
83
87
90
88
92
88
94
95
93
92
96
94
95
97
99
103
99
100
102
106
103
107
110
106
108
111
112
113
115
115
113
117
116
118
121
120
122
123
126
125
125
124
125
128
127
128
129
135
131
137
138
134
138
139
140
140
139
144
141
147
145
148
145
150
152
152
150
150
153
155
153
157
158
161
159
160
162
164
166
164
165
166
165
166
167
171
170
171
173
176
178
179
177
176
178
183
183
185
182
183
186
186
187
188
192
188
192
191
195
196
194
196
197
200
198
201
202
202
201
205
207
207
207
206
208
208
214
210
215
213
213
215
220
219
221
223
224
223
222
223
227
228
226
226
229
231
231
235
232
233
236
237
235
241
242
240
240
240
244
246
244
246
248
249
247
253
250
252
255
255
257
255
259
258
258
263
264
262
266
264
266
268
267
267
268
268
274
272
275
274
275
279
275
280
277
283
283
285
286
283
287
284
285
289
287
290
292
294
294
297
298
296
298
298
300
301
304
303
302
307
307
304
308
306
309
311
310
314
313
317
318
319
319
321
318
318
320
320
323
323
327
326
328
328
328
333
330
335
335
336
334
338
340
337
339
340
341
341
342
347
344
344
348
346
350
350
351
350
355
357
358
355
356
359
361
362
361
365
363
366
365
364
370
370
371
369
373
373
373
372
377
376
375
378
380
382
384
380
381
386
388
388
390
388
391
393
392
393
391
394
396
396
396
396
398
400
403
404
401
407
408
405
405
410
407
411
414
410
411
415
418
415
416
419
420
422
421
424
423
427
427
427
425
431
430
432
433
432
435
435
438
437
439
438
440
441
439
443
442
444
445
447
448
447
449
452
452
451
455
452
457
455
457
459
459
463
459
461
462
462
466
467
469
471
470
470
470
474
474
476
476
478
477
479
477
479
484
484
486
482
486
484
485
487
488
490
492
491
496
497
497
495
496
497
498
502
503
503
501
502
505
508
508
511
512
511
513
511
511
515
518
514
516
519
520
518
523
524
525
524
526
527
529
529
528
528
529
531
532
537
537
539
535
539
540
542
540
543
541
542
546
544
550
546
548
548
553
553
556
553
553
557
556
560
558
563
560
564
566
563
563
566
568
568
567
568
572
575
576
577
573
576
576
580
578
581
584
584
586
584
583
586
589
587
591
593
592
593
593
597
598
596
599
596
600
600
600
600
604
607
604
605
609
611
609
608
614
614
611
613
617
616
616
616
622
621
623
625
624
627
627
625
629
631
631
633
631
632
633
634
637
635
638
637
642
643
642
642
644
647
645
648
647
650
651
651
649
653
654
657
657
657
655
657
662
659
662
660
664
666
664
668
667
666
672
671
669
675
675
674
677
677
676
681
679
679
679
685
683
685
688
687
690
689
691
688
691
694
694
697
697
695
695
699
697
699
700
705
703
704
706
705
707
707
709
711
712
713
716
717
717
715
719
719
721
718
720
720
723
727
724
724
728
728
731
732
731
734
733
733
734
735
740
738
740
742
740
743
742
747
745
749
746
750
752
753
754
754
751
755
757
754
757
759
760
762
759
762
766
762
764
766
770
770
767
769
773
774
773
777
774
775
780
776
778
778
783
783
786
783
786
786
787
789
789
788
792
791
792
795
798
795
799
801
797
800
804
803
806
805
804
806
810
807
812
811
810
814
812
816
818
817
816
821
818
820
822
825
822
823
828
824
828
827
830
829
829
832
831
837
833
835
836
836
839
841
839
844
841
843
844
845
847
851
848
850
849
853
854
854
857
858
857
858
858
860
861
860
863
864
868
868
869
870
871
869
869
874
876
876
874
874
875
877
882
882
884
885
884
883
885
885
890
888
889
892
892
893
895
892
898
897
897
896
902
901
900
901
905
907
903
904
908
906
907
913
912
910
916
915
916
919
916
921
920
923
920
925
926
922
926
926
927
927
929
928
932
932
936
933
934
938
938
938
939
