937
938
936
936
935
937
934
930
929
931
929
927
928
926
923
926
921
925
922
920
917
921
916
917
914
917
912
914
910
911
907
909
909
907
903
902
905
904
903
900
901
901
896
898
898
897
894
890
890
888
890
889
889
884
887
884
884
884
881
883
882
876
876
878
877
874
876
870
870
869
867
870
869
864
868
863
862
860
863
859
860
857
856
857
857
854
851
853
850
848
850
846
847
849
848
847
843
845
840
841
840
837
839
835
833
836
835
834
832
830
831
828
830
824
826
827
824
822
822
819
822
816
820
814
814
813
813
813
813
811
808
810
805
808
808
802
804
801
803
798
801
796
795
798
795
797
792
794
792
791
791
789
787
784
787
784
782
781
779
782
778
777
775
778
776
776
772
774
771
771
768
768
769
766
765
766
762
765
760
761
759
756
758
757
755
756
751
750
751
750
750
749
745
748
745
746
744
745
743
742
740
737
739
735
734
735
731
731
730
731
730
729
728
724
725
724
722
723
724
718
721
720
716
718
716
713
714
711
709
712
708
711
705
706
708
704
706
705
701
700
702
701
696
699
697
693
694
694
691
688
687
691
688
689
686
684
681
683
682
680
677
678
675
674
675
676
671
670
671
668
669
668
666
664
664
662
661
663
663
663
662
657
656
656
653
654
653
650
650
651
647
651
649
646
647
647
645
641
640
640
638
637
640
634
634
634
633
633
633
628
628
626
629
629
625
624
621
620
620
622
621
617
617
614
615
616
613
613
612
613
612
609
610
605
608
603
605
605
600
603
597
599
595
598
598
593
592
591
589
590
592
587
585
587
584
586
582
580
583
579
577
581
577
575
577
572
575
574
573
572
571
568
566
567
564
564
564
561
559
561
560
557
560
559
553
553
551
554
550
550
551
550
549
547
546
546
541
541
541
539
537
540
535
539
537
537
536
533
532
528
528
529
529
529
525
522
523
522
519
521
522
520
519
514
515
515
513
514
513
513
512
506
505
509
506
507
503
500
504
503
499
498
499
499
498
494
495
491
494
491
487
488
489
489
483
485
482
485
480
481
478
477
475
478
476
477
472
470
470
473
467
471
469
467
466
464
463
464
459
459
460
458
460
456
458
452
453
455
452
450
447
449
445
445
446
443
443
441
442
440
439
439
436
436
434
433
435
431
433
430
432
427
427
428
426
425
423
422
419
419
422
418
419
418
413
415
413
414
409
412
410
406
409
405
404
403
401
403
399
401
402
401
397
398
393
392
392
394
390
393
388
389
390
388
384
383
382
385
380
380
377
377
375
375
375
375
374
375
373
370
370
366
366
366
364
366
365
364
364
358
360
356
355
359
357
356
355
355
351
349
351
351
345
346
347
344
341
344
340
339
338
339
340
338
338
335
331
331
329
328
329
330
326
329
323
322
325
321
319
322
322
316
317
315
314
312
312
311
313
309
309
309
309
304
307
307
305
301
302
299
301
297
300
294
293
295
292
291
291
288
287
286
288
286
286
284
281
283
281
279
278
276
279
274
277
276
273
272
274
273
272
271
270
269
264
265
262
264
259
258
257
256
256
257
256
255
252
254
254
253
250
247
246
247
247
247
242
244
244
240
242
236
237
239
235
236
235
230
231
231
230
229
226
224
225
227
224
222
221
221
219
216
219
219
218
215
214
211
210
210
209
206
208
207
204
206
203
203
201
201
199
200
197
199
198
197
194
192
192
192
189
191
185
185
183
185
182
181
179
180
180
176
177
176
175
176
172
171
174
169
168
171
165
169
167
167
163
161
160
161
157
158
155
158
153
153
151
152
152
151
152
150
147
146
146
143
143
143
144
143
139
136
138
137
133
132
131
130
130
128
129
126
129
125
128
127
123
120
120
120
120
117
119
119
116
115
116
111
113
109
110
109
106
106
106
105
101
103
103
103
102
101
97
98
95
93
96
92
93
91
91
86
90
88
88
84
85
81
84
83
77
76
75
78
78
73
72
72
71
72
68
68
67
69
68
64
61
60
59
60
59
60
56
57
54
54
53
53
54
49
51
48
46
48
44
47
46
44
42
43
42
36
40
36
34
32
33
33
33
30
31
26
29
24
23
25
24
22
22
20
21
21
17
14
14
13
16
11
10
12
11
7
8
8
7
7
1
0
4
4
8
4
5
6
8
8
13
13
13
15
15
17
19
20
18
22
23
21
22
26
25
25
25
29
27
33
29
32
36
35
38
39
38
36
41
41
43
42
42
45
48
46
49
51
49
49
53
55
53
52
56
59
58
56
57
61
59
61
62
62
67
64
69
69
70
72
71
73
73
75
77
76
76
80
78
83
81
85
81
87
86
87
88
88
90
93
90
93
91
94
95
96
100
97
99
99
104
105
104
103
103
106
108
111
112
110
113
113
113
114
115
115
120
117
117
119
124
120
125
122
124
126
127
131
130
133
130
134
132
134
134
138
139
138
137
143
143
145
141
144
146
148
149
148
149
149
154
150
153
153
155
158
158
161
157
160
164
160
163
166
168
168
166
168
172
171
173
172
171
174
177
177
178
180
179
181
183
183
184
186
183
185
190
189
187
193
190
192
193
192
196
196
200
196
197
203
201
203
205
202
205
204
209
211
207
208
209
213
212
215
214
214
217
220
217
222
221
223
222
223
225
225
227
231
230
231
229
234
232
235
237
234
240
238
241
241
243
245
242
245
246
247
250
250
247
251
250
252
256
256
253
259
259
261
258
258
263
264
263
265
264
264
270
268
272
268
269
272
272
277
274
276
278
277
277
281
283
283
285
285
285
287
287
289
292
291
290
292
293
293
295
295
296
298
301
302
299
305
306
304
305
307
307
306
310
308
313
311
311
312
316
316
318
318
319
318
323
325
326
327
326
327
330
328
330
331
330
330
335
332
338
336
336
341
342
341
340
344
345
346
344
347
349
348
350
353
349
350
356
354
354
357
358
361
360
358
359
360
362
366
367
365
368
369
372
368
373
374
376
374
377
375
378
379
380
382
381
385
382
382
386
386
385
389
391
391
394
393
391
397
398
396
396
399
399
403
404
404
402
404
405
408
407
408
408
412
414
413
415
416
417
418
420
421
421
420
421
420
422
426
424
425
428
431
431
433
429
434
431
437
434
437
436
440
437
442
441
442
446
442
443
444
450
450
452
448
449
455
452
454
456
454
460
461
460
460
464
465
463
464
468
465
470
468
470
471
474
475
475
476
474
474
477
476
479
482
479
483
484
485
486
487
486
491
490
491
494
493
494
496
493
495
499
500
501
499
503
504
502
505
508
507
507
507
507
512
514
514
512
512
513
514
516
521
520
519
521
520
522
527
523
529
529
531
528
528
533
534
536
534
536
537
537
537
537
538
544
542
545
547
545
545
545
548
549
548
549
555
552
557
558
555
559
558
559
561
563
561
564
564
568
569
567
569
567
568
571
574
576
572
577
578
577
576
582
583
579
581
583
584
588
587
589
591
592
592
589
591
594
595
595
597
599
597
599
598
601
602
601
604
607
608
605
609
610
611
611
612
612
616
616
618
620
616
622
618
620
622
623
623
624
627
625
630
628
633
634
633
635
632
636
637
637
639
640
639
642
643
641
644
644
649
645
646
648
649
654
654
655
656
656
658
656
656
659
660
662
662
662
662
664
664
667
667
671
669
671
673
674
675
673
675
680
678
682
681
684
680
681
684
686
687
686
691
691
690
690
691
694
695
698
697
700
698
701
698
704
700
705
704
706
709
706
708
707
712
712
715
711
713
715
717
718
717
721
719
721
720
722
725
728
724
725
729
728
733
734
735
735
733
734
737
736
741
739
742
740
745
742
745
746
744
750
747
749
750
749
754
755
756
757
756
758
756
761
762
764
765
761
766
763
764
769
768
768
772
772
773
771
775
773
775
780
779
780
783
784
782
784
786
785
788
790
791
789
791
790
790
794
795
793
796
797
798
797
802
803
800
801
807
807
806
809
811
809
809
810
815
812
815
813
818
816
820
820
821
822
822
825
823
826
829
825
828
831
832
833
830
834
834
834
839
840
841
840
840
843
841
845
845
843
848
846
848
852
852
851
855
853
853
858
857
858
861
862
858
862
863
863
862
865
868
870
866
870
871
873
873
875
874
874
875
877
878
877
883
882
881
886
884
888
884
886
886
891
891
891
893
893
894
895
895
895
900
900
899
900
902
902
904
908
909
908
911
912
910
912
911
911
916
915
919
919
921
922
921
922
924
924
925
927
927
926
930
932
933
934
930
931
937
933
934
938
938
941
