940
938
936
937
938
935
933
935
933
933
928
926
930
924
928
924
923
920
921
921
917
919
917
915
914
913
911
911
914
910
909
906
909
908
908
904
906
902
902
898
902
900
899
897
896
894
892
890
890
892
892
888
888
888
885
886
886
882
880
882
882
881
878
875
876
876
871
872
874
870
870
866
869
866
864
862
865
860
860
859
859
856
857
859
858
852
852
852
851
849
850
846
845
847
845
842
842
844
840
840
842
838
840
834
835
832
833
835
829
829
829
826
828
826
827
827
823
820
822
822
819
817
818
815
817
813
814
814
809
810
812
808
805
808
808
804
805
803
802
801
802
796
800
799
794
796
796
791
789
788
789
786
786
786
787
782
783
784
780
780
778
779
776
775
775
774
775
774
771
770
768
767
768
766
764
764
761
764
760
759
757
757
756
754
756
755
756
754
754
750
748
750
747
746
748
744
743
743
741
743
739
737
737
739
737
733
733
734
733
731
730
729
726
724
728
724
722
725
723
720
720
721
719
718
715
715
711
711
710
711
712
709
710
706
708
703
706
702
701
702
697
697
697
695
698
697
695
690
694
691
689
688
685
687
684
682
682
685
680
682
681
681
680
674
673
675
674
674
669
673
672
670
670
665
668
663
666
665
664
658
661
659
656
659
658
657
654
650
651
648
649
649
647
649
643
643
646
640
641
638
642
641
639
634
636
634
631
630
632
632
628
631
629
628
626
624
624
625
624
619
622
621
617
615
616
612
611
612
612
613
608
609
607
609
608
602
604
604
601
601
601
601
598
598
594
597
591
590
594
593
591
586
589
587
585
585
586
581
583
580
577
579
578
577
575
577
571
573
573
568
568
571
570
569
568
563
561
560
561
563
559
556
559
554
556
554
554
554
552
553
550
546
547
546
546
544
541
540
544
541
540
538
536
534
537
533
534
534
530
532
532
530
527
524
525
522
525
525
519
523
522
516
517
515
514
513
511
514
510
511
507
508
508
508
508
503
504
503
501
502
502
497
498
495
493
496
493
493
491
488
490
486
490
486
483
482
485
481
484
482
482
480
478
476
477
475
476
471
471
472
467
469
466
466
466
463
466
463
460
463
458
458
459
455
455
453
455
454
451
453
448
451
448
446
446
447
445
441
439
438
440
438
439
439
437
433
431
432
429
432
431
428
427
426
423
424
421
422
422
422
422
416
420
417
413
413
415
412
409
413
407
410
406
404
406
405
403
400
404
403
397
401
399
396
398
392
393
392
392
389
388
387
388
389
384
384
386
380
382
380
378
381
379
379
375
374
372
373
371
372
371
367
366
369
365
364
361
364
360
361
358
360
359
354
354
353
354
351
353
350
350
347
350
346
347
346
346
341
343
341
341
341
340
336
334
335
332
333
331
333
328
326
328
324
323
324
326
325
322
322
322
321
315
319
317
314
315
310
311
313
312
307
305
304
307
302
301
305
303
303
299
299
296
299
295
294
294
295
294
289
287
291
289
287
283
285
284
284
283
280
280
278
279
278
276
277
276
271
273
270
267
268
268
268
268
262
263
263
264
262
261
256
256
254
253
253
251
253
250
252
252
247
249
246
245
246
243
244
242
241
242
240
239
237
233
236
236
233
232
232
229
229
228
224
223
225
223
225
221
222
221
221
219
217
213
216
211
210
209
210
208
208
208
204
207
203
203
203
203
202
201
199
196
197
197
194
192
192
193
188
190
190
189
186
184
183
184
182
179
183
182
176
175
175
178
173
174
173
169
171
169
169
168
165
166
165
162
162
164
163
162
159
158
154
157
154
151
152
152
151
152
146
147
145
146
144
141
140
141
143
138
141
139
139
133
137
135
134
134
130
131
126
129
127
127
124
124
120
122
119
118
121
120
119
115
114
115
115
114
108
108
106
109
106
103
107
103
103
99
100
99
100
99
98
94
92
95
92
93
90
90
90
86
85
83
86
84
80
84
81
80
76
80
74
77
74
75
73
73
68
68
67
66
68
66
67
66
61
61
59
58
56
60
55
58
57
52
55
53
48
48
51
45
46
46
47
43
40
42
43
40
37
40
39
36
34
34
31
30
28
32
26
30
28
24
26
26
21
20
22
21
19
17
18
18
12
12
12
13
10
10
7
6
7
6
4
2
0
4
4
6
6
8
7
9
11
14
15
12
15
14
18
19
20
19
22
19
21
25
25
28
28
28
28
31
31
30
31
34
33
35
34
38
37
42
43
39
42
42
46
45
44
45
50
50
48
49
54
51
53
57
57
57
59
61
58
59
63
64
65
64
69
69
69
72
68
73
73
75
77
73
79
78
81
79
79
84
80
86
84
86
84
89
88
91
93
89
91
91
92
93
94
95
99
100
103
101
102
101
106
108
105
109
109
110
113
114
110
113
112
117
116
115
121
122
121
119
121
123
126
128
126
126
126
129
133
132
130
131
137
136
138
137
141
140
140
144
141
145
145
143
145
147
149
152
149
150
152
154
153
158
156
159
156
161
162
159
162
162
162
166
168
170
169
169
172
169
172
175
172
174
174
177
181
182
180
183
183
185
187
187
185
189
186
189
191
190
195
191
192
197
199
200
199
197
198
204
200
205
202
207
206
205
209
210
213
209
212
216
215
215
218
217
216
222
219
221
223
224
227
224
224
229
227
231
228
231
233
233
236
233
236
236
241
237
243
243
240
244
244
248
246
249
246
247
251
253
252
252
253
253
259
257
259
262
259
260
262
261
267
263
264
266
270
267
268
273
271
276
275
276
278
276
281
279
282
280
284
286
282
283
287
289
291
287
288
291
294
291
297
298
294
297
299
299
302
302
300
304
304
308
308
310
310
307
309
309
313
313
316
318
315
315
316
322
319
320
320
323
322
324
324
327
330
328
333
331
332
336
334
338
337
340
336
337
340
339
340
346
346
346
344
348
346
351
353
352
351
352
353
358
357
359
360
359
363
363
363
364
365
364
367
367
366
371
373
373
374
376
375
376
376
378
376
380
383
380
381
383
385
383
388
385
391
391
391
389
390
393
397
396
397
395
401
400
403
400
400
406
402
408
408
405
409
409
412
414
415
412
416
418
419
419
417
418
418
423
424
423
427
425
427
429
428
427
430
432
431
432
435
436
434
439
441
437
441
442
445
443
444
444
447
448
447
448
449
454
455
454
452
454
459
458
459
457
461
459
460
462
463
465
469
465
468
468
470
471
471
471
475
477
476
475
477
479
482
482
485
481
486
484
487
490
489
488
488
490
495
492
492
493
499
500
500
500
500
499
501
506
504
508
504
510
506
507
513
509
514
512
515
516
519
518
520
522
519
520
522
522
523
523
526
527
526
530
530
532
535
535
536
536
539
536
539
538
542
542
542
543
545
544
548
545
546
550
549
551
552
554
553
556
559
557
559
557
561
561
562
561
565
564
566
565
569
568
570
570
572
572
575
576
576
575
581
582
580
580
584
581
587
585
584
589
591
591
591
591
593
591
597
594
598
595
596
599
600
602
601
601
604
604
607
608
608
611
612
610
615
614
617
615
614
618
620
620
621
621
624
626
622
626
626
630
629
629
629
630
632
632
636
635
639
636
636
637
642
639
643
646
642
645
645
645
646
649
649
650
652
654
654
653
655
659
656
658
662
664
660
662
667
668
669
669
666
667
672
669
670
671
672
675
676
678
676
681
678
679
683
685
687
684
684
688
690
687
691
691
690
696
692
695
695
700
701
700
699
701
701
705
702
704
708
707
710
707
708
713
710
712
712
713
716
718
718
719
719
720
725
724
723
727
725
729
729
727
730
730
732
732
734
735
739
738
739
741
741
741
745
742
746
745
749
750
749
751
752
752
750
753
754
754
755
756
759
762
760
762
761
762
763
764
764
767
766
768
772
773
774
776
775
774
778
778
779
782
781
784
784
782
783
784
789
786
786
791
793
789
791
793
792
795
794
800
800
797
801
800
803
802
802
806
808
806
807
809
809
809
814
814
813
816
817
817
818
818
822
820
821
826
823
824
824
827
829
832
833
832
831
832
833
835
839
836
840
841
843
841
841
842
842
848
845
848
849
848
852
854
851
855
856
853
859
857
860
860
861
863
860
865
862
866
864
869
870
870
868
874
870
872
876
878
874
879
876
879
881
883
880
883
882
885
885
889
891
892
893
894
894
892
896
897
899
899
899
900
898
904
900
902
906
903
906
907
908
911
912
912
912
916
917
915
914
917
920
922
921
919
921
922
924
928
925
925
929
932
931
934
934
932
932
935
936
939
940
938
