940
938
936
934
935
934
934
932
934
933
930
929
927
925
926
925
922
920
923
920
918
919
919
915
916
916
915
911
909
908
907
910
907
909
906
905
904
902
902
900
898
901
896
898
897
897
892
892
892
889
890
887
888
889
885
882
883
881
884
880
878
880
880
879
873
877
873
872
872
870
868
866
870
868
867
866
865
862
864
861
860
859
859
857
853
857
854
851
852
852
848
850
848
847
848
844
846
840
840
841
841
837
840
835
837
834
834
834
831
831
832
826
825
827
824
823
822
820
822
822
821
816
817
816
816
814
813
814
811
811
810
808
810
807
806
805
801
800
804
799
801
799
795
795
796
796
793
794
791
789
789
791
789
789
787
786
786
781
783
782
781
779
779
774
773
776
775
775
771
770
767
766
766
769
765
763
761
763
763
760
757
761
758
758
754
755
755
755
753
751
751
748
748
749
745
742
743
742
742
738
740
738
737
736
737
734
731
730
731
730
727
726
727
724
725
727
722
721
724
719
722
718
715
719
717
714
714
711
710
709
711
707
707
707
707
706
703
700
704
700
700
701
700
697
694
697
692
695
692
689
691
686
689
688
685
683
685
682
682
678
679
679
676
674
673
675
675
670
674
669
671
668
667
664
664
662
662
664
661
659
660
658
660
658
653
656
656
650
650
651
647
650
647
644
644
642
643
645
640
638
637
640
639
639
638
636
632
632
630
633
627
628
625
629
628
622
626
622
620
620
617
619
618
617
614
617
612
611
610
611
609
608
606
607
605
607
604
603
599
601
602
598
600
594
594
594
596
593
592
589
588
590
587
587
584
586
586
584
582
578
580
581
578
574
575
574
574
570
571
573
569
570
570
567
567
565
565
560
561
563
560
558
558
555
555
552
556
554
551
549
552
546
548
549
548
546
542
542
543
542
540
538
536
535
533
534
533
530
532
533
528
529
529
527
523
526
521
521
520
523
517
519
517
519
513
515
514
511
512
513
511
510
505
509
503
507
506
505
503
499
498
496
496
498
495
495
494
494
490
490
489
487
490
489
483
483
481
483
483
483
477
477
477
474
473
477
475
475
471
473
468
468
466
469
466
463
464
463
461
462
458
456
460
458
453
457
455
450
454
452
449
449
449
444
448
445
441
444
443
438
438
437
435
439
437
435
431
432
434
433
427
429
429
427
427
425
421
424
420
418
421
419
420
419
417
415
414
414
413
409
411
408
409
408
405
403
403
401
399
403
398
401
400
396
394
394
391
393
394
388
388
388
390
385
385
384
382
384
381
378
378
379
380
374
373
372
375
370
372
369
371
366
365
364
364
366
363
360
360
363
357
359
356
357
358
356
355
354
350
348
348
348
349
348
346
342
344
345
340
341
340
337
339
336
337
332
332
335
331
330
332
331
325
329
324
323
323
324
324
322
318
321
317
316
313
317
315
312
311
309
311
311
309
305
308
306
304
304
304
303
300
300
296
294
293
293
296
292
289
291
288
290
286
289
285
283
284
285
283
280
282
276
275
279
277
273
271
270
269
272
267
269
270
265
268
266
266
261
263
260
261
258
257
255
254
255
254
251
250
248
247
251
250
245
243
242
244
242
242
238
242
239
236
239
235
232
231
232
229
232
231
231
227
224
227
222
221
225
224
219
222
218
218
214
216
213
216
211
211
212
208
207
208
204
205
205
204
200
200
202
200
196
199
196
195
193
196
190
191
192
188
186
190
187
185
183
184
180
180
181
178
177
177
178
178
172
175
171
174
172
167
166
168
164
163
163
163
165
164
160
157
157
155
158
158
153
156
154
151
150
150
147
145
144
147
144
141
145
140
143
139
136
136
139
136
133
135
135
132
128
127
130
129
124
123
125
122
124
122
118
122
118
119
116
113
112
112
110
111
112
112
108
105
108
104
107
104
103
101
102
98
101
100
96
93
94
95
90
90
90
90
91
87
86
88
85
86
84
84
81
82
79
76
79
74
73
71
71
72
69
72
69
65
66
65
67
64
60
62
63
59
57
59
55
54
55
56
54
54
50
50
47
46
48
47
46
45
43
43
39
42
38
40
38
36
33
32
32
30
33
31
30
28
26
23
27
22
21
19
21
17
18
17
15
15
17
12
14
11
13
7
9
10
8
8
4
4
3
2
6
3
6
9
6
8
12
14
12
11
17
17
16
17
19
22
19
21
20
21
23
25
24
27
29
32
32
34
31
36
32
35
38
38
38
38
39
39
42
46
47
43
48
49
48
48
48
54
50
55
56
54
59
58
61
58
59
62
60
62
64
65
67
70
68
71
72
72
72
73
76
76
76
75
77
79
81
83
81
86
82
84
87
89
87
89
92
92
92
92
96
96
99
99
96
102
101
99
105
105
102
104
104
108
110
110
108
110
111
115
114
118
114
120
116
118
121
119
122
121
125
125
129
125
131
129
130
131
132
131
132
137
138
140
139
140
143
143
141
144
143
143
145
148
151
151
149
154
152
155
155
153
154
159
160
159
158
162
164
166
163
165
169
169
168
168
168
173
172
176
175
178
174
179
179
181
181
179
184
182
184
186
188
187
189
188
188
191
193
194
194
196
196
200
196
197
198
203
201
205
203
208
208
207
211
207
212
213
214
215
213
215
218
217
217
221
219
219
221
222
226
228
224
230
227
231
232
234
233
236
234
235
236
239
236
237
239
239
244
245
247
248
244
249
249
248
250
251
255
255
254
256
255
256
257
257
259
263
265
261
263
263
267
269
270
271
271
271
272
276
277
276
276
280
278
282
283
281
280
284
282
287
287
288
287
289
289
293
292
292
297
293
297
298
300
298
298
301
305
303
307
303
304
309
308
310
308
312
315
315
315
314
315
317
320
317
321
320
323
323
324
325
325
327
328
327
332
334
332
333
333
333
334
338
336
340
342
341
340
342
344
348
349
346
350
348
352
349
353
352
353
356
357
356
358
361
359
363
360
361
362
368
366
370
368
372
373
369
374
376
372
376
378
379
380
379
383
384
384
383
386
383
385
390
388
387
390
392
392
393
392
395
396
397
397
399
398
403
405
405
404
407
406
405
409
410
408
410
412
413
412
413
415
415
420
417
421
420
423
423
423
423
425
430
431
427
431
430
431
436
435
437
437
438
440
439
439
444
445
446
446
445
444
447
451
447
453
452
452
452
454
454
456
457
460
457
463
461
464
461
467
467
465
468
469
470
468
469
474
472
475
475
477
478
481
481
479
481
485
482
486
487
487
486
487
491
489
492
492
492
497
493
494
499
500
498
501
503
505
501
502
508
509
507
509
511
510
511
515
514
514
516
519
515
516
521
518
522
520
525
523
524
525
529
531
530
529
533
530
531
535
538
539
540
541
539
538
539
542
542
546
548
549
547
549
547
552
550
553
552
553
558
554
558
557
557
561
564
560
561
565
563
564
565
571
572
569
570
572
576
572
573
577
575
579
580
579
579
585
585
585
586
587
590
590
591
588
594
590
594
594
593
596
599
598
597
600
599
604
603
602
606
605
605
606
609
610
610
615
613
612
614
617
617
619
618
620
620
621
621
625
624
624
625
631
629
631
631
633
634
637
638
635
639
636
639
639
640
643
642
645
643
648
649
651
649
650
651
655
655
657
654
656
655
661
661
663
661
665
666
662
663
666
669
666
671
670
674
674
674
676
675
678
680
678
678
683
684
681
683
684
687
689
686
690
691
690
691
691
696
697
696
695
700
696
699
703
702
705
701
704
706
708
708
707
709
712
714
710
711
712
715
715
715
720
717
721
721
721
722
725
723
725
726
726
730
732
734
732
736
735
737
737
739
740
737
743
739
743
743
742
745
745
750
749
752
750
752
754
751
754
753
754
755
756
760
758
763
765
761
763
768
766
765
771
771
769
771
772
775
777
773
777
777
778
779
783
784
781
784
784
784
789
789
789
792
790
790
795
791
795
798
794
797
800
800
802
799
803
801
807
808
808
807
811
807
808
811
812
812
813
813
814
816
821
817
821
824
821
821
824
826
826
828
831
832
831
834
830
831
836
838
838
839
841
838
843
841
842
842
843
845
847
846
846
852
852
854
850
856
854
853
859
858
859
859
858
860
864
865
867
865
869
866
866
867
871
871
872
874
872
878
875
876
877
882
883
882
883
886
885
884
884
885
886
890
889
893
890
894
893
896
897
898
901
899
901
899
905
904
902
903
906
908
908
910
909
914
915
916
916
914
918
918
917
917
918
923
923
925
925
926
927
926
929
930
933
932
932
932
936
937
937
940
939
941
