939
938
936
934
938
935
934
935
934
930
928
929
926
928
928
922
921
923
921
920
920
921
918
918
913
915
911
910
912
912
908
908
909
908
903
902
903
901
902
903
902
898
898
897
894
896
892
893
890
889
891
891
885
887
885
886
885
882
884
882
879
876
877
874
873
876
871
872
874
868
869
869
870
869
865
864
864
864
864
859
859
858
855
854
854
856
854
851
854
853
851
850
848
847
844
842
846
845
842
839
840
841
836
836
837
835
835
834
829
833
828
828
826
829
826
826
821
820
819
818
818
821
817
815
814
815
814
813
811
809
811
809
807
804
803
802
803
804
800
802
798
800
800
798
798
797
792
790
789
791
792
786
788
789
784
787
782
783
782
782
777
778
780
776
778
776
775
770
770
771
767
769
767
769
768
767
763
762
760
759
760
757
757
758
753
757
754
752
749
752
751
748
746
746
744
744
741
742
740
741
738
740
735
739
733
736
735
733
734
730
729
727
730
724
727
726
722
725
724
722
722
716
716
718
716
717
712
715
711
713
711
708
710
708
706
703
702
701
704
698
697
697
695
694
693
692
693
694
694
692
687
686
688
686
684
686
681
682
679
679
678
680
679
679
678
675
675
672
673
670
668
668
669
668
667
664
665
664
659
660
660
659
660
655
656
657
651
652
652
651
647
650
646
647
647
645
646
641
642
643
638
636
635
636
637
635
631
633
633
632
632
627
625
628
626
625
623
623
621
622
617
620
619
619
618
616
613
615
614
613
612
608
609
608
604
607
602
605
602
603
601
597
600
598
595
596
594
595
589
591
589
587
587
589
584
587
585
585
583
579
578
579
575
575
574
575
574
571
569
571
572
566
569
566
566
562
561
564
560
560
557
557
558
555
553
556
552
554
549
553
551
551
548
549
546
544
543
541
541
541
538
537
536
535
535
533
535
535
534
532
532
531
529
526
523
526
523
524
520
520
517
520
515
518
513
513
511
513
512
508
510
510
509
506
507
506
501
502
501
502
502
497
500
496
493
493
491
490
493
491
489
489
488
486
483
484
486
482
481
482
479
481
480
479
475
475
471
473
472
470
471
470
468
467
468
464
461
461
464
458
460
459
460
456
454
455
451
455
453
449
451
448
446
448
445
447
444
440
443
441
437
439
436
437
435
433
432
433
433
432
429
429
428
426
426
423
423
423
421
423
421
419
415
418
414
416
415
415
414
410
407
406
407
408
408
402
401
404
400
399
402
400
399
398
396
393
391
394
390
391
392
388
389
386
388
384
383
382
382
380
380
376
377
375
377
373
375
375
374
371
370
370
370
369
365
367
361
364
361
359
358
358
357
355
355
352
356
355
351
353
351
349
348
344
344
343
346
342
341
339
337
341
335
337
335
335
335
332
330
329
332
327
325
329
324
327
325
323
323
318
317
319
315
319
318
316
315
313
314
310
311
309
305
307
306
303
304
302
304
302
298
301
295
298
294
296
292
292
292
293
291
286
290
288
285
285
281
281
283
279
278
278
276
279
273
277
275
270
270
270
267
266
269
267
263
267
261
260
259
262
257
258
257
256
257
257
251
251
253
251
252
249
246
247
243
245
246
241
243
238
238
239
237
236
234
233
234
230
233
232
227
226
226
225
225
223
224
223
223
219
219
220
215
217
216
217
212
210
213
209
210
208
210
206
207
203
203
204
199
200
198
200
196
198
195
193
195
195
193
192
188
188
186
189
184
184
185
184
184
178
179
180
179
177
175
172
175
173
174
168
170
170
167
168
166
162
166
165
163
161
159
159
157
154
153
154
151
153
151
152
147
148
148
144
147
145
144
143
141
140
139
141
137
134
134
137
133
134
130
129
130
128
126
125
127
124
121
125
119
120
119
121
119
116
113
113
116
112
113
110
112
106
108
105
103
105
102
103
100
99
98
98
95
94
93
95
95
93
92
92
89
86
90
84
87
83
83
83
79
78
77
81
80
75
77
75
74
72
74
68
68
71
67
64
67
66
62
63
63
60
58
59
55
59
55
53
53
54
52
49
51
49
49
46
46
44
41
44
44
40
41
39
37
34
35
34
35
34
32
30
32
31
27
27
25
26
25
20
22
21
22
21
18
17
17
12
15
14
11
9
9
11
7
9
5
6
2
5
3
6
3
6
7
10
9
13
14
14
15
12
17
17
17
18
18
21
19
22
26
24
28
25
27
28
27
32
34
33
31
34
37
37
37
39
38
38
42
44
42
44
48
47
45
51
50
49
54
51
55
52
54
57
59
61
57
63
62
60
66
63
66
67
67
69
72
72
74
72
75
75
74
74
78
81
80
83
84
81
85
87
88
86
90
89
92
92
91
92
92
92
98
95
97
97
99
99
104
102
101
106
103
106
109
110
112
112
110
112
114
114
118
115
115
120
122
118
120
125
124
127
124
126
127
126
127
130
132
135
133
134
137
136
140
136
139
142
141
143
143
145
145
149
149
151
148
152
154
155
152
152
157
154
160
160
161
158
162
161
166
162
166
167
167
168
170
173
169
170
175
176
175
174
180
178
177
183
181
183
183
182
188
187
189
188
188
188
190
191
193
197
194
198
198
200
197
201
200
201
203
205
206
204
207
206
210
208
210
213
214
212
216
216
219
220
222
220
219
223
222
227
223
225
227
231
227
228
230
232
234
233
235
237
238
241
242
239
239
242
245
242
247
248
248
246
250
249
252
251
253
254
258
255
258
257
262
263
259
265
264
266
267
268
268
270
268
272
270
274
271
276
275
275
278
277
280
283
282
283
285
282
283
288
289
287
289
289
291
295
292
294
293
297
297
298
300
298
300
305
301
305
304
307
310
308
312
313
311
314
312
312
317
316
317
321
317
322
323
323
324
322
328
327
330
327
327
332
333
334
331
332
335
339
338
338
342
342
339
344
346
347
347
347
346
346
350
350
352
350
354
354
357
359
357
357
362
362
361
364
364
363
363
369
366
369
367
370
369
375
372
374
373
378
379
378
378
383
379
385
386
383
385
384
389
386
389
391
391
390
394
394
394
394
397
400
402
401
400
400
402
404
404
408
410
409
410
409
409
411
412
417
418
414
418
421
417
418
422
423
423
425
423
424
430
427
430
431
430
434
432
434
438
436
437
438
439
438
442
443
441
445
443
444
447
450
452
450
453
450
456
455
454
454
459
457
462
461
463
461
462
462
468
467
470
468
472
473
473
475
471
474
474
478
478
477
479
483
484
483
482
486
488
489
490
487
491
491
494
495
496
494
494
497
499
500
498
500
502
503
503
504
508
509
507
509
509
511
510
515
516
513
513
517
518
518
522
523
520
525
526
527
525
524
526
526
528
528
532
533
534
534
536
536
535
538
539
542
541
542
542
545
545
549
550
548
547
548
551
554
551
553
556
559
556
556
558
558
561
560
566
565
566
567
566
566
567
573
571
574
574
574
578
579
577
579
577
583
584
583
581
587
585
584
585
590
587
590
590
593
595
597
595
595
597
598
601
603
601
602
606
605
605
608
605
611
608
610
610
614
616
612
614
618
619
620
617
618
620
623
625
626
626
627
627
626
631
628
631
630
633
636
635
639
637
641
642
642
639
640
644
646
645
648
646
646
649
653
651
653
654
653
656
655
656
660
657
659
663
665
664
667
664
664
665
666
670
672
673
673
673
673
673
677
678
678
678
682
681
685
681
684
687
688
686
689
687
690
690
692
694
692
695
694
700
696
700
700
699
702
702
705
703
705
710
707
711
708
713
710
711
712
717
719
720
719
720
719
719
722
723
723
723
725
728
728
728
733
730
734
733
732
738
739
740
739
737
743
740
743
742
745
745
745
745
751
751
748
751
754
752
755
755
757
756
758
757
760
764
761
764
766
765
767
767
769
769
770
770
771
773
777
777
777
780
779
777
780
780
783
785
785
788
789
785
787
790
788
790
794
793
795
797
795
799
797
802
802
799
800
801
805
808
808
810
810
809
811
810
814
812
814
816
815
816
817
819
819
820
822
825
825
823
829
826
827
830
832
831
832
834
832
837
836
840
837
841
843
839
843
842
843
848
845
846
847
851
852
853
853
855
855
854
855
856
858
860
858
862
863
863
863
866
865
870
868
867
870
873
872
875
872
878
875
877
881
878
878
884
880
882
885
886
885
889
890
890
890
889
895
896
892
893
895
895
897
897
902
901
904
901
905
903
908
909
907
907
911
909
915
914
915
917
918
916
919
918
922
923
924
925
927
923
928
930
931
930
928
932
933
934
937
938
935
940
941
937
