942
939
940
936
934
933
935
933
934
932
928
930
930
929
925
925
923
924
924
921
918
916
916
915
916
912
916
911
910
913
911
906
909
904
906
902
903
905
904
901
902
896
898
896
897
893
893
891
889
893
891
887
887
886
885
882
884
884
880
881
878
877
880
876
875
874
872
871
871
868
872
868
869
868
864
865
863
861
863
862
857
858
857
854
857
856
851
855
853
849
849
850
848
845
847
845
843
844
842
843
840
837
836
834
838
834
832
830
831
831
827
826
826
825
828
827
823
822
819
823
818
820
816
818
813
813
812
810
810
813
810
807
806
805
807
805
804
801
799
801
802
798
797
797
796
793
794
792
790
790
788
789
789
784
787
785
782
782
783
780
780
779
780
779
775
775
776
771
773
769
770
767
766
769
765
763
765
764
759
761
759
761
758
754
758
753
755
754
749
749
747
746
747
746
745
743
745
741
740
743
739
741
738
736
733
734
736
732
731
729
727
727
727
724
727
726
724
720
721
718
718
717
715
714
718
715
712
713
711
711
708
706
708
709
708
703
703
705
701
701
700
698
700
694
693
697
696
691
691
691
691
686
690
686
688
685
683
680
683
679
680
677
679
678
673
673
673
675
672
671
671
671
665
669
664
666
662
663
659
661
662
657
657
657
654
653
654
650
654
652
652
649
648
648
648
645
641
645
643
638
637
638
640
634
637
636
633
633
632
629
627
628
628
629
626
625
621
621
622
622
621
619
617
615
618
612
612
615
609
613
611
611
605
608
606
604
604
603
603
602
602
598
599
598
598
595
592
591
591
592
589
589
586
588
583
584
582
583
581
581
579
579
575
577
576
577
573
572
569
568
571
568
566
569
567
567
561
560
563
561
561
558
557
558
556
555
555
552
550
553
549
549
550
547
546
542
543
541
540
540
541
539
539
535
535
534
533
533
532
533
527
528
527
526
528
523
523
525
520
522
522
518
519
518
518
514
513
514
509
510
511
508
506
508
503
502
505
501
502
499
502
500
497
498
495
496
495
495
492
491
491
489
489
484
484
487
481
485
479
478
481
480
480
474
475
477
476
471
472
469
470
469
467
468
466
464
463
460
460
462
457
456
460
454
456
453
453
452
453
449
447
451
446
449
446
445
444
445
440
441
440
439
437
437
437
433
434
434
432
430
431
431
428
426
427
424
421
420
422
420
419
418
416
419
413
417
415
410
409
413
409
407
405
405
408
405
404
400
400
401
400
397
397
397
398
395
394
394
393
391
388
389
385
388
386
383
386
382
383
382
381
377
377
378
375
372
372
371
373
369
367
371
369
367
365
367
363
362
360
359
357
356
357
355
357
356
352
353
353
352
352
348
347
345
344
343
344
342
343
338
340
337
336
335
333
333
333
333
334
329
328
327
326
329
327
327
321
323
321
320
321
321
316
319
314
316
316
315
312
308
307
306
309
307
305
304
301
300
304
301
299
301
295
295
295
296
292
294
290
291
287
287
287
285
286
285
286
280
282
279
279
277
280
276
275
274
275
275
269
269
267
267
266
269
263
262
261
261
259
258
259
256
260
259
257
254
256
251
253
251
248
248
246
246
247
247
242
241
240
240
240
236
240
238
235
234
231
234
232
230
227
231
229
229
223
222
226
221
219
221
217
216
217
217
216
217
214
215
210
211
209
209
205
208
203
207
204
201
201
199
198
199
200
197
195
193
194
192
189
191
187
186
188
187
186
187
183
183
183
179
179
178
178
177
174
172
172
170
174
172
169
167
165
169
167
167
163
162
162
159
161
161
159
158
155
153
151
151
151
148
148
151
146
147
147
145
141
144
143
143
138
137
137
136
136
132
134
134
132
129
132
131
127
124
123
123
124
124
120
119
122
117
119
117
117
114
112
110
109
113
112
106
105
109
105
106
104
102
104
103
102
98
97
94
98
97
91
91
89
91
88
86
86
89
88
84
84
83
80
82
82
78
75
75
73
74
71
70
69
68
67
69
65
68
63
64
65
60
59
61
57
59
60
55
55
52
53
52
50
53
48
49
48
44
43
43
41
42
43
41
41
39
39
34
37
33
36
35
30
30
30
30
27
24
25
22
25
20
24
21
18
19
19
19
13
16
11
13
14
8
7
11
7
6
7
5
3
5
1
7
7
4
5
8
10
13
10
13
16
12
16
16
20
19
19
20
19
20
25
25
23
29
25
31
32
32
33
34
32
36
33
35
37
37
39
39
39
42
46
46
45
47
50
47
48
50
49
53
56
55
55
54
60
59
62
63
62
62
61
63
66
66
66
70
72
72
71
74
71
75
78
79
79
76
79
83
81
83
85
85
86
86
87
90
90
90
94
95
95
93
94
97
96
99
102
101
103
102
102
103
104
109
109
110
110
108
109
114
112
117
113
114
118
117
120
118
123
123
124
122
125
128
127
131
129
130
134
134
134
137
134
136
140
136
141
140
143
140
143
144
148
148
146
150
149
151
153
152
151
154
153
159
159
160
158
162
163
160
165
167
165
168
170
171
168
168
170
173
176
175
178
175
175
179
177
183
182
183
182
186
185
188
189
191
192
192
193
190
195
196
193
196
196
196
201
202
201
205
201
207
207
204
207
207
209
209
213
212
211
217
215
215
217
221
218
219
221
224
222
225
226
226
227
231
228
233
234
233
235
234
237
236
238
241
240
240
240
241
242
242
247
249
249
249
248
251
254
254
251
257
256
254
256
256
260
258
262
265
261
263
266
266
265
267
270
270
274
273
273
272
278
278
275
276
280
279
281
280
282
287
287
284
287
288
292
293
291
295
292
296
298
299
300
301
297
298
302
300
305
305
303
306
305
310
309
308
313
313
312
314
317
314
316
321
322
322
322
323
324
325
327
328
330
328
328
329
334
331
331
332
337
335
340
336
342
340
342
342
346
344
344
348
347
350
350
352
354
352
351
353
356
355
355
359
360
360
363
365
366
362
366
368
365
367
368
373
371
371
374
377
375
378
378
376
378
383
384
381
382
384
385
386
388
389
388
393
392
394
394
395
393
394
400
399
402
403
399
401
401
402
408
406
410
407
408
409
411
410
413
413
418
418
415
421
417
420
420
424
424
422
425
426
430
430
427
430
430
431
433
437
435
434
438
439
439
439
442
441
445
443
445
446
445
448
448
450
453
450
454
457
456
459
458
459
461
460
464
463
465
462
468
469
470
470
467
468
474
472
473
476
473
479
477
481
480
483
479
480
485
482
485
485
490
490
492
492
490
492
495
493
493
497
498
498
502
503
503
501
506
504
505
509
506
510
508
510
513
511
515
517
515
518
515
519
519
520
523
522
522
527
524
526
530
528
531
529
529
535
531
536
538
535
540
540
541
542
544
545
546
544
544
547
545
550
551
548
551
554
555
555
558
558
559
556
560
560
564
563
564
567
563
567
569
567
570
570
572
570
572
577
574
578
580
580
580
580
582
583
586
582
586
586
585
590
588
590
592
590
596
597
593
594
598
596
600
602
603
600
604
602
608
608
610
610
612
609
613
611
612
613
613
616
620
617
618
619
619
625
622
622
624
626
627
629
630
633
629
631
633
635
633
637
635
640
640
640
644
641
646
644
644
645
649
648
650
648
650
652
653
654
658
656
659
659
661
661
664
661
663
667
667
668
669
670
671
671
670
675
671
675
677
674
675
677
677
681
682
683
685
686
685
686
690
691
687
688
691
690
693
694
693
694
697
701
702
699
700
703
704
702
703
709
709
706
710
709
710
714
713
715
713
715
719
716
721
719
723
722
721
727
726
725
727
727
729
732
732
732
736
734
737
738
739
737
741
738
743
743
742
747
743
749
745
750
748
749
751
751
751
757
754
758
755
758
761
759
762
764
763
765
765
766
767
770
768
769
769
775
771
777
777
775
778
779
779
779
784
780
786
783
788
789
787
791
790
792
789
794
796
796
796
799
795
797
802
802
801
800
804
806
806
808
805
806
812
808
811
810
813
817
818
819
818
817
820
819
822
823
825
823
826
829
827
826
829
831
830
835
831
832
838
835
836
837
840
843
839
845
845
847
843
849
850
847
849
852
849
851
851
854
855
857
855
858
860
861
863
862
864
862
868
868
865
871
870
869
870
874
871
874
873
875
877
879
880
878
884
882
882
884
888
888
889
889
889
889
892
895
895
895
897
898
898
898
902
903
903
905
905
907
907
906
906
906
909
910
910
910
912
913
916
916
916
916
921
922
921
923
924
926
928
926
926
926
932
933
931
934
931
933
934
939
937
937
939
