937
936
935
937
937
933
936
935
931
928
927
931
928
926
924
926
923
923
922
922
917
920
918
916
917
912
911
914
914
912
911
911
910
905
903
905
905
905
899
901
901
899
895
897
896
897
895
893
894
890
887
887
887
885
888
885
886
881
882
882
881
876
878
875
873
874
873
874
872
871
867
867
867
868
865
862
864
863
864
860
860
860
858
854
856
857
856
850
850
850
849
851
847
844
847
845
843
844
842
838
839
840
837
838
838
832
831
832
831
829
832
831
828
826
826
823
823
822
821
821
819
816
816
816
815
813
815
812
812
810
812
808
809
806
803
804
801
801
803
799
801
799
799
798
794
797
794
795
794
789
791
791
786
787
787
785
786
781
780
781
781
781
775
775
774
774
774
775
771
768
770
768
770
766
768
766
762
763
759
758
760
756
758
756
754
756
753
754
752
749
748
748
749
747
744
746
744
745
743
742
740
739
740
739
736
732
731
735
732
733
730
727
729
726
725
724
725
723
724
721
722
721
719
714
713
715
714
714
711
710
709
711
708
706
708
705
704
703
699
700
697
700
697
694
695
693
692
695
692
689
689
689
690
686
686
686
681
680
679
679
679
678
676
675
674
673
671
674
671
672
670
671
668
665
666
667
662
660
661
660
662
661
657
656
656
653
653
654
651
651
648
649
648
645
646
644
642
645
640
638
637
641
637
634
638
633
636
631
632
629
629
630
626
624
625
622
623
621
622
618
620
618
615
614
615
614
616
611
612
612
608
608
608
609
605
605
605
605
601
599
601
598
600
598
597
594
595
594
591
590
588
589
587
588
586
582
581
581
581
583
582
581
575
579
578
577
576
574
571
572
570
567
566
569
567
565
563
565
559
563
562
558
559
557
554
552
555
553
552
549
547
550
549
549
546
545
545
542
542
542
539
538
535
538
535
534
536
534
533
533
532
527
529
529
523
527
524
523
522
519
518
519
518
518
517
512
511
510
509
509
510
506
506
505
503
502
505
500
502
502
497
499
500
494
493
496
494
490
494
493
489
487
485
489
484
486
484
483
484
481
480
477
475
474
473
477
471
472
469
471
467
468
468
469
464
465
461
463
460
459
458
460
455
457
454
453
452
454
450
449
449
450
449
449
444
444
444
442
441
441
442
441
435
435
435
437
431
435
432
428
427
428
428
427
424
424
423
423
424
421
417
416
417
417
418
412
413
412
409
411
410
411
410
404
405
405
406
400
403
401
402
400
400
395
398
393
391
394
391
389
392
387
385
385
383
384
384
380
382
380
377
376
378
379
377
376
371
371
370
373
370
371
366
365
367
366
363
361
361
361
362
358
358
355
358
355
352
353
349
348
352
348
346
346
348
345
344
345
342
340
341
337
336
338
335
336
335
331
333
328
329
328
328
327
328
325
324
325
323
321
319
320
316
318
318
317
313
314
309
313
307
310
309
308
303
302
306
302
303
301
300
297
295
294
295
297
292
293
291
290
289
289
285
285
288
284
285
285
283
283
282
277
279
279
278
276
271
271
274
270
269
268
270
266
264
265
266
263
262
263
262
259
255
254
258
254
251
254
254
253
247
249
249
247
246
245
246
244
241
243
238
240
235
235
234
237
234
234
232
233
228
231
226
226
223
224
222
222
220
219
222
219
220
218
215
217
213
215
209
213
211
207
210
206
204
202
204
203
204
203
201
199
197
196
198
192
191
191
192
189
190
188
185
187
187
186
183
185
179
183
180
178
177
174
177
175
176
173
172
170
170
166
165
166
168
162
161
161
159
159
160
157
158
158
153
152
156
155
154
148
147
151
146
149
147
146
142
145
142
139
141
141
138
139
133
132
134
134
134
131
131
126
126
126
125
122
122
121
121
123
119
116
116
116
118
112
111
115
109
112
109
109
110
109
107
103
106
104
101
103
101
101
99
98
98
96
91
92
92
91
91
91
85
86
85
84
82
83
80
81
79
81
76
78
74
72
74
74
71
68
72
66
65
64
66
67
63
62
59
60
62
61
55
55
53
54
55
50
49
53
52
47
48
46
46
43
42
43
42
42
39
37
36
38
38
32
31
32
30
32
27
28
29
26
25
24
24
22
24
20
22
16
20
17
15
14
13
12
13
9
12
9
10
6
6
2
2
4
6
4
3
6
8
10
11
9
11
15
14
13
15
14
19
20
17
21
24
24
21
27
27
26
26
29
27
33
32
35
34
33
33
36
38
37
40
39
42
44
43
45
45
49
47
51
47
53
50
54
51
53
54
57
55
57
58
60
62
65
61
63
67
68
70
69
67
72
73
73
73
75
75
76
76
81
82
78
84
81
81
82
85
87
86
89
89
93
90
91
95
92
94
97
99
101
97
101
104
102
102
107
103
104
107
107
109
112
109
114
116
114
118
119
119
119
119
118
119
121
123
126
128
127
129
131
127
131
131
130
132
132
137
138
137
137
141
138
144
141
142
142
144
146
145
146
147
148
149
154
154
157
153
159
155
159
157
158
161
165
163
164
163
167
169
169
169
170
174
175
175
173
176
174
180
179
181
183
183
181
185
187
185
187
190
191
192
193
189
192
193
193
198
194
197
200
199
201
204
202
203
207
205
207
208
208
209
208
212
212
211
212
213
215
218
218
221
222
219
222
225
223
227
229
226
228
230
233
231
230
233
233
237
238
240
241
242
242
242
241
241
245
245
248
247
248
249
252
253
253
252
255
258
256
260
259
261
262
262
264
266
264
268
266
267
270
268
272
272
275
272
272
274
274
279
281
281
280
282
285
281
284
285
288
289
286
290
291
289
292
296
295
296
297
295
296
301
298
299
300
304
302
307
309
308
308
311
308
310
314
313
316
315
318
319
317
322
318
321
320
322
325
323
324
325
326
332
329
329
332
336
333
333
335
340
336
337
341
342
344
346
344
347
344
347
347
347
352
351
354
354
353
356
359
360
361
362
358
360
363
362
367
368
367
366
369
371
369
373
372
371
374
374
379
380
376
381
379
379
382
383
384
387
387
388
388
391
393
390
395
395
393
397
397
395
396
402
399
400
404
404
406
403
408
407
407
410
413
412
415
416
414
417
415
417
420
422
422
419
420
424
422
423
425
429
427
428
432
429
432
432
433
434
437
439
438
442
440
443
444
444
446
444
448
445
446
448
452
451
451
453
457
457
458
457
457
459
462
461
462
461
463
465
469
468
468
472
471
473
473
471
475
473
479
478
477
478
481
481
480
483
485
484
485
487
486
488
490
491
493
493
494
495
494
499
497
501
499
504
504
505
506
507
507
507
508
510
510
510
513
511
516
516
517
519
517
518
520
519
523
522
524
527
527
528
527
528
528
532
533
533
535
533
539
535
540
541
538
542
545
546
544
546
549
546
549
550
550
552
552
552
556
555
556
560
561
562
562
563
562
562
563
564
569
568
567
570
569
570
570
571
574
575
575
578
581
580
580
580
583
581
586
583
587
587
587
590
591
594
594
591
596
598
598
599
599
602
598
601
602
604
605
603
607
607
611
609
612
612
612
611
612
614
614
619
621
619
622
623
624
621
626
624
624
629
627
632
632
629
634
633
637
638
636
636
637
638
639
643
643
646
644
648
645
650
648
651
650
654
655
654
656
658
654
657
657
657
663
662
660
662
666
665
664
667
667
668
673
671
672
674
674
675
677
680
676
679
680
681
684
685
687
686
687
689
688
688
688
690
695
694
692
695
694
695
701
697
700
702
701
705
706
704
708
706
707
708
708
713
711
711
715
716
719
720
721
722
718
719
724
725
723
726
728
727
727
732
731
731
731
733
735
738
737
740
740
741
743
742
743
746
742
747
747
745
749
748
749
753
751
755
757
756
755
760
758
762
761
761
764
765
767
763
769
770
771
771
771
773
771
774
777
776
776
780
778
781
779
781
783
782
785
785
785
785
788
790
790
792
790
792
793
797
794
795
801
801
799
800
800
804
806
806
806
810
806
812
813
812
814
812
812
815
817
816
816
821
819
824
824
822
823
825
829
827
827
831
828
831
833
831
836
835
837
838
840
841
838
839
842
845
844
846
849
849
848
852
851
849
854
856
855
856
859
856
857
860
863
860
864
866
866
867
868
869
866
869
873
874
875
876
875
877
878
880
876
882
879
880
884
886
884
884
884
888
889
887
890
893
895
892
892
898
899
895
899
898
901
903
902
905
906
903
905
910
907
910
908
909
912
912
913
915
916
918
919
917
922
919
921
925
927
925
927
925
929
929
931
931
932
933
936
937
934
940
939
941
