938
937
937
935
934
933
934
932
934
930
927
926
925
925
928
924
925
921
919
919
917
921
917
916
918
913
916
915
911
908
911
909
908
905
904
906
905
900
899
899
901
898
895
896
895
897
895
891
894
889
892
886
887
889
884
884
881
885
879
879
879
877
877
875
874
877
871
875
869
870
872
869
869
864
868
863
862
861
863
858
860
859
860
857
856
853
856
853
854
850
850
846
846
848
845
846
845
841
841
841
839
841
838
837
837
834
833
835
833
833
827
827
828
827
824
827
824
823
820
822
818
816
816
814
816
812
811
815
811
811
811
808
806
809
807
805
806
803
803
800
798
798
796
798
797
793
791
795
790
791
788
788
789
787
784
782
786
785
784
781
778
776
777
777
778
773
771
770
772
770
769
770
765
769
767
764
763
764
760
763
758
760
758
755
757
752
751
753
751
752
752
746
747
748
748
747
745
744
743
739
740
740
735
734
734
735
733
735
731
733
728
728
726
729
724
724
724
724
719
721
720
721
720
716
714
714
713
712
711
713
708
711
705
707
705
704
706
702
703
703
697
698
695
698
694
696
693
695
690
689
688
691
686
684
685
682
685
684
681
680
682
678
676
676
673
673
672
671
671
669
669
667
666
666
664
667
664
664
663
661
661
656
659
656
657
656
655
655
654
650
650
649
650
649
645
647
643
640
643
639
639
641
638
636
633
633
634
635
633
630
627
630
627
628
624
623
623
621
619
621
617
620
617
617
618
614
615
612
613
609
610
606
609
606
604
603
601
605
599
602
602
599
599
594
598
596
591
590
592
590
587
590
588
585
587
585
581
583
580
581
582
578
575
579
575
575
575
573
570
568
572
571
566
567
567
567
561
563
562
560
557
561
560
557
556
557
556
550
549
549
552
550
547
546
544
547
542
544
541
542
539
536
537
538
533
536
535
535
533
531
532
528
528
529
525
523
526
525
524
521
521
516
517
517
515
512
513
513
509
509
508
509
509
508
504
502
501
505
501
502
500
500
495
495
493
494
492
494
489
492
491
491
490
485
487
482
486
485
481
480
478
479
475
475
475
472
474
472
471
473
470
470
468
467
465
464
466
464
460
460
457
456
458
459
455
452
453
454
449
450
448
449
446
445
444
446
442
441
441
442
438
441
439
435
437
437
435
430
432
429
430
427
429
426
427
422
421
420
424
419
422
419
419
415
415
415
412
411
411
413
410
408
407
406
408
406
403
403
400
402
398
399
397
395
393
397
395
392
391
389
392
386
388
389
388
387
381
383
381
378
378
380
376
377
373
377
374
370
369
368
371
366
368
367
364
363
365
360
361
363
362
359
356
357
354
355
355
353
354
349
350
346
348
347
345
342
344
341
342
338
341
338
339
338
337
333
333
332
333
328
331
331
330
329
323
322
323
323
320
319
321
320
317
319
318
316
311
310
311
312
311
310
305
309
306
303
301
304
299
302
299
297
298
298
296
297
294
292
289
292
291
288
286
286
286
283
283
280
283
282
281
276
277
278
274
273
275
270
274
268
271
269
265
267
263
263
261
264
264
258
260
257
255
256
257
257
254
250
250
250
249
251
247
248
246
244
244
240
241
238
241
236
236
234
238
235
235
231
231
231
227
227
226
229
228
223
221
222
220
223
219
217
219
217
215
213
215
212
214
208
209
206
210
207
207
207
202
205
203
201
198
201
195
199
193
192
195
192
190
189
190
188
187
186
186
186
183
184
181
180
182
181
175
179
177
174
175
174
171
173
170
168
170
168
168
167
163
162
161
158
157
156
160
156
155
155
152
150
152
148
148
150
148
148
148
147
143
141
139
141
140
139
138
135
138
132
135
134
133
128
130
130
129
129
124
123
126
122
120
119
120
117
117
114
115
114
113
112
111
108
111
110
106
105
105
107
104
100
101
102
102
100
96
96
96
95
91
92
94
88
89
88
90
85
83
85
84
81
80
81
77
77
77
76
77
75
71
70
70
73
72
66
70
65
67
63
62
64
60
61
57
58
56
58
57
52
51
54
50
48
52
49
47
49
45
46
45
42
40
43
40
39
37
37
38
37
33
33
33
32
32
28
27
25
25
22
26
22
23
19
20
20
20
17
16
13
14
11
11
13
12
7
8
6
5
4
6
2
1
6
7
9
10
7
9
11
14
14
11
17
14
18
16
20
20
23
20
24
26
27
27
25
29
31
29
29
29
34
34
34
36
39
38
39
39
43
44
45
46
46
44
49
47
49
49
52
54
54
54
53
56
59
55
60
58
63
59
63
64
65
63
65
65
70
70
72
69
74
74
72
73
74
78
80
80
83
81
83
86
86
84
87
89
87
91
93
91
93
93
94
97
98
98
99
99
102
103
100
102
106
103
108
109
107
110
108
111
114
116
116
116
114
118
120
120
121
122
125
123
122
123
124
128
130
128
132
131
135
135
135
135
134
136
140
139
141
140
140
141
142
146
147
146
151
150
149
151
154
154
157
155
158
159
158
158
159
162
163
164
164
163
169
168
166
171
173
172
171
175
176
175
176
179
177
177
180
182
181
185
186
185
189
188
186
192
190
189
192
192
196
194
195
198
199
198
198
202
201
203
203
206
209
209
208
208
208
214
214
216
215
214
215
217
216
221
222
220
225
226
226
227
228
228
231
231
230
232
230
233
233
235
237
235
241
240
241
240
240
246
244
245
245
249
246
247
248
249
252
252
252
254
257
258
256
262
263
261
260
265
263
263
268
268
270
267
271
270
271
274
277
275
278
275
277
278
282
279
281
283
287
288
286
290
289
291
290
289
295
294
292
294
298
300
298
299
301
301
305
301
303
305
309
310
311
309
312
309
314
312
313
313
317
319
318
321
321
323
320
324
323
323
328
329
330
329
328
329
333
331
334
335
335
336
341
340
338
339
342
344
343
348
347
346
346
347
349
353
351
356
353
358
357
356
356
357
361
361
362
363
367
363
364
369
368
370
371
369
375
372
374
375
378
376
376
382
378
379
384
383
382
383
387
389
387
392
391
390
392
392
394
394
399
400
396
400
403
401
403
403
403
404
406
407
411
410
411
410
413
416
413
415
418
416
421
417
422
421
425
425
427
428
428
426
429
427
432
430
433
431
437
433
435
435
441
438
439
442
444
443
445
446
445
449
451
448
448
451
454
456
454
458
456
458
461
458
460
459
464
462
463
467
466
469
466
472
473
470
474
473
473
473
475
477
478
479
482
481
484
482
487
485
487
490
488
487
488
492
494
493
495
496
494
500
496
502
498
503
503
504
506
504
509
505
509
510
512
514
510
515
512
513
514
520
519
519
519
523
522
524
524
525
527
529
528
527
529
529
535
532
536
534
535
539
538
539
538
542
540
542
543
545
545
545
549
551
552
549
550
556
553
557
555
557
559
562
560
560
561
566
562
568
564
566
571
569
571
574
574
571
577
573
578
577
577
581
579
579
583
584
582
588
584
588
591
591
588
591
590
593
592
594
594
597
601
599
598
599
605
603
603
606
605
605
609
609
612
614
613
611
617
617
614
619
616
621
618
620
621
623
623
624
626
629
630
627
630
634
631
634
636
638
635
638
639
639
639
642
645
645
642
647
649
647
650
651
651
651
655
651
652
656
657
658
660
658
659
660
662
662
664
664
669
670
667
672
668
674
671
674
676
676
677
676
676
678
681
682
684
684
687
688
689
687
691
687
692
690
692
694
694
698
697
695
701
699
698
700
703
705
702
704
708
706
709
710
711
714
710
712
713
718
718
719
718
720
722
720
725
723
723
725
725
728
729
727
733
733
731
732
736
735
736
735
739
739
739
741
744
745
745
747
748
745
748
749
750
754
754
752
757
757
754
755
761
762
759
761
762
765
764
766
769
766
769
768
773
774
771
776
772
776
777
775
778
782
780
782
781
784
783
786
787
787
791
792
793
793
795
792
795
796
799
796
799
801
800
801
803
805
804
808
805
809
807
807
810
811
813
811
813
817
817
819
819
819
819
822
824
824
823
824
829
825
830
831
831
833
835
835
835
834
835
840
836
841
843
839
842
843
846
847
844
850
851
848
850
849
851
851
854
853
856
857
858
857
859
863
861
864
866
863
867
868
866
868
871
872
872
873
872
877
879
880
879
882
879
879
881
886
884
887
887
889
891
890
889
891
895
896
893
897
895
898
901
901
902
900
904
904
907
906
904
907
909
912
911
913
910
916
917
918
919
920
918
918
923
923
922
921
922
925
924
927
927
931
929
929
933
933
936
938
936
938
939
941
