940
937
938
935
936
933
932
931
929
929
931
926
926
929
925
927
922
920
923
921
921
919
920
915
916
912
911
910
912
911
910
909
907
904
907
906
902
903
901
902
898
901
900
899
898
893
895
894
889
888
889
890
887
885
884
886
882
880
881
883
879
876
876
875
873
874
875
875
873
873
869
868
867
865
865
862
866
864
859
861
861
861
859
859
856
855
855
854
849
852
851
849
847
849
844
845
845
842
840
843
842
837
837
835
837
833
836
835
831
832
828
826
826
824
823
823
822
820
823
818
818
819
815
816
817
815
813
813
810
808
812
809
809
809
807
802
804
803
800
801
798
801
798
797
798
795
793
795
792
788
789
787
790
788
786
782
782
785
779
779
781
778
778
774
778
776
775
775
771
768
771
770
767
767
765
766
763
760
759
761
758
756
755
758
756
757
752
755
749
749
750
748
746
749
743
743
743
744
742
741
739
740
740
734
737
737
733
734
729
729
728
728
725
724
725
727
725
725
722
723
722
717
715
715
713
712
714
715
713
708
709
710
710
706
708
704
705
703
704
699
699
696
696
695
697
695
695
691
691
692
688
686
687
688
688
682
684
685
679
679
678
681
675
676
675
672
671
675
674
669
668
671
666
665
668
664
665
664
661
660
660
658
658
655
655
654
655
652
653
653
647
648
647
646
647
647
645
641
644
638
639
639
636
635
638
634
631
635
632
633
632
630
625
625
627
622
626
625
624
619
619
618
618
617
618
617
614
610
613
612
607
611
609
605
604
605
606
605
603
600
599
596
596
597
593
595
595
594
593
593
590
587
585
586
584
582
583
582
584
581
578
576
578
574
578
572
576
570
574
568
572
568
569
564
565
562
561
565
559
558
561
558
559
558
554
555
553
552
551
553
551
550
546
547
548
547
544
543
543
538
537
538
538
537
533
536
534
532
534
531
530
529
528
525
528
525
521
522
522
519
519
519
518
517
516
516
515
512
514
508
511
509
509
508
506
502
505
500
504
500
497
499
497
496
497
494
495
495
490
490
489
489
490
487
485
486
483
483
480
482
482
476
477
479
474
472
475
473
474
469
470
469
469
465
463
466
461
463
463
459
461
461
455
458
457
453
452
451
449
452
449
448
446
449
447
444
445
444
443
443
441
437
435
434
436
432
432
430
433
431
428
426
428
426
424
423
425
424
419
419
419
418
416
417
414
417
414
413
413
408
408
407
407
409
404
407
401
400
399
401
398
401
395
396
393
394
392
390
390
388
387
386
389
385
388
386
385
385
384
383
379
377
380
377
376
372
374
375
372
372
369
370
367
369
366
364
363
361
364
360
361
357
357
358
355
356
352
354
354
351
349
346
347
344
345
343
341
342
343
342
338
338
336
337
335
333
335
334
334
328
328
327
329
325
327
327
321
323
323
323
318
318
318
316
317
316
312
313
313
311
310
307
306
306
305
302
305
302
302
303
301
297
300
296
294
293
294
290
294
292
288
286
285
285
283
284
284
280
283
278
280
279
277
278
275
273
273
273
274
269
267
271
266
265
265
263
263
260
261
260
260
260
255
257
255
252
251
250
254
250
249
248
250
249
244
244
242
241
243
239
241
239
239
237
233
234
235
231
230
231
231
228
230
225
228
224
223
222
220
220
222
220
220
218
213
215
212
213
214
210
208
208
207
207
203
203
206
203
203
200
200
198
197
196
194
195
192
195
191
193
188
191
188
187
186
184
182
180
181
182
182
179
178
178
178
173
174
170
172
173
172
168
165
167
165
162
163
164
159
158
162
158
159
159
154
155
155
155
149
151
151
148
147
149
147
142
146
142
139
140
139
136
136
135
136
136
135
131
134
128
131
126
128
127
124
123
126
121
122
122
118
118
118
117
113
117
114
112
112
111
110
108
110
107
106
107
104
101
101
103
99
99
100
95
94
95
94
92
93
90
89
90
86
89
83
83
84
83
82
79
77
81
78
75
73
75
74
73
72
70
67
68
67
66
64
65
64
65
59
58
57
56
56
55
54
52
52
54
49
51
49
47
47
45
45
47
45
45
44
39
38
38
40
39
33
36
34
32
29
30
31
29
30
25
28
23
21
24
20
20
22
18
17
15
18
16
15
11
11
9
11
9
8
8
5
5
4
0
2
3
3
7
5
6
9
10
14
14
16
15
14
17
19
19
20
21
21
20
23
27
25
25
27
26
28
32
31
33
33
35
36
36
40
41
37
43
40
44
44
46
48
46
50
49
51
50
50
54
51
56
58
56
59
59
62
58
62
64
61
65
68
64
70
66
68
69
74
75
73
72
77
76
80
79
82
78
81
80
82
84
84
87
86
91
90
93
93
93
95
92
97
97
96
96
97
101
99
101
103
106
108
105
106
108
108
109
114
115
115
116
118
116
119
118
117
118
124
123
124
122
124
129
125
128
128
133
129
131
134
136
135
138
135
137
142
140
141
144
141
144
147
145
148
151
147
151
153
153
151
153
158
158
159
156
158
162
162
163
165
167
166
167
169
169
170
170
169
174
171
174
175
179
178
176
178
181
179
182
181
184
185
186
189
191
189
192
191
193
192
194
194
196
195
201
198
201
201
201
201
206
208
209
206
210
209
213
214
215
214
212
214
214
217
221
222
221
224
221
225
226
223
224
225
230
229
228
234
235
234
234
233
237
236
239
237
243
243
244
246
246
245
248
245
250
249
251
254
253
254
256
253
255
260
261
261
260
260
262
266
266
268
268
267
268
267
272
270
274
274
277
278
275
275
279
278
279
283
281
285
285
285
288
285
287
290
292
292
293
291
292
294
295
297
296
297
298
301
302
302
307
306
306
308
307
307
308
312
315
314
317
314
315
320
321
317
323
319
325
323
326
326
326
327
331
329
333
331
335
334
335
337
337
336
340
337
342
342
343
341
343
343
344
349
347
348
350
352
353
356
357
353
355
360
361
362
363
362
364
362
363
365
366
370
371
369
371
373
372
371
374
378
378
376
377
381
378
379
380
386
387
385
386
390
390
387
390
392
390
393
395
394
397
399
396
397
400
401
400
402
403
404
406
410
406
410
410
411
415
415
412
418
419
416
419
422
423
420
423
425
424
428
428
429
429
430
432
431
431
435
434
438
437
436
441
440
442
443
441
443
444
446
445
449
447
448
449
454
453
452
454
457
456
456
461
459
462
461
464
462
462
466
469
468
467
471
469
474
475
476
472
478
479
477
478
480
483
483
484
486
486
486
488
485
489
488
493
492
491
492
496
495
499
499
499
502
502
502
502
502
507
505
507
507
511
512
513
511
511
514
512
516
516
516
518
517
523
520
524
525
526
523
525
527
529
527
532
529
533
533
536
534
535
536
541
542
541
539
545
544
544
543
546
547
546
548
548
552
555
554
557
558
557
555
557
557
559
559
562
562
563
566
569
567
567
568
571
570
575
573
576
576
578
576
580
578
583
582
584
586
586
584
586
587
587
590
591
592
593
592
593
595
595
599
597
602
602
601
604
605
605
604
606
610
608
607
613
612
614
613
613
618
617
616
619
620
619
621
620
622
625
627
628
630
627
627
628
634
633
634
637
634
635
639
639
642
643
639
643
641
645
647
646
649
651
647
650
654
653
655
652
658
654
658
659
659
659
664
663
662
664
667
667
669
671
668
669
673
675
674
676
676
676
677
679
680
681
683
684
681
684
687
689
688
687
689
688
693
695
693
695
698
698
699
698
698
701
701
703
702
702
705
704
708
711
708
708
712
715
716
714
713
718
718
718
718
721
724
724
722
724
727
724
729
729
728
733
733
730
731
732
735
736
735
736
737
742
742
742
741
743
743
744
748
747
750
749
754
750
753
757
755
759
757
757
758
760
762
763
762
767
768
767
765
766
768
769
773
775
771
774
775
774
780
777
781
780
784
782
784
782
786
785
786
787
789
789
793
791
791
797
796
794
799
796
799
802
802
801
804
804
803
806
805
807
811
811
809
811
812
816
817
818
818
821
822
822
822
822
822
827
826
825
827
826
830
828
831
835
832
835
835
835
836
836
838
841
841
844
845
844
848
849
845
850
847
850
854
852
853
854
857
857
855
859
862
859
860
860
864
863
865
865
870
867
871
873
871
870
876
873
874
874
876
876
879
878
883
884
884
883
887
888
890
891
888
888
889
891
894
893
897
894
900
897
900
899
902
900
906
906
904
906
905
910
907
912
912
911
915
916
913
918
920
917
918
919
923
923
925
927
927
927
929
927
927
930
930
931
932
933
934
939
939
939
941
