940
940
935
938
938
934
935
933
931
928
927
931
925
924
923
923
924
925
921
922
919
916
916
915
915
916
916
915
912
912
907
906
908
906
903
905
902
904
904
901
900
901
900
897
898
896
891
894
894
889
888
886
889
889
886
887
886
885
881
881
878
881
877
874
876
874
873
872
871
868
867
869
868
868
868
865
864
860
859
863
860
860
855
856
856
853
851
854
852
853
848
846
845
845
846
842
841
844
840
840
838
839
837
839
838
835
836
830
831
831
832
826
828
825
828
824
823
821
819
819
819
817
820
819
816
814
815
811
809
808
808
809
806
805
805
804
805
804
799
799
802
798
797
799
793
795
792
794
792
788
787
787
787
789
785
782
784
783
781
782
781
781
778
776
777
773
773
770
769
769
771
768
766
768
766
762
765
760
761
761
759
758
757
754
755
754
751
750
749
750
752
746
747
745
746
742
744
740
742
743
742
741
736
734
736
734
732
733
734
733
728
728
726
726
726
724
721
723
723
722
720
721
718
715
718
713
713
712
713
710
708
710
707
704
706
704
705
701
701
703
701
700
698
694
693
696
695
694
690
691
689
690
685
685
683
684
682
685
684
681
679
676
675
678
675
674
673
670
672
671
668
670
670
665
665
664
663
662
663
659
657
659
658
659
653
656
652
652
652
650
652
650
649
646
646
643
643
645
643
641
639
636
639
637
636
636
636
633
630
628
632
630
627
624
628
625
622
621
624
622
617
619
616
615
615
617
611
614
609
612
612
611
609
608
606
605
605
600
603
600
601
601
597
596
597
592
595
595
590
591
591
588
589
585
586
582
586
580
581
581
579
580
580
575
575
573
574
571
574
571
572
567
569
567
568
566
566
564
561
559
561
559
558
557
555
556
556
555
549
550
547
546
549
549
544
543
541
545
540
543
538
540
536
534
533
535
533
535
534
528
527
526
526
526
525
526
524
524
524
519
519
521
517
519
518
513
514
510
510
513
512
511
510
505
505
506
505
501
499
500
501
497
495
497
496
493
492
491
493
489
491
487
486
487
486
487
486
484
480
481
481
479
480
477
476
477
475
473
470
469
472
471
469
465
464
464
466
461
464
462
462
458
457
459
458
456
456
452
450
452
447
446
446
445
446
444
441
444
444
439
437
439
439
439
433
434
431
432
429
433
427
429
429
424
428
423
422
425
421
423
422
420
416
417
415
414
414
412
412
411
409
410
408
409
403
403
406
402
401
398
401
396
399
399
396
394
396
392
393
393
387
390
385
387
383
383
386
384
383
378
380
379
375
375
375
372
375
371
374
373
368
366
365
366
366
363
361
362
363
361
357
357
359
358
355
352
354
354
349
348
347
346
346
347
344
345
344
345
341
339
342
336
337
334
335
333
331
332
333
330
331
330
330
328
324
322
322
323
324
320
320
316
315
317
313
317
315
310
309
311
312
311
305
309
308
304
302
304
303
300
301
298
295
299
297
293
296
294
291
290
287
287
287
285
287
283
285
283
279
279
278
280
276
279
278
275
275
271
273
268
270
268
270
267
264
266
264
265
261
262
258
257
259
255
257
257
254
253
249
251
250
251
249
247
246
244
241
243
241
243
242
241
235
237
233
234
234
231
234
228
228
226
227
229
226
226
222
222
223
218
218
220
218
219
213
217
214
213
210
209
207
207
209
206
205
202
205
201
202
203
199
196
200
196
197
197
191
190
189
192
190
189
190
189
188
183
184
181
184
180
180
177
175
178
178
175
175
174
174
172
172
171
169
167
167
164
162
165
161
158
162
158
158
155
156
153
156
150
151
150
148
150
150
144
145
143
141
141
139
138
141
139
136
139
135
135
136
135
134
132
128
126
126
125
125
123
126
121
120
123
122
116
120
114
117
116
112
111
109
109
112
109
106
107
103
105
105
104
100
99
99
96
95
94
98
95
92
90
90
88
90
88
87
84
83
85
82
81
81
82
81
76
78
78
74
75
72
75
72
72
67
69
68
65
68
64
65
63
60
63
59
59
59
57
58
52
52
53
49
51
49
51
47
47
48
47
42
43
42
40
40
41
35
35
33
35
34
33
32
32
31
31
28
29
23
25
26
20
23
23
22
16
19
16
17
13
14
13
12
10
8
8
10
4
6
6
3
2
4
5
3
6
5
7
11
12
13
13
13
12
14
17
17
16
20
20
22
21
24
27
23
26
29
30
27
30
34
30
31
36
35
34
38
38
40
38
39
40
45
45
46
45
50
46
47
52
52
50
55
57
58
55
55
56
59
59
61
64
65
67
66
64
66
69
68
72
73
75
71
77
73
75
78
77
80
80
83
84
81
85
88
88
89
91
91
91
91
92
91
95
98
97
99
101
97
99
104
103
101
107
103
107
109
108
112
113
113
115
114
113
117
114
120
120
121
122
119
125
124
122
128
127
130
128
127
128
130
130
133
137
138
134
136
138
141
142
142
142
146
146
143
144
150
148
151
151
152
153
153
157
157
158
160
156
162
159
160
161
164
166
166
168
166
169
168
168
171
172
176
175
177
175
177
178
178
179
183
183
186
182
187
185
190
188
191
190
193
192
192
195
197
197
198
200
198
200
199
205
204
206
208
209
207
209
211
210
211
211
214
214
214
217
218
217
222
221
219
223
222
225
224
228
226
230
232
230
230
235
231
232
234
234
240
236
241
243
244
245
245
247
247
247
247
247
252
253
251
253
251
253
254
255
257
260
258
259
263
263
263
265
266
264
268
266
272
273
274
275
273
275
275
275
280
276
277
278
282
280
283
283
286
288
288
290
289
292
290
295
294
293
294
297
295
298
300
303
304
304
303
303
304
304
310
306
311
309
309
314
311
312
316
314
319
321
320
323
323
323
325
324
323
328
326
330
330
330
330
331
333
334
333
339
338
336
339
343
342
345
344
346
343
346
347
350
350
350
351
355
352
356
354
356
357
358
360
360
360
363
365
366
367
365
370
371
371
371
371
373
372
377
375
379
378
380
377
379
384
380
384
383
385
387
386
389
392
393
389
393
391
393
398
396
396
399
400
399
404
401
401
406
407
404
409
406
407
410
411
411
412
415
418
416
420
419
417
419
421
423
424
422
427
425
428
426
432
433
429
434
432
433
434
439
435
440
442
439
444
445
441
447
445
445
447
449
451
451
454
455
452
456
457
454
458
459
460
460
463
465
466
464
464
464
465
466
471
470
469
474
474
477
474
478
476
478
478
479
484
484
484
482
484
484
490
487
488
492
492
495
492
492
496
497
500
499
498
500
499
502
503
507
503
507
509
508
512
511
511
510
511
515
517
518
517
521
521
518
523
521
525
522
525
524
528
531
530
529
534
532
533
536
533
534
536
541
539
542
542
545
542
546
543
547
548
546
547
548
553
553
552
555
554
558
560
557
558
558
562
561
562
565
566
567
568
567
572
572
573
574
572
572
575
575
575
576
578
582
581
584
585
586
588
587
588
586
587
593
591
595
594
596
598
598
595
601
599
603
602
602
606
606
603
605
606
611
607
613
610
613
616
612
618
617
619
620
621
621
619
625
622
627
624
625
630
630
630
630
631
632
633
632
634
639
637
640
637
643
644
644
643
646
647
644
645
649
651
653
651
652
651
652
656
659
657
656
659
660
663
661
664
662
668
668
669
671
672
671
669
673
675
675
678
679
675
678
681
683
679
680
682
685
685
685
688
687
690
690
690
694
695
695
697
698
696
696
701
701
699
702
701
702
704
704
706
709
707
712
713
712
712
716
713
717
715
717
717
718
723
720
721
724
727
729
726
728
728
729
730
734
732
735
736
735
735
739
738
740
743
740
741
745
744
744
747
751
747
751
754
753
752
752
756
755
758
758
757
759
763
765
761
763
766
769
768
769
767
769
771
770
774
777
774
774
775
776
781
782
783
781
785
783
787
784
789
788
791
791
793
795
791
795
794
799
795
800
798
799
804
805
805
804
806
807
810
806
810
808
809
815
816
813
815
819
816
817
818
819
822
820
822
823
827
827
826
828
831
833
832
832
831
832
834
836
837
836
839
842
839
844
846
845
848
847
847
850
847
853
849
853
852
857
858
859
855
861
860
863
863
860
865
866
865
869
865
867
872
873
872
873
874
876
873
874
880
881
877
878
880
885
886
887
884
887
886
890
892
889
894
891
893
896
895
897
898
896
901
898
899
900
901
904
903
906
907
910
911
912
913
915
916
914
915
918
920
917
922
923
923
923
925
924
926
929
930
928
927
933
929
933
933
934
935
938
936
936
938
