938
941
939
939
934
934
933
934
932
933
932
931
928
925
923
927
921
922
923
919
919
921
920
915
916
916
916
914
910
912
909
909
910
905
908
902
904
901
903
902
899
896
898
895
898
894
891
894
891
891
889
886
888
884
884
885
882
880
884
878
881
877
879
874
878
876
876
872
874
869
867
870
870
869
866
863
864
862
861
858
859
859
857
857
855
853
851
851
852
851
850
846
850
846
847
843
841
841
843
839
837
837
835
838
834
832
836
833
833
830
831
827
826
827
827
822
822
820
821
823
819
821
819
818
816
815
814
814
814
813
812
807
805
806
807
807
804
804
799
799
797
796
800
796
798
796
792
794
790
791
787
789
785
784
786
782
783
780
784
783
778
777
778
778
778
772
772
772
773
769
770
768
769
769
766
767
766
764
763
758
762
761
756
757
755
753
754
750
754
749
750
747
748
747
746
743
744
745
742
738
741
737
740
734
738
737
733
735
733
730
729
726
726
727
727
722
723
721
720
723
718
716
718
715
718
717
712
714
711
708
712
708
705
707
707
704
705
702
703
703
701
700
697
699
694
692
695
690
694
692
689
689
688
686
687
682
681
680
682
679
678
681
676
677
676
673
674
673
673
672
669
668
665
668
663
664
665
663
659
658
658
658
659
659
657
655
651
651
649
649
650
646
646
647
644
642
644
642
643
642
639
638
639
637
637
636
631
633
633
629
629
627
627
627
626
622
625
622
621
619
617
619
620
617
618
616
614
610
611
608
611
607
605
605
605
607
603
602
601
598
601
601
595
597
594
593
592
594
589
591
587
586
589
589
584
586
586
581
582
581
582
578
575
575
578
576
573
575
574
569
570
567
566
569
565
566
566
564
562
560
562
556
555
556
554
555
555
555
551
553
547
548
547
545
547
547
545
540
544
541
539
541
537
539
534
536
534
532
532
533
531
531
526
526
523
527
521
523
522
523
517
516
520
517
514
513
513
514
512
510
511
511
508
507
507
504
505
502
500
498
500
497
498
497
494
495
492
490
489
491
490
486
490
486
486
484
482
484
480
479
482
481
480
474
474
475
472
474
474
469
471
468
468
467
464
467
466
463
464
458
458
461
458
455
458
453
451
452
450
450
452
446
445
445
447
446
445
442
442
441
439
438
437
435
435
433
435
431
429
431
431
426
429
429
428
423
425
425
421
423
418
420
419
416
414
415
415
411
413
412
410
410
405
407
405
402
404
403
401
403
400
397
398
395
397
394
392
391
390
389
389
387
389
386
388
387
385
380
380
382
382
380
376
379
377
375
371
375
372
372
368
369
366
365
368
362
365
364
359
358
362
356
360
358
354
357
352
352
353
352
350
348
345
346
347
347
343
342
340
341
338
341
335
339
334
332
331
331
331
330
331
326
327
327
325
323
324
322
323
322
319
320
319
314
314
316
314
314
309
308
310
310
310
309
304
307
305
302
304
298
301
298
296
297
294
296
291
291
294
291
287
290
285
285
283
287
286
282
284
280
277
280
276
274
278
277
276
272
273
272
270
270
266
268
268
267
266
265
261
263
262
258
256
256
254
253
253
255
253
249
249
250
246
245
248
244
242
242
243
242
237
240
239
234
234
237
231
234
233
228
229
227
228
226
225
225
226
225
220
220
222
218
219
216
213
216
213
212
209
210
212
209
206
209
207
206
204
201
200
203
198
201
196
198
194
196
194
195
194
189
192
188
185
185
185
186
186
183
184
182
180
178
180
178
174
177
175
171
172
171
170
166
165
164
165
166
162
162
159
158
162
158
157
156
157
153
151
155
154
151
148
148
147
148
144
143
141
143
144
142
141
141
136
138
138
137
136
132
130
131
129
128
127
127
125
124
121
124
119
123
118
120
115
114
118
114
114
111
109
111
110
107
106
107
103
102
105
100
102
99
98
98
95
98
94
92
93
95
89
93
88
89
85
87
88
84
81
82
80
83
78
77
80
79
75
72
75
70
69
72
71
69
65
66
68
64
61
60
63
60
58
61
59
59
58
54
54
54
51
49
49
51
48
49
48
45
46
44
42
40
38
40
37
34
38
35
35
30
34
29
29
26
26
25
28
24
22
20
23
19
21
17
20
16
17
14
13
10
12
8
7
10
8
7
3
3
3
1
1
5
7
8
5
7
9
9
9
14
15
17
18
17
18
21
19
22
22
21
24
22
28
27
26
28
30
32
34
31
33
33
35
35
38
36
37
43
39
42
44
44
48
46
45
48
49
53
53
51
51
54
56
58
56
60
60
61
61
64
64
63
63
67
66
71
69
71
72
72
73
75
76
74
76
80
81
81
81
85
81
82
85
86
86
87
87
90
94
92
91
92
97
97
99
100
98
98
102
103
103
103
106
105
108
108
112
110
110
113
112
113
118
116
117
116
119
119
122
125
121
125
126
129
129
130
131
131
132
131
134
135
138
134
135
136
139
139
140
145
141
142
147
146
146
147
148
152
150
150
154
154
157
158
156
158
161
158
163
160
161
162
164
169
169
169
168
173
172
170
176
173
173
175
180
178
181
178
181
180
185
184
185
188
186
191
188
192
192
192
191
195
198
198
200
201
199
200
199
200
203
204
205
204
209
207
210
212
210
212
216
214
214
216
216
217
221
220
221
224
226
225
224
225
229
230
232
230
234
231
236
232
235
238
237
239
240
238
243
243
244
243
243
247
246
248
247
250
253
253
255
255
257
257
260
261
259
262
260
261
262
265
266
265
268
269
268
268
270
272
271
276
277
274
278
280
282
278
283
282
282
286
286
286
288
287
292
290
293
292
296
296
295
298
299
296
301
300
299
305
304
302
303
304
306
311
309
309
310
314
313
317
315
315
316
317
318
320
319
325
323
323
326
328
327
329
330
332
330
330
331
334
333
338
338
338
342
340
340
341
343
346
346
347
348
350
350
353
352
354
354
354
353
355
357
360
357
360
363
364
363
364
367
369
369
368
368
372
373
375
372
376
375
379
376
377
381
378
382
385
382
386
385
384
386
387
392
393
389
392
393
392
396
399
399
401
402
399
401
402
402
402
408
407
405
406
409
413
412
414
414
417
416
414
419
416
418
423
419
425
423
425
428
427
427
426
429
428
431
431
433
434
435
437
440
438
437
442
444
443
442
444
446
449
447
447
451
450
451
453
452
454
454
454
460
457
458
458
459
460
463
463
464
468
470
469
470
473
470
472
473
473
474
477
476
478
482
483
479
483
484
485
485
488
489
487
487
489
491
490
495
496
494
494
495
497
500
503
503
500
503
507
506
504
509
508
512
513
510
512
515
517
518
515
518
519
517
522
521
525
523
526
523
524
530
530
531
532
533
535
536
533
536
539
536
536
538
543
540
545
545
542
545
545
550
551
551
551
553
550
556
552
557
556
557
559
558
560
564
563
562
565
566
568
569
566
567
568
569
572
572
575
576
577
577
579
580
578
580
582
583
583
587
588
589
589
589
593
593
591
595
597
596
596
599
596
599
600
600
604
602
606
605
607
606
608
609
609
614
610
614
612
615
616
619
618
622
618
621
625
624
626
628
626
628
628
630
628
632
630
631
635
635
637
635
638
640
638
643
642
646
644
645
649
645
647
650
650
652
655
654
655
653
658
655
657
660
662
662
665
662
666
664
669
667
670
672
670
671
675
673
673
676
674
678
677
678
682
682
683
683
685
687
687
688
690
692
688
693
691
695
692
696
699
695
701
700
700
699
700
703
703
703
706
708
710
712
710
710
711
711
717
716
718
718
718
717
722
721
721
722
723
724
724
729
729
729
730
733
731
732
735
738
737
739
738
738
741
743
742
746
744
743
746
748
747
750
752
754
750
752
756
754
755
758
761
760
760
763
761
763
762
763
764
765
771
771
773
772
773
772
777
775
778
776
777
780
780
781
784
786
787
784
785
786
791
787
790
793
792
791
793
797
796
800
796
801
799
802
804
801
804
807
809
807
807
809
813
814
815
811
812
816
817
816
821
820
821
823
822
826
827
827
824
825
830
832
831
830
830
834
834
838
839
840
837
841
838
842
843
846
846
844
849
846
851
851
848
854
852
851
852
855
856
859
859
860
858
859
861
861
863
865
866
870
868
868
870
873
872
876
874
876
875
880
876
878
880
882
885
881
883
888
887
885
889
888
889
893
891
891
897
897
898
897
901
899
899
900
905
902
902
904
906
909
911
911
909
911
910
914
914
914
915
919
918
922
921
924
923
922
924
925
925
926
929
932
930
932
934
931
936
936
936
940
938
942
